0.5 0
1 0
1.5 0
2 0
2.5 0
3 0
3.5 0
4 0
4.5 0
5 0
5.5 0
6 0
6.5 0
7 0
7.5 0
8 0
8.5 0
9 0
9.5 0
10 0
10.5 0
11 0
11.5 0
12 0
12.5 0
13 0
13.5 0
14 0
14.5 0
15 0
15.5 0
16 0
16.5 0
17 0
17.5 0
18 0
18.5 0
19 0
19.5 0
20 0
20.5 0
21 0
21.5 0
22 0
22.5 0
23 0
23.5 0
24 0
24.5 0
25 0
25.5 0
26 0
26.5 0
27 0
27.5 0
28 0
28.5 0
29 0
29.5 0
30 0
30.5 0
31 0
31.5 0
32 0
32.5 0
33 0
33.5 0.01024820865634805
34 0.09949007062791172
34.5 0.03865087894000957
35 0.2159381222738708
35.5 7.64759509138946
36 43.36855087062862
36.5 53.64423955769645
37 37.0234747182857
37.5 25.6560360108858
38 18.83655704241503
38.5 16.5348235201444
39 16.53701583428724
39.5 16.17997724804844
40 16.85622957872223
40.5 16.85628983610192
41 17.57656336158415
41.5 18.10384811623996
42 17.61017114316802
42.5 17.98780476952644
43 17.73363965453563
43.5 18.59253194423062
44 18.65950663686286
44.5 17.45267605331788
45 16.57287418087095
45.5 14.93845152545507
46 13.53928210868867
46.5 11.66461204621963
47 10.81380051871723
47.5 9.593343013297273
48 8.191504601600089
48.5 7.206951170411582
49 6.217561728293796
49.5 5.257087409177426
50 4.936251589040567
50.5 4.36997139397487
51 3.736404874692685
51.5 3.278271443652547
52 2.998610124272763
52.5 2.854138659619858
53 2.608106169042955
53.5 2.503329722608944
54 2.378303996997845
54.5 2.195470609315916
55 2.053080386405541
55.5 1.818362926435735
56 1.848383383594274
56.5 1.837430215033022
57 1.748697989937143
57.5 1.923654244844276
58 1.729944231653037
58.5 1.663531542543755
59 1.72466223209256
59.5 1.614581717618682
60 1.664457827152671
60.5 1.728182143439007
61 1.455790263241141
61.5 1.651152442427264
62 1.466055036588822
62.5 1.548685680274573
63 1.466246509267024
63.5 1.494587720067798
64 1.482557505591241
64.5 1.437545129640053
65 1.429124825185317
65.5 1.273352317039481
66 1.346541920096227
66.5 1.404391015631582
67 1.478304098678206
67.5 1.411048155830761
68 1.367988471133786
68.5 1.411818647088684
69 1.393847321774095
69.5 1.3333863075759
70 1.464623785857558
70.5 1.362933398710629
71 1.476131868773563
71.5 1.507302058833786
72 1.504188535414682
72.5 1.365356775401101
73 1.532322581508066
73.5 1.517932378795917
74 1.379874227927939
74.5 1.400785777804701
75 1.488491729034496
75.5 1.489018288226816
76 1.561084642838624
76.5 1.430691781078909
77 1.379195157534335
77.5 1.51655913662478
78 1.434795955443989
78.5 1.382981809235047
79 1.324989025210345
79.5 1.348408631614045
80 1.248942383498076
80.5 1.357710721948805
81 1.213035832631295
81.5 1.338449068196084
82 1.228101643987682
82.5 1.24029712232236
83 1.310542306459643
83.5 1.219015030962673
84 1.256705104718859
84.5 1.237044650033613
85 1.235268716916152
85.5 1.179958157852323
86 1.189603151150453
86.5 1.169741815262842
87 1.141140200238411
87.5 1.182214276379383
88 1.067827544723368
88.5 1.146837976385091
89 1.164479716702241
89.5 1.137147194451182
90 1.110348492926755
90.5 1.183771798754189
91 1.077746223852095
91.5 1.082484291044132
92 1.167226347989117
92.5 1.090121642714943
93 1.126302599538079
93.5 1.123497789305608
94 1.060814567014268
94.5 1.076664103423129
95 1.014386429142485
95.5 1.105937090358537
96 1.10942224113688
96.5 1.14365210388544
97 1.078109045505939
97.5 1.021105906841403
98 1.025083366606219
98.5 0.9779554263994374
99 1.039682911725714
99.5 1.01183469461427
100 1.076498482605305
100.5 0.9997696889192872
101 1.055287209690526
101.5 1.051614078384874
102 1.026958617925889
102.5 1.012585199499593
103 1.049393768999889
103.5 1.002775581388026
104 0.9686999373093925
104.5 0.9562927007572749
105 1.139151833444768
105.5 1.005415310181061
106 1.007212115517374
106.5 1.026168951536215
107 1.042719202274512
107.5 1.095741129969483
108 1.007722506190629
108.5 1.023857178405721
109 1.034813968853049
109.5 1.056079600776451
110 0.9961241874782439
110.5 1.025748515160198
111 1.108940018791403
111.5 0.9935554726430054
112 0.9837873862086589
112.5 1.012319771760946
113 1.000678906324356
113.5 1.029378652468967
114 0.9778903233201129
114.5 1.064112147033317
115 0.9566092537652368
115.5 1.051800651471723
116 1.015402049013739
116.5 1.031279300359328
117 1.025844451235316
117.5 1.04545553401946
118 0.9523637708825299
118.5 1.018056781540077
119 0.9900277232279543
119.5 0.9608203800599996
120 1.00793943275752
120.5 0.9877110965196526
121 0.9999890311808439
121.5 1.013589992455565
122 1.011480602220092
122.5 1.007072556052764
123 0.9844578328468266
123.5 1.042105531410689
124 1.050922105309844
124.5 1.064015664522648
125 0.9642482134789404
125.5 1.020839093099606
126 1.030139592973176
126.5 1.012668999665829
127 1.014693857660532
127.5 0.9961388049358203
128 1.026277970253028
128.5 1.003680065961288
129 1.016648502740634
129.5 0.9704082415521553
130 0.9942625569503559
130.5 1.022450814120997
131 1.003937774171128
131.5 0.9989781752640094
132 1.023767901014337
132.5 0.9937826206438085
133 1.022734753513184
133.5 1.029285202626808
134 1.010729578732326
134.5 0.9784341997097207
135 1.07595577177614
135.5 1.034830036404573
136 1.038427612178829
136.5 1.04317933465638
137 0.9700125513634494
137.5 0.9897368262760935
138 1.021832611976503
138.5 1.001277593340699
139 1.028612294415695
139.5 1.010613902773247
140 1.019838197043444
140.5 0.9980269934745933
141 1.007737682747842
141.5 0.9644403892839665
142 0.9799051586371639
142.5 1.013253669310947
143 0.9870578780795871
143.5 1.007000063264074
144 0.9822706107003696
144.5 0.9650192594607686
145 1.006513007507222
145.5 0.9952611596708894
146 1.011117083713421
146.5 0.9795768550298454
147 1.049566146909379
147.5 0.9985860402828648
148 0.9676971849585964
148.5 0.9554547751600243
149 1.020024850775686
149.5 1.009611272666699
150 1.009536801113712
150.5 0.9733895652150639
151 1.004280288570322
151.5 1.008686207553195
152 1.039893437146009
152.5 0.9836320453797469
153 1.014553065909322
153.5 1.014787953195282
154 0.9684432945133847
154.5 1.02385755699025
155 1.008167153324428
155.5 1.015487696421352
156 0.9617291730331083
156.5 0.9912817776824223
157 1.036303170820189
157.5 1.033906629459435
158 1.021384099058183
158.5 1.015865806335725
159 0.9353333827930084
159.5 0.9963863944241452
160 1.021616899307419
160.5 0.9889201597251313
161 1.022720004605228
161.5 1.021247661270885
162 1.025471043481658
162.5 0.9973930208531429
163 1.000373802264279
163.5 1.011904149149723
164 1.001894899673795
164.5 1.006864037764087
165 1.029074860346481
165.5 0.9514839844453127
166 1.003775237909376
166.5 1.019743571339045
167 0.9860165558294151
167.5 1.007193946745886
168 1.011802456231169
168.5 1.001350754197292
169 1.011541719037902
169.5 0.9967758682858876
170 1.015992601252235
170.5 1.008459919248415
171 1.009257544349687
171.5 0.9681886003116528
172 0.9761743505028714
172.5 0.9975791854416468
173 1.005270889857948
173.5 0.9933721109858948
174 0.984632289952717
174.5 1.009969162424104
175 1.036127442354103
175.5 1.020523390745697
176 0.9976538987036475
176.5 0.9986548677930724
177 0.991552296484037
177.5 0.9987503661117694
178 0.9735456983152775
178.5 1.013580474641909
179 0.9731079684839506
179.5 1.037656710995515
180 0.9942730590434276
180.5 1.04772439820115
181 0.9924445062509174
181.5 0.9468343379811293
182 0.9780963635925747
182.5 1.005548925600335
183 1.01345531182463
183.5 1.002133419979273
184 1.007225297377105
184.5 1.00447640911321
185 0.9815799378453601
185.5 1.014398131938022
186 1.011278780340861
186.5 0.9731284353478671
187 1.001478562188401
187.5 1.029839991868263
188 1.025020210458572
188.5 1.025739555180855
189 1.027402857064355
189.5 1.020386998040195
190 1.017890904871307
190.5 1.03505587229462
191 0.964069447638656
191.5 0.9825630124044695
192 1.015514453009152
192.5 0.9928653297220446
193 0.985257522542775
193.5 0.9992167322049341
194 0.995295113722461
194.5 0.9859282497407321
195 1.018081304036778
195.5 1.000542865293933
196 0.9972408569408048
196.5 1.003490983884447
197 1.027445897977833
197.5 1.006328243236252
198 0.9839437037043017
198.5 1.022776282692268
199 0.9999273402861456
199.5 0.9816288642182064
200 1.000016485710804
200.5 1.047104207620275
201 1.017704054067896
201.5 1.010393588312973
202 1.008780161186536
202.5 1.009694565889633
203 0.9734686585473572
203.5 0.9950744020359622
204 1.005126074649208
204.5 1.012867573057847
205 1.046246815591066
205.5 0.9959530849543438
206 1.02364676278734
206.5 1.011413460058973
207 0.9617090225142657
207.5 1.015845582973966
208 0.9971442000130436
208.5 0.9868116919162914
209 0.9915744248490905
209.5 1.023532783588046
210 1.005103288941423
210.5 1.050169138244929
211 1.004123666668496
211.5 1.001695627499833
212 1.026404419547811
212.5 0.9961105055379528
213 0.9818064104001386
213.5 0.996893683446553
214 1.029408961975728
214.5 1.02361557726772
215 1.036774134555594
215.5 1.023796160623618
216 0.9788811330927077
216.5 1.0011103122106
217 1.028986233927315
217.5 0.9707745021681972
218 1.011581475632775
218.5 1.002620930287312
219 1.018430986489007
219.5 1.016422291640449
220 1.052678948122286
220.5 0.993504128244172
221 1.031635501587885
221.5 1.01409029679645
222 0.9766233120037925
222.5 0.9778144892967047
223 1.013907633162694
223.5 0.9736888649467584
224 0.9865379567199599
224.5 0.9784973622501342
225 1.002323795558638
225.5 1.032940943961278
226 0.9849166373228477
226.5 0.9926788588178773
227 1.012192582165387
227.5 1.018859059043681
228 1.005766834799374
228.5 1.011282419118446
229 0.9961247674825485
229.5 1.011441442301206
230 0.9950910351098838
230.5 0.9957574066957776
231 0.9989950859777529
231.5 1.033742160047649
232 0.9863417210116627
232.5 0.9927419937557833
233 1.035516273655792
233.5 0.99142909864426
234 1.02353399075956
234.5 0.9733706752376291
235 1.015674629365121
235.5 1.002656627328153
236 0.9977930921301785
236.5 0.9946066771872285
237 0.9844764693573385
237.5 1.011124080827655
238 1.015001761365165
238.5 1.002865019164142
239 1.006525792103927
239.5 0.9848835776073041
240 0.9789871313015291
240.5 0.9786987219815825
241 0.9906813584378151
241.5 0.9913161654664701
242 0.9997926468463623
242.5 1.01190679391342
243 1.018848818319573
243.5 0.9923621194005123
244 1.01012835542568
244.5 0.976180907291495
245 0.9886785367641291
245.5 1.012134190267459
246 0.9981414166238481
246.5 0.9887964403523631
247 0.9893216043493659
247.5 0.996593570282635
248 0.9948230605424151
248.5 0.995107412529684
249 1.023020639791214
249.5 0.9736594617270029
250 1.006572085444619
250.5 1.007139918078467
251 0.9925433027865801
251.5 0.9949647236994393
252 1.010217765401613
252.5 1.004236563478146
253 1.007997354174113
253.5 1.008499219175262
254 0.996332391156837
254.5 1.011243465592933
255 1.011880344999614
255.5 0.9950627123147521
256 0.9843353514277071
256.5 0.9747328426940083
257 0.9857447698485174
257.5 0.9973577143387377
258 0.9741441635709878
258.5 0.9986060729611983
259 1.016699800778142
259.5 0.9723083887124193
260 1.001578314984043
260.5 1.009092430221648
261 1.007424704071993
261.5 1.011480723693996
262 0.9732767907476769
262.5 1.002787430818486
263 0.987172674191482
263.5 0.9927059201216649
264 1.020467553170964
264.5 1.01743506986648
265 0.9710179890898386
265.5 0.9973851969899078
266 1.011519130818904
266.5 0.9994683913819751
267 1.001697777916904
267.5 1.001331889043578
268 1.011370091773348
268.5 1.013828622437888
269 0.9914672738449053
269.5 0.9824078483702761
270 0.994391382625368
270.5 0.9746860844756096
271 1.001630283420649
271.5 0.9996607242148534
272 0.9857289653931067
272.5 1.007206022742956
273 0.974508505673823
273.5 1.011078129793174
274 0.9729232017860499
274.5 0.9951773234077471
275 0.9892805861902256
275.5 1.011452837093626
276 0.9794072331400081
276.5 1.002946476804788
277 1.000078458498374
277.5 1.014101377453687
278 0.9899202810262155
278.5 0.9839964952563478
279 1.022286197849137
279.5 1.005234675769692
280 0.9978336329530361
280.5 1.000126447362603
281 0.9927834190780542
281.5 0.9984034759259259
282 1.00860542472495
282.5 1.023340545643097
283 1.007377803875376
283.5 1.005115452212129
284 0.9973016122683825
284.5 1.00559296726634
285 0.9988109814588346
285.5 0.9963032788409549
286 0.9966191224826372
286.5 0.9923028599922914
287 0.992339080645837
287.5 1.007118222364041
288 0.9958593345638135
288.5 0.9965558808154115
289 1.001510427234328
289.5 1.021794284320973
290 0.9963931756382632
290.5 0.994329043850727
291 0.9875196359125322
291.5 0.9796682513088425
292 0.998032991248079
292.5 0.9870959286382861
293 1.002753386200546
293.5 1.015895288552823
294 1.000733644891663
294.5 0.999194952858547
295 0.9940926674176428
295.5 1.014044286579026
296 1.001038894803887
296.5 0.9970114352244932
297 0.9986119163415155
297.5 0.9926591340755822
298 0.99528834157074
298.5 0.9997014555156933
299 1.000091492572748
299.5 1.010730674813461
300 1.007492169617786
300.5 0.9875848459356918
301 1.001316756705324
301.5 1.002426631904266
302 0.9810774290654325
302.5 1.023586572812166
303 1.013947611020313
303.5 0.9965004364301776
304 0.9877494268343556
304.5 1.007083593112384
305 0.9868465291881775
305.5 1.000871053927021
306 0.9919528523345865
306.5 1.014306312480273
307 0.9765930723210487
307.5 1.011977040220615
308 1.004087051221814
308.5 0.9895964020583693
309 1.010005366513323
309.5 1.009746281110794
310 1.004217780572801
310.5 1.007905173346114
311 0.9846901187429988
311.5 0.9796350815353475
312 0.9975281827909747
312.5 1.00658680679139
313 1.009360578459672
313.5 0.9945584512648161
314 0.9894105689888383
314.5 0.9930111943460818
315 0.9921794560731798
315.5 1.000937961295192
316 1.013321752764309
316.5 0.9982969192673665
317 0.9910299703764127
317.5 1.008105121719012
318 1.004710007732665
318.5 0.9896535649068943
319 1.007914458424969
319.5 0.9947349223883666
320 1.008363733727133
320.5 0.9937995576614216
321 0.9747448933272653
321.5 0.972716809307228
322 1.003419214930465
322.5 0.9994256062835999
323 1.007908826316894
323.5 1.002048151250456
324 1.011118831227801
324.5 0.9967554877981512
325 0.9854155937468279
325.5 0.9935713267544071
326 0.9855478382973591
326.5 1.009935055898868
327 1.001040807412465
327.5 1.016215571249108
328 1.017395834421202
328.5 1.004709092392734
329 1.013026776703547
329.5 1.014297880643331
330 1.011860245995447
330.5 0.9994299852491041
331 1.000296876409906
331.5 0.9985375556722219
332 0.9885412270221858
332.5 0.9959733024930933
333 1.000970830654305
333.5 0.9932149910728677
334 0.9986974462902073
334.5 0.9927331631270584
335 0.9768592491230961
335.5 0.992954661485316
336 1.010579980448369
336.5 0.9913277279782499
337 0.9871730533894826
337.5 1.013935283066369
338 0.9851659297875113
338.5 0.997414131416489
339 1.000178516832245
339.5 0.9929439688860749
340 0.9965920374797919
340.5 0.9967424785591381
341 0.9967888452516208
341.5 1.020992075354103
342 1.009454204042663
342.5 0.979743315302585
343 1.002403665952715
343.5 0.9972457063568619
344 0.985796140696
344.5 1.002512083035284
345 1.014199063385851
345.5 0.9940194913057474
346 0.9997949303088367
346.5 0.9868533981294795
347 1.003687898292287
347.5 0.997944409341449
348 1.006949862111175
348.5 0.9919414537321837
349 1.009591462662539
349.5 1.000396472776213
350 1.001859001210641
350.5 1.00490063255608
351 0.9948516076817505
351.5 0.9905339326751716
352 1.001366790027442
352.5 1.01037561835825
353 1.012591733323271
353.5 0.992978693995385
354 0.9947644707136687
354.5 0.9947058749138457
355 1.012439378805187
355.5 0.9952148889713308
356 0.9880653955310162
356.5 0.9983268647751481
357 0.9982396020734327
357.5 1.006607810753118
358 0.9906066824137155
358.5 1.002431768411299
359 0.9936624937164651
359.5 0.9913453518814354
360 0.9931194041195108
360.5 0.9812513164674289
361 1.009246649075838
361.5 0.9936076164757086
362 1.000869928306107
362.5 1.004412458621989
363 1.000687286592335
363.5 0.9789611067328789
364 0.976186697280981
364.5 0.9991336316442163
365 0.980341140034118
365.5 1.004263211573469
366 1.001177769500764
366.5 0.9986191520434884
367 1.002048030287727
367.5 0.9921699941291015
368 1.001280460040141
368.5 1.023296338727249
369 0.9944248876967561
369.5 1.009341204869079
370 1.004430823081062
370.5 1.016383839969695
371 1.005624507238393
371.5 0.9876693572829971
372 0.9947399508464633
372.5 0.9928172808606334
373 0.9990851401303364
373.5 1.011004501320412
374 0.9885695199664322
374.5 0.9939679486272155
375 0.9958173237760455
375.5 0.9980611685857407
376 1.00956355649134
376.5 0.999662888736309
377 1.003972125365167
377.5 1.008577861678619
378 0.9815222844753013
378.5 1.009918776443197
379 0.9994892417243996
379.5 0.9974961339662386
380 1.00084640928113
380.5 0.9868581594565508
381 1.016278450239061
381.5 0.9989181863860093
382 1.005605140812754
382.5 0.9941735689727997
383 0.9984006862399071
383.5 1.001272992800252
384 0.9925834814895902
384.5 0.9815241462361507
385 0.9900720230738739
385.5 1.009484368910405
386 1.003088491495093
386.5 0.9974922177459767
387 0.9827832568981515
387.5 1.005601257815492
388 0.9907113167602759
388.5 1.000659680256215
389 1.002801212386619
389.5 0.9906763035906778
390 0.9844325978353248
390.5 0.9950366086185245
391 0.983465930675758
391.5 1.00961952913533
392 1.002929111603631
392.5 1.010827190123754
393 0.9969380596797995
393.5 1.010226927666979
394 1.000403948687243
394.5 0.9923271887442757
395 0.9979249748705229
395.5 0.9919476202885353
396 0.9946514989294678
396.5 0.9855604430399706
397 0.9974549806022129
397.5 0.9969125300181354
398 0.9947723271318967
398.5 1.00437236511754
399 1.012187372428708
399.5 1.006412549670921
400 1.00296363032798
400.5 0.9995287861106023
401 0.9961794674682504
401.5 1.011536238417942
402 0.9945032483597751
402.5 1.014254278927194
403 1.004091021074407
403.5 1.003087548615842
404 0.9809463973091487
404.5 0.9922295825565869
405 0.9948296181140353
405.5 0.9946859706932635
406 1.006540916585735
406.5 0.9974542138629224
407 1.001809136685522
407.5 1.000806677124627
408 1.007129694127131
408.5 1.002873815430064
409 0.9952668332599371
409.5 1.010738583486593
410 1.007043348069899
410.5 0.9911461144596636
411 1.00105948920452
411.5 0.9996470593072821
412 1.007995293221291
412.5 0.9957524362971666
413 0.9905783427817582
413.5 0.9929599830019041
414 1.00941870120584
414.5 1.003102356735586
415 1.010903920264258
415.5 1.012069806921616
416 1.00239442607283
416.5 1.0032378167374
417 0.9962035994398915
417.5 0.9974479146448023
418 0.9994733183024822
418.5 0.9947881749910279
419 0.9901225352758405
419.5 0.9982203728082878
420 1.000930571602797
420.5 1.000828183743061
421 1.002540359978012
421.5 0.9933660384554474
422 1.010388137704439
422.5 0.9932437669228219
423 1.024064087354167
423.5 0.9992676193398909
424 1.003757500791895
424.5 0.9924590069066028
425 1.005279510447021
425.5 1.014860843226869
426 0.9831372866342208
426.5 1.001698271701122
427 0.9885042339465283
427.5 0.9951924431080876
428 1.004420869339333
428.5 1.002015559838147
429 1.00293079362452
429.5 1.005460057967548
430 0.990558440892599
430.5 1.009172060688998
431 1.003302901723859
431.5 0.9992495437727261
432 0.9965680435181428
432.5 0.9964786123503221
433 1.003073273607092
433.5 0.9872964671246272
434 1.0028524748411
434.5 1.006028518135778
435 0.9950864105620915
435.5 0.9920751101648169
436 0.9952461288372692
436.5 0.9851202162681291
437 0.9927440782590129
437.5 1.013129093470535
438 1.009198682985398
438.5 0.9891339405783348
439 1.009022317229727
439.5 0.992021029762476
440 0.995886562433521
440.5 1.0085041767388
441 0.9948051455549679
441.5 0.993615241213552
442 0.9976675899001303
442.5 1.006221837308732
443 0.997915486237283
443.5 0.9939709660436928
444 1.000134613959439
444.5 1.00062170540448
445 0.9980259078210129
445.5 0.999611527869385
446 0.9968511349998869
446.5 1.0044846518826
447 1.000109010903874
447.5 0.995980133645071
448 0.9961076499571947
448.5 0.9911434710429968
449 0.9895647881058085
449.5 1.007400986679569
450 1.005163561525203
450.5 0.997946682097558
451 1.006421932426472
451.5 1.000921826724654
452 0.9998344990564185
452.5 0.9993112252258973
453 0.9875787133711504
453.5 1.003409128263341
454 0.9874178574420441
454.5 0.9962147326681744
455 1.00635942500416
455.5 1.005537087340125
456 1.005822145338023
456.5 1.005165322000294
457 1.001755526365914
457.5 0.9944568882901883
458 1.006432531478955
458.5 1.005278145031169
459 1.006309992842208
459.5 1.002105740956069
460 0.9911232808186985
460.5 1.002205472026916
461 0.9947291789388635
461.5 1.001808928947884
462 1.00217419655341
462.5 0.9932876561043578
463 0.9837396847951888
463.5 0.9924860260937122
464 0.9976132820565857
464.5 1.001223639699296
465 0.9987524869670136
465.5 1.009877092003859
466 1.006545968741219
466.5 1.002804009346612
467 1.010624853532904
467.5 1.004464908771215
468 0.9971737371498075
468.5 0.9904877692364102
469 0.9897887237993293
469.5 1.009230139781625
470 1.012863145359292
470.5 1.003593864411858
471 0.9918731434354821
471.5 0.9930815659119294
472 1.015035584512809
472.5 1.009076385543169
473 0.9956862068657966
473.5 1.010153641299493
474 0.9922060838994018
474.5 0.9995662396849682
475 0.9975139714517236
475.5 0.9946542475133323
476 0.9986569640477221
476.5 0.9948906719252741
477 0.9980629941227814
477.5 1.001472063488182
478 0.9971632297248844
478.5 0.9949296891691393
479 1.003330094126008
479.5 1.008141759262519
480 0.9985049759037572
480.5 0.9958800498284944
481 0.9832720804955152
481.5 1.000925109745371
482 1.002908936667584
482.5 0.9971757113143676
483 1.001471881106319
483.5 0.9976797367765062
484 1.003180276616172
484.5 0.9945944887641038
485 0.9964563422862145
485.5 0.9908430639153794
486 1.010911886691486
486.5 0.9913902130890497
487 0.9953201964765205
487.5 0.9974414144980169
488 1.00438130654943
488.5 1.005892789960648
489 0.9985461084094762
489.5 1.00221910037892
490 0.9986898649707037
490.5 1.001961024479317
491 0.9951984984525574
491.5 0.9957932133119315
492 0.9977138046308162
492.5 1.009629328209611
493 0.9959890637699339
493.5 1.000961031117096
494 0.9897457609061086
494.5 1.005758999091195
495 0.9946691007846324
495.5 1.005685229310045
496 0.995477549398035
496.5 1.005090687305353
497 0.9902650406925566
497.5 1.00751319626299
498 0.9919497500060777
498.5 1.013888404509813
499 0.9975390604799849
499.5 1.000290909414035
500 1.007722190661078
500.5 0.9897781841102268
501 0.9905069885851787
501.5 0.9959867800176582
502 1.007101943286346
502.5 0.9927553594389423
503 1.016738668447796
503.5 1.010728046375766
504 0.9918806286596064
504.5 0.997642543922312
505 0.9957130898614154
505.5 0.9941493823584047
506 1.011096811279194
506.5 0.9956522464557153
507 0.9978057270109809
507.5 0.9974927933316911
508 0.9978030911437834
508.5 0.9989998215841605
509 0.99641662988143
509.5 0.9996012521171452
510 1.002063991364327
510.5 1.007692618099903
511 1.010302252791952
511.5 1.005294882232335
512 1.007017709097886
512.5 0.9962086864352538
513 1.001959284632601
513.5 0.9892355784009883
514 0.9892708838901059
514.5 0.9974289040277605
515 1.004642761991299
515.5 1.003127629596149
516 0.9867572398286468
516.5 1.009119681737806
517 0.9934856781541325
517.5 0.9980515850731358
518 0.9954828361328979
518.5 1.006440591923569
519 0.9965605916277825
519.5 0.9934925920403858
520 0.9898816088255319
520.5 1.000504013321178
521 1.000364136611233
521.5 1.001703076888659
522 1.005398711705835
522.5 0.9981252404864365
523 0.9906254510405121
523.5 1.004429565921154
524 1.004189093707385
524.5 1.000226910145426
525 1.004790335141026
525.5 0.9936333664108832
526 0.9846369855808336
526.5 1.00239236981811
527 1.002851629717435
527.5 0.9960741442981869
528 1.005162190047321
528.5 1.007214101773026
529 0.9947486844016923
529.5 0.9939374592986711
530 0.9947652666101671
530.5 0.9883139625124243
531 1.005583889309349
531.5 0.9968937671814622
532 0.9901850659113065
532.5 1.001265088443597
533 1.002099849800633
533.5 1.002202378015341
534 0.9988341709660222
534.5 1.001555624676551
535 1.00908698754219
535.5 0.9939682218680924
536 0.9964781635695921
536.5 0.9971789395365639
537 0.9893802768220568
537.5 1.003543620178045
538 0.9977056660376614
538.5 1.004301618156497
539 0.996738588260268
539.5 1.010658141101821
540 0.9955351772507898
540.5 0.9998355989084209
541 0.9993636711975369
541.5 1.004461444801335
542 0.9997119014675683
542.5 0.9993940259751113
543 1.005589724920357
543.5 1.008568285970438
544 1.006676288857343
544.5 0.9930355710414177
545 1.004844052598895
545.5 0.9928765696707418
546 1.002439786675717
546.5 0.9863196607256407
547 0.9915899678480273
547.5 0.9975683785717612
548 0.9989658634619479
548.5 0.9946988175177125
549 1.000519532965918
549.5 1.006622139261996
550 0.9999261881938099
550.5 1.006080321277381
551 1.004406761149828
551.5 1.003872017601201
552 0.999751787582064
552.5 1.002238246162586
553 0.9867747734514783
553.5 1.01266028089206
554 0.9879372182198419
554.5 1.000819271834199
555 1.003534709934564
555.5 0.9985236856261523
556 0.9960217139068641
556.5 1.001622991634647
557 0.9871845490007738
557.5 1.00854206357114
558 1.004925505805883
558.5 0.9865716625468158
559 1.000118696715357
559.5 0.9890000510110332
560 0.9979436557734881
560.5 1.00571891276991
561 1.003671180824829
561.5 0.9946982122334744
562 0.9911812157902229
562.5 0.9888019659322442
563 1.008998541159622
563.5 1.003152091639165
564 0.9976140263482514
564.5 0.9862832044525726
565 1.001903859801045
565.5 0.9992697850951946
566 0.998977005368361
566.5 1.000869789653333
567 1.002575475094138
567.5 0.9987383442705842
568 1.014163338841264
568.5 0.9975765054077133
569 1.007155991519544
569.5 0.9972677233303672
570 1.000014538779844
570.5 0.9945520771016392
571 0.996197454246828
571.5 0.9885744899911258
572 0.9967245773841416
572.5 0.9977564645917668
573 1.002671458077498
573.5 0.9886501167120531
574 0.9926532445590849
574.5 1.000195274144252
575 0.9976564871995267
575.5 0.9859227855562991
576 0.9972806041515715
576.5 0.9955168610136601
577 0.9997340263033142
577.5 0.9936584908690561
578 0.9979645873468972
578.5 1.00445375200381
579 0.9940400680969709
579.5 1.001709321465854
580 0.9979316635913144
580.5 1.001674074306883
581 1.009047730355096
581.5 0.9921776787525239
582 1.002425464552527
582.5 1.002535673516116
583 0.9936432094392151
583.5 1.001804711089214
584 1.004811090695331
584.5 0.9920508670690948
585 1.002958290013653
585.5 0.9922212587507189
586 0.9950836959720916
586.5 0.9932540317222008
587 1.001108798448049
587.5 1.007669188981116
588 1.0083845137364
588.5 1.004313980617145
589 0.9979020330456245
589.5 1.007164592908265
590 1.006449442797003
590.5 0.9997652419612659
591 0.9990950689498899
591.5 0.9942838416657817
592 1.005009708673257
592.5 0.9959756786999152
593 1.005613128160592
593.5 0.9979116852287314
594 1.00229526751486
594.5 0.9942319503908176
595 0.989865290459582
595.5 0.9963441838086372
596 1.002443797767459
596.5 0.9987922335043995
597 0.9867614850940732
597.5 1.007661380315062
598 1.003339795915616
598.5 1.006833412624031
599 1.000537463009874
599.5 1.006485367443616
600 0.999026117329965
600.5 1.010567346625318
601 0.9954814490370605
601.5 0.9937317739653128
602 0.9995078363474321
602.5 1.001239649469577
603 0.9974923092178765
603.5 0.9994716049812447
604 0.9952009087640609
604.5 0.9970488267192056
605 0.9957785510495561
605.5 0.9957658945503605
606 0.9927767256407191
606.5 1.005866914925937
607 0.9879788032029679
607.5 0.99685523992832
608 1.001003214658201
608.5 0.9961595662933335
609 0.9949586490026745
609.5 0.9991781952820237
610 1.009131556360086
610.5 0.9892731185806714
611 0.9956954094718454
611.5 0.9970204681924041
612 0.9988311782051582
612.5 0.9989485308669502
613 1.009745912946189
613.5 0.9956946290189144
614 0.9961786262517658
614.5 0.9919388228901526
615 0.9860390469721715
615.5 0.9969150611126844
616 0.9952973493124226
616.5 0.9902036520208123
617 1.00204339551447
617.5 0.9908297165511178
618 1.001724165684726
618.5 1.00572733341154
619 0.9968392983260845
619.5 1.004311089983892
620 0.9999991324062898
620.5 0.9988959915323304
621 1.004624620349662
621.5 0.9870790643098315
622 0.9858792144062558
622.5 1.006644889640576
623 0.9994292810049668
623.5 0.9990695400427634
624 1.001427084843812
624.5 1.003244984174333
625 1.004584703630578
625.5 1.001333138916787
626 0.9987069994302211
626.5 0.9973479452054963
627 0.9999706560384363
627.5 0.9921562893964921
628 1.001483664236462
628.5 0.9996579220490407
629 0.996499524068609
629.5 0.9990964997087947
630 0.999452734212034
630.5 0.9970581125540707
631 0.9930522385826904
631.5 0.9973347926288278
632 0.9961028846081075
632.5 1.000335855567699
633 0.9971200885114734
633.5 1.001220987558407
634 1.000042975361647
634.5 1.003523956274644
635 1.004054903088294
635.5 0.9976628313431743
636 1.003231489496246
636.5 0.990641244520558
637 0.9971079951844322
637.5 0.999732828464992
638 1.001896130895127
638.5 1.001992043513758
639 1.010254770112797
639.5 0.9886804155127701
640 0.9889613239475208
640.5 0.9901372679761905
641 0.9990059208240236
641.5 1.008907739840498
642 0.992910441407995
642.5 0.9991387793338995
643 1.001368671397895
643.5 0.9982022479175648
644 0.9994814101404992
644.5 0.9929750723068058
645 1.007553265285795
645.5 1.004585265039031
646 1.000440181125713
646.5 0.9949858993707846
647 1.007240822356684
647.5 1.00307979535254
648 0.9950958461734006
648.5 0.9939995399530712
649 0.9903660295430348
649.5 0.9917589822245373
650 1.004933355645073
650.5 0.995588542813828
651 0.9900976806868728
651.5 0.9989022040700334
652 1.001428934736377
652.5 0.9917367698500437
653 1.003812439252969
653.5 1.000337966311865
654 0.9967384938531547
654.5 1.002572634140659
655 0.9937777630520126
655.5 0.9996498447178236
656 0.9977256827417339
656.5 1.003411461558265
657 0.995143733207177
657.5 0.9966636319551418
658 0.993582272808356
658.5 0.9985191277435408
659 1.00561146537307
659.5 1.007366145722524
660 0.9971538960053765
660.5 1.007270777258585
661 1.000035413232162
661.5 0.9964741273577061
662 1.004495834858473
662.5 0.9973987578000078
663 0.9995841310371441
663.5 0.9965629184829605
664 1.010140132869092
664.5 1.000650357587867
665 1.001772917242831
665.5 1.00270919766507
666 0.9938403006980847
666.5 0.9888027541841755
667 0.9983335899336804
667.5 1.002852900495401
668 0.9938776769484021
668.5 1.004487249523749
669 1.008485529791919
669.5 0.9991025130157388
670 1.002684734937093
670.5 0.9998595832368857
671 0.9982423136495334
671.5 0.9980060845451512
672 1.004391196797942
672.5 1.000151751536936
673 1.008264602838944
673.5 1.001392861786615
674 1.010034595942076
674.5 0.9914991077535421
675 1.001036434987129
675.5 0.9984712488058761
676 0.9956357087265979
676.5 0.9917771051609819
677 1.00579534103441
677.5 1.001154211491068
678 0.9975014330494492
678.5 1.002502314776094
679 0.9938669647369639
679.5 0.9906612188609304
680 0.9929109048665592
680.5 0.9949045519889361
681 1.000512006244772
681.5 0.998400600229205
682 0.9986680859799181
682.5 0.998711500769608
683 0.9911847871501256
683.5 1.003767667935519
684 0.9971138083084572
684.5 0.9992659810297103
685 1.005136442357861
685.5 0.9950310208199714
686 1.004529887888981
686.5 0.9930860260187753
687 0.9982691722855832
687.5 1.000759586750662
688 0.9998400667859707
688.5 1.000353629522189
689 1.002899714580199
689.5 1.005268021981502
690 0.9965404430701342
690.5 1.010390988528056
691 1.004690001983475
691.5 0.9896962746550206
692 0.9932141719033256
692.5 1.001781229974475
693 0.9972229264101546
693.5 1.003031303636601
694 1.004571426371769
694.5 1.009802014528588
695 0.9999682992725911
695.5 1.000932448093224
696 0.9975717333850141
696.5 1.004935660050837
697 1.00006164272097
697.5 1.004112877667688
698 0.9948139594913186
698.5 0.9996840991160687
699 1.00225603327855
699.5 0.9934666307413844
700 0.9969299788543898
700.5 1.007320089870756
701 1.005626175680945
701.5 0.9981166206677571
702 0.9933113006979137
702.5 0.9968151451696153
703 1.000331291608924
703.5 1.00220973859937
704 1.005102886922011
704.5 0.9933417045533276
705 1.004220435267299
705.5 1.000001576208828
706 1.007123128802316
706.5 1.003993041998612
707 1.000042473285787
707.5 0.9999161715604272
708 1.015276497580031
708.5 0.9931088941151747
709 1.000425731127123
709.5 1.001826388899979
710 0.998773181132925
710.5 1.001013210320989
711 0.9940773445206961
711.5 0.9982695336220381
712 0.9969360230487566
712.5 0.9940420625680587
713 0.9919923034504327
713.5 1.003502353693872
714 0.9936824605163266
714.5 1.002407524752501
715 0.9993862590981082
715.5 0.9934968580308212
716 1.001330253257854
716.5 0.9926298496042644
717 0.9943555795968798
717.5 0.9925233901416091
718 0.9995521860905366
718.5 0.9904086212022781
719 0.9896767948484213
719.5 0.9984991478527139
720 1.001572145004363
720.5 0.9917636619795105
721 0.9987294130585469
721.5 1.003819053529126
722 0.9952808146742772
722.5 0.9944545501146406
723 1.001044272241182
723.5 1.000210425475248
724 1.000299457021121
724.5 0.999160278085814
725 0.9980451698136282
725.5 0.9985054263109283
726 0.9981561107256816
726.5 0.9912696734794306
727 1.002462440316757
727.5 1.004170702803314
728 0.9982997651390932
728.5 1.003517862241754
729 0.9942427071781015
729.5 0.9999472586136807
730 0.998146296791078
730.5 1.001284843695357
731 1.000195364445579
731.5 1.000440529745754
732 0.9999328438805114
732.5 1.002169284027689
733 0.9949159643279881
733.5 1.003713886063261
734 0.9977785457104468
734.5 0.9976357091646401
735 1.002048263747072
735.5 1.006022692750665
736 1.001556470345071
736.5 0.9935181809861022
737 0.994372675453341
737.5 0.9997067403386614
738 1.00709487267548
738.5 1.008705047127351
739 0.9991483918337629
739.5 0.9970195858385331
740 1.012096791013995
740.5 0.9937412956753554
741 0.9973439234225747
741.5 0.9995553611822195
742 1.005290273916502
742.5 1.002893730590459
743 0.999106888441206
743.5 0.996015899780169
744 0.9979812289885812
744.5 0.9983426684369856
745 0.9969408957982536
745.5 0.9993289674646156
746 1.001399750747882
746.5 1.002122589326061
747 0.9905997378794266
747.5 0.9948118739909124
748 0.9970385094496346
748.5 1.003528205492822
749 0.9918973529088064
749.5 1.001650602025072
750 0.999640784673428
750.5 0.9951647235761669
751 0.9945129779324652
751.5 1.003963013271668
752 0.9978693775029731
752.5 0.9953251047128683
753 0.9943891213661394
753.5 1.004190854455455
754 0.9964870426218551
754.5 0.9904392181335548
755 0.9929815048114192
755.5 0.9954154475084631
756 0.9932942734948613
756.5 1.000140859980161
757 0.994765980810951
757.5 0.9957581876054193
758 1.000189837003186
758.5 1.000191011125958
759 0.9985542417058151
759.5 0.9926741158759941
760 1.00301679481773
760.5 0.9899459356991597
761 0.9970063627786608
761.5 0.9967685312589385
762 0.9989469689114083
762.5 1.003215669812647
763 0.9907394005074432
763.5 0.9981627043464573
764 0.994827140733897
764.5 1.001732045062851
765 1.004176620024574
765.5 1.003787711323895
766 0.9931083942404415
766.5 1.00081791449882
767 1.003912243308453
767.5 0.9965325085346262
768 1.002937517099188
768.5 0.9979718160517164
769 0.9951964034051294
769.5 0.9995945125220078
770 0.9967837182146176
770.5 0.9972340052819888
771 1.003757456667277
771.5 0.9938389491031929
772 1.000946459510561
772.5 0.9958929957630905
773 0.9940853768510046
773.5 0.9906476589415638
774 1.001424500499654
774.5 1.002087589997868
775 0.9982482438197351
775.5 0.999925614480106
776 0.997854400359681
776.5 0.9957304663773119
777 1.001707431596721
777.5 1.003178178115317
778 0.9944787375680396
778.5 0.9968262652121449
779 0.9964378125494239
779.5 1.011589445684481
780 0.9941113268101248
780.5 1.000219955633219
781 0.9924534202727969
781.5 0.9965884669911929
782 0.9882053442482029
782.5 0.9930849619677375
783 0.9933177942631899
783.5 0.9829825406171477
784 0.9843861498573775
784.5 0.9857293207222207
785 0.9720999667207478
785.5 0.9722235227056725
786 0.9644340663237917
786.5 0.9777290411729651
787 0.9745930501176642
787.5 0.9702773263979944
788 0.9721765988798046
788.5 0.9604739507877631
789 0.9723372792599647
789.5 0.9671574472888438
790 0.9609948217895558
790.5 0.9589697102549128
791 0.9524454440969992
791.5 0.95157293375248
792 0.9624181016591904
792.5 0.9540806557169462
793 0.9541581404735434
793.5 0.949996957840717
794 0.9489650519600173
794.5 0.9363470330996807
795 0.9401192325921242
795.5 0.9427725803429411
796 0.9383394542566855
796.5 0.9320313311820919
797 0.9428846136043595
797.5 0.9300751619676416
798 0.9367483128570376
798.5 0.9306511785045941
799 0.9312883134521086
799.5 0.9214872577993171
800 0.9197607060747988
800.5 0.9192761563653586
801 0.9212479000104409
801.5 0.9286207741721673
802 0.9208294481562312
802.5 0.9129318025309021
803 0.9143458560801767
803.5 0.911551537725463
804 0.9144213262031387
804.5 0.908398318275219
805 0.9056374211712894
805.5 0.9009328361574979
806 0.9070916786583925
806.5 0.9006096866417482
807 0.8986110356297274
807.5 0.8973045297380616
808 0.8903809668701296
808.5 0.9018073334088849
809 0.8962118998013944
809.5 0.8929814430811405
810 0.8868133348673006
810.5 0.8869450623703267
811 0.8856419211671543
811.5 0.8900348015023747
812 0.8780893827278161
812.5 0.8759985305596111
813 0.8783318297287802
813.5 0.869049622503954
814 0.8686071941578918
814.5 0.8735047647588505
815 0.8694724444950369
815.5 0.867541899661692
816 0.8672908726334555
816.5 0.8633134999580483
817 0.8576049483781285
817.5 0.8628375889467482
818 0.8529483513002749
818.5 0.8471169254686141
819 0.8553590448499048
819.5 0.8527914491826087
820 0.8591238074402967
820.5 0.8518756917771124
821 0.8549505441935669
821.5 0.8524104395649517
822 0.8423013810665454
822.5 0.8459017969949802
823 0.8356031973700683
823.5 0.8459346436874307
824 0.842570778305664
824.5 0.8406186654121034
825 0.8373357398152576
825.5 0.835292192980661
826 0.8371637777818129
826.5 0.8294334176709183
827 0.8283635137968061
827.5 0.8221896558970335
828 0.8255586173592667
828.5 0.8211108737901031
829 0.8256432744729205
829.5 0.8130146264650914
830 0.8148901977146703
830.5 0.8137425416443463
831 0.8182596380309691
831.5 0.8162445104990685
832 0.8113426872706772
832.5 0.8174211364852515
833 0.8190257975856111
833.5 0.8047167694260402
834 0.8052237897610515
834.5 0.8006753540724081
835 0.8032302830540783
835.5 0.8009181841035693
836 0.7959616196814535
836.5 0.7940077479162198
837 0.7878552925274674
837.5 0.7896695690897052
838 0.7858942036811314
838.5 0.7889813005552916
839 0.7940537861477475
839.5 0.7902197221903148
840 0.7885457789375997
840.5 0.7883730450949051
841 0.7863464175837872
841.5 0.7782009581170515
842 0.7774392267246969
842.5 0.7792550456571257
843 0.7727313170109522
843.5 0.7700535360948433
844 0.7701424443672377
844.5 0.7743428422014695
845 0.7709623063699071
845.5 0.7690693473728037
846 0.7688354610133709
846.5 0.7664187471656154
847 0.7668928496817423
847.5 0.7526178210630248
848 0.7563047274927841
848.5 0.7594233073822356
849 0.7561197334291012
849.5 0.752807471550675
850 0.7541506537708715
850.5 0.7461888333296539
851 0.7472020949208844
851.5 0.7485455726078244
852 0.7507409461399458
852.5 0.7468221343141812
853 0.7446823356747975
853.5 0.7399262085928481
854 0.745872523406338
854.5 0.7394239806597888
855 0.7448839858890147
855.5 0.7327463220690933
856 0.7352652082030834
856.5 0.7364137533827021
857 0.7293848963265176
857.5 0.7344625541976458
858 0.7306228035180431
858.5 0.7226562369616456
859 0.7272393406189905
859.5 0.7246497995105149
860 0.7217236791005857
860.5 0.7259176626484934
861 0.7155490373739082
861.5 0.7138199100147127
862 0.712682486994344
862.5 0.7048992697563184
863 0.7124061816601838
863.5 0.7132318272050118
864 0.7122679058173158
864.5 0.7070276224214046
865 0.7025060470822294
865.5 0.7070989876587443
866 0.7014059796197339
866.5 0.6995704407490185
867 0.6967288498551659
867.5 0.697576461630018
868 0.6941932407737741
868.5 0.6976634624614323
869 0.6907688850152347
869.5 0.6900507317502342
870 0.6941657644166654
870.5 0.6872975631085272
871 0.684583370258445
871.5 0.685690907706637
872 0.6797924318307329
872.5 0.6787113635413676
873 0.6848456748572339
873.5 0.6710836611812873
874 0.6777688580882633
874.5 0.6774452127422879
875 0.6735466801054483
875.5 0.6707669514337133
876 0.6728790553539332
876.5 0.6711235385752753
877 0.668504292608923
877.5 0.6685492421482241
878 0.665744068809766
878.5 0.6663276746629684
879 0.6668946368077914
879.5 0.6657797437440824
880 0.6580431550987899
880.5 0.6619837817260433
881 0.6549646358511856
881.5 0.6511728158681042
882 0.6556831560659082
882.5 0.651278032967247
883 0.6559542185499621
883.5 0.6470198033602798
884 0.649099123516778
884.5 0.648336069328656
885 0.6409517391963234
885.5 0.6463298542934598
886 0.6458349857415092
886.5 0.6412577758918151
887 0.6393071096675519
887.5 0.6400909327374507
888 0.6335362425852559
888.5 0.6326194402912266
889 0.6334214800922167
889.5 0.627127736953306
890 0.6292836773301138
890.5 0.62741694067489
891 0.6245254109408886
891.5 0.624389438354928
892 0.6226778202181591
892.5 0.6212872909379108
893 0.6250915142128365
893.5 0.6168720917471148
894 0.6217943936857033
894.5 0.6174053457240094
895 0.6154091294010932
895.5 0.6095590167466896
896 0.6178898787652271
896.5 0.6125644346088521
897 0.61272506532635
897.5 0.6090156085421765
898 0.6068686051350493
898.5 0.6041134123425207
899 0.6079668939133126
899.5 0.6026856507908718
900 0.6007382913969066
900.5 0.6016882298140335
901 0.6016156424655423
901.5 0.5946510077410623
902 0.5952217583667827
902.5 0.5922325702069088
903 0.5923949710055163
903.5 0.590048801366005
904 0.5871163733972702
904.5 0.5877607735554347
905 0.5831936722901572
905.5 0.5846117424203341
906 0.5834202094952234
906.5 0.5829587376812631
907 0.58135152678725
907.5 0.5742033550851044
908 0.579820626759982
908.5 0.5766186585783056
909 0.5779470760890842
909.5 0.5728486889601665
910 0.5761636868106207
910.5 0.5709251480656991
911 0.5622193995781264
911.5 0.5687041229775459
912 0.5655364300547129
912.5 0.5622648367364402
913 0.5625183958978747
913.5 0.5623024663052671
914 0.5651842892625455
914.5 0.5655153301207656
915 0.5590179662404813
915.5 0.5553612097798056
916 0.5602516460440637
916.5 0.5526711978537069
917 0.5561855206488775
917.5 0.5509479522029197
918 0.5491333294726042
918.5 0.5435733605785643
919 0.5461005112765706
919.5 0.5437791838181307
920 0.5427262813158711
920.5 0.5447565162918253
921 0.5422127391411379
921.5 0.5381436888598371
922 0.5363290097314404
922.5 0.5369911286875788
923 0.5354914965454775
923.5 0.5372447773749385
924 0.5340232226728163
924.5 0.5313331144700921
925 0.5226938372208787
925.5 0.5302392357944261
926 0.5270244796391983
926.5 0.5316409059864371
927 0.5227160881805386
927.5 0.5268987779612438
928 0.52221783357776
928.5 0.5158924354186225
929 0.5198415184079997
929.5 0.5213058016955742
930 0.5198810676687219
930.5 0.5134114535885487
931 0.5093969301785376
931.5 0.5140858503732066
932 0.5119985012530152
932.5 0.506965856974295
933 0.5098842204045381
933.5 0.5063554061725293
934 0.506907678374643
934.5 0.5032836545119757
935 0.5025350357574347
935.5 0.5006444057098011
936 0.5017243688800486
936.5 0.5000085435666958
937 0.5004444300922946
937.5 0.4972412941677524
938 0.4966982557702974
938.5 0.4920167789049143
939 0.4906711752076382
939.5 0.4874778982983698
940 0.4922309752242771
940.5 0.4893543275915156
941 0.4857042056178684
941.5 0.4835666232138719
942 0.4841939798826932
942.5 0.4833825975724481
943 0.4815767882206018
943.5 0.4819321307767049
944 0.4794600239631123
944.5 0.4731380538781836
945 0.4768359859957098
945.5 0.4754441031952263
946 0.4790669979520922
946.5 0.4736312055877936
947 0.4712331854249171
947.5 0.4692755320177071
948 0.4692157569283852
948.5 0.4671359929863553
949 0.468968098680896
949.5 0.464672740199525
950 0.4660697848370367
950.5 0.461353164157941
951 0.4602323293412475
951.5 0.4617813091367337
952 0.4608649100757488
952.5 0.4595191710325496
953 0.456656388680532
953.5 0.4548746208217563
954 0.4523002112641503
954.5 0.451321527608107
955 0.4488566111085719
955.5 0.4479964578962066
956 0.4461688832647119
956.5 0.444005468898877
957 0.4455257675612501
957.5 0.4444960768404413
958 0.4451725902244741
958.5 0.446936562579246
959 0.4433067533007969
959.5 0.437872860132853
960 0.439900269967098
960.5 0.4331717734022146
961 0.4352616499294181
961.5 0.4346100288781453
962 0.4348170317540076
962.5 0.4332604831756128
963 0.4304295458186622
963.5 0.4325102700222713
964 0.4292275993571395
964.5 0.4246286323046602
965 0.4265600039308351
965.5 0.4245267572056887
966 0.419625789308197
966.5 0.4253478055254257
967 0.4167781394596465
967.5 0.4200580589071293
968 0.4107992056730124
968.5 0.4171311592811519
969 0.4137121114839455
969.5 0.4136403402527474
970 0.4128839834365033
970.5 0.4112619937865927
971 0.4155227031222421
971.5 0.4069793967951392
972 0.4106023064652936
972.5 0.4053524063966429
973 0.4014858243356044
973.5 0.4048234538920633
974 0.4044806703440028
974.5 0.4023338633983736
975 0.3973118244155412
975.5 0.395345542790465
976 0.3989610988798789
976.5 0.3967313892340424
977 0.3960603456805671
977.5 0.3960404438708724
978 0.3974031704028369
978.5 0.3965767185221417
979 0.3896078753723991
979.5 0.3892102148977964
980 0.3900705665942099
980.5 0.3898762118775346
981 0.3906859237983464
981.5 0.3842947489595498
982 0.3842732325888188
982.5 0.383143521041924
983 0.3804448062524214
983.5 0.380914170901415
984 0.3806696986857517
984.5 0.3787049494000906
985 0.3774078165540035
985.5 0.3739341962269765
986 0.3760984929135041
986.5 0.3741100984138924
987 0.3720074788934196
987.5 0.3705222161091133
988 0.3688866009738745
988.5 0.3691726489861107
989 0.3667887932291754
989.5 0.3660423201093518
990 0.3632084140376333
990.5 0.3636741281466918
991 0.3652863858661201
991.5 0.359138709640598
992 0.3592208833274397
992.5 0.3609139320842854
993 0.3577862511383246
993.5 0.3556900612675602
994 0.3572995277418896
994.5 0.3543704185626395
995 0.3516212690767476
995.5 0.3515234628811349
996 0.346880978496749
996.5 0.3471815576148712
997 0.3493326186716604
997.5 0.3486126175427861
998 0.3453304063378528
998.5 0.3438310804390542
999 0.3423461065203081
999.5 0.3440644233981273
1000 0.3393845483247859
1000.5 0.3384479610391979
1001 0.3349878966422786
1001.5 0.339377744083096
1002 0.3390964041737806
1002.5 0.3345469333942198
1003 0.3328072905543394
1003.5 0.3339490311984905
1004 0.3316198167129385
1004.5 0.3301613391796798
1005 0.3300606401254494
1005.5 0.3249774754394439
1006 0.3264500714202999
1006.5 0.3234238000090746
1007 0.3243502925429121
1007.5 0.3230540172691839
1008 0.3220997303274953
1008.5 0.3240985643735894
1009 0.3203093202551549
1009.5 0.3205112417416017
1010 0.3197091816794256
1010.5 0.3160814680831905
1011 0.3136985085880338
1011.5 0.3131186687200601
1012 0.3123152230050831
1012.5 0.3115805242050307
1013 0.3113850957188429
1013.5 0.3107644264959806
1014 0.3097645172650901
1014.5 0.3064756269828754
1015 0.3079041177912232
1015.5 0.3053593071705463
1016 0.3033541556408481
1016.5 0.3055045548367415
1017 0.2999445813380582
1017.5 0.3014050647618167
1018 0.300187933503328
1018.5 0.2972767297283615
1019 0.2962429648205519
1019.5 0.2969704667691878
1020 0.2958834700474095
1020.5 0.2955052523897131
1021 0.2947414852034129
1021.5 0.2913448108606876
1022 0.2886263258586478
1022.5 0.2881241104917853
1023 0.2874249240227436
1023.5 0.2871551460700527
1024 0.2867870435213525
1024.5 0.2845129080842835
1025 0.2850235766418476
1025.5 0.2835427267489707
1026 0.2810922544928202
1026.5 0.2781115909676253
1027 0.2790076140271835
1027.5 0.2810673835920922
1028 0.280097521877664
1028.5 0.277400687056954
1029 0.2785106343182451
1029.5 0.2729012922923238
1030 0.2735361940021199
1030.5 0.2749386885345769
1031 0.2717507285457857
1031.5 0.271217106949456
1032 0.2694641197408972
1032.5 0.2675633623778409
1033 0.2652673730821003
1033.5 0.2668089458732755
1034 0.2632055044942972
1034.5 0.2640043183679111
1035 0.2598520063847365
1035.5 0.258539250499303
1036 0.2595756321042338
1036.5 0.2593252577449348
1037 0.2604121182175784
1037.5 0.2577678116144826
1038 0.2571566111065222
1038.5 0.2570476810120846
1039 0.2510579175935282
1039.5 0.2521788386492564
1040 0.2502138114690155
1040.5 0.2507488847684187
1041 0.2503913270778869
1041.5 0.2489846667946445
1042 0.2465637019049096
1042.5 0.2491421733274558
1043 0.2459748362698056
1043.5 0.2445139614228861
1044 0.2439949035555628
1044.5 0.2421695262814183
1045 0.2405897627323698
1045.5 0.239054996858077
1046 0.2354942909556514
1046.5 0.2375271772366329
1047 0.2358105511369167
1047.5 0.2336778277246482
1048 0.2320726484393831
1048.5 0.2295811826935842
1049 0.2315676846518502
1049.5 0.2342812191624901
1050 0.233056695155582
1050.5 0.2264046038895639
1051 0.2284486303590115
1051.5 0.22659830010146
1052 0.2264660909969342
1052.5 0.2240083967056113
1053 0.222716980181441
1053.5 0.2246714058257248
1054 0.225866271684615
1054.5 0.221949353770808
1055 0.2201993860221831
1055.5 0.2149736612558667
1056 0.2179260935327303
1056.5 0.2152263443989016
1057 0.2168036486390754
1057.5 0.2140173101465248
1058 0.2135068342202442
1058.5 0.212288947149894
1059 0.2125807840879298
1059.5 0.207759441849401
1060 0.2065091913675103
1060.5 0.2083699845403236
1061 0.2080306080950007
1061.5 0.2089778588700221
1062 0.2027646742285634
1062.5 0.2060173525235334
1063 0.1983324343226535
1063.5 0.2023252961343759
1064 0.1988131667817568
1064.5 0.1994485564475909
1065 0.1980242436220429
1065.5 0.1967240817791812
1066 0.1969241786608786
1066.5 0.1956879800278607
1067 0.1937872774117841
1067.5 0.1921928262604172
1068 0.1932128041999891
1068.5 0.1889421027417732
1069 0.1884131481326591
1069.5 0.1882068553587667
1070 0.1858611818929
1070.5 0.1848144623395434
1071 0.1842308448190728
1071.5 0.1845998849755342
1072 0.1823460563658803
1072.5 0.1786865346163753
1073 0.1834048458275696
1073.5 0.1806891208688983
1074 0.1797830831154362
1074.5 0.1793767281482212
1075 0.1790108601704005
1075.5 0.1797790950489466
1076 0.1761352419900611
1076.5 0.1763289442706868
1077 0.1728634627097027
1077.5 0.1740503003595256
1078 0.1705635160663819
1078.5 0.1691496602297598
1079 0.1706722905717653
1079.5 0.1695766277913105
1080 0.1683843173993873
1080.5 0.1660908092406103
1081 0.1652187285789233
1081.5 0.1646726771372458
1082 0.1652180149241131
1082.5 0.1617087598429593
1083 0.1619320971089191
1083.5 0.1617826788035092
1084 0.1588537709106974
1084.5 0.1586682136102239
1085 0.1578674441398669
1085.5 0.1565898114494572
1086 0.1546806072215546
1086.5 0.1537101468494615
1087 0.1550190947572306
1087.5 0.1503059424544118
1088 0.1524316130938776
1088.5 0.151427692626995
1089 0.1486023287537369
1089.5 0.1487953942196846
1090 0.1479522609911131
1090.5 0.1478746462952661
1091 0.1460482049765781
1091.5 0.1459916595212312
1092 0.1424244566833466
1092.5 0.1420243141903382
1093 0.1420676925128673
1093.5 0.1385040556775902
1094 0.1406357248852181
1094.5 0.1385871072174757
1095 0.1382783244758703
1095.5 0.1363408951274454
1096 0.1353452446509172
1096.5 0.1357383909342051
1097 0.1342193523560603
1097.5 0.1323019941096295
1098 0.1323818607834481
1098.5 0.1308031371506819
1099 0.1306555771607183
1099.5 0.1306414225028931
1100 0.1280703941038346
1100.5 0.1276786511710049
1101 0.1275342481951203
1101.5 0.1274374503968011
1102 0.124007148397977
1102.5 0.1231472021818848
1103 0.1227425255813432
1103.5 0.1222629732685809
1104 0.1217653666606161
1104.5 0.1201938520541113
1105 0.1188229340564361
1105.5 0.1179908541168887
1106 0.1173952837612924
1106.5 0.1171858814422338
1107 0.114724367688828
1107.5 0.1143395014252049
1108 0.1139833877074876
1108.5 0.1113628002701488
1109 0.1127305681152009
1109.5 0.1125075281188879
1110 0.1103899382342351
1110.5 0.1084999422302892
1111 0.1086072942374158
1111.5 0.1086585532027796
1112 0.1085236567856837
1112.5 0.1060379295544281
1113 0.1044850501265834
1113.5 0.1065803541998444
1114 0.1050852947908353
1114.5 0.1027502799130894
1115 0.1032502107092047
1115.5 0.102972818058131
1116 0.1029267412309084
1116.5 0.1007217884729841
1117 0.1010187880727525
1117.5 0.1011033942717949
1118 0.1002400644207219
1118.5 0.09925872625088519
1119 0.09742490008055675
1119.5 0.09876029195806839
1120 0.0970217905019574
1120.5 0.09604666427776888
1121 0.09473460674578967
1121.5 0.09569257695752811
1122 0.09316802022621157
1122.5 0.0932036993091056
1123 0.09287449201798539
1123.5 0.09220870702002422
1124 0.09103427771769129
1124.5 0.08942532425929961
1125 0.09135413523799628
1125.5 0.08919385369365328
1126 0.09052068147863801
1126.5 0.08799331558787327
1127 0.08731762366114666
1127.5 0.08811775602524939
1128 0.08605107939652211
1128.5 0.08561360483205477
1129 0.08464451587230197
1129.5 0.08490314716625234
1130 0.08426959358749488
1130.5 0.08508597368189545
1131 0.08290684441571701
1131.5 0.0835971563864757
1132 0.08168340514139162
1132.5 0.08148575239456234
1133 0.08202308547225245
1133.5 0.08183436960922079
1134 0.0802239251703338
1134.5 0.07822311655984579
1135 0.07977014969479805
1135.5 0.07817459951199592
1136 0.07819492016409413
1136.5 0.07705761870867842
1137 0.07566429010891272
1137.5 0.07572222747213195
1138 0.07604645841018144
1138.5 0.07482618505534909
1139 0.07536334064672556
1139.5 0.07433175545051203
1140 0.07431081488614469
1140.5 0.07298127705858089
1141 0.07266997145352712
1141.5 0.07158245613595417
1142 0.07129050157688606
1142.5 0.07185369747689761
1143 0.07017984464459336
1143.5 0.07117395664882131
1144 0.06995175133113883
1144.5 0.06946919363522669
1145 0.07007525004535971
1145.5 0.06865552820238593
1146 0.06838545814812026
1146.5 0.06773084948317447
1147 0.06778545790140116
1147.5 0.06675688206829118
1148 0.06582606660081212
1148.5 0.06480965461328174
1149 0.06601644242296227
1149.5 0.06508862285891161
1150 0.06466678555453
1150.5 0.06463665689056432
1151 0.06253171513421055
1151.5 0.06272028891095111
1152 0.06341115593674658
1152.5 0.06123475113176121
1153 0.06099132604062068
1153.5 0.0610594750381951
1154 0.06168884027198145
1154.5 0.0594264492417832
1155 0.05973710421350464
1155.5 0.05985769448859975
1156 0.05848053892012631
1156.5 0.05866215513907446
1157 0.05831076035693391
1157.5 0.05881836230555527
1158 0.05749822792512591
1158.5 0.05743146841285089
1159 0.05791276496970012
1159.5 0.05631445979058836
1160 0.05619754606283953
1160.5 0.05554280598827536
1161 0.05355811240948843
1161.5 0.05382743962957023
1162 0.05452217147828008
1162.5 0.05353913315660207
1163 0.05259177730523774
1163.5 0.05200285381354736
1164 0.05169504351797657
1164.5 0.05293132555075258
1165 0.05177581368278959
1165.5 0.0511979988366783
1166 0.0513402063518355
1166.5 0.05040872603471756
1167 0.05017130684645296
1167.5 0.04866862162536248
1168 0.04941942656690295
1168.5 0.05041320338902669
1169 0.04875420503691393
1169.5 0.04889752079188937
1170 0.04916659892407097
1170.5 0.0488307956773751
1171 0.04780778676989939
1171.5 0.0485379623631934
1172 0.04780996856383699
1172.5 0.04748476108851551
1173 0.04704306805241649
1173.5 0.04687771427272344
1174 0.04524398947408831
1174.5 0.04520547575846866
1175 0.0446172098821373
1175.5 0.04422136278412787
1176 0.04414218676942019
1176.5 0.04336516539056845
1177 0.04355248439570765
1177.5 0.0428104310539036
1178 0.04314705478252817
1178.5 0.04273780947061628
1179 0.04324764497183474
1179.5 0.0419213532340538
1180 0.04258792370052319
1180.5 0.04077748572084196
1181 0.04081717815073956
1181.5 0.04058490454225709
1182 0.04008135497591633
1182.5 0.03953751744667362
1183 0.03972599010325312
1183.5 0.03947073111155573
1184 0.0389123350876511
1184.5 0.03935493043922314
1185 0.03806860756716231
1185.5 0.03854387407178998
1186 0.0382742629599614
1186.5 0.03892009045581484
1187 0.03823428928452196
1187.5 0.03686453595758017
1188 0.03651570045964168
1188.5 0.03589874779401483
1189 0.03636481538839847
1189.5 0.0363098648972317
1190 0.03647427813795523
1190.5 0.03510470185200358
1191 0.0357644135508276
1191.5 0.03580731437659133
1192 0.03508925634929373
1192.5 0.03485764703707623
1193 0.03402843119164261
1193.5 0.03442785162388805
1194 0.03381010974875945
1194.5 0.03420096001913397
1195 0.03308508064783301
1195.5 0.03316202381701586
1196 0.03368908665004994
1196.5 0.03165252709207483
1197 0.03197927415567113
1197.5 0.03204881739510413
1198 0.0316454350726116
1198.5 0.03193130338828928
1199 0.03115266136354955
1199.5 0.0310547538891649
1200 0.03000656457107766
1200.5 0.03130628629968196
1201 0.03096128299626092
1201.5 0.03006712608625389
1202 0.02951673820551929
1202.5 0.02961150216934117
1203 0.02911006915993523
1203.5 0.02904618406676536
1204 0.02943462512183658
1204.5 0.02954495666669544
1205 0.02779373085555302
1205.5 0.02833258305022209
1206 0.02777138024775798
1206.5 0.02785898110083871
1207 0.02726750279300195
1207.5 0.02684264102711276
1208 0.02702534145457397
1208.5 0.02719985551008046
1209 0.02634331474995975
1209.5 0.02700552155936166
1210 0.02545140974882902
1210.5 0.02535189970288866
1211 0.02491532185825611
1211.5 0.02554514289411594
1212 0.02471763503823146
1212.5 0.02585505955843721
1213 0.0244971162800184
1213.5 0.02507050281797365
1214 0.0243631308931761
1214.5 0.02457699288718634
1215 0.02351279475196691
1215.5 0.02392159906417509
1216 0.02355191873861684
1216.5 0.023307184415138
1217 0.02248044919412553
1217.5 0.02287320975756615
1218 0.02237377794157486
1218.5 0.02216951211231905
1219 0.0224609215057665
1219.5 0.02258944292244162
1220 0.02237002554184238
1220.5 0.02212779767441076
1221 0.0211530840883075
1221.5 0.02114347848922593
1222 0.0213264278219952
1222.5 0.02135515977716909
1223 0.02128387722079046
1223.5 0.02038294233677009
1224 0.02056588728489009
1224.5 0.02056443624926477
1225 0.019689264813543
1225.5 0.02052323112846443
1226 0.02020807914348523
1226.5 0.01962584374682268
1227 0.01967096570295922
1227.5 0.01918933148063643
1228 0.01914320107714164
1228.5 0.01900569260452198
1229 0.01830493836148924
1229.5 0.01846504130345336
1230 0.01825998235133651
1230.5 0.01898953568325214
1231 0.01779012807759404
1231.5 0.01750267970567954
1232 0.01767790909880232
1232.5 0.01704273190837036
1233 0.01714238819392446
1233.5 0.01743840902997066
1234 0.01702398255464315
1234.5 0.01677624837946044
1235 0.0169134783426496
1235.5 0.01584496727125755
1236 0.01590743395529705
1236.5 0.01586448255971652
1237 0.01573891722590402
1237.5 0.01606415709747216
1238 0.01576602955271834
1238.5 0.01483104793836182
1239 0.01463927334040913
1239.5 0.01533114048809408
1240 0.01512430246929897
1240.5 0.01458146989143834
1241 0.01470414329640519
1241.5 0.0140953571123132
1242 0.01444934478891561
1242.5 0.01391623167962156
1243 0.01419534686464095
1243.5 0.01370047485342341
1244 0.01337732621163958
1244.5 0.01391609413694117
1245 0.01328164602158675
1245.5 0.01380478941722775
1246 0.01334182381915578
1246.5 0.01344955560804354
1247 0.01298760817526719
1247.5 0.01288851689754758
1248 0.01185177612652134
1248.5 0.0124768251082338
1249 0.01209084196094876
1249.5 0.01180860443086066
1250 0.01220399647288613
1250.5 0.01126753579489223
1251 0.01155248718865363
1251.5 0.01204992784660747
1252 0.01126256460758022
1252.5 0.01109228532158487
1253 0.01152296264218531
1253.5 0.01103067652266959
1254 0.01124129559061377
1254.5 0.01144426747788796
1255 0.01114306477875535
1255.5 0.01047752194341479
1256 0.009834906696282885
1256.5 0.0106648232970201
1257 0.01024144212968923
1257.5 0.0092368801103676
1258 0.00996354176996837
1258.5 0.01017347374844988
1259 0.009505115723176572
1259.5 0.009599071237026644
1260 0.009787050563338682
1260.5 0.009475268377721611
1261 0.009800465299819849
1261.5 0.009330164606574752
1262 0.008788392436917408
1262.5 0.009019548800773724
1263 0.008702381981254665
1263.5 0.009026890030708792
1264 0.008659823742437657
1264.5 0.00855227703358696
1265 0.008243657506151213
1265.5 0.008337685204817849
1266 0.007807267453729836
1266.5 0.008209801783268062
1267 0.008009882532059842
1267.5 0.007831752587597064
1268 0.007603828808971351
1268.5 0.007619278265400453
1269 0.007170476913713721
1269.5 0.007528780273042689
1270 0.007059359937343127
1270.5 0.007231931047580263
1271 0.007518139681859905
1271.5 0.007092510747099761
1272 0.006980312058477735
1272.5 0.006918006219403102
1273 0.006600300588922219
1273.5 0.006545478123435473
1274 0.006072668011264237
1274.5 0.006598934323059147
1275 0.006190493283514507
1275.5 0.006312888318122657
1276 0.006300878118097333
1276.5 0.005823041476535407
1277 0.006051221727960501
1277.5 0.005990108395662459
1278 0.005985422216772225
1278.5 0.006044067033470207
1279 0.005596410362016192
1279.5 0.005542861104954768
1280 0.005657866238193845
1280.5 0.005955059401205827
1281 0.005508861576457371
1281.5 0.005126387525639039
1282 0.005115391763255542
1282.5 0.005251250823982785
1283 0.00510043386484462
1283.5 0.005075516431489274
1284 0.004987852103579774
1284.5 0.004760910965359288
1285 0.004861684150180287
1285.5 0.004621271569895255
1286 0.004847171814853137
1286.5 0.004426468973878284
1287 0.004249441956911169
1287.5 0.004606925372667283
1288 0.00445082865344737
1288.5 0.004156425282518128
1289 0.004250109405211351
1289.5 0.004219147566836217
1290 0.003815023613275525
1290.5 0.003908750831918232
1291 0.0038298174343774
1291.5 0.003626890938127147
1292 0.003796331642380842
1292.5 0.003442282223237498
1293 0.003749186337820996
1293.5 0.003601936018436792
1294 0.003331277098571996
1294.5 0.003465970339269242
1295 0.00343586239588431
1295.5 0.00316595482896605
1296 0.003053953561650771
1296.5 0.003126862118600228
1297 0.003138125490676395
1297.5 0.003217686640320039
1298 0.003024070520316821
1298.5 0.002892141397584112
1299 0.002842204522003134
1299.5 0.002710616500178445
1300 0.002912692500853883
1300.5 0.002645248406972201
1301 0.002595651265048337
1301.5 0.002525760506679895
1302 0.002537389900894162
1302.5 0.002698144354909076
1303 0.002479304263458784
1303.5 0.002281105665305917
1304 0.002211719989590675
1304.5 0.002169473945457426
1305 0.002370411068404689
1305.5 0.002206640442965686
1306 0.00223866599828026
1306.5 0.001920275783733855
1307 0.002013064018893845
1307.5 0.001950977119196934
1308 0.00196965292637163
1308.5 0.002008451309271828
1309 0.001906235794118869
1309.5 0.001757226965293095
1310 0.001749183972354234
1310.5 0.001741152740175223
1311 0.00163945037055096
1311.5 0.001618140952781528
1312 0.001703766534736568
1312.5 0.001562265371581396
1313 0.001567747017885966
1313.5 0.001413231405407642
1314 0.001285594932320713
1314.5 0.001351177579628964
1315 0.00143661308826249
1315.5 0.001089932785436341
1316 0.001321535613095276
1316.5 0.001247537748739215
1317 0.001259852274226849
1317.5 0.001093251972768728
1318 0.00113214711220633
1318.5 0.0009725112629966452
1319 0.001004827633805541
1319.5 0.001109757441479535
1320 0.001029708527132409
1320.5 0.001075098773916066
1321 0.001034740839808403
1321.5 0.0009681007867607247
1322 0.0008949804966937826
1322.5 0.0009271827103000404
1323 0.0009921899693443781
1323.5 0.0007747680256861592
1324 0.0006888916204680455
1324.5 0.0006752597640868029
1325 0.0006288934184693845
1325.5 0.0006807873046587437
1326 0.0007587671395685577
1326.5 0.0006209357572915848
1327 0.0005747492320721736
1327.5 0.0006200006132114593
1328 0.0005738839717777097
1328.5 0.000508287065738115
1329 0.0005079046793941224
1329.5 0.0005270428291783675
1330 0.0004096140462258779
1330.5 0.0005132570302661708
1331 0.0003700465145605689
1331.5 0.0004151788347732595
1332 0.000421349497413026
1332.5 0.0003627364220180855
1333 0.000317156308618458
1333.5 0.000323386240515959
1334 0.0003619211315726223
1334.5 0.0002454053427797084
1335 0.0003355663356526269
1335.5 0.0003417634838649771
1336 0.0002384110503299375
1336.5 0.0001545293183179726
1337 0.0001994511076787439
1337.5 0.0002314474992331865
1338 0.0001606073273334053
1338.5 0.0001219703930015746
1339 6.41470101838653e-05
1339.5 0.0001346081737341718
1340 0.0001152923473839155
1340.5 8.320459077013038e-05
1341 8.95381368674931e-05
1341.5 0.0001469887359891731
1342 0.0001085629067532567
1342.5 7.019427126241867e-05
1343 7.651856097003305e-05
1343.5 3.185900705276323e-05
1344 3.820236821251394e-05
1344.5 3.817395968535895e-05
1345 3.178798569557247e-05
1345.5 3.176436467785138e-05
1346 4.443707797033651e-05
1346.5 6.343440311873791e-06
1347 6.338731876102134e-06
1347.5 1.266805736131884e-05
1348 0
1348.5 0
1349 0
1349.5 6.315268146923405e-06
1350 6.310591036810203e-06
