0.00174108 1.0032
0.00246225 1.01511
0.00301563 1.02261
0.00348215 1.02454
0.00492451 1.03775
0.00522323 1.02657
0.00603127 1.01511
0.00696431 1.02635
0.00738676 1.033
0.00870538 1.04452
0.0090469 1.04246
0.00984901 1.0398
0.0104465 1.03732
0.0120625 1.03603
0.0121875 1.02713
0.0123113 1.03589
0.0139286 1.04361
0.0147735 1.0335
0.0150782 1.02249
0.0156697 1.03396
0.0172358 1.03532
0.0174108 1.04889
0.0180938 1.03668
0.0191518 1.04124
0.019698 1.02017
0.0208929 1.03875
0.0211094 1.03699
0.0221603 1.0344
0.022634 1.02744
0.0241251 1.02868
0.0243751 1.0223
0.0246225 1.03686
0.0261161 1.03647
0.0270848 1.03816
0.0271407 1.03049
0.0278572 1.03606
0.029547 1.03451
0.0295983 1.02745
0.0301563 1.02677
0.0313394 1.01816
0.0320093 1.02944
0.0330804 1.01573
0.033172 1.03073
0.0344716 1.02244
0.0348215 1.025
0.0361876 1.0275
0.0365626 1.02288
0.0369338 1.02426
0.0383037 1.0268
0.0392032 1.02281
0.0393961 1.02143
0.0400448 1.03409
0.0417858 1.00647
0.0418583 1.02109
0.0422189 1.02398
0.0435269 1.03
0.0443206 1.01884
0.0452345 1.02154
0.045268 1.01914
0.0467828 1.01936
0.0470091 1.0193
0.0482501 1.0079
0.0487501 1.01488
0.0492451 1.01668
0.0504912 1.01255
0.0512658 1.01404
0.0517073 1.00429
0.0522323 1.00464
0.0539734 1.0061
0.0541696 1.00907
0.0542814 1.02974
0.0557144 1.0143
0.0566318 1.01195
0.057297 1.00851
0.0574555 0.999499
0.0590941 1.00659
0.0591966 1.02609
0.0603127 1.01561
0.0609377 0.995275
0.0615563 1.01733
0.0626787 0.999524
0.0633283 0.994903
0.0640186 1.01037
0.0644198 1.00462
0.0661609 0.998525
0.0663439 0.996789
0.0664809 0.997907
0.067902 1.00287
0.0689431 1.00014
0.0693596 0.991743
0.0696431 0.998398
0.0713841 0.987092
0.0714054 0.999198
0.0723752 1.00663
0.0731252 1.00043
0.0738676 0.992071
0.0748663 1.01546
0.0753908 1.00798
0.0763299 0.999931
0.0766074 0.99025
0.0783484 1.00785
0.0784064 1.00589
0.0787921 0.997088
0.0800895 0.989806
0.0812544 0.98674
0.0814221 0.994352
0.0818306 0.99671
0.0835717 1.00498
0.0837166 0.983251
0.0844377 0.996619
0.0853127 1.00018
0.0861789 0.994511
0.0870538 1.00218
0.0874533 0.998067
0.0886411 0.987271
0.0887949 0.990548
0.090469 0.988287
0.090536 0.987127
0.0911034 0.986892
0.092277 0.996027
0.0934846 0.999934
0.0935656 0.996846
0.0940181 0.998231
0.0957592 0.990939
0.0960279 0.983405
0.0965002 0.99709
0.0975003 0.979535
0.0984901 0.985903
0.0992413 1.00276
0.0995159 0.99151
0.100952 0.995629
0.100982 0.994095
0.102532 0.988704
0.102724 0.983348
0.103415 0.995966
0.104465 1.00113
0.105547 0.991329
0.105877 0.99572
0.106206 1.00192
0.107947 0.995828
0.108339 0.994761
0.108563 0.995312
0.109688 0.977952
0.110801 0.989222
0.111429 0.989765
0.111578 0.996832
0.11317 0.988329
0.113264 0.990156
0.114594 0.998356
0.114911 1.00137
0.115726 0.987964
0.116652 0.991604
0.11761 0.984674
0.118188 0.987905
0.118393 0.983509
0.120134 0.9849
0.120625 1.00553
0.12065 0.992775
0.121875 1.00088
0.123113 0.99575
0.123616 0.988798
0.123641 0.99351
0.125357 0.996445
0.125575 0.983789
0.126657 1.00564
0.127099 0.995201
0.128037 0.998986
0.12884 1.00799
0.129672 0.99191
0.130499 1.00605
0.130581 0.985751
0.132322 0.985944
0.132688 1.00149
0.132962 1.00991
0.134063 0.986621
0.135424 0.995686
0.135703 0.997207
0.135804 1.00531
0.137545 0.989337
0.137886 1.00231
0.138719 0.998725
0.139286 0.998004
0.140348 1.0152
0.141027 0.999749
0.141735 1.00047
0.142768 1.00155
0.142811 0.99066
0.144509 1.00492
0.14475 0.990911
0.145273 0.998945
0.14625 1.01088
0.147735 0.992127
0.147766 0.993452
0.147991 1.00008
0.149733 1.01234
0.150197 1.00874
0.150782 0.998606
0.151474 1.01031
0.15266 1.01076
0.153215 0.99934
0.153797 0.996037
0.154956 1.00894
0.155122 0.995797
0.156697 0.994435
0.156813 1.00273
0.157584 1.01029
0.158438 0.987706
0.159829 1.00448
0.160046 1.00405
0.160179 0.991244
0.16192 0.995943
0.162509 1.01134
0.162844 0.997784
0.163661 1.01769
0.164971 1.00336
0.165402 1.00299
0.16586 1.00717
0.167143 1.00824
0.167433 0.998662
0.168875 0.995552
0.168884 1.00708
0.169896 0.992159
0.170625 0.995442
0.171891 1.02641
0.172358 1.00365
0.172367 0.992226
0.174108 1.01126
0.17482 1.0042
0.174907 0.999012
0.175849 0.996528
0.177282 1.00917
0.17759 1.00425
0.177922 0.996979
0.179331 1.00558
0.179745 1.0026
0.180938 0.996617
0.181072 1.00236
0.182207 1.00031
0.182813 1.00419
0.183954 1.01127
0.184554 0.999903
0.184669 1.00314
0.186295 1.0057
0.186969 1.01033
0.187131 1.00435
0.188036 1.00434
0.189594 1.01491
0.189777 1.00813
0.189985 1.00766
0.191518 0.999379
0.192056 1.00247
0.193 1.00808
0.193259 1.00401
0.194518 1.01008
0.195001 0.988138
0.196016 1.00628
0.196742 1.00036
0.19698 1.0044
0.198483 1.00171
0.199032 0.996907
0.199443 0.998022
0.200224 1.00695
0.201905 1.00102
0.201965 1.00032
0.202047 1.0002
0.203706 1.00116
0.204367 1.01
0.205063 0.997206
0.205447 0.997601
0.206829 1.00383
0.207188 0.991855
0.208079 0.983841
0.208929 1.01029
0.209292 0.993548
0.21067 0.999979
0.211094 1.01142
0.211754 1.01404
0.212411 1.00157
0.21411 0.994279
0.214152 1.0021
0.214216 1.00049
0.215893 1.01546
0.216678 1.00236
0.217126 1.00586
0.217635 1.00086
0.219141 0.991011
0.219376 0.998789
0.220141 0.99041
0.221117 0.983668
0.221603 0.996708
0.222858 1.00023
0.223157 1.00195
0.224065 1.00166
0.224599 0.992397
0.226172 0.993521
0.22634 1.00161
0.226527 0.99218
0.228081 0.98267
0.22899 1.00085
0.229188 0.996337
0.229822 1.00738
0.231452 1.00976
0.231563 1.00363
0.232204 0.992533
0.233304 0.99913
0.233914 0.986744
0.235045 1.01218
0.235219 0.986989
0.236376 1.01592
0.236786 0.989672
0.238235 1.00888
0.238527 0.992895
0.238839 0.994055
0.240269 0.985887
0.241251 0.996609
0.241301 0.998605
0.24201 1.00238
0.243751 1.00407
0.243763 0.995398
0.244266 0.995274
0.245492 0.986915
0.246225 0.992418
0.247233 1.00015
0.247282 0.985467
0.248688 1.0016
0.248974 0.996277
0.250298 1.0013
0.250715 0.992908
0.25115 1.00112
0.252456 0.992906
0.253313 0.998014
0.253612 0.990746
0.254197 1.00194
0.255938 0.989537
0.256074 1.00424
0.256329 0.986915
0.257679 0.985807
0.258537 0.999816
0.259344 1.01183
0.25942 0.98755
0.260999 1.00386
0.261161 0.990174
0.26236 1.00167
0.262903 0.988374
0.263461 0.999392
0.264644 0.994529
0.265376 0.991816
0.265923 1.01283
0.266385 0.99705
0.268126 0.997784
0.268386 0.991191
0.268391 0.99786
0.269867 0.991797
0.270848 0.999639
0.271407 0.997279
0.271608 0.998525
0.27331 1.00074
0.273349 1.00308
0.274423 1.00212
0.27509 0.996333
0.275772 1.00431
0.276831 0.995626
0.277438 0.993555
0.278235 1.00722
0.278572 0.998299
0.280313 1.00218
0.280454 1.00085
0.280697 1.00069
0.282054 0.98626
0.283159 0.991662
0.283469 1.01027
0.283795 1.01433
0.285537 0.990305
0.285621 0.991583
0.286485 0.998429
0.287278 0.989073
0.288084 1.00098
0.289019 1.00648
0.289501 0.999812
0.290546 0.983022
0.29076 0.992722
0.292501 0.995871
0.292516 1.00922
0.293008 1.00569
0.294242 0.99316
0.29547 0.997573
0.295532 1.00128
0.295983 0.992127
0.297724 1.00118
0.297933 0.998544
0.298548 0.992098
0.299465 0.99658
0.300395 1.00237
0.301206 0.989414
0.301563 0.997588
0.302857 1.00076
0.302947 0.999278
0.304579 1.0031
0.304688 1.00394
0.305319 1.00189
0.306429 0.997089
0.307595 0.99895
0.307782 0.999176
0.308171 1.00132
0.309912 1.00156
0.310244 1.00669
0.31061 0.988398
0.311653 1.00883
0.312706 1.00495
0.313394 1.00759
0.313626 0.997245
0.315135 1.00058
0.315168 1.0062
0.316641 1.00747
0.316876 1.00921
0.317631 0.992759
0.318617 1.0002
0.319657 1.00085
0.320093 1.00267
0.320358 1.00169
0.322099 0.997987
0.322555 1.00973
0.322673 1.01069
0.32384 1.0204
0.325017 0.999633
0.325581 0.99971
0.325688 1.00844
0.327322 0.988607
0.32748 0.992853
0.328704 1.00208
0.329063 1.00918
0.329942 1.00306
0.330804 1.00043
0.33172 0.991471
0.332404 0.993014
0.332546 1.01055
0.334287 0.997846
0.334735 0.99257
0.334867 1.00059
0.336028 1.00593
0.337329 0.998113
0.337751 1.00587
0.337769 0.997671
0.33951 0.997505
0.339791 1.01551
0.340766 0.991953
0.341251 1.00733
0.342253 0.990369
0.342992 1.00011
0.343782 1.00493
0.344716 1.00285
0.344733 0.99512
0.346474 1.01806
0.346798 0.997177
0.347178 0.995807
0.348215 1.00255
0.34964 0.987274
0.349813 1.00498
0.352102 0.996853
0.352829 0.997872
0.354565 1.00081
0.355845 1.00419
0.357027 1.0072
0.35886 1.00876
0.359489 0.995728
0.361876 0.994982
0.361951 0.999931
0.364414 0.987463
0.364892 0.997249
0.366876 0.997563
0.367907 1.00423
0.369338 1.00871
0.370923 1.01072
0.3718 1.00304
0.373938 1.00444
0.374263 1.0016
0.376725 0.997611
0.376954 0.993006
0.379187 1.00041
0.37997 0.991861
0.381649 0.997228
0.382985 1.01375
0.384112 0.996046
0.386001 0.993815
0.386574 1.00255
0.389017 1.00233
0.389036 0.994032
0.391498 0.997841
0.392032 0.995514
0.393961 1.00601
0.395048 0.994788
0.396423 1.00188
0.398064 0.997203
0.398885 1.00307
0.401079 0.992602
0.401347 0.998872
0.40381 1.00019
0.404095 0.984709
0.406272 1.0016
0.40711 1.00649
0.408734 0.997889
0.410126 0.994629
0.411196 0.992735
0.413142 0.991041
0.413659 0.999363
0.416121 1.01501
0.416157 1.01246
0.418583 1.00345
0.419173 0.986522
0.421045 0.998357
0.422189 1.01112
0.423508 0.996699
0.425204 0.991903
0.42597 0.994538
0.42822 1.00966
0.428432 0.99912
0.430894 0.995988
0.431235 0.992762
0.433357 0.99672
0.434251 0.993674
0.435819 0.98851
0.437267 0.993402
0.438281 0.991674
0.440282 1.00656
0.440743 0.995739
0.443206 0.996104
0.443298 1.00302
0.445668 0.998357
0.446314 0.992617
0.44813 1.00825
0.449329 1.02008
0.450592 1.0057
0.452345 0.999262
0.453055 0.989705
0.455361 0.99622
0.455517 1.00786
0.457979 0.990456
0.458376 0.995961
0.460441 1.01047
0.461392 1.00181
0.462904 1.00199
0.464407 1.00223
0.465366 1.00594
0.467423 0.994725
0.467828 1.00291
0.47029 1.0029
0.470439 1.00739
0.472753 0.995902
0.473454 0.990094
0.475215 1.00554
0.47647 1.00056
0.477677 1.00127
0.479486 0.990734
0.480139 0.993331
0.482501 0.990046
0.482602 1.003
0.485064 1.00147
0.485517 1.00149
0.487526 1.00475
0.488532 1.00212
0.489988 0.995482
0.491548 0.997508
0.492451 0.995601
0.494564 1.00149
0.497579 0.998084
0.500595 1.00171
0.503611 1.00119
0.506626 1.01124
0.509642 1.01595
0.512658 1.001
0.515673 0.999906
0.518689 0.999904
0.521704 0.999306
0.52472 1.00854
0.527736 0.990431
0.530751 0.992861
0.533767 1.0085
0.536783 0.995333
0.539798 0.986834
0.542814 0.988027
0.54583 1.00346
0.548845 0.997078
0.551861 1.00884
0.554876 1.01342
0.557892 1.00671
0.560908 0.997465
0.563923 0.992684
0.566939 1.00749
0.569955 1.00829
0.57297 1.00497
0.575986 0.99432
0.579001 1.00944
0.582017 0.995718
0.585033 0.99039
0.588048 1.0012
0.591064 1.00465
0.59408 0.99813
0.597095 1.00621
0.600111 0.993192
0.603127 0.996659
