34 164
34.2 1132
34.4 1274
34.6 764
34.8 322
35 2793
35.2 5961
35.4 76969
35.6 292813
35.8 724836
36 1426673
36.2 2092677
36.4 2629711
36.6 2202980
36.8 1931398
37 1586817
37.2 1313109
37.4 1079740
37.6 838235
37.8 682408
38 600655
38.2 531324
38.4 513263
38.6 425303
38.8 376559
39 452153
39.2 333325
39.4 347274
39.6 350124
39.8 336155
40 319826
40.2 324158
40.4 292084
40.6 311499
40.8 310300
41 317347
41.2 286274
41.4 297020
41.6 284113
41.8 266594
42 275732
42.2 284313
42.4 275830
42.6 258786
42.8 256076
43 232519
43.2 235836
43.4 221684
43.6 206592
43.8 197755
44 188443
44.2 196081
44.4 183419
44.6 167531
44.8 172033
45 154975
45.2 159155
45.4 154128
45.6 148265
45.8 137504
46 136512
46.2 131312
46.4 125501
46.6 124885
46.8 113632
47 110624
47.2 107775
47.4 99552
47.6 98050
47.8 93698
48 86263
48.2 81383
48.4 78879
48.6 75841
48.8 72239
49 69312
49.2 64675
49.4 62383
49.6 58765
49.8 57550
50 54137
50.2 51558
50.4 49552
50.6 47036
50.8 45029
51 42820
51.2 42186
51.4 39428
51.6 37929
51.8 37395
52 35519
52.2 35173
52.4 34447
52.6 32281
52.8 31892
53 31470
53.2 30716
53.4 30334
53.6 28708
53.8 28566
54 27556
54.2 27195
54.4 26796
54.6 26130
54.8 25869
55 25587
55.2 25233
55.4 25018
55.6 24377
55.8 24003
56 23439
56.2 24003
56.4 23416
56.6 23462
56.8 23236
57 23198
57.2 23238
57.4 22701
57.6 22366
57.8 22395
58 22543
58.2 21905
58.4 21843
58.6 21854
58.8 21737
59 22055
59.2 21834
59.4 21588
59.6 21663
59.8 21484
60 21485
60.2 21313
60.4 20991
60.6 21007
60.8 20999
61 21048
61.2 21020
61.4 20828
61.6 20654
61.8 20732
62 20626
62.2 20844
62.4 20715
62.6 20508
62.8 20332
63 20436
63.2 20357
63.4 20279
63.6 20436
63.8 20026
64 20347
64.2 20136
64.4 20349
64.6 20232
64.8 20068
65 19935
65.2 20509
65.4 19880
65.6 20020
65.8 20008
66 20072
66.2 20034
66.4 19782
66.6 19859
66.8 19926
67 19967
67.2 19987
67.4 19842
67.6 19960
67.8 19878
68 19955
68.2 20051
68.4 19642
68.6 19679
68.8 19825
69 19690
69.2 19862
69.4 19872
69.6 19771
69.8 19786
70 19725
70.2 19863
70.4 19801
70.6 19731
70.8 19799
71 19802
71.2 19678
71.4 19615
71.6 19681
71.8 19739
72 19738
72.2 19697
72.4 19842
72.6 19631
72.8 19753
73 19633
73.2 19625
73.4 19571
73.6 19685
73.8 19326
74 19573
74.2 19544
74.4 19733
74.6 19707
74.8 19555
75 19726
75.2 19704
75.4 19408
75.6 19500
75.8 19360
76 19506
76.2 19522
76.4 19669
76.6 19501
76.8 19425
77 19483
77.2 19669
77.4 19468
77.6 19536
77.8 19367
78 19754
78.2 19536
78.4 19483
78.6 19451
78.8 19642
79 19505
79.2 19616
79.4 19482
79.6 19657
79.8 19610
80 19596
80.2 19462
80.4 19175
80.6 19503
80.8 19217
81 19621
81.2 19423
81.4 19377
81.6 19536
81.8 19778
82 19490
82.2 19641
82.4 19344
82.6 19558
82.8 19351
83 19382
83.2 19365
83.4 19482
83.6 19353
83.8 19496
84 19315
84.2 19366
84.4 19563
84.6 19405
84.8 19423
85 19497
85.2 19503
85.4 19369
85.6 19275
85.8 19761
86 19293
86.2 19328
86.4 19395
86.6 19285
86.8 19441
87 19368
87.2 19459
87.4 19231
87.6 19265
87.8 19506
88 19491
88.2 19126
88.4 19241
88.6 19289
88.8 19071
89 19410
89.2 19609
89.4 19275
89.6 19504
89.8 19554
90 19643
90.2 19500
90.4 19440
90.6 19476
90.8 19457
91 19361
91.2 19546
91.4 19538
91.6 19371
91.8 19334
92 19422
92.2 18911
92.4 19425
92.6 19643
92.8 19461
93 19098
93.2 19492
93.4 19480
93.6 19404
93.8 19254
94 19403
94.2 19304
94.4 19459
94.6 19142
94.8 19318
95 19239
95.2 19304
95.4 19221
95.6 19089
95.8 19550
96 19566
96.2 19448
96.4 19247
96.6 19505
96.8 19198
97 19391
97.2 19216
97.4 19462
97.6 19218
97.8 19664
98 19352
98.2 19358
98.4 19307
98.6 19603
98.8 19362
99 18888
99.2 19496
99.4 19118
99.6 19301
99.8 19352
100 19418
100.2 19173
100.4 19284
100.6 19587
100.8 19489
101 19359
101.2 19293
101.4 19189
101.6 19309
101.8 19457
102 19330
102.2 19250
102.4 19197
102.6 19237
102.8 19331
103 19298
103.2 19600
103.4 19004
103.6 19148
103.8 19273
104 19224
104.2 19334
104.4 19183
104.6 19329
104.8 19463
105 19251
105.2 19106
105.4 19312
105.6 19264
105.8 19433
106 19357
106.2 19473
106.4 19360
106.6 19216
106.8 19112
107 19394
107.2 19337
107.4 19363
107.6 19326
107.8 19006
108 19320
108.2 19277
108.4 19487
108.6 19243
108.8 19266
109 19480
109.2 19547
109.4 19321
109.6 19466
109.8 19279
110 19211
110.2 19449
110.4 19416
110.6 19342
110.8 19278
111 19254
111.2 19246
111.4 19529
111.6 19470
111.8 19290
112 19154
112.2 19280
112.4 19473
112.6 19379
112.8 19595
113 19130
113.2 19298
113.4 19451
113.6 19366
113.8 19408
114 19350
114.2 19140
114.4 19238
114.6 19168
114.8 19262
115 19330
115.2 19205
115.4 19295
115.6 19280
115.8 19438
116 19440
116.2 19380
116.4 19190
116.6 19479
116.8 19410
117 19612
117.2 19387
117.4 19194
117.6 19146
117.8 19433
118 19223
118.2 19475
118.4 19243
118.6 19204
118.8 19520
119 19244
119.2 19290
119.4 19221
119.6 19416
119.8 18966
120 19380
120.2 19184
120.4 19300
120.6 19346
120.8 19195
121 19560
121.2 19148
121.4 19373
121.6 19193
121.8 19485
122 19290
122.2 19324
122.4 19134
122.6 19293
122.8 19387
123 19348
123.2 19174
123.4 19141
123.6 19337
123.8 19254
124 19280
124.2 19204
124.4 19075
124.6 19372
124.8 19222
125 19380
125.2 19305
125.4 19254
125.6 19068
125.8 19335
126 19599
126.2 19207
126.4 19455
126.6 19279
126.8 19312
127 19148
127.2 19530
127.4 19218
127.6 18879
127.8 19134
128 19521
128.2 19214
128.4 19018
128.6 19335
128.8 18940
129 19193
129.2 19386
129.4 19040
129.6 19468
129.8 19337
130 19245
130.2 19260
130.4 19197
130.6 19353
130.8 19420
131 18991
131.2 19183
131.4 19391
131.6 19411
131.8 19252
132 19050
132.2 19225
132.4 19171
132.6 19134
132.8 19062
133 19211
133.2 19360
133.4 19298
133.6 19402
133.8 19268
134 19403
134.2 19320
134.4 19342
134.6 19404
134.8 19246
135 19346
135.2 19288
135.4 19345
135.6 19296
135.8 19329
136 19444
136.2 19107
136.4 19273
136.6 19178
136.8 19508
137 19421
137.2 19159
137.4 19394
137.6 19053
137.8 18996
138 19175
138.2 19252
138.4 19254
138.6 19182
138.8 19511
139 19358
139.2 19226
139.4 19174
139.6 19403
139.8 19350
140 18929
140.2 19205
140.4 19328
140.6 19262
140.8 19144
141 19131
141.2 19123
141.4 19101
141.6 19304
141.8 18851
142 19051
142.2 19170
142.4 19216
142.6 19176
142.8 19237
143 18914
143.2 19389
143.4 19249
143.6 19234
143.8 19255
144 19101
144.2 19080
144.4 19161
144.6 19239
144.8 19389
145 19572
145.2 19359
145.4 19176
145.6 19528
145.8 19244
146 19258
146.2 19123
146.4 19041
146.6 19381
146.8 19126
147 19182
147.2 19208
147.4 19302
147.6 19217
147.8 19312
148 19572
148.2 19320
148.4 19222
148.6 19228
148.8 19237
149 19320
149.2 19473
149.4 19438
149.6 19139
149.8 19173
150 19535
150.2 19434
150.4 19086
150.6 19321
150.8 19406
151 19154
151.2 19256
151.4 19079
151.6 19360
151.8 18934
152 19226
152.2 19367
152.4 19438
152.6 19107
152.8 19050
153 19194
153.2 19230
153.4 19345
153.6 19146
153.8 19017
154 18899
154.2 19221
154.4 19270
154.6 19255
154.8 19364
155 19231
155.2 19439
155.4 19054
155.6 19159
155.8 19179
156 18999
156.2 19281
156.4 19508
156.6 19396
156.8 19046
157 19199
157.2 19232
157.4 19139
157.6 19144
157.8 19014
158 19317
158.2 19382
158.4 19482
158.6 19254
158.8 19258
159 19176
159.2 19173
159.4 19344
159.6 19163
159.8 18845
160 19236
160.2 19142
160.4 19395
160.6 19229
160.8 19169
161 19168
161.2 19316
161.4 19432
161.6 19305
161.8 19549
162 19198
162.2 19456
162.4 19179
162.6 19438
162.8 19395
163 19422
163.2 19197
163.4 19289
163.6 19326
163.8 19090
164 19136
164.2 18996
164.4 19309
164.6 19517
164.8 19296
165 19149
165.2 19309
165.4 19176
165.6 19351
165.8 19225
166 19167
166.2 19303
166.4 19275
166.6 19162
166.8 19273
167 19301
167.2 19331
167.4 19107
167.6 19274
167.8 19359
168 19081
168.2 19412
168.4 19267
168.6 19401
168.8 19200
169 19133
169.2 19279
169.4 19316
169.6 19140
169.8 19325
170 19191
170.2 19211
170.4 19125
170.6 19002
170.8 19327
171 19287
171.2 19397
171.4 19455
171.6 18996
171.8 19038
172 19127
172.2 19348
172.4 19566
172.6 19243
172.8 19131
173 19182
173.2 19234
173.4 19248
173.6 19190
173.8 19385
174 19299
174.2 19078
174.4 19048
174.6 19266
174.8 19325
175 19104
175.2 19134
175.4 19368
175.6 19097
175.8 19229
176 19035
176.2 19266
176.4 19107
176.6 19208
176.8 19304
177 19350
177.2 19340
177.4 19152
177.6 19396
177.8 19232
178 19235
178.2 19301
178.4 19040
178.6 19084
178.8 19188
179 19214
179.2 19378
179.4 19433
179.6 18976
179.8 19240
180 19363
180.2 19170
180.4 19319
180.6 19298
180.8 19122
181 18874
181.2 19270
181.4 19320
181.6 19409
181.8 19233
182 19341
182.2 19167
182.4 19466
182.6 19381
182.8 19236
183 19263
183.2 19186
183.4 19563
183.6 19375
183.8 19198
184 19402
184.2 19253
184.4 19078
184.6 19492
184.8 19241
185 19440
185.2 19379
185.4 19307
185.6 19129
185.8 19106
186 19277
186.2 19170
186.4 19090
186.6 19493
186.8 19437
187 19127
187.2 19334
187.4 19458
187.6 19365
187.8 19270
188 19436
188.2 19301
188.4 19435
188.6 19161
188.8 19226
189 19437
189.2 19428
189.4 19253
189.6 19289
189.8 19504
190 19217
190.2 19180
190.4 19148
190.6 19404
190.8 19439
191 19176
191.2 19277
191.4 19380
191.6 19182
191.8 19347
192 19337
192.2 19286
192.4 19235
192.6 19252
192.8 19425
193 19383
193.2 19407
193.4 19193
193.6 19398
193.8 19267
194 19269
194.2 19151
194.4 19266
194.6 19266
194.8 19140
195 19396
195.2 19274
195.4 19623
195.6 19397
195.8 19506
196 19021
196.2 19247
196.4 19299
196.6 19327
196.8 19449
197 19553
197.2 19369
197.4 19286
197.6 19211
197.8 19092
198 19478
198.2 19223
198.4 19377
198.6 19308
198.8 19353
199 19204
199.2 18929
199.4 19437
199.6 19215
199.8 19270
200 19158
200.2 19325
200.4 19126
200.6 19309
200.8 19373
201 18959
201.2 19364
201.4 19543
201.6 19456
201.8 19496
202 19274
202.2 19546
202.4 19316
202.6 19376
202.8 19514
203 19448
203.2 19139
203.4 19264
203.6 19412
203.8 19293
204 19334
204.2 19334
204.4 19607
204.6 19240
204.8 19369
205 19535
205.2 19329
205.4 19384
205.6 19424
205.8 19351
206 19449
206.2 19537
206.4 19364
206.6 19397
206.8 19406
207 19139
207.2 19452
207.4 19299
207.6 19143
207.8 19356
208 19330
208.2 19549
208.4 19335
208.6 19557
208.8 19434
209 19329
209.2 19112
209.4 19223
209.6 19486
209.8 19242
210 19153
210.2 19487
210.4 19319
210.6 19427
210.8 19285
211 19355
211.2 19313
211.4 19292
211.6 19241
211.8 19175
212 19167
212.2 19643
212.4 19522
212.6 19295
212.8 19335
213 19232
213.2 19272
213.4 19320
213.6 19391
213.8 19273
214 19504
214.2 19179
214.4 19341
214.6 19327
214.8 19615
215 19352
215.2 19387
215.4 19297
215.6 19138
215.8 19268
216 19360
216.2 19391
216.4 19204
216.6 19216
216.8 19314
217 19224
217.2 19557
217.4 19283
217.6 19193
217.8 19435
218 19353
218.2 19326
218.4 19185
218.6 19318
218.8 19358
219 19438
219.2 19280
219.4 19294
219.6 19176
219.8 19179
220 19234
220.2 19263
220.4 19475
220.6 19114
220.8 19426
221 19280
221.2 19147
221.4 19343
221.6 19068
221.8 19317
222 19237
222.2 19504
222.4 19299
222.6 19317
222.8 19252
223 19409
223.2 19484
223.4 19207
223.6 19243
223.8 19272
224 19376
224.2 19222
224.4 19346
224.6 19227
224.8 19152
225 19159
225.2 19452
225.4 19313
225.6 19328
225.8 19293
226 19269
226.2 19348
226.4 19290
226.6 19190
226.8 19500
227 19343
227.2 19326
227.4 19349
227.6 19406
227.8 19195
228 19351
228.2 19342
228.4 19426
228.6 19214
228.8 19326
229 19160
229.2 19348
229.4 19283
229.6 19329
229.8 19512
230 19171
230.2 19494
230.4 19170
230.6 19349
230.8 19301
231 19146
231.2 19117
231.4 19128
231.6 19315
231.8 19149
232 19102
232.2 19173
232.4 19140
232.6 19184
232.8 19127
233 19271
233.2 19131
233.4 19567
233.6 19156
233.8 19110
234 18873
234.2 19087
234.4 19198
234.6 19135
234.8 19308
235 19246
235.2 19665
235.4 19346
235.6 19230
235.8 19360
236 19480
236.2 19196
236.4 19463
236.6 19016
236.8 19359
237 19203
237.2 19267
237.4 19039
237.6 19136
237.8 19105
238 19398
238.2 19244
238.4 19480
238.6 19229
238.8 19266
239 19096
239.2 19094
239.4 19245
239.6 19346
239.8 19304
240 19248
240.2 19410
240.4 19527
240.6 18954
240.8 19194
241 19100
241.2 19369
241.4 19777
241.6 19732
241.8 19222
242 19354
242.2 19419
242.4 19258
242.6 19223
242.8 19257
243 19364
243.2 19203
243.4 19295
243.6 19396
243.8 19464
244 19333
244.2 19238
244.4 19390
244.6 19503
244.8 19398
245 19191
245.2 19251
245.4 19379
245.6 19196
245.8 19224
246 19276
246.2 19406
246.4 19294
246.6 19237
246.8 19116
247 19411
247.2 19355
247.4 19244
247.6 19283
247.8 19151
248 19172
248.2 19302
248.4 19110
248.6 19224
248.8 19419
249 19364
249.2 19234
249.4 19075
249.6 19160
249.8 19292
250 19194
