33 40
33.4 492
33.8 1980
34 428
34.2 183
34.4 1209
34.6 1946
34.8 3168
35 5227
35.2 5059
35.4 4190
35.6 6322
35.8 12353
36 16979
36.2 7241
36.4 14092
36.6 14581
36.8 15787
37 18078
37.2 25147
37.4 29575
37.6 30358
37.8 39957
38 49874
38.2 51234
38.4 80185
38.6 113461
38.8 116757
39 164545
39.2 189071
39.4 258317
39.6 286906
39.8 367558
40 385800
40.2 429869
40.4 543181
40.6 548425
40.8 617266
41 682969
41.2 786916
41.4 727975
41.6 739344
41.8 819603
42 824205
42.2 790955
42.4 833811
42.6 845445
42.8 836746
43 819174
43.2 766386
43.4 790133
43.6 718260
43.8 679641
44 619823
44.2 607739
44.4 577921
44.6 535070
44.8 497959
45 465163
45.2 428304
45.4 405919
45.6 365786
45.8 338122
46 315396
46.2 289710
46.4 250405
46.6 244223
46.8 222171
47 208543
47.2 193235
47.4 177996
47.6 163176
47.8 152630
48 148849
48.2 135924
48.4 128105
48.6 119022
48.8 111774
49 106331
49.2 99348
49.4 93186
49.6 88773
49.8 82812
50 78707
50.2 72915
50.4 70884
50.6 66909
50.8 63804
51 61120
51.2 58591
51.4 55469
51.6 53493
51.8 51025
52 49204
52.2 47583
52.4 45810
52.6 44761
52.8 43380
53 41983
53.2 40438
53.4 39496
53.6 39004
53.8 37647
54 37068
54.2 35597
54.4 35502
54.6 34675
54.8 34263
55 33894
55.2 33680
55.4 32620
55.6 32343
55.8 31739
56 31482
56.2 31099
56.4 31051
56.6 30258
56.8 30279
57 30070
57.2 29838
57.4 29488
57.6 29270
57.8 29540
58 28675
58.2 28806
58.4 28396
58.6 28760
58.8 28283
59 27896
59.2 28285
59.4 27780
59.6 28027
59.8 27436
60 27596
60.2 27568
60.4 27540
60.6 27284
60.8 26884
61 26897
61.2 27431
61.4 26754
61.6 26921
61.8 26708
62 26534
62.2 26728
62.4 26701
62.6 26343
62.8 26364
63 26538
63.2 26291
63.4 26139
63.6 26089
63.8 26205
64 26540
64.2 25814
64.4 25980
64.6 26351
64.8 26063
65 25922
65.2 25723
65.4 25835
65.6 25770
65.8 25597
66 26004
66.2 26206
66.4 25815
66.6 25936
66.8 25614
67 25888
67.2 25848
67.4 25632
67.6 25666
67.8 25653
68 25782
68.2 25742
68.4 25335
68.6 25777
68.8 25567
69 25631
69.2 25245
69.4 25617
69.6 25401
69.8 25507
70 25397
70.2 25349
70.4 25313
70.6 25248
70.8 25224
71 25412
71.2 25359
71.4 25223
71.6 25332
71.8 25418
72 25284
72.2 25528
72.4 25232
72.6 25460
72.8 25422
73 25412
73.2 25335
73.4 25170
73.6 24942
73.8 25534
74 25171
74.2 25201
74.4 25318
74.6 25161
74.8 25333
75 25265
75.2 25185
75.4 25359
75.6 25080
75.8 25368
76 25289
76.2 25102
76.4 25283
76.6 25361
76.8 24971
77 25574
77.2 25158
77.4 25243
77.6 25088
77.8 25129
78 25101
78.2 25232
78.4 25318
78.6 25182
78.8 25150
79 25057
79.2 25195
79.4 24955
79.6 25268
79.8 25064
80 24978
80.2 24917
80.4 25209
80.6 24861
80.8 25125
81 24807
81.2 25104
81.4 25027
81.6 25156
81.8 25057
82 24996
82.2 25174
82.4 24907
82.6 25036
82.8 24898
83 25094
83.2 25014
83.4 25050
83.6 24946
83.8 24900
84 25209
84.2 24957
84.4 24946
84.6 25021
84.8 24914
85 25124
85.2 25121
85.4 24999
85.6 24813
85.8 25103
86 25076
86.2 24881
86.4 25147
86.6 25175
86.8 25422
87 24985
87.2 25158
87.4 25077
87.6 24994
87.8 24978
88 25195
88.2 25029
88.4 25310
88.6 25229
88.8 24665
89 25218
89.2 24899
89.4 24955
89.6 24674
89.8 24838
90 24893
90.2 25159
90.4 25132
90.6 24952
90.8 24965
91 24889
91.2 24662
91.4 24945
91.6 24857
91.8 24815
92 24936
92.2 24996
92.4 24797
92.6 24858
92.8 24643
93 24927
93.2 24977
93.4 25073
93.6 24873
93.8 24954
94 24848
94.2 24643
94.4 24665
94.6 24942
94.8 24955
95 24740
95.2 24827
95.4 24969
95.6 24928
95.8 25097
96 25101
96.2 24919
96.4 24688
96.6 25043
96.8 24735
97 25328
97.2 24994
97.4 25043
97.6 24829
97.8 25162
98 24942
98.2 24857
98.4 25101
98.6 24695
98.8 25025
99 24998
99.2 24735
99.4 24952
99.6 25053
99.8 24683
100 24538
100.2 24902
100.4 25050
100.6 25093
100.8 24881
101 25060
101.2 24792
101.4 25032
101.6 24828
101.8 24964
102 25003
102.2 25131
102.4 25097
102.6 24747
102.8 24800
103 25071
103.2 24729
103.4 24780
103.6 25004
103.8 24612
104 25272
104.2 24908
104.4 24992
104.6 24948
104.8 24901
105 25185
105.2 24777
105.4 24994
105.6 24821
105.8 24958
106 24888
106.2 24688
106.4 24994
106.6 24778
106.8 24536
107 24971
107.2 24926
107.4 24521
107.6 25026
107.8 24746
108 24944
108.2 24637
108.4 24740
108.6 24655
108.8 24825
109 25147
109.2 24859
109.4 25036
109.6 25056
109.8 24918
110 24660
110.2 24813
110.4 25314
110.6 24986
110.8 25168
111 24776
111.2 24874
111.4 24871
111.6 25069
111.8 24854
112 25178
112.2 25103
112.4 25120
112.6 24704
112.8 24800
113 24641
113.2 24963
113.4 24931
113.6 24809
113.8 24753
114 25309
114.2 25069
114.4 24884
114.6 24952
114.8 24970
115 24741
115.2 24609
115.4 24904
115.6 24753
115.8 24937
116 25412
116.2 24914
116.4 25015
116.6 24868
116.8 25137
117 25011
117.2 24939
117.4 25127
117.6 24919
117.8 24961
118 24829
118.2 24701
118.4 25388
118.6 24829
118.8 24987
119 24896
119.2 24873
119.4 24742
119.6 24832
119.8 24708
120 24919
120.2 24981
120.4 25159
120.6 24891
120.8 24727
121 25041
121.2 24563
121.4 25051
121.6 24823
121.8 24845
122 25098
122.2 24786
122.4 24944
122.6 24615
122.8 24935
123 24862
123.2 24891
123.4 24820
123.6 24902
123.8 24772
124 24861
124.2 24893
124.4 24567
124.6 24958
124.8 24756
125 25114
125.2 24842
125.4 25091
125.6 25044
125.8 24773
126 24845
126.2 24827
126.4 24884
126.6 24651
126.8 24868
127 24853
127.2 24646
127.4 25056
127.6 25044
127.8 24873
128 24625
128.2 24765
128.4 24795
128.6 24870
128.8 25043
129 24775
129.2 24832
129.4 24893
129.6 24815
129.8 24805
130 24713
130.2 24897
130.4 25110
130.6 24962
130.8 24416
131 25069
131.2 24818
131.4 24636
131.6 24923
131.8 24609
132 24719
132.2 25093
132.4 24580
132.6 24751
132.8 24902
133 24944
133.2 25000
133.4 25044
133.6 24734
133.8 24943
134 24746
134.2 24769
134.4 24770
134.6 24640
134.8 25029
135 24704
135.2 24935
135.4 24561
135.6 25364
135.8 24945
136 24826
136.2 24695
136.4 24959
136.6 25029
136.8 24870
137 25105
137.2 24900
137.4 24753
137.6 24963
137.8 25141
138 24827
138.2 24799
138.4 24704
138.6 24849
138.8 24730
139 24780
139.2 24863
139.4 24942
139.6 24979
139.8 25130
140 24863
140.2 25061
140.4 25155
140.6 24834
140.8 24859
141 24810
141.2 24823
141.4 24923
141.6 24992
141.8 24805
142 24958
142.2 24606
142.4 24681
142.6 24963
142.8 25271
143 24546
143.2 24948
143.4 24715
143.6 24840
143.8 24712
144 24685
144.2 24865
144.4 25151
144.6 25019
144.8 25030
145 25011
145.2 24942
145.4 24674
145.6 24991
145.8 24788
146 25033
146.2 24832
146.4 24962
146.6 24806
146.8 25098
147 24616
147.2 24763
147.4 25251
147.6 24899
147.8 24686
148 24799
148.2 24818
148.4 24833
148.6 24884
148.8 24733
149 24905
149.2 24708
149.4 24865
149.6 24630
149.8 24680
150 24818
150.2 24819
150.4 24980
150.6 24695
150.8 24993
151 24863
151.2 24868
151.4 24972
151.6 25017
151.8 24925
152 24759
152.2 24559
152.4 25138
152.6 24789
152.8 24484
153 24966
153.2 24905
153.4 24878
153.6 24918
153.8 24977
154 24997
154.2 24848
154.4 24877
154.6 24951
154.8 24985
155 24994
155.2 24638
155.4 24842
155.6 24914
155.8 24802
156 24956
156.2 24754
156.4 24952
156.6 24804
156.8 24928
157 25112
157.2 24829
157.4 25003
157.6 24669
157.8 24910
158 24837
158.2 25057
158.4 24642
158.6 24790
158.8 24924
159 24726
159.2 24890
159.4 24693
159.6 24674
159.8 24534
160 24705
160.2 24841
160.4 24864
160.6 24949
160.8 24912
161 24862
161.2 24760
161.4 24641
161.6 24635
161.8 24686
162 24930
162.2 24858
162.4 24839
162.6 24662
162.8 24830
163 24792
163.2 24699
163.4 24663
163.6 25098
163.8 24912
164 24926
164.2 24680
164.4 24695
164.6 24702
164.8 24680
165 24791
165.2 24934
165.4 24854
165.6 24881
165.8 25065
166 24855
166.2 24959
166.4 24661
166.6 24803
166.8 24585
167 24722
167.2 24842
167.4 24481
167.6 24773
167.8 24946
168 24708
168.2 24964
168.4 24691
168.6 24732
168.8 24687
169 24950
169.2 24925
169.4 25106
169.6 25106
169.8 24793
170 24488
170.2 24765
170.4 24909
170.6 24798
170.8 24766
171 24764
171.2 24780
171.4 24797
171.6 25107
171.8 24772
172 24812
172.2 25020
172.4 24912
172.6 24694
172.8 24585
173 24867
173.2 24843
173.4 24885
173.6 24790
173.8 24657
174 24788
174.2 24715
174.4 24836
174.6 25045
174.8 24620
175 25066
175.2 25109
175.4 24728
175.6 25018
175.8 24931
176 24767
176.2 24691
176.4 24761
176.6 24727
176.8 24979
177 24825
177.2 24829
177.4 24629
177.6 24906
177.8 24761
178 24698
178.2 24796
178.4 24860
178.6 24959
178.8 24702
179 24557
179.2 24655
179.4 24594
179.6 24932
179.8 24845
180 25007
180.2 24854
180.4 24945
180.6 24844
180.8 24828
181 24731
181.2 24706
181.4 24824
181.6 24817
181.8 24597
182 24890
182.2 24617
182.4 24910
182.6 24925
182.8 24805
183 24939
183.2 24805
183.4 24676
183.6 24843
183.8 24945
184 24895
184.2 24622
184.4 24748
184.6 24730
184.8 25183
185 25133
185.2 25001
185.4 24698
185.6 24768
185.8 24821
186 24678
186.2 24775
186.4 24856
186.6 24427
186.8 24892
187 24789
187.2 25091
187.4 25147
187.6 24655
187.8 25274
188 24989
188.2 24958
188.4 24849
188.6 24959
188.8 24812
189 24792
189.2 24912
189.4 24932
189.6 25020
189.8 24673
190 24738
190.2 24878
190.4 24705
190.6 24954
190.8 24961
191 24768
191.2 25005
191.4 24600
191.6 24934
191.8 24741
192 24927
192.2 25066
192.4 24721
192.6 24580
192.8 24943
193 24831
193.2 24755
193.4 24961
193.6 24708
193.8 24515
194 24651
194.2 24927
194.4 24706
194.6 24893
194.8 25004
195 24748
195.2 24887
195.4 25124
195.6 24823
195.8 24827
196 25095
196.2 25048
196.4 24949
196.6 25151
196.8 24844
197 24929
197.2 24790
197.4 24659
197.6 25141
197.8 24988
198 25251
198.2 24783
198.4 24946
198.6 24616
198.8 24983
199 24937
199.2 25170
199.4 24852
199.6 24914
199.8 24726
200 25030
200.2 25005
200.4 25007
200.6 24772
200.8 24865
201 24802
201.2 25025
201.4 24632
201.6 24697
201.8 24665
202 24889
202.2 24792
202.4 24652
202.6 25207
202.8 24848
203 25002
203.2 24747
203.4 24781
203.6 25072
203.8 24689
204 24991
204.2 25057
204.4 24753
204.6 24804
204.8 24906
205 24981
205.2 24894
205.4 24790
205.6 24887
205.8 24690
206 24882
206.2 24973
206.4 24854
206.6 24634
206.8 24872
207 24754
207.2 24776
207.4 24830
207.6 24972
207.8 24812
208 24723
208.2 24979
208.4 24981
208.6 24785
208.8 24963
209 24998
209.2 24544
209.4 25077
209.6 24864
209.8 24964
210 24647
210.2 24948
210.4 24787
210.6 24672
210.8 25023
211 25068
211.2 24833
211.4 24708
211.6 24959
211.8 25008
212 24815
212.2 24905
212.4 24811
212.6 24847
212.8 24674
213 24969
213.2 24570
213.4 24692
213.6 24806
213.8 25034
214 24980
214.2 25073
214.4 25089
214.6 24940
214.8 25138
215 24802
215.2 24659
215.4 25209
215.6 24757
215.8 24688
216 24984
216.2 24846
216.4 24988
216.6 25130
216.8 24981
217 24838
217.2 24817
217.4 24816
217.6 25035
217.8 24904
218 25059
218.2 24902
218.4 24837
218.6 25108
218.8 24631
219 24973
219.2 24512
219.4 24828
219.6 24720
219.8 24553
220 25145
220.2 24954
220.4 24665
220.6 25262
220.8 24617
221 24727
221.2 24780
221.4 24779
221.6 24820
221.8 24859
222 24847
222.2 24931
222.4 24688
222.6 24815
222.8 24711
223 24901
223.2 24869
223.4 24919
223.6 24804
223.8 24777
224 24790
224.2 24883
224.4 24496
224.6 24854
224.8 25005
225 24960
225.2 24867
225.4 24652
225.6 24751
225.8 24909
226 24637
226.2 24953
226.4 24781
226.6 24773
226.8 24919
227 25082
227.2 24999
227.4 24708
227.6 24633
227.8 24821
228 25088
228.2 24978
228.4 24972
228.6 25268
228.8 24527
229 24767
229.2 24963
229.4 24881
229.6 24747
229.8 24681
230 24956
230.2 24862
230.4 24866
230.6 24867
230.8 24734
231 24692
231.2 24744
231.4 24635
231.6 24748
231.8 24947
232 24682
232.2 24699
232.4 24854
232.6 25218
232.8 24744
233 24691
233.2 24857
233.4 24969
233.6 24838
233.8 24700
234 24672
234.2 24941
234.4 24750
234.6 24659
234.8 24862
235 24733
235.2 24867
235.4 24693
235.6 24975
235.8 24789
236 25038
236.2 24316
236.4 25042
236.6 25048
236.8 24932
237 24910
237.2 24608
237.4 24810
237.6 25011
237.8 24668
238 24849
238.2 24762
238.4 24879
238.6 24621
238.8 25147
239 24794
239.2 25066
239.4 24849
239.6 24734
239.8 24641
240 24768
240.2 24943
240.4 25000
240.6 24783
240.8 24710
241 24884
241.2 24694
241.4 24866
241.6 24551
241.8 24906
242 24568
242.2 24780
242.4 24934
242.6 24942
242.8 24868
243 24759
243.2 24541
243.4 24777
243.6 24751
243.8 24968
244 25054
244.2 24312
244.4 24761
244.6 24693
244.8 24495
245 24426
245.2 24683
245.4 24709
245.6 24524
245.8 24794
246 24720
246.2 24481
246.4 24595
246.6 24600
246.8 24849
247 24900
247.2 24989
247.4 24504
247.6 24606
247.8 24845
248 24846
248.2 24885
248.4 24593
248.6 24711
248.8 24783
249 24787
249.2 24974
249.4 24755
249.6 24779
249.8 24776
250 24832
