0.5 0
1 0
1.5 0
2 0
2.5 0
3 0
3.5 0
4 0
4.5 0
5 0
5.5 0
6 0
6.5 0
7 0
7.5 0
8 0
8.5 0
9 0
9.5 0
10 0
10.5 0
11 0
11.5 0
12 0
12.5 0
13 0
13.5 0
14 0
14.5 0
15 0
15.5 0
16 0
16.5 0
17 0
17.5 0
18 0
18.5 0
19 0
19.5 0
20 0
20.5 0
21 0
21.5 0
22 0
22.5 0
23 0
23.5 0
24 0
24.5 0
25 0
25.5 0
26 0
26.5 0
27 0
27.5 0
28 0
28.5 0
29 0
29.5 0
30 0
30.5 0
31 0
31.5 0
32 0
32.5 0
33 0
33.5 0
34 0.02718009427893794
34.5 0.4751635385474823
35 8.531543152341781
35.5 94.76543411029958
36 134.3661592671027
36.5 77.48623074872501
37 41.44986216912547
37.5 27.49615649525533
38 19.21875479382546
38.5 12.85636338018775
39 9.574791318356754
39.5 8.30437457669492
40 7.454930777488712
40.5 6.52731559038781
41 5.904135750205596
41.5 5.363643815948302
42 4.94502832616996
42.5 4.414047310899522
43 3.829813462856506
43.5 3.56377754589368
44 3.124166518539287
44.5 2.752886145259168
45 2.494219940529482
45.5 2.308801473041445
46 2.089977126579941
46.5 2.076151925743723
47 1.751295051587567
47.5 1.67284219479117
48 1.539302878405295
48.5 1.415895433123154
49 1.377332316045023
49.5 1.298354916795548
50 1.187683143687895
50.5 1.219723050547505
51 1.229144263503082
51.5 1.049906399820655
52 1.037075394615704
52.5 0.9832167982155128
53 0.9815313576223516
53.5 1.02364664965907
54 0.9724526941108768
54.5 0.9771702575956661
55 0.9465007343439543
55.5 0.9779760146339129
56 0.9267753447853425
56.5 0.8981415130437054
57 0.8848714349831892
57.5 0.9586424390195454
58 1.007566256514131
58.5 0.9491013328875747
59 0.9500071504809252
59.5 0.8841851077678995
60 0.912058263634517
60.5 0.9614264507841411
61 0.8718448032386982
61.5 0.8525340458020128
62 0.9655332528680212
62.5 0.9612064214735475
63 0.9450201713927282
63.5 0.9525991948896494
64 0.9051714600589273
64.5 0.9601085331176595
65 0.9119291537192209
65.5 0.9181996839756313
66 0.9494220329067444
66.5 0.9600662641855077
67 0.9650386626213199
67.5 0.8895921820032574
68 0.9674414807409474
68.5 1.008613344575496
69 0.9618761908791047
69.5 0.9879284099823896
70 0.9634455908600922
70.5 0.9695833179009336
71 0.9957102143594025
71.5 0.9334326768678053
72 0.9470301946630336
72.5 1.007239352050836
73 0.9713785204574984
73.5 1.008371561021086
74 0.9804464560007358
74.5 0.9984659848629374
75 0.9523808395004639
75.5 0.9329182028783025
76 0.9744012036354331
76.5 0.9590211043111683
77 0.9830401512880578
77.5 0.9494716838361849
78 0.9734887613323885
78.5 0.9515668415914077
79 0.9779477184134515
79.5 0.9886776764654394
80 0.9824945813927747
80.5 0.9891159373845547
81 1.024233031470428
81.5 1.003426186721545
82 0.9859696424957505
82.5 0.9734776642818176
83 1.011954482707083
83.5 0.9987449365875407
84 0.9640690073082362
84.5 0.9961479334488471
85 0.9703293657580846
85.5 0.9590136681511796
86 0.9728533366546198
86.5 1.001007390777581
87 0.9910913093559884
87.5 0.9818488444092999
88 1.021440157197748
88.5 0.9823510202122631
89 1.004069604493843
89.5 1.018868835458441
90 0.9959424101569898
90.5 0.9974358702698437
91 1.004527838928057
91.5 0.9996778454138637
92 1.021323191741219
92.5 0.9891965999387088
93 1.006742961367856
93.5 0.991511868985389
94 0.9983270776308818
94.5 0.9992255168838995
95 1.02137373339617
95.5 0.9908973829915113
96 0.9955181406297807
96.5 1.012221181340243
97 1.018092264559957
97.5 0.9700802595685721
98 1.021139784193712
98.5 1.043183630318837
99 1.008228694647407
99.5 1.023113903639559
100 1.01644311371173
100.5 1.01879774194333
101 1.022981106472449
101.5 1.008733772454472
102 1.001133472607548
102.5 1.034006457305496
103 0.9821585609041598
103.5 1.022188229529614
104 0.9858752438311054
104.5 1.009192215104794
105 1.006372266289429
105.5 1.000384490202288
106 0.9860754842780106
106.5 1.016659777207166
107 0.9807660091740218
107.5 1.007349271561325
108 1.014879646831781
108.5 1.031236638674891
109 1.038656613452498
109.5 0.9928336858899607
110 1.021805319518096
110.5 1.007110948962777
111 0.9955081791726565
111.5 0.9708041661341248
112 1.054206954693327
112.5 1.006377016129034
113 1.011639533013954
113.5 0.989636257738594
114 0.9716057593821562
114.5 0.9877039252525037
115 1.000516225854042
115.5 1.000116020942058
116 1.016906384036858
116.5 1.013405126550091
117 0.9709065630264669
117.5 1.007039103775835
118 1.00839535717616
118.5 0.9982254846325207
119 0.9976203991973446
119.5 1.006616583134182
120 0.9666072028471078
120.5 0.9916014946741102
121 0.9968361303331107
121.5 0.9987585687745921
122 1.003254825034362
122.5 0.9995310432258324
123 1.010372261346356
123.5 1.014567888398613
124 1.010489298504204
124.5 1.029754746221367
125 1.013740977458896
125.5 0.9924632320604434
126 0.9863338804562325
126.5 0.9979416052345365
127 1.027842842952252
127.5 0.9941874485140412
128 1.000818550250536
128.5 0.9989916103430749
129 1.012739851427699
129.5 1.033506462315811
130 0.9788597338087051
130.5 1.023493480144707
131 1.005396613086976
131.5 0.9966299156598513
132 1.001491474882399
132.5 1.016542105763183
133 1.021569121535042
133.5 1.009303437823166
134 0.9853805927264384
134.5 1.001298431513646
135 1.0063942562876
135.5 1.007965104670164
136 0.9797574609610911
136.5 1.01137856912744
137 0.9820378477370961
137.5 0.9867497367646164
138 1.013847202907735
138.5 1.002035768090926
139 0.9913841266428218
139.5 0.9911521441943645
140 1.013341171584752
140.5 1.000172807049654
141 1.018576117990467
141.5 0.9964824136346906
142 0.9992162362409497
142.5 0.9868008877124003
143 1.022934657818504
143.5 1.00838021082794
144 1.007640127121468
144.5 0.9651284688251252
145 0.9840758357944739
145.5 0.9788082160846123
146 0.9971738529430921
146.5 0.9931237733082297
147 0.9994656117618872
147.5 1.014363929416117
148 1.006983777779834
148.5 1.012681214938201
149 0.9816597714394825
149.5 1.020793267537842
150 1.003351368300709
150.5 0.9944414732580418
151 0.9882111761286598
151.5 0.9912816542959729
152 1.011969707823052
152.5 1.008553445993512
153 1.011032395832593
153.5 0.9757864079549466
154 0.9971167033196422
154.5 1.002026324229398
155 1.003909368188363
155.5 1.01338157735381
156 1.010123699797649
156.5 0.9693629741198947
157 1.02980182471622
157.5 0.9670673435588331
158 1.003749427843922
158.5 1.00649412719193
159 1.004368506968741
159.5 1.011049506551016
160 0.9829548380673809
160.5 0.9997097232371943
161 1.011237709268462
161.5 1.028175533166694
162 0.9981932086364338
162.5 0.9954808278642602
163 1.007860892909178
163.5 0.990540050625467
164 0.9942931421435968
164.5 1.000449749557078
165 1.023680721064579
165.5 1.010191726114019
166 1.004115398686113
166.5 1.017928098673716
167 1.000575687317326
167.5 0.9838319812732746
168 1.005815644460729
168.5 1.001653569419916
169 1.004123717565362
169.5 0.9830343409889323
170 1.008653298691387
170.5 1.015851261122344
171 1.00642708899955
171.5 1.004306204757828
172 1.005644654088257
172.5 1.005102873899744
173 0.999301426425181
173.5 0.9867654797587324
174 0.9991341969450031
174.5 0.9936746658550759
175 0.9918520066172317
175.5 0.9788125529013869
176 0.9979835498142341
176.5 1.023477815374569
177 1.016073892141449
177.5 1.031175573481187
178 1.002706053179098
178.5 0.992412421948886
179 0.9948435356810279
179.5 1.005399239454451
180 1.000791204753664
180.5 0.9964598267432507
181 0.9958773767225471
181.5 1.003274253887469
182 0.9833037497911205
182.5 1.011884562554876
183 0.9939312224169986
183.5 0.9929543943516845
184 0.9786327175748437
184.5 0.9952576369046099
185 1.002737806295178
185.5 1.003731235412636
186 0.9844919892853001
186.5 0.9770748560680066
187 0.9988123075313847
187.5 0.9752826661394781
188 0.9909929739884464
188.5 1.008733772454472
189 1.000105116810734
189.5 0.9975687434138967
190 1.013975627956146
190.5 1.010175060793
191 0.9888518538436584
191.5 0.9951543607977232
192 0.9842248055584241
192.5 1.001270114201432
193 0.98069470912975
193.5 0.9949338399017811
194 0.9813591283232711
194.5 0.9767353440188171
195 1.002822534087656
195.5 1.001912738070491
196 1.013267561187813
196.5 1.000183614991955
197 1.008167959374879
197.5 1.007701494556687
198 0.987991989925748
198.5 0.994982286743671
199 0.999906395550023
199.5 1.013649981058026
200 0.9953326742364579
200.5 0.9870528458471254
201 0.9997438910443895
201.5 0.9967231721037753
202 1.009698137645464
202.5 1.005675916347352
203 0.9979640335762261
203.5 0.9788401092948759
204 0.991224063235018
204.5 0.9984978847088444
205 1.008025456299447
205.5 1.01410049877835
206 0.9963189698580173
206.5 1.016091801260901
207 1.005414516652649
207.5 1.006777836677235
208 0.9933192373848945
208.5 0.9967822722757844
209 0.9985823896074345
209.5 0.9957007617074815
210 0.9983569119561503
210.5 0.9951265840039819
211 0.9942092772998051
211.5 1.021297940217664
212 0.9864250324822921
212.5 1.005967905376628
213 1.003241668771615
213.5 0.9988066372627356
214 1.006665916026991
214.5 0.9960883316296678
215 0.9985128744423661
215.5 0.9985362141758546
216 1.013616939905563
216.5 1.004583324244559
217 0.9958723281929961
217.5 1.000431436878715
218 0.98832705603743
218.5 1.001907329634658
219 0.9968462931654973
219.5 1.007472241435971
220 0.9963251042759834
220.5 1.00505959803127
221 0.9700398736296697
221.5 0.9993672306785513
222 1.000289678592314
222.5 0.9969097204993287
223 1.013926446862178
223.5 0.9878515342797026
224 1.003171690774405
224.5 0.9974613693051843
225 0.990395389138394
225.5 0.9971303971344749
226 1.000566555455881
226.5 0.9922495345072773
227 1.007014343595372
227.5 0.9903752842946225
228 1.01807057602446
228.5 0.98969931983096
229 1.002158494373958
229.5 0.9866113234694867
230 1.007123968811968
230.5 0.9992850464633179
231 1.012260497204602
231.5 1.00686660964241
232 0.9983720684839471
232.5 0.9943732372958392
233 0.9935103228806685
233.5 1.015552880546483
234 0.9944332587026402
234.5 1.004124451517615
235 0.9899706443898041
235.5 0.9956149606261518
236 0.9876633127698811
236.5 1.00448713276151
237 1.000672801245167
237.5 1.001407552361565
238 0.9931134958092552
238.5 1.002348895121781
239 0.9909397674952073
239.5 1.010292163334154
240 0.9951772097597023
240.5 0.9901608218335132
241 1.007898273194054
241.5 1.007836949815989
242 1.00696276217382
242.5 1.015437460622851
243 1.000687444540073
243.5 1.004000953892914
244 1.001737540646159
244.5 0.9986301341038103
245 0.9995964746897775
245.5 0.9881652759665051
246 1.006348425259288
246.5 1.00647145782959
247 1.010383439620319
247.5 1.009767485659905
248 1.004805934780312
248.5 1.012278354044537
249 0.9902901050491287
249.5 1.009479929364212
250 0.9830748730081184
250.5 0.9976183207538268
251 0.9925879133710037
251.5 1.008949584482889
252 0.9959819921536974
252.5 1.004361849299319
253 0.9983097588026258
253.5 1.000609483184522
254 1.009153684412431
254.5 0.9853637878305419
255 1.016112724565718
255.5 1.009311948171007
256 0.9954848465994997
256.5 0.9946520845773391
257 0.9965535951035471
257.5 1.002519933256112
258 0.9989919846494036
258.5 0.998069934002046
259 0.9955081791726564
259.5 1.009056043106854
260 0.9890271396382708
260.5 0.9784625664600446
261 1.00129626350119
261.5 0.9979303540750853
262 0.9943539573661825
262.5 0.9905125518486483
263 0.9994689935873234
263.5 0.9934168901700481
264 0.9910663160452821
264.5 0.997315720970702
265 1.00283981615535
265.5 1.002297799478101
266 0.9948142684281146
266.5 1.008006654332008
267 1.014206713258006
267.5 1.017993266017521
268 0.9860367840201518
268.5 0.9990929084307746
269 0.999670127472806
269.5 1.006292655004096
270 1.006933011242786
270.5 1.01362720644689
271 1.000478097313743
271.5 0.9934397329690832
272 1.000938823494873
272.5 0.9918212000234875
273 1.003315786662012
273.5 1.009679244624121
274 1.001498644634507
274.5 0.9910774572552897
275 1.003057074519569
275.5 0.9944519154114109
276 0.999617044852277
276.5 0.9905082320137505
277 1.002803572367661
277.5 0.9979180548801639
278 0.9959578692816291
278.5 1.001195776038173
279 0.9950876902769933
279.5 0.9977145017395379
280 1.000716988509838
280.5 1.001994549974511
281 1.008131214107937
281.5 1.002174063246035
282 0.9965491131115035
282.5 1.00247356825755
283 0.9936871627696721
283.5 0.9991766502212974
284 0.9959049933528219
284.5 1.000753607841265
285 0.9950693584983087
285.5 1.001272120896571
286 1.004160368895906
286.5 0.9958257924003733
287 0.9973179728426887
287.5 1.007061603597534
288 1.001484430856158
288.5 0.997780151501571
289 1.006556951627451
289.5 1.000365072132878
290 0.9990200398308364
290.5 1.005543595440954
291 0.9995865557740508
291.5 0.9965763745471276
292 0.9886061175103771
292.5 1.000148524286413
293 1.001450128879544
293.5 1.000366206118004
294 1.012415589001028
294.5 0.9972973991897839
295 1.011295022706725
295.5 1.001758539837931
296 0.9994080896368145
296.5 1.002607545071878
297 0.9942477809343137
297.5 0.9988961995410498
298 0.9865689548342286
298.5 1.002881717099964
299 0.9937753703293818
299.5 1.002676034612162
300 0.9979401135308198
300.5 1.002015932776885
301 0.9821301664400258
301.5 1.002465869744238
302 0.9955749599493851
302.5 1.001428658468553
303 1.003730427013051
303.5 1.00085235145026
304 1.001005144383679
304.5 1.010301050088671
305 1.011297751669566
305.5 0.9977221488742888
306 1.002140142766027
306.5 0.9980370273819665
307 1.004414921034253
307.5 1.000777359296161
308 0.994259991289703
308.5 1.003461244473275
309 1.000380960807018
309.5 1.004326548400213
310 1.001661565906554
310.5 1.000475080863136
311 0.9981946599820223
311.5 1.000295173025199
312 0.9949532847503605
312.5 1.002107966688552
313 0.9943787928068597
313.5 0.9988421405141495
314 0.9995275949937877
314.5 0.9996080253878505
315 1.003047378565995
315.5 0.9945045639873433
316 1.007918606501895
316.5 0.9950522428706203
317 1.00106143521928
317.5 0.9954564183816171
318 0.9932218031210984
318.5 1.007218659486747
319 1.001825165733117
319.5 0.9960757255569302
320 1.001250040882979
320.5 0.9988931555256454
321 1.001691761730725
321.5 0.991396944781008
322 1.001881411913453
322.5 0.9970401415892062
323 0.9979085029724195
323.5 1.001356256717509
324 1.007771074506409
324.5 0.9970962939010451
325 1.001950783939577
325.5 0.9939076442773354
326 1.002687069023607
326.5 0.9990289188978652
327 0.9962332317233219
327.5 1.00124960952924
328 0.9952423131560705
328.5 0.994944626678905
329 1.002336569047031
329.5 0.9899999217007409
330 0.9845497464889351
330.5 0.9999107796652609
331 0.9983977914833767
331.5 1.007754264803699
332 0.9922498760543712
332.5 0.9937085491876789
333 0.9983416603102313
333.5 0.9887469589275789
334 0.9989561770563623
334.5 1.002149869585612
335 1.005180071362087
335.5 1.002221130747609
336 1.001571403016893
336.5 0.9962385584372847
337 0.9987140391961657
337.5 1.010342252599203
338 1.003814312147049
338.5 1.001296623901437
339 0.9946883081102378
339.5 0.9985075056990708
340 1.006071189734888
340.5 1.007014343595372
341 0.9963286507709437
341.5 1.003684858981923
342 1.00642708899955
342.5 0.9930447070575674
343 1.00550800715682
343.5 0.9971905163857548
344 1.009627405193557
344.5 1.003323309576846
345 1.007445694124526
345.5 0.9977869812653813
346 1.010160545668344
346.5 1.005971539463258
347 1.001508901577156
347.5 0.9928395931892156
348 0.9995557999234594
348.5 0.9992767320802635
349 1.002896854147994
349.5 0.998357420501946
350 0.9950581483505432
350.5 1.002419638615113
351 1.002498643534716
351.5 1.001428761556553
352 0.9956061909577969
352.5 1.000685843893257
353 0.999492024000461
353.5 1.001098191250235
354 1.004916510722499
354.5 0.9907078155634851
355 0.998702019698323
355.5 1.007983674046755
356 1.005619094624234
356.5 0.9943328574599238
357 1.008652682362718
357.5 0.9978741031523083
358 1.006059428179157
358.5 1.002002159817447
359 1.004576440610329
359.5 0.9929103305223747
360 1.008791715838178
360.5 0.9965966249355437
361 1.002668111412653
361.5 0.9850196698776736
362 0.9915315774079699
362.5 1.004220622835491
363 1.006910601450578
363.5 0.9944226547093541
364 0.9968504100363436
364.5 1.020870431955892
365 1.003217330839717
365.5 1.001474020030008
366 1.001876808295317
366.5 0.9935602829758731
367 1.004297612353646
367.5 0.9926680096742542
368 1.001399037018189
368.5 0.986680321487265
369 1.001055422234364
369.5 1.00036170739074
370 1.000557442559814
370.5 1.000061799300527
371 0.9926883656120701
371.5 0.9988115122448382
372 0.9968094916881434
372.5 0.9969091987773961
373 1.007252049559764
373.5 1.001938755154364
374 0.9981945781159542
374.5 1.014013382506837
375 1.002290064139389
375.5 0.9983413092028519
376 1.011661811526219
376.5 0.9937654590818515
377 0.9981777703429882
377.5 1.00068912934441
378 0.9964217921171147
378.5 0.9994658658152183
379 0.9987171341392389
379.5 1.00923164798928
380 0.9990434224908049
380.5 0.9938695573953038
381 1.003681542082096
381.5 1.009930598175079
382 1.000802050444273
382.5 0.9941874485140411
383 0.9981798785218445
383.5 1.005032231186654
384 0.9959709394416041
384.5 0.9952950738867071
385 0.9997332859325719
385.5 1.00438299363699
386 0.9878118893110486
386.5 1.003530534437572
387 1.000309734397824
387.5 1.007276984697837
388 0.9970646311744676
388.5 1.000302689475088
389 0.9958641160357673
389.5 0.9977358843073144
390 0.9966252581534446
390.5 1.006489058491101
391 1.004430364950771
391.5 0.9976383671942783
392 0.9971652868575662
392.5 1.003982686904521
393 1.00389628680597
393.5 0.9962737746076021
394 0.9930130555487006
394.5 0.9958728282125254
395 0.9932777096750678
395.5 0.9907678491247295
396 1.0042965626656
396.5 1.005362706613033
397 1.006096344544905
397.5 1.006102266061977
398 0.9984435291213022
398.5 0.9974729907893355
399 0.9996372963510324
399.5 0.9948480501716833
400 1.008097126012204
400.5 0.9982358698004568
401 1.00143902139409
401.5 1.00113908587063
402 0.9975322833507625
402.5 0.9966555221033438
403 1.000181329460405
403.5 0.9950023225557325
404 0.9993508974360374
404.5 1.001610608892919
405 1.001461655364563
405.5 0.994144694942939
406 0.9903394396801227
406.5 0.9957244418493487
407 0.9961009270345975
407.5 0.9908907505645056
408 0.9934418834279175
408.5 0.9917881371079611
409 0.9950230519648425
409.5 1.007420369456685
410 1.001319928162094
410.5 1.007762236567377
411 1.006520785769323
411.5 1.000829105770914
412 0.9942365567765676
412.5 0.9936281325904843
413 1.000434113968085
413.5 1.001231997430641
414 1.000052428110012
414.5 1.006693636282894
415 1.005865652354795
415.5 1.003105006639268
416 0.9926837745205467
416.5 0.9983845209648701
417 0.9994926382839666
417.5 1.000660183504855
418 0.9988521309336387
418.5 0.9967807599592639
419 0.9974457212521292
419.5 1.006139154739836
420 0.9967538410894945
420.5 0.9936074303784272
421 0.9998464994398252
421.5 0.9971220843439794
422 0.9991273932899971
422.5 0.991263453245078
423 1.006218167071826
423.5 0.9959820935350838
424 0.9882820073175373
424.5 1.007292896512267
425 0.9917690241253108
425.5 0.9988326318882519
426 0.9901698341021427
426.5 0.9968100071175188
427 0.9977080533578787
427.5 1.002016163388614
428 1.010203568867007
428.5 1.003013198849568
429 0.9983077417438482
429.5 1.00022162001362
430 1.000445836312138
430.5 1.003506044665856
431 0.9944556372016879
431.5 1.004576640737465
432 1.001031960874263
432.5 0.9976479532836238
433 1.002718950321426
433.5 1.000344507933169
434 1.001606517687407
434.5 1.004711596004502
435 0.9954500355332608
435.5 0.9947394078050229
436 1.001715214167546
436.5 1.006059173494769
437 1.000015231056647
437.5 0.9927856350899721
438 0.9996714962472529
438.5 1.00464421137329
439 0.9886213671069743
439.5 1.004042583910906
440 0.9948035946078637
440.5 0.9969185311744169
441 1.010027542515993
441.5 0.9969613082015211
442 0.9951090878055836
442.5 0.9994205601448948
443 0.99736593455816
443.5 1.001747680114708
444 1.000688136877285
444.5 1.000565094836829
445 1.005239779440315
445.5 1.004627100456631
446 1.001033200838635
446.5 1.003106896373421
447 0.9975224781444274
447.5 1.001943256921374
448 1.005578645322728
448.5 0.9992180000290085
449 0.9997991693894932
449.5 1.000938993814278
450 0.99999600243981
450.5 0.9976613744123086
451 0.9965704284761306
451.5 0.9924570216113195
452 1.000989481682058
452.5 1.000370633503522
453 0.9983166416448207
453.5 1.000356020415346
454 0.9924944955439852
454.5 0.9953694528972278
455 1.00528668904245
455.5 0.990757717518851
456 1.003167836052599
456.5 0.9973529371738076
457 0.9993465751147117
457.5 0.9993213202320175
458 0.9967473927209781
458.5 0.9932108083812341
459 0.9926327023803899
459.5 0.994231133770614
460 1.003875780560179
460.5 0.9982521277448215
461 1.00054172983289
461.5 0.9986330517991145
462 0.9995824000153708
462.5 0.9930707620284919
463 0.9925942992684483
463.5 0.9945490615654711
464 0.9996125541705594
464.5 0.9921827705147072
465 0.9999677674194529
465.5 1.002986404524032
466 0.989495189776476
466.5 1.009068240156118
467 1.004585514532637
467.5 1.001503361493878
468 0.9954195150000408
468.5 1.007950876173792
469 1.000928308889732
469.5 1.001416719004403
470 1.004318818061186
470.5 0.9865547814016701
471 0.9998462710961293
471.5 1.000094168412939
472 1.001819632207162
472.5 1.000949532740495
473 0.9924620770826974
473.5 0.9943437048741725
474 0.9970717496579874
474.5 1.004879745166599
475 0.9997712655113014
475.5 0.9994589865079226
476 1.002075299854033
476.5 1.000457752791174
477 1.003747087938907
477.5 0.9944630632745055
478 1.003006790059418
478.5 0.996091579645933
479 0.9974195827372834
479.5 1.001404693014638
480 0.9963875143484815
480.5 1.004249419783204
481 0.994065241477967
481.5 0.9967112547469804
482 0.9902997810371437
482.5 0.9949965509044365
483 0.9965403676743591
483.5 0.9996885351345536
484 1.0022682970821
484.5 0.9975738757729252
485 0.9971209831448307
485.5 0.9913358369804544
486 0.9981932086364339
486.5 1.000373968183226
487 0.9976750258664723
487.5 0.9995627669462609
488 0.9994781062854651
488.5 0.9979268931669754
489 1.000502565605255
489.5 0.9983613340762938
490 1.003522362526485
490.5 0.996710724331529
491 0.9957081492646536
491.5 1.003828424307077
492 0.9941146655429606
492.5 0.9963557365061539
493 0.9951598847051808
493.5 0.9986758167032768
494 1.004267706790505
494.5 0.9974997147610661
495 0.9944276627540618
495.5 0.9924057610021605
496 0.9963128182041577
496.5 0.9996922962976148
497 0.999860199443683
497.5 1.006452102959892
498 0.9965296991991536
498.5 0.9959066611083581
499 0.9940853604414074
499.5 0.993371262148069
500 0.9951873558623956
500.5 0.9956928794350691
501 1.002312553394302
501.5 0.9976757731677725
502 1.002780610509313
502.5 0.9980018246764862
503 0.9961584210633883
503.5 0.9894092639659362
504 1.002089370551932
504.5 1.000489829947528
505 0.998602046005067
505.5 1.004435556193765
506 1.002052653411535
506.5 0.9982993461255304
507 0.9983939875966011
507.5 0.9996757549059013
508 0.9945280481284178
508.5 0.9998792410052603
509 1.000599027934691
509.5 1.003190148193019
510 1.005723888530212
510.5 1.000755750035428
511 1.000257260033207
511.5 0.9967114470523436
512 0.9956196874221382
512.5 0.9939770243885501
513 1.004680985682188
513.5 0.9979739261370874
514 1.00374871324947
514.5 0.9952555940987511
515 0.9970852978719907
515.5 1.000576123857234
516 0.9880910473648972
516.5 0.9986340591740911
517 1.001714026570689
517.5 1.00131916424094
518 1.004056329155554
518.5 0.9974313017438795
519 1.002611288886676
519.5 0.9983247034891517
520 0.9982940038086464
520.5 0.9987109857355083
521 1.002886510802061
521.5 1.002480702226392
522 1.003645709158913
522.5 0.9980429069550264
523 0.9995672470299711
523.5 1.003075995334725
524 0.9958701769340635
524.5 0.9950574072441545
525 1.001826669787534
525.5 1.002026068621841
526 0.9917892877935113
526.5 0.9906998745950391
527 0.9980411830052265
527.5 1.005536382109503
528 0.9930386433928448
528.5 0.9963351548419651
529 0.9945368226769756
529.5 1.001316611138132
530 1.002434340238383
530.5 0.9908046298643939
531 0.995179919446786
531.5 0.9969371157361601
532 1.002002553650826
532.5 1.000952799177835
533 1.007329230505172
533.5 1.000032725848551
534 0.9950756751147691
534.5 1.005037692147599
535 1.004285182867261
535.5 0.9944668508437415
536 0.9923389545701919
536.5 0.9988000794865468
537 0.999937335066942
537.5 0.998363335414199
538 0.995273706562539
538.5 1.00355725356473
539 1.002791260549181
539.5 0.997667868041646
540 0.9961983187607032
540.5 1.002933316522768
541 1.004784001497614
541.5 1.002594442446781
542 1.00550508796734
542.5 0.9996222796063594
543 1.003536639882338
543.5 0.9995902939233684
544 1.00103172420774
544.5 0.9973262755419817
545 0.9979566127369435
545.5 1.0012094942057
546 0.9997323277884881
546.5 1.004150261213339
547 0.9938751129219958
547.5 0.9979960279848552
548 0.9985167483357104
548.5 0.9996083172394571
549 0.9921850830029849
549.5 1.001293320744516
550 0.9971365760989808
550.5 0.9991492623379029
551 1.003856725257702
551.5 0.9992610216296369
552 0.9986116532505327
552.5 1.003045192848153
553 0.9961848649496728
553.5 0.9959499097798045
554 1.004838253701009
554.5 0.9993353280382844
555 0.9975992882521867
555.5 1.001926272425699
556 1.004114376987502
556.5 1.004657022946878
557 0.997853730659935
557.5 0.995521288801985
558 0.9956048613968259
558.5 0.9984692284085583
559 0.9972871611870164
559.5 0.9972996293384411
560 1.007016556056149
560.5 0.9947818342828139
561 0.9918238535386368
561.5 1.001855194451335
562 1.000508552347426
562.5 1.003857194553034
563 1.003066206329043
563.5 1.000829282631443
564 1.001463209491452
564.5 1.003572334571803
565 0.9987210591962026
565.5 0.9984295423537913
566 1.006486469362126
566.5 1.000610767764359
567 1.001583333354442
567.5 0.9917947989292255
568 0.9938232928606532
568.5 0.9968153018798097
569 0.9961681144383846
569.5 0.9946618774263331
570 0.9986354387349214
570.5 0.9978511275142367
571 0.9985858398214998
571.5 0.9992563293309612
572 0.9942690555504959
572.5 1.000729514172728
573 1.001160915207054
573.5 0.9995234445542002
574 0.9978305549907123
574.5 0.9955589531384118
575 1.000611258561752
575.5 0.9961933211798961
576 1.001129294533159
576.5 1.0007879309094
577 1.002605075620324
577.5 0.9982553399728636
578 1.003570903207533
578.5 1.002130266314077
579 0.998197700390425
579.5 0.9978442799102001
580 0.9971053136886775
580.5 0.9957263836974037
581 0.9992490582159519
581.5 1.002247089594682
582 0.9992850843276638
582.5 1.001228059809592
583 1.006802826143461
583.5 0.9973147073706875
584 0.9935809316325986
584.5 0.9967561147586372
585 0.9948005046839269
585.5 0.999048270802734
586 1.005327374124978
586.5 0.995884134928597
587 0.9996595074171778
587.5 1.005161573243372
588 0.9956260571067735
588.5 0.9964298464421139
589 1.002380568288411
589.5 0.9955837445861595
590 0.9996399468581886
590.5 1.000020304118122
591 1.001623604689785
591.5 0.9986849175590966
592 1.002770081416261
592.5 0.9940972111236454
593 1.003411704051082
593.5 1.000941243318277
594 0.993902710611777
594.5 0.9952764322640831
595 0.9973541452125712
595.5 1.002912197441911
596 1.002678594938158
596.5 0.9964727046187903
597 0.9890409620380179
597.5 0.9983326237123241
598 0.9953239571205985
598.5 0.9976088560765457
599 0.9997314947288577
599.5 0.9971684858402233
600 0.998998362951544
600.5 0.993338217299634
601 1.002961928372765
601.5 0.9968118889082246
602 1.001225696909519
602.5 0.9984718378177878
603 0.9962874101556928
603.5 0.9994251687252403
604 1.000505680694841
604.5 0.9884579879320642
605 0.9980701040143627
605.5 0.9962081943576423
606 0.99613710344851
606.5 1.001157915011014
607 0.9910028693565778
607.5 0.9941079827910599
608 1.000813901998109
608.5 0.9988940695772441
609 1.001808099665511
609.5 0.99929818582031
610 1.001851007130842
610.5 0.9900838776271609
611 0.9941872608357617
611.5 1.002424709515566
612 1.0001058301541
612.5 0.9973534841057385
613 0.9955494602267543
613.5 1.001638799591561
614 0.992621807203913
614.5 0.9983606378013417
615 0.9939446260179912
615.5 0.9984056208887843
616 0.9976031723972043
616.5 0.9918832077498444
617 0.9946506269500373
617.5 0.9981596990968969
618 1.00187207140855
618.5 1.000437688715059
619 0.9991808867621553
619.5 0.9983464223290424
620 1.000578533898046
620.5 0.9989870493244324
621 0.996055049661798
621.5 0.997960999441872
622 1.002986254233014
622.5 0.9967843506558348
623 1.000710056913173
623.5 0.9994694166531305
624 0.9975859166169445
624.5 0.992978041181437
625 1.001896823018563
625.5 0.9966919267421784
626 0.9993899744348574
626.5 1.002408353103654
627 0.9989020830310839
627.5 0.9989267111998924
628 0.9999458573781109
628.5 0.9978285186451145
629 0.9989726981293218
629.5 0.9969800377192773
630 1.001533367191931
630.5 0.9965863865870667
631 0.9962998410221152
631.5 0.9943485489086629
632 0.9971416729897772
632.5 1.001407157488819
633 1.001903788614804
633.5 0.9998922714024744
634 1.004012285895072
634.5 0.9946260335181842
635 1.000540843532255
635.5 0.9966525079181393
636 0.9945034798701305
636.5 0.9971684058558901
637 0.9963973019881288
637.5 0.99749254797836
638 1.000947116554844
638.5 1.001046721307542
639 0.9950657604058673
639.5 0.9953062510897879
640 1.00036788225665
640.5 0.9973131375750871
641 0.9975071315299399
641.5 1.000266615931187
642 1.000767445702492
642.5 0.9956806667202235
643 1.004962109369825
643.5 1.006644756659936
644 0.9981123771489859
644.5 1.002833146283469
645 1.000372671699241
645.5 0.9963067724087664
646 0.9974285220831446
646.5 0.9986019920430259
647 0.9979786214913422
647.5 0.9991452413434621
648 0.9994465621780125
648.5 1.002528778382075
649 1.000574363306135
649.5 1.000309927836478
650 1.002666569309978
650.5 1.003102770387658
651 1.001803449447821
651.5 0.9957970767486309
652 0.9958964251737953
652.5 0.9975809683310384
653 0.9971683583282993
653.5 1.002191037316471
654 0.9990522746217756
654.5 0.9977097923223978
655 1.000654564868637
655.5 1.002144984528515
656 0.9964196502773119
656.5 1.000670821981811
657 0.9957180317093373
657.5 0.999409940766432
658 1.00023203961593
658.5 0.9945472215356812
659 0.9947478842002192
659.5 0.9987032878434584
660 0.9992554191923626
660.5 0.9957715215325919
661 0.9969353897908568
661.5 0.9975201700869755
662 0.9971700034557185
662.5 0.9951285031303373
663 0.9991052407201975
663.5 1.004621203125575
664 0.9966504527661432
664.5 0.996716625150211
665 0.9998188691669539
665.5 0.9963040540063044
666 1.000626154477401
666.5 0.998391571144047
667 0.9978487278084212
667.5 0.9961869005700579
668 0.9973454684815992
668.5 1.000195642232879
669 1.002307826657876
669.5 0.9971661738125216
670 0.9949784840491545
670.5 0.9974787972778297
671 0.9931839385022434
671.5 1.001696004602051
672 0.997353253221276
672.5 0.9971733946101853
673 0.9923711188695054
673.5 0.9991497804771852
674 0.9943393265690555
674.5 0.9973720406744482
675 0.9981017400173756
675.5 0.9984580719102852
676 0.9984255011114294
676.5 0.9993016166066759
677 0.9961550898200588
677.5 1.001419321095693
678 1.001027929520801
678.5 1.000815762478547
679 0.997519322998826
679.5 0.9915775380630208
680 0.9947829568296664
680.5 1.002447534000242
681 0.9988588383906559
681.5 1.002721250346135
682 1.000635108936694
682.5 0.9957293934350638
683 1.001883122916576
683.5 0.9994342255181122
684 0.9970249942137542
684.5 0.9961221949491179
685 0.9967024998507581
685.5 1.000038202036722
686 0.9962023844146235
686.5 0.9957101556713933
687 0.9965164691210239
687.5 1.002745469339538
688 0.998152103571411
688.5 0.9976308404306168
689 0.999856784190007
689.5 1.0010921254328
690 0.9994768056134697
690.5 1.0000150807316
691 1.001101860852616
691.5 0.9970673699287789
692 0.9997033122581984
692.5 1.001421524669538
693 0.9971800835829651
693.5 0.9929416626587521
694 0.9960372002275089
694.5 0.998129374422749
695 0.9954008890669478
695.5 0.9996213118706188
696 0.99921527444086
696.5 1.004816688121557
697 0.9993656615975353
697.5 0.9972633408806211
698 0.9981567783470885
698.5 0.9931783202884116
699 0.9961388484563862
699.5 0.9983755133312655
700 0.9958837298468708
700.5 1.002626556071124
701 0.9984153949622178
701.5 0.996234438585913
702 0.9916279074567007
702.5 0.9971565707745653
703 0.996437988755094
703.5 0.9972599862833031
704 0.9976269459857686
704.5 0.9963538096358192
705 1.001104653313377
705.5 0.9993784120852056
706 0.9994841443055287
706.5 0.9976057026975685
707 0.9964780281799793
707.5 1.00137851620247
708 0.9990714218611669
708.5 0.9985302819628037
709 0.9964739225657394
709.5 1.005197127938653
710 0.9961075635059781
710.5 0.9994675568113506
711 0.9988314868413665
711.5 0.994720479216803
712 1.004743632700563
712.5 0.9983516029249022
713 0.9967046577710267
713.5 0.9968280613205244
714 0.9962490679100285
714.5 0.9977402239876689
715 0.9938637997998392
715.5 1.001297853058976
716 0.9944758015007613
716.5 1.000975926045483
717 0.9988851321465398
717.5 1.002559184908804
718 0.9978950092557466
718.5 0.9993443835002906
719 0.9981220993126477
719.5 1.000551485140275
720 0.9934725554093087
720.5 1.004585188549791
721 0.9956824408707623
721.5 0.9964154380368991
722 0.9979064173458299
722.5 0.9991139320384019
723 1.000234504595464
723.5 0.9986649102417641
724 0.9938393466991592
724.5 1.003265191784172
725 0.9931170792364731
725.5 0.9987403908494571
726 0.9990864929643795
726.5 1.003307602668272
727 0.9959608813535391
727.5 1.000291535156371
728 0.9986363756376012
728.5 0.9917304777413469
729 0.9987437881173854
729.5 1.001353105954069
730 1.003888009484342
730.5 1.002992632613539
731 1.001768017804793
731.5 0.9982851236561077
732 1.001444345595298
732.5 0.9969374271567174
733 1.000431579812228
733.5 0.9972358478785627
734 0.9982104741585062
734.5 0.99278234687339
735 0.9967611112521552
735.5 1.002804582958443
736 0.9984698672554149
736.5 0.9955072231940765
737 0.997584304637898
737.5 1.005207755986684
738 0.9992526282885449
738.5 0.997727168265243
739 1.00210928391767
739.5 0.9977166593288569
740 1.001554385188813
740.5 0.9972513263372363
741 0.9952121304600433
741.5 1.002663776130234
742 0.995185138499795
742.5 0.9937312885805814
743 0.9975451405913281
743.5 0.9985982487622727
744 0.9983917515014117
744.5 1.001005059698393
745 0.9994991247197055
745.5 0.9978973925349408
746 0.9997783246047192
746.5 1.000314224370159
747 0.9990318714725138
747.5 0.9979348085532794
748 0.9971626892060875
748.5 0.9986210098462591
749 0.9977152386620712
749.5 0.9985379158810146
750 0.9935343048084972
750.5 0.9953278307721972
751 0.9998524282013245
751.5 1.001172028723135
752 1.000077261454645
752.5 0.9954957372785143
753 1.004342590261055
753.5 0.9995167666246936
754 0.9979014352091795
754.5 0.9977935374228389
755 0.9965344049992433
755.5 0.9989384084153272
756 0.9974250857836602
756.5 1.003216902381948
757 0.9978758002525751
757.5 0.996182449493459
758 0.9998860318418192
758.5 0.9995990491698911
759 1.000430050648474
759.5 1.000263930091499
760 1.006618320891711
760.5 0.9989253669981484
761 0.9997901303379991
761.5 0.9953011175840294
762 0.9981011744399125
762.5 1.001379408755434
763 1.001376209407638
763.5 0.9973094288276259
764 0.9988574520109523
764.5 0.9957705516308569
765 1.001260984160955
765.5 1.001381033195278
766 0.9989362579528749
766.5 1.0003207665207
767 1.001747550319483
767.5 1.0030764234504
768 0.9965435967624393
768.5 0.9992174161105619
769 0.9999374818451138
769.5 0.9981343419054116
770 0.9973551766717066
770.5 0.995604689840272
771 0.9978684054901759
771.5 0.9996107333051472
772 0.9999308655642042
772.5 1.000315146270123
773 0.9988703183661778
773.5 1.001301413052414
774 0.9984085034175161
774.5 0.993898445438149
775 0.996487533745153
775.5 0.9980111583154551
776 0.9972537755194363
776.5 0.9994287351463867
777 1.002469001457056
777.5 0.9962422883583979
778 0.9946896561527728
778.5 0.9954083282876525
779 0.9977164680667013
779.5 0.9962947312541877
780 1.002654691197771
780.5 1.000377598398397
781 0.9971203498820083
781.5 0.9966551253182767
782 0.9979693122937267
782.5 1.004423606156549
783 0.9998420735508063
783.5 0.9980737160088207
784 0.9988330224131989
784.5 0.9963285601894076
785 1.005002450432013
785.5 0.99091620842178
786 0.9937754417239301
786.5 1.003686954115312
787 0.9985502543487048
787.5 0.9996259107705944
788 1.006049055876644
788.5 0.9961065435178738
789 0.9951346679513826
789.5 1.001454796462276
790 0.9928686581840969
790.5 0.9967543002896263
791 0.9966809697934964
791.5 0.9996037400189874
792 0.9972087069276917
792.5 0.9959883171038126
793 0.9969686537486346
793.5 0.9975090898755403
794 0.9991438285661061
794.5 1.002061620236262
795 0.9988813769353089
795.5 1.000797567443596
796 1.004555335471805
796.5 0.9988619017460898
797 1.003575652773349
797.5 0.9977170534458477
798 0.9982619316108653
798.5 0.9961128158636873
799 0.9979548739858217
799.5 0.9961724748264646
800 1.000450728458079
800.5 0.9990664964526121
801 0.9979604048883871
801.5 0.9939094397532018
802 0.9989293787159059
802.5 0.9957822377300125
803 0.9985199612026711
803.5 0.9972168006832275
804 0.9971373534054719
804.5 0.9969116941011097
805 0.9956979221149447
805.5 0.9983907328766853
806 0.9972491505828431
806.5 0.9983256634017275
807 0.9969140721147923
807.5 1.001648965808369
808 0.9973957503034422
808.5 0.9979590057394593
809 0.9989521773034236
809.5 0.9997623274713296
810 0.9951043468933671
810.5 1.000292193407769
811 0.997870856553931
811.5 0.9994088954712881
812 0.9972313577565224
812.5 1.001608694308008
813 0.998861854455849
813.5 0.9991655445165554
814 0.9991417235663549
814.5 0.9969030519630756
815 1.000676668885214
815.5 0.9966211467271601
816 0.9977005700749212
816.5 0.9985527357756538
817 0.9946124703017473
817.5 0.9990673340040346
818 0.9996189878407774
818.5 0.9976769941204718
819 0.9935666706090428
819.5 0.9959688110893608
820 0.9969040925594473
820.5 1.00018159737013
821 0.9994823083898351
821.5 0.9939244964530262
822 0.996447440182939
822.5 0.9978604526570206
823 0.9973441793945045
823.5 0.999822633093301
824 1.000362321924499
824.5 1.002563877186545
825 0.9998833180562906
825.5 0.9977272287710517
826 0.9938141358847247
826.5 0.9994712637200228
827 0.9940997010370869
827.5 1.000280519285204
828 1.002189243309161
828.5 0.995572850514896
829 0.9976069220719296
829.5 0.9964674122903748
830 1.000483764852398
830.5 1.000429697521204
831 0.9984981809788583
831.5 0.9969682274928445
832 0.9966837863005935
832.5 0.998490418069954
833 0.996567609206532
833.5 0.9990583246572384
834 0.9961103273695893
834.5 1.000641452607268
835 0.9955284483822872
835.5 0.9980619052036971
836 0.9985261934978087
836.5 0.9953290513583218
837 0.998440192495529
837.5 0.9951429693334456
838 0.9961370015936434
838.5 0.9953739044649438
839 0.9955046374772142
839.5 0.9959575782868717
840 0.9983290808647153
840.5 1.001172362538856
841 0.9977388542053646
841.5 0.9981231683182111
842 0.9995750489041957
842.5 0.9982893635356052
843 0.9941376816971235
843.5 0.9983912440447702
844 0.9982286792693678
844.5 0.9941062261064838
845 0.9983701519199311
845.5 0.9998378224734664
846 1.000631846452298
846.5 0.99626013492434
847 0.9996993434444453
847.5 0.9966773429678915
848 0.9983642883347807
848.5 0.9956168987529131
849 1.00189855273767
849.5 1.000953525932635
850 0.999031545316643
850.5 0.9993232502091032
851 0.9986102786071109
851.5 1.000027127244263
852 0.9992054151857597
852.5 0.9965367118085987
853 0.9994171682577149
853.5 0.9996375618278653
854 0.9957262941569607
854.5 0.9943946151148385
855 0.9966650282990983
855.5 0.9998041705022647
856 1.000678706599266
856.5 0.9985041940090538
857 1.00216828145914
857.5 1.002415368983414
858 0.9978382511427716
858.5 0.998525416310776
859 0.9992103058743105
859.5 1.00088711468434
860 0.9986828051561922
860.5 0.9965837207496208
861 0.9973921449364596
861.5 0.9978646343973057
862 0.9964060684237961
862.5 0.9978223125702217
863 0.9997619544816209
863.5 0.9985781509037542
864 0.9948657420512351
864.5 0.998045556268056
865 0.9998210894125276
865.5 1.000197201236692
866 0.9974662339031606
866.5 0.9983659596840861
867 0.9971259500562315
867.5 0.9925636891889159
868 0.9906750673512436
868.5 0.9917372403557135
869 0.9877878381962476
869.5 0.9902158450481376
870 0.9865405916685267
870.5 0.9866048868913654
871 0.984462960325565
871.5 0.9784831614311491
872 0.9815451688364875
872.5 0.9791771278953004
873 0.9761233165364483
873.5 0.9731839503041522
874 0.9756030461425256
874.5 0.9710981943239451
875 0.9673160451605459
875.5 0.9670364469931944
876 0.9672584326299385
876.5 0.9624027845780141
877 0.9616121041798228
877.5 0.9618529294600263
878 0.9571098379921518
878.5 0.9537509573897235
879 0.9575664734172982
879.5 0.9492680172788228
880 0.9543415808336649
880.5 0.9539875207698718
881 0.9474197337816278
881.5 0.9449249559512793
882 0.9460652572751853
882.5 0.9430166744812396
883 0.9415158004134991
883.5 0.9421611784694176
884 0.9385224233295181
884.5 0.9356543656561216
885 0.9318344087900153
885.5 0.93137342945346
886 0.9300023071457921
886.5 0.9301679473492138
887 0.9302178079433852
887.5 0.9269510481576675
888 0.9221769125522243
888.5 0.9261592019676135
889 0.9182746537649947
889.5 0.9175205755500635
890 0.9197227993479428
890.5 0.9152926510230323
891 0.9156855340256362
891.5 0.9128055566598684
892 0.9124094109815525
892.5 0.9097109759006998
893 0.9090225301305328
893.5 0.9093042161637021
894 0.9044887844213729
894.5 0.9033159161601894
895 0.8994140643406641
895.5 0.8973275935702205
896 0.9006706507409243
896.5 0.8995636574521995
897 0.8909853288811892
897.5 0.894746812974435
898 0.8905362379491001
898.5 0.8909610914641802
899 0.8885027136408515
899.5 0.8865201059132932
900 0.8808029336643517
900.5 0.8842616436572485
901 0.8820226037723702
901.5 0.8852489055091094
902 0.8764716332093384
902.5 0.8742856064180934
903 0.8749601442565939
903.5 0.8754161453054559
904 0.8735204783084587
904.5 0.8765299486981568
905 0.8709341478769664
905.5 0.870025277424255
906 0.8677302946433713
906.5 0.8635328208051668
907 0.8665054324938611
907.5 0.8640438707989617
908 0.8592910863534113
908.5 0.860905577972385
909 0.8580764589453085
909.5 0.8555616610017756
910 0.8584586775337869
910.5 0.8520204707513489
911 0.8511990466919775
911.5 0.8460724178385948
912 0.8468779477165249
912.5 0.8498603941653647
913 0.8426632497252858
913.5 0.8457980835105204
914 0.8409143841755562
914.5 0.8410423651398751
915 0.8374448143113408
915.5 0.8370036095364306
916 0.8358139273826671
916.5 0.8372821842367462
917 0.8320863526763723
917.5 0.8301672604467175
918 0.8286573187881141
918.5 0.8267218718289899
919 0.8287057592293164
919.5 0.8272565999417734
920 0.8227707244471935
920.5 0.8243245380305858
921 0.8243233770880075
921.5 0.8203718342277968
922 0.8163405928421832
922.5 0.8139513708911735
923 0.811244134745533
923.5 0.8133546781416747
924 0.811131409647434
924.5 0.8095925641783672
925 0.8091949504259638
925.5 0.8084996798255843
926 0.8079611698800032
926.5 0.8028937167178367
927 0.8052545702746073
927.5 0.8005880863578928
928 0.8001634345653825
928.5 0.7954340976787735
929 0.7923573134397944
929.5 0.795823693686831
930 0.7935831898316873
930.5 0.7954159546521083
931 0.7891922679686851
931.5 0.7869918739200874
932 0.7878703976794524
932.5 0.7877529114617589
933 0.7838678222185007
933.5 0.782162989480112
934 0.7848735158291468
934.5 0.7812319827884613
935 0.776946364396616
935.5 0.7772514792477471
936 0.7777213692815482
936.5 0.7685169063811552
937 0.7723985002825831
937.5 0.7730539511056083
938 0.7706899786369776
938.5 0.7660252329115201
939 0.7632809136582784
939.5 0.7643152988654049
940 0.7622800631269282
940.5 0.7615052949460923
941 0.7618539162710698
941.5 0.7582757149530674
942 0.756116591545662
942.5 0.7556284753344691
943 0.7516650459019826
943.5 0.752664261588413
944 0.753951822383791
944.5 0.7513398838938533
945 0.7473432818355952
945.5 0.7466453299282856
946 0.7429377830408922
946.5 0.7425037844129359
947 0.741645481965604
947.5 0.7391611435137601
948 0.7396446334652574
948.5 0.7376950531082588
949 0.7349249401753534
949.5 0.7354798368166078
950 0.732738825567022
950.5 0.7323202572446298
951 0.7310727120924916
951.5 0.7329508280333743
952 0.7267035028417826
952.5 0.7259191147169308
953 0.7256505842977327
953.5 0.722384181495593
954 0.7235086825335488
954.5 0.7223025509348806
955 0.7199186006154104
955.5 0.7205849683188226
956 0.7162946777235817
956.5 0.7135970349021956
957 0.7144854483167837
957.5 0.7113575853359634
958 0.7105210867948698
958.5 0.7095405966039264
959 0.7064990993021925
959.5 0.707029996419841
960 0.7052581211165344
960.5 0.7026423683217401
961 0.7021197868126862
961.5 0.7027577114041327
962 0.7015393314204458
962.5 0.6998525157706954
963 0.6984906937202988
963.5 0.6968986306378153
964 0.6940458173668835
964.5 0.6937781625340536
965 0.692899139333441
965.5 0.6893672351168818
966 0.6869954980065842
966.5 0.6873275920752471
967 0.6860499707592173
967.5 0.6844893069318585
968 0.6865277962837667
968.5 0.6847220865584912
969 0.6808868770113569
969.5 0.6804814262576563
970 0.6790370686552948
970.5 0.6738840967405813
971 0.6749856501252285
971.5 0.6746239490317965
972 0.6775467120440881
972.5 0.6702846298329134
973 0.6695295460109929
973.5 0.6707690480319941
974 0.6677745672833476
974.5 0.6669778292105624
975 0.6617740448761293
975.5 0.6625899004986677
976 0.6649828675731604
976.5 0.6595365647023591
977 0.6623961325655118
977.5 0.659309961790797
978 0.654472296686965
978.5 0.6513670185869896
979 0.6542628593943125
979.5 0.6537015086297691
980 0.6509162927926671
980.5 0.6497378530727471
981 0.6468147519841608
981.5 0.643102258143845
982 0.6454695712943637
982.5 0.6431893680820636
983 0.6427628362385082
983.5 0.6410009636034829
984 0.6385122076347073
984.5 0.6362388882865784
985 0.6343625158711845
985.5 0.6350170903202489
986 0.632628005915405
986.5 0.6343518345943843
987 0.6338745886501688
987.5 0.6302363304085946
988 0.6305401017707017
988.5 0.6264818447036478
989 0.626968844948967
989.5 0.6242414746030516
990 0.6217557216828606
990.5 0.6242186496691454
991 0.6207455003837702
991.5 0.6175906595968306
992 0.6225278840767534
992.5 0.6183921567195747
993 0.6165148881914134
993.5 0.6145137538833497
994 0.6147622540462578
994.5 0.6145691534374629
995 0.6093220508554263
995.5 0.6064471915778064
996 0.6083921026941786
996.5 0.608216794651659
997 0.6076108518820807
997.5 0.6032006834321001
998 0.601539626033796
998.5 0.6027888199762026
999 0.6000958864241051
999.5 0.598143220305226
1000 0.5983464414398803
1000.5 0.5959829238897716
1001 0.5977002964539389
1001.5 0.593399324278181
1002 0.5941372897233671
1002.5 0.5901878447412632
1003 0.5917858447270856
1003.5 0.5888444645268189
1004 0.5883866896981457
1004.5 0.5869525386164305
1005 0.5848521205314677
1005.5 0.584460961180279
1006 0.5816719471991869
1006.5 0.5834358586960746
1007 0.5796341945700478
1007.5 0.5792331350431182
1008 0.5735330821760311
1008.5 0.5765982872285014
1009 0.5726475660027264
1009.5 0.5727780129575768
1010 0.5746019807759176
1010.5 0.5725488079969006
1011 0.5682092709892763
1011.5 0.570783899220332
1012 0.5662240226546132
1012.5 0.566239599086561
1013 0.565600389414407
1013.5 0.5639374431147511
1014 0.5622354829146049
1014.5 0.5600519641188118
1015 0.5594317033448944
1015.5 0.5603624696262196
1016 0.5564247989289646
1016.5 0.5544407423247913
1017 0.5538691223132454
1017.5 0.5531731694880737
1018 0.5506932919934329
1018.5 0.5532308665125232
1019 0.5517576074469448
1019.5 0.547615418912574
1020 0.547037147494569
1020.5 0.5461354131167403
1021 0.5452615556523499
1021.5 0.5425786944826065
1022 0.5410326572437592
1022.5 0.5423481381078631
1023 0.5383579349324724
1023.5 0.5366847993102144
1024 0.5379025149755966
1024.5 0.5345412261826203
1025 0.5335675186466766
1025.5 0.535713870790413
1026 0.530960917087856
1026.5 0.5311631691169627
1027 0.5292757644118037
1027.5 0.5278084327464136
1028 0.52510239815987
1028.5 0.5293852909480569
1029 0.5239561718272976
1029.5 0.5235288776654503
1030 0.5208105861536302
1030.5 0.5197986215328109
1031 0.5182563104157576
1031.5 0.5176727936280846
1032 0.5167951455052225
1032.5 0.5180041897486819
1033 0.5170464610529004
1033.5 0.513817934744815
1034 0.5108305126037577
1034.5 0.5090230022897698
1035 0.5138182390637329
1035.5 0.5076740480810593
1036 0.5080330935683314
1036.5 0.5061684951858724
1037 0.5047747447188571
1037.5 0.5012708263419113
1038 0.5037370081678055
1038.5 0.5024800195090944
1039 0.5005667006350525
1039.5 0.4972029454192586
1040 0.4983989713325765
1040.5 0.4938787986840055
1041 0.4941945703826423
1041.5 0.4945529573678356
1042 0.4929136847910669
1042.5 0.4891885400847779
1043 0.4930917745940257
1043.5 0.4904696399674491
1044 0.4877081634118175
1044.5 0.4892609426697666
1045 0.4880267970214356
1045.5 0.4836723737169826
1046 0.484434162385399
1046.5 0.4831644582318458
1047 0.4794713862858239
1047.5 0.4786629846710034
1048 0.4771478612309652
1048.5 0.4779325782784374
1049 0.4770809006503214
1049.5 0.4744406097101774
1050 0.4736611301606196
1050.5 0.4723526298950739
1051 0.472973541957215
1051.5 0.4703356709738752
1052 0.4686465934878409
1052.5 0.4694742553518741
1053 0.466573834365687
1053.5 0.4680561390030716
1054 0.4655863886415419
1054.5 0.4629021244258176
1055 0.4620823597601045
1055.5 0.460950184080724
1056 0.4576292528182311
1056.5 0.4583327330941771
1057 0.4599100004686246
1057.5 0.455095700444585
1058 0.4551603830266056
1058.5 0.4553684615649458
1059 0.4531069732172421
1059.5 0.4510559781437072
1060 0.4516477392700371
1060.5 0.4484980521163032
1061 0.4484068842651498
1061.5 0.4484167718218304
1062 0.4454386038775148
1062.5 0.4440801221300166
1063 0.4443819456669728
1063.5 0.4463046687532314
1064 0.4412469212868089
1064.5 0.4420490706348832
1065 0.4408134296935513
1065.5 0.438721959725158
1066 0.4350789090294529
1066.5 0.4361213161346735
1067 0.4357333745100756
1067.5 0.4325715053009271
1068 0.4323593960503065
1068.5 0.4328079914872548
1069 0.4307638262512875
1069.5 0.431703710045665
1070 0.4270294311087814
1070.5 0.4279501080166931
1071 0.4280813488210355
1071.5 0.4257970358878998
1072 0.4217567010453875
1072.5 0.4222991130949549
1073 0.4213393611083016
1073.5 0.4203539486103957
1074 0.418488307035528
1074.5 0.4173369267855531
1075 0.4164933823593024
1075.5 0.4151554893970526
1076 0.416286104940905
1076.5 0.4127170799830404
1077 0.4132143199228884
1077.5 0.4095867509232488
1078 0.4089669280033373
1078.5 0.4075984748819018
1079 0.4085128428632284
1079.5 0.4073155104336892
1080 0.4056858484735891
1080.5 0.4014989456090483
1081 0.4017325955997019
1081.5 0.4034095323222124
1082 0.4005710169037876
1082.5 0.4004524361134086
1083 0.4010304100821251
1083.5 0.3954012452295834
1084 0.3977940596058432
1084.5 0.3939711352911198
1085 0.3944221583114257
1085.5 0.395182169364327
1086 0.3941290316307652
1086.5 0.3906888426637837
1087 0.3911804474264355
1087.5 0.3892765895418626
1088 0.3875021449006006
1088.5 0.3867683389949587
1089 0.3861251354558457
1089.5 0.3848807564300834
1090 0.382025307236276
1090.5 0.3826856886491889
1091 0.3812098186903796
1091.5 0.3809166883836684
1092 0.3793427166894178
1092.5 0.3776892010207958
1093 0.3750950114029606
1093.5 0.375872112767683
1094 0.3749083950251147
1094.5 0.372979096599821
1095 0.3711514327971615
1095.5 0.3711203389245431
1096 0.3705398506031244
1096.5 0.3700092661355713
1097 0.3689703631178566
1097.5 0.3683277429973534
1098 0.3661908453563669
1098.5 0.3632993262066914
1099 0.3636061809745699
1099.5 0.363931820478302
1100 0.3622604971097098
1100.5 0.3623659475491579
1101 0.3595777426665893
1101.5 0.3602289630406775
1102 0.3571822589560146
1102.5 0.357365653376179
1103 0.3566672550291636
1103.5 0.3546056609357535
1104 0.3548452320541154
1104.5 0.3529883347562692
1105 0.3519580965682118
1105.5 0.3502482792920878
1106 0.3489877057150517
1106.5 0.3494871766357623
1107 0.3461973319705254
1107.5 0.3481230585867053
1108 0.3456494894636543
1108.5 0.3437076299412046
1109 0.3427207695515911
1109.5 0.3421917953020929
1110 0.3389764321909071
1110.5 0.3397477154338397
1111 0.3387483198756348
1111.5 0.3374930801538043
1112 0.3365194670705831
1112.5 0.3337830817484669
1113 0.3331757151484985
1113.5 0.3339789126747326
1114 0.3326379540527392
1114.5 0.3323332332056566
1115 0.3309105889686013
1115.5 0.3300616534234995
1116 0.3277130484397989
1116.5 0.3279772625605643
1117 0.3274444692095483
1117.5 0.3269628182323669
1118 0.3242572130653498
1118.5 0.3232139179263536
1119 0.3210839586499019
1119.5 0.3221886176182605
1120 0.3207456752381758
1120.5 0.3189861026870657
1121 0.3179765150998441
1121.5 0.3185361599856221
1122 0.3139282170144138
1122.5 0.3155967772481603
1123 0.3133444630636412
1123.5 0.3128260377749314
1124 0.3129177262756025
1124.5 0.3104342633215122
1125 0.309519117994838
1125.5 0.308131103768442
1126 0.3092019235193069
1126.5 0.3085839626066682
1127 0.3048933055288275
1127.5 0.3040884697095428
1128 0.3025533824581544
1128.5 0.3017764780729756
1129 0.3027047778579489
1129.5 0.3020181553385996
1130 0.2990349864370619
1130.5 0.2991792524655689
1131 0.2970786911863689
1131.5 0.2967977901568232
1132 0.296351761116936
1132.5 0.2930462509195538
1133 0.2939900688094245
1133.5 0.2931805260904427
1134 0.2912483632738089
1134.5 0.2915226569019457
1135 0.2870737832059951
1135.5 0.2898488477926241
1136 0.2872229297491461
1136.5 0.2874142081839136
1137 0.2846398821376536
1137.5 0.2845323680919756
1138 0.2834665892022498
1138.5 0.2827055794464856
1139 0.2798659651951592
1139.5 0.2800045587326289
1140 0.2800551605480094
1140.5 0.2765879036511132
1141 0.2765024223953932
1141.5 0.2759829450319768
1142 0.2752444298411451
1142.5 0.2767186360018056
1143 0.2730825243801471
1143.5 0.272173954171051
1144 0.2721461622355868
1144.5 0.2703012944255481
1145 0.2682378579411099
1145.5 0.2681474136768169
1146 0.2669864118901599
1146.5 0.2658303208923159
1147 0.2639148853457149
1147.5 0.2657131982161763
1148 0.2635089458868098
1148.5 0.2634611879559979
1149 0.2619973401454473
1149.5 0.2597720434703045
1150 0.2601164000893554
1150.5 0.2584779762429529
1151 0.2583898290838781
1151.5 0.2566637293938257
1152 0.2551062586873547
1152.5 0.2557306303548647
1153 0.2545309966804605
1153.5 0.252911242272601
1154 0.2512204683885281
1154.5 0.2507200344614636
1155 0.2494077968739638
1155.5 0.2479683071985929
1156 0.247445250608415
1156.5 0.2468730854590025
1157 0.2451282383982937
1157.5 0.2442833253696222
1158 0.2443301596313206
1158.5 0.2450908522102156
1159 0.2424994336951245
1159.5 0.2401460975702814
1160 0.23989241905168
1160.5 0.2392774703357021
1161 0.2375067274587769
1161.5 0.236920914190598
1162 0.2366618011555438
1162.5 0.2354468900958209
1163 0.2346027567523762
1163.5 0.2331217108700236
1164 0.2308720514181523
1164.5 0.2315890584088823
1165 0.2297582148278058
1165.5 0.2301307119021652
1166 0.2282405332551234
1166.5 0.226665236155477
1167 0.2274688710400966
1167.5 0.2257872711579584
1168 0.2232793310549891
1168.5 0.2229674777610482
1169 0.2228170213168009
1169.5 0.2229136950287087
1170 0.2221838186783971
1170.5 0.2194455801720666
1171 0.2183989567120196
1171.5 0.2195118117939618
1172 0.2178863143012764
1172.5 0.2164349223202874
1173 0.2147090434328327
1173.5 0.2142637318675137
1174 0.2127733007794173
1174.5 0.2132783455570573
1175 0.2110685687676606
1175.5 0.2106275567554046
1176 0.2103064944007285
1176.5 0.2084508174147517
1177 0.2085317441479163
1177.5 0.2075756986975568
1178 0.2054353168284023
1178.5 0.204022426882649
1179 0.2035329635635827
1179.5 0.2043456957655843
1180 0.2022601328158706
1180.5 0.2013250762063413
1181 0.2003633711386775
1181.5 0.1992147151301154
1182 0.1977109146724068
1182.5 0.1969089701286141
1183 0.1966920412998494
1183.5 0.1949584297691745
1184 0.1940709754685527
1184.5 0.1925747034995964
1185 0.1931030700042417
1185.5 0.192247162433977
1186 0.1911971739617593
1186.5 0.1893481952296347
1187 0.1892193732251531
1187.5 0.1888845984871552
1188 0.1873036145077974
1188.5 0.1862062473470713
1189 0.184507801693743
1189.5 0.1847080243726154
1190 0.1838234151748702
1190.5 0.1835360238280161
1191 0.1814880783999738
1191.5 0.1809733798362405
1192 0.1797490865954639
1192.5 0.1792945803499781
1193 0.1775658616765458
1193.5 0.1773536989807387
1194 0.1762519877782842
1194.5 0.1749951592546412
1195 0.1747084841815101
1195.5 0.1744606996362097
1196 0.1715828673225471
1196.5 0.1727837725050682
1197 0.1711455364565456
1197.5 0.169876981174655
1198 0.1694478713514876
1198.5 0.1673761170153319
1199 0.1663049382419312
1199.5 0.1663519429663175
1200 0.1660824277736143
1200.5 0.1641318704909368
1201 0.1644390700887651
1201.5 0.1629473578132052
1202 0.1619093209374838
1202.5 0.1624781795695536
1203 0.1594040356729096
1203.5 0.1591143396446723
1204 0.1577006876429206
1204.5 0.1573423916807215
1205 0.1573957746183482
1205.5 0.1554058370222972
1206 0.153770193535891
1206.5 0.1541203388998172
1207 0.1527256021618839
1207.5 0.1520280892975133
1208 0.1522656088719682
1208.5 0.1502168507989656
1209 0.1494961156571821
1209.5 0.148784575026323
1210 0.1478756503891623
1210.5 0.1458880010516211
1211 0.1465950968943186
1211.5 0.144820404738909
1212 0.1429523372189185
1212.5 0.1425619696097811
1213 0.1427274110968766
1213.5 0.1414656332464973
1214 0.1405336683469557
1214.5 0.1395259713356313
1215 0.1390120810294951
1215.5 0.1378025064532823
1216 0.1370039201072805
1216.5 0.1367214683417838
1217 0.134636223348171
1217.5 0.1346952365035301
1218 0.133943994298421
1218.5 0.1329241234100756
1219 0.1321305427616989
1219.5 0.1308707758544771
1220 0.1293333212504186
1220.5 0.1290586334585821
1221 0.1288870951004492
1221.5 0.126873199238002
1222 0.1263880281275177
1222.5 0.1258142570268945
1223 0.1244877698148123
1223.5 0.1240449649521616
1224 0.1230077530629172
1224.5 0.1223677224186057
1225 0.1225662182620208
1225.5 0.1198955591995504
1226 0.1181620528632915
1226.5 0.1193763837210538
1227 0.1181860530287222
1227.5 0.117310414784681
1228 0.1160715351066583
1228.5 0.1157662803113287
1229 0.1146476056166433
1229.5 0.1137359646615172
1230 0.1137888924957181
1230.5 0.1130764921385077
1231 0.1122019275780247
1231.5 0.1114763588491587
1232 0.1115307988355423
1232.5 0.110522472308372
1233 0.1096526648494107
1233.5 0.1089778294919809
1234 0.1089901243206818
1234.5 0.1071262115841003
1235 0.107456644626584
1235.5 0.1052881620660129
1236 0.1056914619647854
1236.5 0.1053234347559816
1237 0.1041654165027843
1237.5 0.1034503551185818
1238 0.1035487527244229
1238.5 0.1023206126226132
1239 0.1020384873038245
1239.5 0.1012046053151156
1240 0.1004154582982742
1240.5 0.1001890481048296
1241 0.09884342973891494
1241.5 0.09870012583361801
1242 0.09842971556020186
1242.5 0.09701488502923947
1243 0.09575736102217929
1243.5 0.09630774080702646
1244 0.09590294679898059
1244.5 0.09527307862275906
1245 0.09464165729850958
1245.5 0.09407198245926364
1246 0.09399649842422077
1246.5 0.09282406140003881
1247 0.09219903058129029
1247.5 0.091701156783445
1248 0.09095440497683686
1248.5 0.09010803340728983
1249 0.09096239586389049
1249.5 0.08975254789059631
1250 0.08934142217163782
1250.5 0.08853157989770551
1251 0.08792879058210888
1251.5 0.08749996005538579
1252 0.08609460595981623
1252.5 0.08632881595139834
1253 0.08649258015452355
1253.5 0.08553873544226806
1254 0.08485113032528306
1254.5 0.0842469493088854
1255 0.0840102670555687
1255.5 0.0836294198906955
1256 0.08284582798056474
1256.5 0.08235202701681582
1257 0.08165018678431679
1257.5 0.08143127842170229
1258 0.08062699990267858
1258.5 0.08044391745352984
1259 0.08004800901312983
1259.5 0.07947196749531911
1260 0.07940643314493138
1260.5 0.07855738146176268
1261 0.07814930275206648
1261.5 0.07755427857686892
1262 0.07744351648348179
1262.5 0.07614028739781392
1263 0.07696145889076053
1263.5 0.07551301352986994
1264 0.07503784111710356
1264.5 0.07506202509075778
1265 0.07411176761353187
1265.5 0.07435241095686188
1266 0.07344827631989317
1266.5 0.07224927182456842
1267 0.07332504177783362
1267.5 0.07265847654465472
1268 0.07117950152474964
1268.5 0.07114536694346693
1269 0.07081371717441318
1269.5 0.0700341619218075
1270 0.06952853990716809
1270.5 0.06951032263828491
1271 0.06899857093477224
1271.5 0.06885200166681098
1272 0.06865709312428428
1272.5 0.06759171120116605
1273 0.0669593834264693
1273.5 0.06710539438567434
1274 0.06631711171894528
1274.5 0.06584195482856002
1275 0.0651621620264209
1275.5 0.06522937611063893
1276 0.06537365599003446
1276.5 0.06455355637417147
1277 0.06399964999832865
1277.5 0.06383645383210332
1278 0.06301461138953647
1278.5 0.06224689636958092
1279 0.06301214940430026
1279.5 0.06199129870041056
1280 0.06234560204770282
1280.5 0.06127413061650551
1281 0.06104201287465687
1281.5 0.06026735416612537
1282 0.05997421417279215
1282.5 0.05959555089876661
1283 0.06006686589652319
1283.5 0.05891384673714622
1284 0.05869645005061677
1284.5 0.05794616354268037
1285 0.05767273708568699
1285.5 0.05768016919352013
1286 0.05725297407338867
1286.5 0.05671489413715006
1287 0.05623928321381547
1287.5 0.05621456528551731
1288 0.05628220066311231
1288.5 0.05505333953221884
1289 0.05508627969043751
1289.5 0.05500577720131478
1290 0.05437310812675674
1290.5 0.05415410890149495
1291 0.05351833314768372
1291.5 0.05392193483657752
1292 0.05319082335214248
1292.5 0.05292162820655098
1293 0.05256826191763149
1293.5 0.0522482895925656
1294 0.05231816230530889
1294.5 0.0515605612473251
1295 0.05133339711647465
1295.5 0.05068534098733313
1296 0.05049658531789681
1296.5 0.05044596172535957
1297 0.04989576643192606
1297.5 0.04952370772342013
1298 0.04906828613119342
1298.5 0.04909339744064067
1299 0.04819208748872481
1299.5 0.04811081994671283
1300 0.04800874734335286
1300.5 0.04711030566336144
1301 0.04703465485629715
1301.5 0.04753180667761904
1302 0.04689061057672168
1302.5 0.04611611102303109
1303 0.04580081753474392
1303.5 0.04601764262060171
1304 0.04547421636567699
1304.5 0.04505854807675552
1305 0.0449410037124378
1305.5 0.04446643825944113
1306 0.04453141194904717
1306.5 0.04429255280818713
1307 0.04344017256193543
1307.5 0.04341844204124326
1308 0.04275165789731829
1308.5 0.04310207041489531
1309 0.04256258818229033
1309.5 0.04188420391322294
1310 0.04238091163474761
1310.5 0.04151157756876098
1311 0.04145478297548224
1311.5 0.04026092913440476
1312 0.04054511752802292
1312.5 0.04053475120109822
1313 0.0405289452760596
1313.5 0.03988117675047496
1314 0.03985083155336114
1314.5 0.03976596920456243
1315 0.0400650677124881
1315.5 0.03824622287748677
1316 0.03811965000794494
1316.5 0.03888836375009086
1317 0.03827236971876271
1317.5 0.03794013076955101
1318 0.03766490822800417
1318.5 0.0370602460431
1319 0.03674545067774276
1319.5 0.03681460721432147
1320 0.03638098673104192
1320.5 0.03628361719596072
1321 0.03575425464493245
1321.5 0.03552254730089745
1322 0.03581254761216152
1322.5 0.03556316143656179
1323 0.03508751034670868
1323.5 0.03505203547288055
1324 0.03445648189298151
1324.5 0.03419315952258496
1325 0.03377810135325331
1325.5 0.03412370276834772
1326 0.03426550347131066
1326.5 0.03372407282642335
1327 0.03310315499211811
1327.5 0.03260796954619845
1328 0.03268363553743211
1328.5 0.03241647658160129
1329 0.03211857906992283
1329.5 0.03207442731197235
1330 0.03192375750800007
1330.5 0.031948578539777
1331 0.03099788000586598
1331.5 0.03123379639399902
1332 0.03138744457005616
1332.5 0.03035522343076179
1333 0.03040981738839696
1333.5 0.03003362837784885
1334 0.0295984050584325
1334.5 0.02966444465463055
1335 0.02907587239877478
1335.5 0.02944166918028608
1336 0.02865388942700172
1336.5 0.02855109924738808
1337 0.02858247978992402
1337.5 0.02859843701546176
1338 0.02836865140895698
1338.5 0.02791778794571597
1339 0.02762750167862499
1339.5 0.0279023868618214
1340 0.02706132895274472
1340.5 0.02680727822745059
1341 0.02688338934753807
1341.5 0.02669967211592995
1342 0.0265140403762434
1342.5 0.02642020267585956
1343 0.02599768831887839
1343.5 0.0263025536860501
1344 0.02557198955992027
1344.5 0.02537046767499417
1345 0.02536897695628133
1345.5 0.02563649433402548
1346 0.02538549178178009
1346.5 0.02466694759023938
1347 0.02496250978912193
1347.5 0.02435131970559646
1348 0.02388152164868598
1348.5 0.02434113473953722
1349 0.02330657451451409
1349.5 0.02353731814536856
1350 0.02337334497579295
1350.5 0.02292750954599735
1351 0.02295573036253765
1351.5 0.02269147066378957
1352 0.02296475771479258
1352.5 0.0223444573977818
1353 0.0225854025532202
1353.5 0.0220005883976985
1354 0.0220036235624308
1354.5 0.02158492551661519
1355 0.02168023415923623
1355.5 0.02142269775283481
1356 0.02074901697513926
1356.5 0.02107523047093356
1357 0.02097012312822664
1357.5 0.02055399900188542
1358 0.02025774535501818
1358.5 0.02021942674765117
1359 0.02018753875103426
1359.5 0.02021094237140893
1360 0.0201196401010107
1360.5 0.02010485440237271
1361 0.01935009136445326
1361.5 0.01959013386522539
1362 0.01931110149849755
1362.5 0.01882302307297135
1363 0.01879018864237075
1363.5 0.01894964002752337
1364 0.01854310221958262
1364.5 0.01871092878143187
1365 0.01812808606606083
1365.5 0.01805372787686747
1366 0.01796894952087181
1366.5 0.01720072054590514
1367 0.01744665570197477
1367.5 0.01740659714913096
1368 0.01710215857353808
1368.5 0.01727001862482573
1369 0.01706670472185069
1369.5 0.01678201368235918
1370 0.01688694956581795
1370.5 0.01649824426910267
1371 0.01651755534287565
1371.5 0.01639067499053038
1372 0.01610123109899814
1372.5 0.01580803467110468
1373 0.01577152217616431
1373.5 0.01608690105579761
1374 0.01559046358609313
1374.5 0.01545023247630331
1375 0.01524580277498004
1375.5 0.01528661741034617
1376 0.01463868466151161
1376.5 0.01500945495980417
1377 0.01465264341786366
1377.5 0.01462130987712812
1378 0.01435422803380687
1378.5 0.01411646542322441
1379 0.01386871713982995
1379.5 0.01410219829140207
1380 0.01402392388074166
1380.5 0.0134841291734945
1381 0.01365764960051559
1381.5 0.01355927706288228
1382 0.01340963386374636
1382.5 0.0131245808368276
1383 0.01296314070606049
1383.5 0.01289837073606018
1384 0.01283574140147249
1384.5 0.01253552012348936
1385 0.01273121864730155
1385.5 0.01242740732810938
1386 0.01244911043141864
1386.5 0.01241153054320346
1387 0.01181869250170967
1387.5 0.01193666265788376
1388 0.01198106886433556
1388.5 0.01185428583604051
1389 0.01153836188840604
1389.5 0.0116216001131968
1390 0.01143232382251226
1390.5 0.01143019750337291
1391 0.01116013071653467
1391.5 0.01104866383131333
1392 0.01096573131465948
1392.5 0.01083835443572782
1393 0.01096820916947474
1393.5 0.01073381108526594
1394 0.01052804216976411
1394.5 0.01019330627343068
1395 0.01026067501747943
1395.5 0.0101988705124439
1396 0.01026008754354108
1396.5 0.01007551905563232
1397 0.00982278868633993
1397.5 0.009795650970971608
1398 0.009352567300756958
1398.5 0.009695297187291783
1399 0.009264953660255775
1399.5 0.009160076391935638
1400 0.00900124291627191
1400.5 0.009241113088243793
1401 0.009030418321563103
1401.5 0.009045971142655373
1402 0.00862191185740754
1402.5 0.008945221110717501
1403 0.008904926735661671
1403.5 0.008513768696239399
1404 0.00847582684675144
1404.5 0.008290601481683257
1405 0.008296639358259516
1405.5 0.0082728437496482
1406 0.007730532233470919
1406.5 0.00781636349388343
1407 0.007878263423541365
1407.5 0.007876632152871406
1408 0.007676887973911663
1408.5 0.007447729495122066
1409 0.007385073289777763
1409.5 0.007486588289977181
1410 0.007550422658959593
1410.5 0.007041671066703175
1411 0.007251707546042668
1411.5 0.007134205649055945
1412 0.007026717955933361
1412.5 0.006704810944497228
1413 0.006888911792589926
1413.5 0.006661909813956475
1414 0.006509872625351781
1414.5 0.006758493882687972
1415 0.006390826188231933
1415.5 0.006384351902048971
1416 0.006381802784926048
1416.5 0.00633227741943435
1417 0.00606374318114709
1417.5 0.006043828830604493
1418 0.006102072586396545
1418.5 0.005847926892557608
1419 0.005748230184178354
1419.5 0.005621384194518055
1420 0.005558992472186493
1420.5 0.005492794348243376
1421 0.00538584196385463
1421.5 0.005350954883708489
1422 0.005341365622839093
1422.5 0.005294910477484426
1423 0.005236881778535265
1423.5 0.005176995064827326
1424 0.005061022138391997
1424.5 0.00507876045627155
1425 0.004765733805024215
1425.5 0.004895753605421641
1426 0.004712697686556389
1426.5 0.004516386611955088
1427 0.004675235319486702
1427.5 0.004506206388173597
1428 0.004618612959246966
1428.5 0.004482577480695274
1429 0.00446597783948401
1429.5 0.004328315129464846
1430 0.004288796640834997
1430.5 0.004134174278370889
1431 0.0042310196907814
1431.5 0.004068985060957441
1432 0.003911006229709561
1432.5 0.003965694871907695
1433 0.003920850526970629
1433.5 0.003738455898848522
1434 0.003691920642073419
1434.5 0.00379622971134045
1435 0.003475068553297722
1435.5 0.00354126251142251
1436 0.003523559864873936
1436.5 0.003437362155930249
1437 0.00348822588869091
1437.5 0.003438283364929581
1438 0.003259254826570094
1438.5 0.003230417313475587
1439 0.003194032311281047
1439.5 0.003157697073104593
1440 0.003087318434601489
1440.5 0.003022714969707471
1441 0.003083034954805582
1441.5 0.002944807874843044
1442 0.002963542970335136
1442.5 0.00279727630082824
1443 0.002780248577741581
1443.5 0.002668999441065277
1444 0.002640781282312404
1444.5 0.002490253491872427
1445 0.002514864086570244
1445.5 0.002582672549859552
1446 0.00247194104797677
1446.5 0.002475863660387352
1447 0.002292202329668362
1447.5 0.002431205318885732
1448 0.002322754806067094
1448.5 0.002375436519430842
1449 0.002244725711203147
1449.5 0.002160927521149174
1450 0.002241630605454382
1450.5 0.002077679257263888
1451 0.001921415128047212
1451.5 0.001897721612194709
1452 0.001995147663980761
1452.5 0.001958403892259341
1453 0.001869621265077529
1453.5 0.001825577277242027
1454 0.001803886559786995
1454.5 0.001676405608296769
1455 0.001582493192418829
1455.5 0.001544327438603377
1456 0.001543266956273369
1456.5 0.001544058955545655
1457 0.001552249981018047
1457.5 0.001469835754862885
1458 0.001537188349502125
1458.5 0.001301652497491085
1459 0.001411463517469032
1459.5 0.001325682421689087
1460 0.001409530667962797
1460.5 0.001202344343540772
1461 0.001208881533848761
1461.5 0.001250345626162597
1462 0.001168641154773157
1462.5 0.001164169760678544
1463 0.001071625404783481
1463.5 0.001094731673367043
1464 0.001075659342844355
1464.5 0.001029144528530996
1465 0.001061381589310435
1465.5 0.00094361940211172
1466 0.0008863241929872323
1466.5 0.0009258969012416808
1467 0.0008467916341815933
1467.5 0.0008589808724881817
1468 0.0008511058494402617
1468.5 0.0007995312158583309
1469 0.0008281072960097391
1469.5 0.0007202359765171332
1470 0.0008324336246352872
1470.5 0.0007228893396382973
1471 0.0007296582773730723
1471.5 0.0006547951816250326
1472 0.0006634134487471713
1472.5 0.0005361667895566926
1473 0.0005937274878312188
1473.5 0.0005698087045283588
1474 0.0005386914752799528
1474.5 0.0005202615612753909
1475 0.0005072722266700997
1475.5 0.0005087325040601333
1476 0.0004092342257009087
1476.5 0.0004377822781373646
1477 0.0004050795635739748
1477.5 0.0003796175501181814
1478 0.0003793607481298459
1478.5 0.000364730587424932
1479 0.0003465291449223822
1479.5 0.0003373235919315142
1480 0.0003460610204976994
1480.5 0.000297447327001046
1481 0.0003420125606553356
1481.5 0.0002970459136500058
1482 0.0002914808337016601
1482.5 0.0002430347137149548
1483 0.0002464424911943367
1483.5 0.0002480610084208432
1484 0.0001872579665793558
1484.5 0.0002174293826340908
1485 0.0001745387953991271
1485.5 0.0001975588422571677
1486 0.0001529606210700326
1486.5 0.0001493029074011654
1487 0.0001207829914334202
1487.5 0.0001402270986472553
1488 0.0001436805435815508
1488.5 0.0001152217546548732
1489 9.034405645367716e-05
1489.5 0.0001044455166359596
1490 0.000107913580929552
1490.5 7.071553583396456e-05
1491 8.833514440784058e-05
1491.5 6.708970575608332e-05
1492 5.116572797362943e-05
1492.5 4.936829831012478e-05
1493 3.700142800334904e-05
1493.5 4.401982996854836e-05
1494 3.519229639043934e-05
1494.5 3.516875245639975e-05
1495 1.405809285643438e-05
1495.5 3.512173541291685e-05
1496 1.579421800816383e-05
1496.5 1.402992503678078e-05
1497 8.762846609064337e-06
1497.5 5.254197561286439e-06
1498 3.500460447759035e-06
1498.5 3.498124861203352e-06
1499 3.495791611402516e-06
1499.5 3.493460695240334e-06
