35.8 72
36.2 49
36.4 82
36.6 393
36.8 327
37 462
37.2 687
37.4 810
37.6 851
37.8 132
38 2418
38.2 2297
38.4 5310
38.6 15264
38.8 7224
39 2827
39.2 3000
39.4 5271
39.6 6673
39.8 3731
40 5090
40.2 5385
40.4 6754
40.6 6395
40.8 3343
41 5719
41.2 3429
41.4 8304
41.6 13209
41.8 7680
42 8198
42.2 6007
42.4 12876
42.6 11181
42.8 9162
43 5621
43.2 7984
43.4 7626
43.6 6614
43.8 7894
44 7625
44.2 7143
44.4 5360
44.6 8631
44.8 6959
45 7430
45.2 5307
45.4 6484
45.6 5957
45.8 5278
46 4320
46.2 5307
46.4 4232
46.6 4129
46.8 4385
47 4090
47.2 3333
47.4 3639
47.6 4249
47.8 2689
48 2737
48.2 3307
48.4 2728
48.6 2459
48.8 2531
49 2096
49.2 1881
49.4 2368
49.6 2302
49.8 1722
50 1827
50.2 1690
50.4 1796
50.6 1825
50.8 1437
51 1616
51.2 1337
51.4 1266
51.6 1338
51.8 1168
52 1281
52.2 1088
52.4 1149
52.6 1095
52.8 1069
53 923
53.2 1003
53.4 985
53.6 1008
53.8 911
54 974
54.2 928
54.4 810
54.6 1014
54.8 814
55 841
55.2 902
55.4 840
55.6 792
55.8 866
56 785
56.2 815
56.4 812
56.6 806
56.8 767
57 767
57.2 881
57.4 767
57.6 770
57.8 725
58 710
58.2 750
58.4 724
58.6 735
58.8 748
59 702
59.2 710
59.4 787
59.6 691
59.8 752
60 771
60.2 757
60.4 736
60.6 734
60.8 725
61 767
61.2 650
61.4 653
61.6 687
61.8 636
62 678
62.2 681
62.4 678
62.6 665
62.8 755
63 712
63.2 701
63.4 670
63.6 704
63.8 677
64 733
64.2 650
64.4 697
64.6 670
64.8 675
65 676
65.2 707
65.4 691
65.6 677
65.8 687
66 687
66.2 726
66.4 678
66.6 661
66.8 695
67 666
67.2 665
67.4 673
67.6 659
67.8 675
68 724
68.2 714
68.4 688
68.6 708
68.8 653
69 630
69.2 716
69.4 661
69.6 696
69.8 660
70 689
70.2 663
70.4 683
70.6 661
70.8 645
71 628
71.2 616
71.4 693
71.6 653
71.8 638
72 672
72.2 657
72.4 653
72.6 637
72.8 666
73 682
73.2 655
73.4 615
73.6 669
73.8 668
74 659
74.2 662
74.4 668
74.6 662
74.8 669
75 687
75.2 687
75.4 657
75.6 669
75.8 689
76 670
76.2 673
76.4 676
76.6 631
76.8 693
77 628
77.2 663
77.4 657
77.6 658
77.8 690
78 629
78.2 637
78.4 609
78.6 608
78.8 651
79 693
79.2 629
79.4 660
79.6 686
79.8 678
80 678
80.2 611
80.4 663
80.6 652
80.8 673
81 691
81.2 649
81.4 699
81.6 635
81.8 639
82 713
82.2 676
82.4 675
82.6 653
82.8 665
83 597
83.2 648
83.4 661
83.6 672
83.8 680
84 643
84.2 672
84.4 632
84.6 679
84.8 656
85 660
85.2 663
85.4 652
85.6 696
85.8 670
86 659
86.2 700
86.4 636
86.6 635
86.8 657
87 685
87.2 609
87.4 678
87.6 622
87.8 689
88 656
88.2 659
88.4 661
88.6 609
88.8 672
89 682
89.2 628
89.4 672
89.6 673
89.8 611
90 638
90.2 671
90.4 697
90.6 626
90.8 677
91 629
91.2 639
91.4 665
91.6 657
91.8 632
92 655
92.2 629
92.4 689
92.6 660
92.8 601
93 684
93.2 670
93.4 647
93.6 627
93.8 639
94 630
94.2 641
94.4 662
94.6 625
94.8 640
95 658
95.2 648
95.4 635
95.6 654
95.8 703
96 626
96.2 690
96.4 659
96.6 622
96.8 613
97 698
97.2 653
97.4 671
97.6 623
97.8 625
98 654
98.2 652
98.4 634
98.6 692
98.8 674
99 655
99.2 660
99.4 664
99.6 700
99.8 625
100 620
100.2 625
100.4 661
100.6 674
100.8 658
101 640
101.2 612
101.4 623
101.6 660
101.8 650
102 643
102.2 716
102.4 620
102.6 624
102.8 604
103 650
103.2 627
103.4 649
103.6 601
103.8 678
104 616
104.2 627
104.4 657
104.6 659
104.8 635
105 614
105.2 627
105.4 629
105.6 676
105.8 613
106 601
106.2 646
106.4 630
106.6 688
106.8 613
107 644
107.2 661
107.4 631
107.6 663
107.8 624
108 631
108.2 650
108.4 661
108.6 666
108.8 685
109 651
109.2 666
109.4 630
109.6 665
109.8 675
110 632
110.2 667
110.4 651
110.6 645
110.8 607
111 655
111.2 618
111.4 614
111.6 610
111.8 724
112 631
112.2 626
112.4 642
112.6 646
112.8 612
113 667
113.2 626
113.4 630
113.6 649
113.8 662
114 609
114.2 646
114.4 594
114.6 672
114.8 702
115 621
115.2 629
115.4 678
115.6 687
115.8 637
116 661
116.2 635
116.4 669
116.6 587
116.8 601
117 613
117.2 678
117.4 639
117.6 636
117.8 634
118 628
118.2 618
118.4 646
118.6 611
118.8 620
119 609
119.2 644
119.4 646
119.6 657
119.8 644
120 625
120.2 652
120.4 655
120.6 660
120.8 631
121 658
121.2 649
121.4 640
121.6 639
121.8 647
122 643
122.2 629
122.4 662
122.6 641
122.8 612
123 617
123.2 607
123.4 663
123.6 649
123.8 640
124 623
124.2 643
124.4 682
124.6 634
124.8 641
125 635
125.2 649
125.4 642
125.6 659
125.8 603
126 630
126.2 686
126.4 636
126.6 624
126.8 657
127 683
127.2 669
127.4 637
127.6 691
127.8 650
128 627
128.2 678
128.4 656
128.6 643
128.8 634
129 639
129.2 629
129.4 650
129.6 624
129.8 654
130 639
130.2 658
130.4 658
130.6 631
130.8 616
131 600
131.2 631
131.4 662
131.6 632
131.8 666
132 643
132.2 604
132.4 647
132.6 669
132.8 658
133 621
133.2 659
133.4 635
133.6 636
133.8 626
134 658
134.2 656
134.4 638
134.6 615
134.8 608
135 647
135.2 647
135.4 659
135.6 635
135.8 637
136 619
136.2 650
136.4 658
136.6 621
136.8 617
137 614
137.2 669
137.4 627
137.6 611
137.8 643
138 643
138.2 666
138.4 635
138.6 664
138.8 659
139 605
139.2 667
139.4 649
139.6 616
139.8 604
140 650
140.2 598
140.4 631
140.6 630
140.8 620
141 668
141.2 608
141.4 640
141.6 664
141.8 649
142 626
142.2 602
142.4 657
142.6 608
142.8 670
143 625
143.2 655
143.4 617
143.6 667
143.8 669
144 634
144.2 648
144.4 608
144.6 623
144.8 651
145 681
145.2 646
145.4 677
145.6 643
145.8 696
146 663
146.2 648
146.4 593
146.6 681
146.8 661
147 648
147.2 626
147.4 646
147.6 632
147.8 673
148 653
148.2 657
148.4 682
148.6 644
148.8 656
149 669
149.2 626
149.4 644
149.6 600
149.8 633
150 665
150.2 669
150.4 662
150.6 613
150.8 613
151 628
151.2 632
151.4 640
151.6 656
151.8 614
152 657
152.2 615
152.4 614
152.6 675
152.8 645
153 668
153.2 631
153.4 626
153.6 607
153.8 654
154 709
154.2 642
154.4 606
154.6 641
154.8 648
155 641
155.2 617
155.4 651
155.6 653
155.8 609
156 621
156.2 640
156.4 654
156.6 589
156.8 640
157 649
157.2 611
157.4 663
157.6 632
157.8 647
158 648
158.2 632
158.4 598
158.6 607
158.8 641
159 635
159.2 622
159.4 638
159.6 633
159.8 641
160 678
160.2 660
160.4 618
160.6 652
160.8 658
161 625
161.2 684
161.4 649
161.6 625
161.8 658
162 622
162.2 664
162.4 612
162.6 625
162.8 665
163 710
163.2 659
163.4 658
163.6 615
163.8 646
164 632
164.2 616
164.4 610
164.6 618
164.8 656
165 672
165.2 622
165.4 659
165.6 664
165.8 672
166 674
166.2 672
166.4 675
166.6 616
166.8 626
167 687
167.2 640
167.4 651
167.6 622
167.8 615
168 678
168.2 634
168.4 628
168.6 674
168.8 645
169 614
169.2 668
169.4 618
169.6 610
169.8 664
170 647
170.2 616
170.4 644
170.6 639
170.8 638
171 637
171.2 647
171.4 704
171.6 626
171.8 613
172 627
172.2 633
172.4 651
172.6 671
172.8 658
173 643
173.2 649
173.4 673
173.6 671
173.8 667
174 607
174.2 680
174.4 607
174.6 619
174.8 644
175 633
175.2 640
175.4 635
175.6 610
175.8 643
176 653
176.2 681
176.4 660
176.6 646
176.8 661
177 693
177.2 664
177.4 625
177.6 590
177.8 647
178 650
178.2 646
178.4 626
178.6 635
178.8 590
179 602
179.2 659
179.4 670
179.6 641
179.8 677
180 643
180.2 658
180.4 632
180.6 641
180.8 629
181 612
181.2 647
181.4 632
181.6 718
181.8 598
182 670
182.2 669
182.4 627
182.6 641
182.8 636
183 604
183.2 612
183.4 646
183.6 652
183.8 560
184 672
184.2 660
184.4 606
184.6 621
184.8 668
185 631
185.2 638
185.4 644
185.6 656
185.8 647
186 663
186.2 628
186.4 655
186.6 644
186.8 655
187 615
187.2 657
187.4 638
187.6 632
187.8 597
188 639
188.2 636
188.4 601
188.6 602
188.8 616
189 666
189.2 646
189.4 608
189.6 634
189.8 633
190 696
190.2 673
190.4 664
190.6 630
190.8 655
191 697
191.2 670
191.4 632
191.6 652
191.8 644
192 614
192.2 641
192.4 604
192.6 656
192.8 564
193 651
193.2 698
193.4 684
193.6 645
193.8 646
194 673
194.2 615
194.4 597
194.6 678
194.8 641
195 653
195.2 664
195.4 669
195.6 659
195.8 690
196 635
196.2 610
196.4 579
196.6 686
196.8 640
197 630
197.2 613
197.4 666
197.6 625
197.8 583
198 634
198.2 626
198.4 626
198.6 660
198.8 631
199 672
199.2 613
199.4 632
199.6 677
199.8 624
200 628
200.2 650
200.4 644
200.6 615
200.8 613
201 653
201.2 653
201.4 599
201.6 690
201.8 647
202 662
202.2 604
202.4 640
202.6 639
202.8 624
203 628
203.2 630
203.4 613
203.6 663
203.8 611
204 594
204.2 593
204.4 672
204.6 621
204.8 608
205 675
205.2 641
205.4 686
205.6 652
205.8 630
206 628
206.2 650
206.4 667
206.6 658
206.8 637
207 658
207.2 639
207.4 653
207.6 620
207.8 623
208 585
208.2 619
208.4 616
208.6 600
208.8 628
209 680
209.2 664
209.4 547
209.6 610
209.8 643
210 629
210.2 680
210.4 646
210.6 586
210.8 690
211 650
211.2 677
211.4 645
211.6 593
211.8 631
212 622
212.2 639
212.4 592
212.6 639
212.8 602
213 701
213.2 628
213.4 627
213.6 627
213.8 632
214 691
214.2 605
214.4 599
214.6 622
214.8 633
215 652
215.2 650
215.4 615
215.6 625
215.8 640
216 624
216.2 606
216.4 629
216.6 578
216.8 602
217 613
217.2 664
217.4 609
217.6 614
217.8 665
218 657
218.2 638
218.4 688
218.6 606
218.8 594
219 632
219.2 701
219.4 652
219.6 634
219.8 667
220 641
220.2 640
220.4 603
220.6 649
220.8 659
221 627
221.2 614
221.4 634
221.6 662
221.8 635
222 615
222.2 634
222.4 653
222.6 605
222.8 622
223 653
223.2 632
223.4 647
223.6 605
223.8 654
224 675
224.2 665
224.4 599
224.6 642
224.8 612
225 645
225.2 623
225.4 680
225.6 641
225.8 603
226 635
226.2 614
226.4 658
226.6 651
226.8 694
227 645
227.2 681
227.4 614
227.6 662
227.8 663
228 662
228.2 597
228.4 601
228.6 651
228.8 615
229 597
229.2 637
229.4 658
229.6 616
229.8 643
230 617
230.2 654
230.4 644
230.6 663
230.8 632
231 658
231.2 560
231.4 618
231.6 663
231.8 588
232 631
232.2 666
232.4 660
232.6 624
232.8 639
233 609
233.2 612
233.4 643
233.6 649
233.8 651
234 646
234.2 649
234.4 618
234.6 640
234.8 674
235 621
235.2 673
235.4 645
235.6 654
235.8 634
236 648
236.2 612
236.4 638
236.6 613
236.8 658
237 646
237.2 613
237.4 620
237.6 657
237.8 595
238 590
238.2 650
238.4 632
238.6 594
238.8 694
239 600
239.2 685
239.4 645
239.6 658
239.8 623
240 632
240.2 644
240.4 665
240.6 604
240.8 613
241 678
241.2 631
241.4 631
241.6 597
241.8 616
242 637
242.2 660
242.4 642
242.6 638
242.8 587
243 696
243.2 637
243.4 681
243.6 641
243.8 680
244 614
244.2 667
244.4 604
244.6 627
244.8 642
245 597
245.2 618
245.4 615
245.6 623
245.8 663
246 670
246.2 624
246.4 657
246.6 637
246.8 593
247 596
247.2 631
247.4 656
247.6 621
247.8 599
248 620
248.2 674
248.4 637
248.6 650
248.8 675
249 654
249.2 604
249.4 677
249.6 660
249.8 616
250 628
