33.6 54
33.8 489
34 394
34.2 1172
34.4 2032
34.6 582
34.8 1613
35 2956
35.2 3751
35.4 3823
35.6 5578
35.8 5226
36 7920
36.2 8841
36.4 5929
36.6 9929
36.8 10283
37 8692
37.2 15085
37.4 12894
37.6 16138
37.8 21047
38 20149
38.2 25145
38.4 25982
38.6 28372
38.8 34731
39 31341
39.2 38910
39.4 42191
39.6 41393
39.8 44202
40 49648
40.2 49528
40.4 55470
40.6 61555
40.8 62028
41 69230
41.2 73591
41.4 72954
41.6 75092
41.8 82961
42 91115
42.2 98968
42.4 103092
42.6 107163
42.8 113507
43 122724
43.2 124515
43.4 131887
43.6 133158
43.8 139750
44 144968
44.2 149095
44.4 153394
44.6 154960
44.8 158894
45 161143
45.2 160364
45.4 157888
45.6 157090
45.8 156277
46 157207
46.2 154344
46.4 150645
46.6 145494
46.8 147208
47 142698
47.2 140780
47.4 138074
47.6 135315
47.8 129150
48 129978
48.2 123686
48.4 121822
48.6 117745
48.8 113195
49 109306
49.2 105895
49.4 101709
49.6 99967
49.8 95734
50 93213
50.2 89826
50.4 86991
50.6 84064
50.8 83050
51 80524
51.2 78524
51.4 76672
51.6 73664
51.8 71848
52 69521
52.2 68614
52.4 65974
52.6 64695
52.8 63896
53 62337
53.2 61371
53.4 60598
53.6 59422
53.8 58630
54 56642
54.2 57003
54.4 55886
54.6 54987
54.8 54390
55 54271
55.2 52785
55.4 52569
55.6 52177
55.8 51577
56 50823
56.2 50244
56.4 50681
56.6 50118
56.8 49079
57 49405
57.2 49354
57.4 48868
57.6 48513
57.8 47939
58 48332
58.2 47538
58.4 47816
58.6 47131
58.8 47378
59 46967
59.2 46748
59.4 46543
59.6 46155
59.8 46149
60 46817
60.2 46060
60.4 46020
60.6 45919
60.8 45567
61 45379
61.2 45303
61.4 45533
61.6 45525
61.8 45549
62 44742
62.2 44810
62.4 44803
62.6 44505
62.8 44391
63 44511
63.2 44695
63.4 44248
63.6 44750
63.8 44064
64 44495
64.2 44231
64.4 44198
64.6 44148
64.8 44464
65 44505
65.2 44184
65.4 44293
65.6 44037
65.8 44260
66 43825
66.2 43953
66.4 43853
66.6 43888
66.8 43752
67 43805
67.2 43979
67.4 44087
67.6 43375
67.8 44081
68 43536
68.2 43621
68.4 43960
68.6 43814
68.8 43740
69 43599
69.2 43468
69.4 43205
69.6 43739
69.8 43907
70 43796
70.2 42946
70.4 43445
70.6 43282
70.8 43086
71 43185
71.2 43579
71.4 43510
71.6 43578
71.8 43451
72 43471
72.2 43284
72.4 43128
72.6 43116
72.8 43243
73 43376
73.2 43134
73.4 43333
73.6 43411
73.8 42839
74 43124
74.2 43492
74.4 43344
74.6 43469
74.8 43080
75 43307
75.2 43218
75.4 42942
75.6 43231
75.8 42670
76 43115
76.2 43651
76.4 43098
76.6 43150
76.8 43270
77 43163
77.2 42967
77.4 43134
77.6 42774
77.8 43213
78 42847
78.2 43376
78.4 43012
78.6 42955
78.8 43151
79 42706
79.2 43280
79.4 42768
79.6 43176
79.8 43133
80 42845
80.2 42496
80.4 43351
80.6 43445
80.8 43111
81 42797
81.2 42742
81.4 43127
81.6 42850
81.8 42967
82 43480
82.2 42886
82.4 42993
82.6 43089
82.8 43106
83 43239
83.2 43135
83.4 42823
83.6 43004
83.8 42668
84 42966
84.2 43021
84.4 43058
84.6 42637
84.8 42812
85 43137
85.2 42689
85.4 42751
85.6 42927
85.8 42939
86 42519
86.2 42955
86.4 42799
86.6 42770
86.8 43264
87 43048
87.2 42985
87.4 42897
87.6 43043
87.8 42536
88 42833
88.2 42940
88.4 42537
88.6 42807
88.8 42688
89 43083
89.2 42934
89.4 42789
89.6 43062
89.8 42665
90 42964
90.2 42762
90.4 42393
90.6 42712
90.8 42936
91 42861
91.2 43077
91.4 42887
91.6 42912
91.8 43054
92 42625
92.2 42909
92.4 43000
92.6 42829
92.8 43072
93 42746
93.2 42958
93.4 42704
93.6 42801
93.8 42510
94 42796
94.2 42617
94.4 42953
94.6 42797
94.8 43181
95 42403
95.2 42503
95.4 42995
95.6 42792
95.8 42986
96 42985
96.2 42655
96.4 42133
96.6 42981
96.8 42765
97 42524
97.2 42538
97.4 42679
97.6 42700
97.8 42913
98 42879
98.2 42522
98.4 42466
98.6 42403
98.8 42761
99 42692
99.2 42294
99.4 42841
99.6 42221
99.8 42684
100 42960
100.2 42966
100.4 42617
100.6 42241
100.8 42624
101 42409
101.2 42742
101.4 43071
101.6 42632
101.8 42406
102 42822
102.2 42439
102.4 42800
102.6 42783
102.8 42516
103 42984
103.2 42585
103.4 42744
103.6 42659
103.8 43045
104 42576
104.2 42655
104.4 42856
104.6 42445
104.8 42372
105 42828
105.2 42553
105.4 42551
105.6 42945
105.8 42513
106 43019
106.2 42810
106.4 42620
106.6 42728
106.8 42911
107 42618
107.2 42932
107.4 42462
107.6 42688
107.8 42933
108 42769
108.2 42679
108.4 42725
108.6 42667
108.8 42503
109 42897
109.2 42932
109.4 42576
109.6 42669
109.8 42449
110 42203
110.2 42781
110.4 42500
110.6 42603
110.8 42639
111 42594
111.2 42473
111.4 43003
111.6 42675
111.8 42723
112 42796
112.2 42954
112.4 42487
112.6 42690
112.8 42779
113 42942
113.2 42461
113.4 42872
113.6 42495
113.8 43039
114 42578
114.2 42570
114.4 42381
114.6 43027
114.8 42752
115 42532
115.2 42759
115.4 42887
115.6 42322
115.8 42697
116 42588
116.2 42446
116.4 42499
116.6 42519
116.8 42757
117 42673
117.2 42898
117.4 42495
117.6 42798
117.8 42432
118 42256
118.2 42777
118.4 42820
118.6 42588
118.8 42596
119 42246
119.2 42663
119.4 42461
119.6 42616
119.8 42762
120 42511
120.2 42607
120.4 42602
120.6 42856
120.8 42724
121 42944
121.2 42633
121.4 42234
121.6 42532
121.8 42457
122 42900
122.2 42821
122.4 42834
122.6 42997
122.8 42956
123 42647
123.2 42545
123.4 42383
123.6 42464
123.8 42585
124 42501
124.2 42354
124.4 43240
124.6 42685
124.8 42505
125 42459
125.2 42763
125.4 42750
125.6 42683
125.8 42526
126 42830
126.2 42898
126.4 42756
126.6 42421
126.8 42891
127 42757
127.2 42443
127.4 42752
127.6 42845
127.8 42583
128 42501
128.2 42959
128.4 42582
128.6 42413
128.8 42364
129 42739
129.2 42406
129.4 42706
129.6 42787
129.8 42423
130 42104
130.2 42863
130.4 42996
130.6 42623
130.8 42771
131 42503
131.2 42229
131.4 42301
131.6 42693
131.8 42613
132 42582
132.2 42621
132.4 42693
132.6 42619
132.8 42415
133 42830
133.2 43192
133.4 42648
133.6 42724
133.8 42412
134 42541
134.2 42437
134.4 42487
134.6 42719
134.8 42662
135 42783
135.2 42522
135.4 42534
135.6 42450
135.8 42701
136 42850
136.2 42266
136.4 42442
136.6 42372
136.8 42839
137 42310
137.2 42619
137.4 42288
137.6 42864
137.8 42430
138 42639
138.2 42370
138.4 42427
138.6 42213
138.8 42700
139 42473
139.2 42372
139.4 42701
139.6 42890
139.8 42364
140 42427
140.2 42714
140.4 42379
140.6 43025
140.8 42266
141 43062
141.2 42929
141.4 42526
141.6 42752
141.8 42827
142 42448
142.2 42437
142.4 42068
142.6 42389
142.8 42736
143 42696
143.2 42465
143.4 42389
143.6 42266
143.8 42467
144 42370
144.2 42862
144.4 42752
144.6 42433
144.8 42450
145 42153
145.2 42112
145.4 42229
145.6 42745
145.8 42426
146 42613
146.2 42394
146.4 42604
146.6 42516
146.8 42697
147 42434
147.2 42147
147.4 42394
147.6 42689
147.8 42659
148 42897
148.2 42587
148.4 42552
148.6 42757
148.8 42354
149 42890
149.2 42591
149.4 42454
149.6 42366
149.8 42741
150 42904
150.2 42621
150.4 42522
150.6 42275
150.8 42560
151 42579
151.2 42664
151.4 42455
151.6 42406
151.8 42390
152 42415
152.2 42443
152.4 42479
152.6 42407
152.8 42672
153 42323
153.2 42505
153.4 42296
153.6 42580
153.8 42530
154 42565
154.2 42667
154.4 42512
154.6 42617
154.8 42520
155 42450
155.2 42470
155.4 42601
155.6 42435
155.8 42597
156 42524
156.2 42571
156.4 42505
156.6 42108
156.8 42572
157 42558
157.2 42429
157.4 42149
157.6 42427
157.8 42835
158 42722
158.2 42433
158.4 42434
158.6 42162
158.8 42526
159 42419
159.2 42217
159.4 42697
159.6 42857
159.8 42322
160 42666
160.2 42751
160.4 42629
160.6 42894
160.8 42702
161 42729
161.2 42570
161.4 42693
161.6 42606
161.8 42418
162 42599
162.2 42314
162.4 42371
162.6 42584
162.8 42482
163 42255
163.2 42669
163.4 42296
163.6 42286
163.8 42501
164 42665
164.2 42925
164.4 42606
164.6 42571
164.8 42580
165 42605
165.2 42270
165.4 42542
165.6 42713
165.8 42885
166 42242
166.2 42443
166.4 42173
166.6 42805
166.8 42699
167 42486
167.2 42526
167.4 42326
167.6 42852
167.8 42542
168 42660
168.2 42932
168.4 42502
168.6 42395
168.8 42877
169 42558
169.2 42289
169.4 42464
169.6 42764
169.8 42224
170 42476
170.2 42630
170.4 42461
170.6 42424
170.8 42550
171 42404
171.2 42435
171.4 42499
171.6 42661
171.8 42225
172 42846
172.2 42487
172.4 42796
172.6 42492
172.8 42704
173 42324
173.2 42651
173.4 42321
173.6 42571
173.8 43009
174 42663
174.2 42772
174.4 42711
174.6 42706
174.8 43050
175 42587
175.2 42917
175.4 42581
175.6 42374
175.8 42346
176 42472
176.2 42268
176.4 42308
176.6 42640
176.8 42428
177 42325
177.2 42441
177.4 42632
177.6 42560
177.8 43006
178 42691
178.2 42876
178.4 42495
178.6 42480
178.8 42418
179 42547
179.2 42482
179.4 42616
179.6 42345
179.8 42640
180 42615
180.2 42269
180.4 42654
180.6 42675
180.8 42798
181 42372
181.2 42517
181.4 42471
181.6 42499
181.8 42724
182 42534
182.2 42766
182.4 42871
182.6 42491
182.8 42728
183 42473
183.2 42883
183.4 42956
183.6 42844
183.8 42308
184 42373
184.2 42663
184.4 42513
184.6 42547
184.8 42840
185 42549
185.2 42734
185.4 42850
185.6 42897
185.8 42691
186 42557
186.2 42911
186.4 42551
186.6 42686
186.8 43031
187 42505
187.2 42162
187.4 42876
187.6 42260
187.8 42248
188 42544
188.2 42548
188.4 42739
188.6 42633
188.8 42492
189 42377
189.2 42423
189.4 42593
189.6 42523
189.8 42978
190 42538
190.2 42044
190.4 42233
190.6 42711
190.8 42622
191 42377
191.2 42637
191.4 42820
191.6 42874
191.8 42605
192 42590
192.2 42958
192.4 42438
192.6 42757
192.8 42965
193 42921
193.2 42841
193.4 42255
193.6 42759
193.8 42977
194 42481
194.2 42973
194.4 42522
194.6 42713
194.8 42861
195 42810
195.2 42611
195.4 42071
195.6 42876
195.8 42754
196 42374
196.2 42401
196.4 42573
196.6 42691
196.8 42770
197 42635
197.2 42623
197.4 42684
197.6 42820
197.8 42256
198 42941
198.2 42666
198.4 42401
198.6 42353
198.8 42853
199 42393
199.2 42631
199.4 42655
199.6 42574
199.8 42367
200 42473
200.2 42548
200.4 42874
200.6 42849
200.8 42306
201 42866
201.2 42486
201.4 42772
201.6 42477
201.8 42484
202 42252
202.2 42903
202.4 42340
202.6 42764
202.8 42501
203 42435
203.2 42783
203.4 42616
203.6 42164
203.8 42626
204 42311
204.2 42669
204.4 42770
204.6 42550
204.8 42412
205 42891
205.2 42455
205.4 42796
205.6 42328
205.8 42822
206 42659
206.2 42387
206.4 42606
206.6 42565
206.8 42485
207 42933
207.2 42703
207.4 42881
207.6 43067
207.8 42293
208 42674
208.2 42615
208.4 42375
208.6 42730
208.8 42477
209 42343
209.2 42795
209.4 42944
209.6 42735
209.8 42921
210 42572
210.2 42419
210.4 43065
210.6 42888
210.8 42793
211 42574
211.2 42419
211.4 42681
211.6 42446
211.8 42478
212 42441
212.2 42603
212.4 42715
212.6 42589
212.8 42776
213 42516
213.2 42526
213.4 42843
213.6 42475
213.8 42700
214 42899
214.2 42692
214.4 42422
214.6 42641
214.8 42831
215 42549
215.2 42700
215.4 42776
215.6 42245
215.8 42587
216 42760
216.2 42439
216.4 42465
216.6 43126
216.8 42814
217 42367
217.2 42339
217.4 42728
217.6 42579
217.8 42242
218 42232
218.2 42624
218.4 42489
218.6 42835
218.8 42575
219 42435
219.2 42715
219.4 42054
219.6 42490
219.8 42483
220 42672
220.2 42515
220.4 42274
220.6 42888
220.8 42393
221 42189
221.2 42728
221.4 42384
221.6 42757
221.8 42390
222 43055
222.2 42453
222.4 42326
222.6 42753
222.8 42850
223 42850
223.2 42898
223.4 42512
223.6 43161
223.8 42524
224 42579
224.2 42218
224.4 42467
224.6 42468
224.8 42441
225 42466
225.2 42591
225.4 42494
225.6 42739
225.8 42415
226 42537
226.2 43120
226.4 42425
226.6 42399
226.8 42567
227 42692
227.2 42500
227.4 42966
227.6 42496
227.8 42546
228 42434
228.2 42459
228.4 42716
228.6 42373
228.8 42456
229 42539
229.2 42769
229.4 42457
229.6 42582
229.8 42935
230 42740
230.2 42060
230.4 42355
230.6 42381
230.8 42372
231 43033
231.2 42588
231.4 42387
231.6 42630
231.8 42536
232 42751
232.2 42406
232.4 42503
232.6 42309
232.8 42978
233 42484
233.2 42546
233.4 42356
233.6 42057
233.8 42930
234 42772
234.2 42259
234.4 42706
234.6 42490
234.8 42333
235 42687
235.2 42971
235.4 42321
235.6 42620
235.8 42275
236 42899
236.2 42224
236.4 42873
236.6 42377
236.8 42562
237 42684
237.2 42191
237.4 42324
237.6 42731
237.8 42629
238 42629
238.2 42599
238.4 42541
238.6 42816
238.8 42575
239 42496
239.2 42452
239.4 42942
239.6 42531
239.8 42672
240 42585
240.2 42527
240.4 42116
240.6 42454
240.8 42695
241 42610
241.2 42249
241.4 42705
241.6 42884
241.8 42630
242 42429
242.2 42298
242.4 42358
242.6 42511
242.8 42171
243 42391
243.2 42593
243.4 42675
243.6 42695
243.8 42559
244 42532
244.2 42798
244.4 42879
244.6 42282
244.8 42661
245 42668
245.2 42891
245.4 42341
245.6 42658
245.8 42509
246 42392
246.2 42723
246.4 42331
246.6 42500
246.8 42641
247 42931
247.2 42333
247.4 42184
247.6 42809
247.8 42648
248 42667
248.2 42596
248.4 42415
248.6 42399
248.8 42472
249 42676
249.2 42453
249.4 42444
249.6 42906
249.8 42463
250 42362
