#total particle-self-energy nonbondedEM
100 -579.4772645563353 0 -579.4772645563353
200 -593.6395102881361 0 -593.6395102881361
300 -602.3570798747241 0 -602.3570798747241
400 -602.1448672802653 0 -602.1448672802653
500 -622.2477869431023 0 -622.2477869431023
600 -635.7883706355933 0 -635.7883706355933
700 -619.0331072518602 0 -619.0331072518602
800 -616.974207326537 0 -616.974207326537
900 -619.9178130920045 0 -619.9178130920045
1000 -625.6947319174651 0 -625.6947319174651
1100 -621.6885159956291 0 -621.6885159956291
1200 -629.5400407298002 0 -629.5400407298002
1300 -637.7651506892871 0 -637.7651506892871
1400 -639.8279090978904 0 -639.8279090978904
1500 -648.4368351812009 0 -648.4368351812009
1600 -646.0326869066339 0 -646.0326869066339
1700 -684.273950123461 0 -684.273950123461
1800 -690.4996341869701 0 -690.4996341869701
1900 -614.5568326888606 0 -614.5568326888606
2000 -692.0528302668245 0 -692.0528302668245
2100 -695.3066750627477 0 -695.3066750627477
2200 -633.0917953348253 0 -633.0917953348253
2300 -615.9901108872145 0 -615.9901108872145
2400 -644.6912499959581 0 -644.6912499959581
2500 -651.3330754528288 0 -651.3330754528288
2600 -684.6616493363399 0 -684.6616493363399
2700 -682.0274408718105 0 -682.0274408718105
2800 -652.4222629056312 0 -652.4222629056312
2900 -711.831802116707 0 -711.831802116707
3000 -695.6006699744612 0 -695.6006699744612
3100 -690.9274859358557 0 -690.9274859358557
3200 -698.6971168509917 0 -698.6971168509917
3300 -662.8392840169254 0 -662.8392840169254
3400 -657.168434352614 0 -657.168434352614
3500 -694.6429936105851 0 -694.6429936105851
3600 -693.074859905988 0 -693.074859905988
3700 -737.0751227734145 0 -737.0751227734145
3800 -720.7106109709712 0 -720.7106109709712
3900 -712.9723771053832 0 -712.9723771053832
4000 -735.864225018071 0 -735.864225018071
4100 -725.6149047850631 0 -725.6149047850631
4200 -743.4002362685278 0 -743.4002362685278
4300 -721.0138367130421 0 -721.0138367130421
4400 -740.363028023392 0 -740.363028023392
4500 -748.0424173802603 0 -748.0424173802603
4600 -715.2464569646399 0 -715.2464569646399
4700 -744.0757493332494 0 -744.0757493332494
4800 -728.8622085032985 0 -728.8622085032985
4900 -680.2688252436928 0 -680.2688252436928
5000 -682.5445483827498 0 -682.5445483827498
5100 -737.6542946393602 0 -737.6542946393602
5200 -710.7323668319732 0 -710.7323668319732
5300 -700.9938545986079 0 -700.9938545986079
5400 -689.7767657260702 0 -689.7767657260702
5500 -764.4130117788445 0 -764.4130117788445
5600 -713.884406958241 0 -713.884406958241
5700 -670.642664707033 0 -670.642664707033
5800 -723.4676066068932 0 -723.4676066068932
5900 -758.4686779058538 0 -758.4686779058538
6000 -752.899560793041 0 -752.899560793041
6100 -755.3588631988969 0 -755.3588631988969
6200 -778.1422185768315 0 -778.1422185768315
6300 -751.0431842627004 0 -751.0431842627004
6400 -744.0778155682492 0 -744.0778155682492
6500 -700.5112456202041 0 -700.5112456202041
6600 -756.3362181347329 0 -756.3362181347329
6700 -764.2885514723603 0 -764.2885514723603
6800 -721.4309493007604 0 -721.4309493007604
6900 -707.8065530483145 0 -707.8065530483145
7000 -699.4394817713182 0 -699.4394817713182
7100 -709.5282971516717 0 -709.5282971516717
7200 -756.0511741227238 0 -756.0511741227238
7300 -735.7406998877414 0 -735.7406998877414
7400 -738.632585950545 0 -738.632585950545
7500 -778.40691168583 0 -778.40691168583
7600 -761.3404933440033 0 -761.3404933440033
7700 -771.3270100508817 0 -771.3270100508817
7800 -817.8272790441406 0 -817.8272790441406
7900 -820.4538686634041 0 -820.4538686634041
8000 -798.6934195135254 0 -798.6934195135254
8100 -790.7413300676271 0 -790.7413300676271
8200 -759.7033060281537 0 -759.7033060281537
8300 -720.6719420666341 0 -720.6719420666341
8400 -747.7884103253018 0 -747.7884103253018
8500 -690.5055488698417 0 -690.5055488698417
8600 -744.5149320288328 0 -744.5149320288328
8700 -748.1387885208242 0 -748.1387885208242
8800 -707.3571709343232 0 -707.3571709343232
8900 -666.4512733127922 0 -666.4512733127922
9000 -712.8827608318534 0 -712.8827608318534
9100 -683.5145100051013 0 -683.5145100051013
9200 -634.8497315251734 0 -634.8497315251734
9300 -662.1552475099452 0 -662.1552475099452
9400 -695.728024761891 0 -695.728024761891
9500 -663.7173003484495 0 -663.7173003484495
9600 -657.0774508027826 0 -657.0774508027826
9700 -660.869707106147 0 -660.869707106147
9800 -691.5268651533988 0 -691.5268651533988
9900 -690.2754094318952 0 -690.2754094318952
10000 -684.5146025400609 0 -684.5146025400609
10100 -695.3183260955848 0 -695.3183260955848
10200 -701.4365470106713 0 -701.4365470106713
10300 -690.4423707593232 0 -690.4423707593232
10400 -715.5248526218347 0 -715.5248526218347
10500 -694.2677956230473 0 -694.2677956230473
10600 -707.1328318524029 0 -707.1328318524029
10700 -692.0725709316321 0 -692.0725709316321
10800 -655.6552773916628 0 -655.6552773916628
10900 -681.4531175892334 0 -681.4531175892334
11000 -714.5906570019433 0 -714.5906570019433
11100 -738.4139042880852 0 -738.4139042880852
11200 -690.4823603814002 0 -690.4823603814002
11300 -702.7821876311209 0 -702.7821876311209
11400 -671.4857037281618 0 -671.4857037281618
11500 -706.8440169780515 0 -706.8440169780515
11600 -709.6506549972109 0 -709.6506549972109
11700 -734.4103003363125 0 -734.4103003363125
11800 -744.5151604715502 0 -744.5151604715502
11900 -715.8131874159444 0 -715.8131874159444
12000 -738.4919480753597 0 -738.4919480753597
12100 -774.4750120455865 0 -774.4750120455865
12200 -742.5257232561707 0 -742.5257232561707
12300 -744.6757143454161 0 -744.6757143454161
12400 -776.6675868041348 0 -776.6675868041348
12500 -797.0361586474464 0 -797.0361586474464
12600 -744.2168588092318 0 -744.2168588092318
12700 -746.5048427158035 0 -746.5048427158035
12800 -782.2171971607022 0 -782.2171971607022
12900 -668.9824926469009 0 -668.9824926469009
13000 -690.1539515419863 0 -690.1539515419863
13100 -649.5701480559073 0 -649.5701480559073
13200 -676.6019784375094 0 -676.6019784375094
13300 -694.5658482667059 0 -694.5658482667059
13400 -691.6790947269183 0 -691.6790947269183
13500 -662.1082597030327 0 -662.1082597030327
13600 -751.2614126792178 0 -751.2614126792178
13700 -744.4975661754142 0 -744.4975661754142
13800 -779.5812325263396 0 -779.5812325263396
13900 -792.042488937499 0 -792.042488937499
14000 -783.4867274286225 0 -783.4867274286225
14100 -793.3490423529875 0 -793.3490423529875
14200 -755.548674731981 0 -755.548674731981
14300 -717.2277011247352 0 -717.2277011247352
14400 -722.7768613746157 0 -722.7768613746157
14500 -669.2175462134182 0 -669.2175462134182
14600 -664.6374097426888 0 -664.6374097426888
14700 -667.9409823347814 0 -667.9409823347814
14800 -678.6953232764499 0 -678.6953232764499
14900 -671.8794396716985 0 -671.8794396716985
15000 -696.7870472553186 0 -696.7870472553186
15100 -695.1658846926875 0 -695.1658846926875
15200 -692.6640481448267 0 -692.6640481448267
15300 -681.3971313952934 0 -681.3971313952934
15400 -713.9357261324767 0 -713.9357261324767
15500 -751.7973318083677 0 -751.7973318083677
15600 -714.2705137429293 0 -714.2705137429293
15700 -685.992303261999 0 -685.992303261999
15800 -729.6831982990261 0 -729.6831982990261
15900 -739.6661305215675 0 -739.6661305215675
16000 -705.0822295004036 0 -705.0822295004036
16100 -688.9925617626286 0 -688.9925617626286
16200 -688.274657151429 0 -688.274657151429
16300 -684.9806838619988 0 -684.9806838619988
16400 -700.2823652704246 0 -700.2823652704246
16500 -710.6658780309372 0 -710.6658780309372
16600 -693.9726103940047 0 -693.9726103940047
16700 -782.449649214861 0 -782.449649214861
16800 -773.9954182016663 0 -773.9954182016663
16900 -718.519885617774 0 -718.519885617774
17000 -718.0169014942367 0 -718.0169014942367
17100 -705.5408608580474 0 -705.5408608580474
17200 -720.3514247350395 0 -720.3514247350395
17300 -728.7159855409991 0 -728.7159855409991
17400 -787.0058588210959 0 -787.0058588210959
17500 -789.1966640516184 0 -789.1966640516184
17600 -763.2098310403526 0 -763.2098310403526
17700 -739.9009512440243 0 -739.9009512440243
17800 -746.0706110161263 0 -746.0706110161263
17900 -776.4926958072465 0 -776.4926958072465
18000 -788.5936116219964 0 -788.5936116219964
18100 -752.3915698255878 0 -752.3915698255878
18200 -755.8808665147517 0 -755.8808665147517
18300 -739.257148148492 0 -739.257148148492
18400 -751.8230179043021 0 -751.8230179043021
18500 -753.5812332073692 0 -753.5812332073692
18600 -824.9207204405684 0 -824.9207204405684
18700 -805.4813563914649 0 -805.4813563914649
18800 -801.7937494101934 0 -801.7937494101934
18900 -768.667860694688 0 -768.667860694688
19000 -718.9329956695437 0 -718.9329956695437
19100 -758.3604909464484 0 -758.3604909464484
19200 -755.449210190447 0 -755.449210190447
19300 -738.5207159630954 0 -738.5207159630954
19400 -771.797832692333 0 -771.797832692333
19500 -771.3246379813645 0 -771.3246379813645
19600 -766.8662834002171 0 -766.8662834002171
19700 -764.0692339539528 0 -764.0692339539528
19800 -782.9146866945084 0 -782.9146866945084
19900 -808.0759153713007 0 -808.0759153713007
20000 -767.3783870926127 0 -767.3783870926127
20100 -819.5871083911043 0 -819.5871083911043
20200 -806.6695086928084 0 -806.6695086928084
20300 -801.3778322542785 0 -801.3778322542785
20400 -775.9087184316013 0 -775.9087184316013
20500 -796.2934058811516 0 -796.2934058811516
20600 -789.8507543103769 0 -789.8507543103769
20700 -850.5078393300064 0 -850.5078393300064
20800 -802.8418146562763 0 -802.8418146562763
20900 -767.8073690887541 0 -767.8073690887541
21000 -792.9108969778754 0 -792.9108969778754
21100 -790.4110396876931 0 -790.4110396876931
21200 -814.107654347783 0 -814.107654347783
21300 -804.3756073461846 0 -804.3756073461846
21400 -811.1601673479308 0 -811.1601673479308
21500 -775.091348510934 0 -775.091348510934
21600 -759.8352871510433 0 -759.8352871510433
21700 -798.6941944075515 0 -798.6941944075515
21800 -825.6669773047324 0 -825.6669773047324
21900 -826.4597427612171 0 -826.4597427612171
22000 -816.3576043578796 0 -816.3576043578796
22100 -824.7005455840845 0 -824.7005455840845
22200 -864.3663413538598 0 -864.3663413538598
22300 -892.2601642138325 0 -892.2601642138325
22400 -869.8704165760428 0 -869.8704165760428
22500 -849.3094157373998 0 -849.3094157373998
22600 -897.4522859631106 0 -897.4522859631106
22700 -938.9567839724477 0 -938.9567839724477
22800 -913.7421816696879 0 -913.7421816696879
22900 -903.5717748196912 0 -903.5717748196912
23000 -908.14972583903 0 -908.14972583903
23100 -843.9597514893394 0 -843.9597514893394
23200 -894.2699001594447 0 -894.2699001594447
23300 -900.9373762639589 0 -900.9373762639589
23400 -859.3938549270388 0 -859.3938549270388
23500 -886.8639070952777 0 -886.8639070952777
23600 -863.242697597947 0 -863.242697597947
23700 -855.3980860739248 0 -855.3980860739248
23800 -888.8825448197313 0 -888.8825448197313
23900 -871.5437480352703 0 -871.5437480352703
24000 -882.9622521551792 0 -882.9622521551792
24100 -922.1813581294846 0 -922.1813581294846
24200 -922.5031716797967 0 -922.5031716797967
24300 -966.8855605807621 0 -966.8855605807621
24400 -920.6600837628357 0 -920.6600837628357
24500 -949.1191922519356 0 -949.1191922519356
24600 -910.7336766265798 0 -910.7336766265798
24700 -872.7154908387456 0 -872.7154908387456
24800 -885.5671624315437 0 -885.5671624315437
24900 -862.0860348239075 0 -862.0860348239075
25000 -842.3033546985826 0 -842.3033546985826
25100 -865.1995816344279 0 -865.1995816344279
25200 -847.0134862714913 0 -847.0134862714913
25300 -867.6171150556765 0 -867.6171150556765
25400 -843.1738915350288 0 -843.1738915350288
25500 -906.7586001922027 0 -906.7586001922027
25600 -946.1487413120922 0 -946.1487413120922
25700 -903.2730049008969 0 -903.2730049008969
25800 -887.5081304800697 0 -887.5081304800697
25900 -887.6039715295192 0 -887.6039715295192
26000 -857.1426061095408 0 -857.1426061095408
26100 -802.9066635689232 0 -802.9066635689232
26200 -794.8923079874367 0 -794.8923079874367
26300 -831.5230801485013 0 -831.5230801485013
26400 -840.7674072217196 0 -840.7674072217196
26500 -851.500518187182 0 -851.500518187182
26600 -830.579666725127 0 -830.579666725127
26700 -836.2467899282929 0 -836.2467899282929
26800 -834.6751389992423 0 -834.6751389992423
26900 -849.4433045524638 0 -849.4433045524638
27000 -856.8666621081065 0 -856.8666621081065
27100 -828.7302656925749 0 -828.7302656925749
27200 -796.3326264568605 0 -796.3326264568605
27300 -810.5423075906001 0 -810.5423075906001
27400 -820.1277374557685 0 -820.1277374557685
27500 -841.0294352285564 0 -841.0294352285564
27600 -844.0843449118547 0 -844.0843449118547
27700 -822.1304618534632 0 -822.1304618534632
27800 -882.2092754743062 0 -882.2092754743062
27900 -830.9399659493938 0 -830.9399659493938
28000 -818.3047712659463 0 -818.3047712659463
28100 -832.7625644607469 0 -832.7625644607469
28200 -799.8399287253851 0 -799.8399287253851
28300 -808.9868462414015 0 -808.9868462414015
28400 -843.8923188280314 0 -843.8923188280314
28500 -812.9657946063671 0 -812.9657946063671
28600 -870.1582994181663 0 -870.1582994181663
28700 -809.539590688888 0 -809.539590688888
28800 -825.2276904243045 0 -825.2276904243045
28900 -810.0037050119136 0 -810.0037050119136
29000 -801.741625057999 0 -801.741625057999
29100 -809.4181603118777 0 -809.4181603118777
29200 -866.1129494339693 0 -866.1129494339693
29300 -790.7524399918038 0 -790.7524399918038
29400 -829.5555272838101 0 -829.5555272838101
29500 -856.7958542420529 0 -856.7958542420529
29600 -795.949787665857 0 -795.949787665857
29700 -816.1561201054137 0 -816.1561201054137
29800 -830.310317700656 0 -830.310317700656
29900 -866.0998198601883 0 -866.0998198601883
30000 -864.9978027977049 0 -864.9978027977049
30100 -856.3654720061459 0 -856.3654720061459
30200 -858.7489732764661 0 -858.7489732764661
30300 -840.0989472079091 0 -840.0989472079091
30400 -830.652705603512 0 -830.652705603512
30500 -859.9015952139162 0 -859.9015952139162
30600 -897.7356189608108 0 -897.7356189608108
30700 -872.5045338904019 0 -872.5045338904019
30800 -896.0849221893586 0 -896.0849221893586
30900 -877.3886117541697 0 -877.3886117541697
31000 -851.7251554957475 0 -851.7251554957475
31100 -827.0122392100748 0 -827.0122392100748
31200 -834.6331676840782 0 -834.6331676840782
31300 -881.5994058193173 0 -881.5994058193173
31400 -832.0882602881175 0 -832.0882602881175
31500 -858.4785393977072 0 -858.4785393977072
31600 -864.4065863834694 0 -864.4065863834694
31700 -867.9035780036356 0 -867.9035780036356
31800 -909.8099639838038 0 -909.8099639838038
31900 -928.1246893787757 0 -928.1246893787757
32000 -889.9287129365839 0 -889.9287129365839
32100 -874.018267570762 0 -874.018267570762
32200 -949.3621646144893 0 -949.3621646144893
32300 -893.6502384794876 0 -893.6502384794876
32400 -874.2083509187214 0 -874.2083509187214
32500 -875.8635364871006 0 -875.8635364871006
32600 -862.6639730802272 0 -862.6639730802272
32700 -882.6515574220102 0 -882.6515574220102
32800 -906.5837339062709 0 -906.5837339062709
32900 -895.0205487322528 0 -895.0205487322528
33000 -926.0059963827953 0 -926.0059963827953
33100 -893.8114224097226 0 -893.8114224097226
33200 -916.936024727067 0 -916.936024727067
33300 -844.846842141822 0 -844.846842141822
33400 -881.3911205288459 0 -881.3911205288459
33500 -883.8011619080789 0 -883.8011619080789
33600 -848.1403187622782 0 -848.1403187622782
33700 -837.2213601204567 0 -837.2213601204567
33800 -877.6666942259762 0 -877.6666942259762
33900 -864.5003103576892 0 -864.5003103576892
34000 -847.3033512566471 0 -847.3033512566471
34100 -851.3229910072405 0 -851.3229910072405
34200 -873.7670997232199 0 -873.7670997232199
34300 -824.0216161659919 0 -824.0216161659919
34400 -848.6573093279731 0 -848.6573093279731
34500 -898.581359165255 0 -898.581359165255
34600 -861.2196247919928 0 -861.2196247919928
34700 -861.8329090548214 0 -861.8329090548214
34800 -887.7348444608506 0 -887.7348444608506
34900 -892.9820053779986 0 -892.9820053779986
35000 -890.009079440264 0 -890.009079440264
35100 -902.4600345510989 0 -902.4600345510989
35200 -872.6860604463145 0 -872.6860604463145
35300 -853.8927710307762 0 -853.8927710307762
35400 -876.1096482940484 0 -876.1096482940484
35500 -911.0959225965198 0 -911.0959225965198
35600 -880.7107017508242 0 -880.7107017508242
35700 -876.410533663613 0 -876.410533663613
35800 -876.0761760281748 0 -876.0761760281748
35900 -927.5154618585948 0 -927.5154618585948
36000 -962.2560866021086 0 -962.2560866021086
36100 -990.9447180451825 0 -990.9447180451825
36200 -1053.097456485732 0 -1053.097456485732
36300 -1017.338386339834 0 -1017.338386339834
36400 -1007.004523701034 0 -1007.004523701034
36500 -1003.647146606934 0 -1003.647146606934
36600 -1013.239037154941 0 -1013.239037154941
36700 -1034.850238886895 0 -1034.850238886895
36800 -999.5673525258899 0 -999.5673525258899
36900 -997.4290753090754 0 -997.4290753090754
37000 -1009.403162648436 0 -1009.403162648436
37100 -986.7800080915913 0 -986.7800080915913
37200 -960.9190241410397 0 -960.9190241410397
37300 -989.07728584297 0 -989.07728584297
37400 -1009.107187451795 0 -1009.107187451795
37500 -1018.818850275828 0 -1018.818850275828
37600 -1030.001093187602 0 -1030.001093187602
37700 -979.0737166912295 0 -979.0737166912295
37800 -1036.725785908522 0 -1036.725785908522
37900 -1048.143357066205 0 -1048.143357066205
38000 -1082.730336854933 0 -1082.730336854933
38100 -1134.564228784526 0 -1134.564228784526
38200 -1059.867625041865 0 -1059.867625041865
38300 -1054.527674085926 0 -1054.527674085926
38400 -1042.620626837946 0 -1042.620626837946
38500 -1007.959102743887 0 -1007.959102743887
38600 -992.5387343121693 0 -992.5387343121693
38700 -1020.441190716578 0 -1020.441190716578
38800 -1030.833982344717 0 -1030.833982344717
38900 -1004.173914307728 0 -1004.173914307728
39000 -1040.859695531428 0 -1040.859695531428
39100 -1012.686639102874 0 -1012.686639102874
39200 -1024.184492249537 0 -1024.184492249537
39300 -1045.419609136879 0 -1045.419609136879
39400 -1042.922463477356 0 -1042.922463477356
39500 -1053.139067913871 0 -1053.139067913871
39600 -1060.774612118723 0 -1060.774612118723
39700 -1065.608143928461 0 -1065.608143928461
39800 -1062.191922689322 0 -1062.191922689322
39900 -1074.969735591207 0 -1074.969735591207
40000 -1065.156384923728 0 -1065.156384923728
40100 -1060.324033273151 0 -1060.324033273151
40200 -1071.983068355126 0 -1071.983068355126
40300 -1052.025136837969 0 -1052.025136837969
40400 -1052.634228446754 0 -1052.634228446754
40500 -1064.420847332396 0 -1064.420847332396
40600 -1086.321779539809 0 -1086.321779539809
40700 -1095.551166782621 0 -1095.551166782621
40800 -1067.942751635725 0 -1067.942751635725
40900 -1075.859138592612 0 -1075.859138592612
41000 -1075.647982185008 0 -1075.647982185008
41100 -1106.112102217041 0 -1106.112102217041
41200 -1070.993023065152 0 -1070.993023065152
41300 -1064.665184808429 0 -1064.665184808429
41400 -1046.385561282281 0 -1046.385561282281
41500 -1010.583631229587 0 -1010.583631229587
41600 -1026.828308986267 0 -1026.828308986267
41700 -990.3394630763214 0 -990.3394630763214
41800 -1003.564773254562 0 -1003.564773254562
41900 -1005.270709023345 0 -1005.270709023345
42000 -993.4448675212916 0 -993.4448675212916
42100 -1017.808639672352 0 -1017.808639672352
42200 -998.3570999053773 0 -998.3570999053773
42300 -976.5306011941284 0 -976.5306011941284
42400 -963.3519456405193 0 -963.3519456405193
42500 -997.6281306492165 0 -997.6281306492165
42600 -982.9805687908083 0 -982.9805687908083
42700 -972.2645588880405 0 -972.2645588880405
42800 -966.4589890728239 0 -966.4589890728239
42900 -928.2654237886309 0 -928.2654237886309
43000 -1014.965045665624 0 -1014.965045665624
43100 -1019.23067058227 0 -1019.23067058227
43200 -1005.321722714929 0 -1005.321722714929
43300 -1049.903673490044 0 -1049.903673490044
43400 -949.5215022917837 0 -949.5215022917837
43500 -921.0853830000851 0 -921.0853830000851
43600 -925.4550083135255 0 -925.4550083135255
43700 -913.5604842905886 0 -913.5604842905886
43800 -925.2620321829163 0 -925.2620321829163
43900 -885.5227940785699 0 -885.5227940785699
44000 -906.6451664604247 0 -906.6451664604247
44100 -899.6937022600323 0 -899.6937022600323
44200 -919.5983470557258 0 -919.5983470557258
44300 -909.6673022841569 0 -909.6673022841569
44400 -888.8085776756052 0 -888.8085776756052
44500 -887.6156617174856 0 -887.6156617174856
44600 -926.3360932813957 0 -926.3360932813957
44700 -877.0412597998511 0 -877.0412597998511
44800 -857.0241781945806 0 -857.0241781945806
44900 -886.4102812171914 0 -886.4102812171914
45000 -907.0340489600785 0 -907.0340489600785
45100 -867.9413119673263 0 -867.9413119673263
45200 -943.0595685350709 0 -943.0595685350709
45300 -939.8761868907022 0 -939.8761868907022
45400 -949.0618608272634 0 -949.0618608272634
45500 -954.4935587786604 0 -954.4935587786604
45600 -950.9353511226363 0 -950.9353511226363
45700 -938.3694099336863 0 -938.3694099336863
45800 -993.175635308151 0 -993.175635308151
45900 -935.3012497669552 0 -935.3012497669552
46000 -917.3897402114235 0 -917.3897402114235
46100 -935.8611274620052 0 -935.8611274620052
46200 -950.407732443884 0 -950.407732443884
46300 -952.3368401573971 0 -952.3368401573971
46400 -980.479742649477 0 -980.479742649477
46500 -981.7575622953009 0 -981.7575622953009
46600 -963.0770054280292 0 -963.0770054280292
46700 -983.5577955378685 0 -983.5577955378685
46800 -969.5567741899285 0 -969.5567741899285
46900 -950.4241963578388 0 -950.4241963578388
47000 -987.3777548656799 0 -987.3777548656799
47100 -967.4129886582959 0 -967.4129886582959
47200 -956.9919197831769 0 -956.9919197831769
47300 -954.6098620253615 0 -954.6098620253615
47400 -983.8199124869425 0 -983.8199124869425
47500 -930.8207094992977 0 -930.8207094992977
47600 -877.2926036263816 0 -877.2926036263816
47700 -878.5754232131876 0 -878.5754232131876
47800 -900.7842299791519 0 -900.7842299791519
47900 -931.0632592057809 0 -931.0632592057809
48000 -935.5094998022541 0 -935.5094998022541
48100 -946.625175422756 0 -946.625175422756
48200 -933.6668291934766 0 -933.6668291934766
48300 -960.2538205196615 0 -960.2538205196615
48400 -947.4341313369805 0 -947.4341313369805
48500 -935.8700499762781 0 -935.8700499762781
48600 -935.702460082015 0 -935.702460082015
48700 -893.8269230180886 0 -893.8269230180886
48800 -888.5923570743762 0 -888.5923570743762
48900 -884.3292007653508 0 -884.3292007653508
49000 -893.7866846628021 0 -893.7866846628021
49100 -895.9509991458617 0 -895.9509991458617
49200 -903.7311911205761 0 -903.7311911205761
49300 -906.3488173852675 0 -906.3488173852675
49400 -858.7709780733567 0 -858.7709780733567
49500 -874.7259766797069 0 -874.7259766797069
49600 -858.3463791355025 0 -858.3463791355025
49700 -878.1209372594021 0 -878.1209372594021
49800 -883.604710459942 0 -883.604710459942
49900 -884.897189237643 0 -884.897189237643
50000 -848.4713184651919 0 -848.4713184651919
50100 -870.8116366433678 0 -870.8116366433678
50200 -890.9668083195575 0 -890.9668083195575
50300 -859.4233628944494 0 -859.4233628944494
50400 -874.7293821045896 0 -874.7293821045896
50500 -820.0560449611512 0 -820.0560449611512
50600 -848.644082525745 0 -848.644082525745
50700 -876.2862689231988 0 -876.2862689231988
50800 -890.8997194466647 0 -890.8997194466647
50900 -899.3570181538817 0 -899.3570181538817
51000 -861.4907096103998 0 -861.4907096103998
51100 -912.6090923673473 0 -912.6090923673473
51200 -891.1442693450954 0 -891.1442693450954
51300 -863.6508804571349 0 -863.6508804571349
51400 -870.2144987448119 0 -870.2144987448119
51500 -917.5704196144361 0 -917.5704196144361
51600 -884.272114637075 0 -884.272114637075
51700 -868.5081918735523 0 -868.5081918735523
51800 -835.0975303724408 0 -835.0975303724408
51900 -836.8745784516213 0 -836.8745784516213
52000 -837.6785229272209 0 -837.6785229272209
52100 -836.5257390397601 0 -836.5257390397601
52200 -792.97658171691 0 -792.97658171691
52300 -820.6597254669759 0 -820.6597254669759
52400 -813.8190132421441 0 -813.8190132421441
52500 -764.3923615135136 0 -764.3923615135136
52600 -783.2465312730055 0 -783.2465312730055
52700 -789.4633978449274 0 -789.4633978449274
52800 -752.9330894313753 0 -752.9330894313753
52900 -742.5017290648539 0 -742.5017290648539
53000 -714.9837384698913 0 -714.9837384698913
53100 -734.4655777732842 0 -734.4655777732842
53200 -777.8572026272304 0 -777.8572026272304
53300 -752.169391321484 0 -752.169391321484
53400 -797.7261619219789 0 -797.7261619219789
53500 -792.4188505841303 0 -792.4188505841303
53600 -789.4185299857054 0 -789.4185299857054
53700 -766.4399968620855 0 -766.4399968620855
53800 -779.2441156706773 0 -779.2441156706773
53900 -764.4326766375452 0 -764.4326766375452
54000 -737.9187250575051 0 -737.9187250575051
54100 -776.3167831901228 0 -776.3167831901228
54200 -733.5001104106195 0 -733.5001104106195
54300 -737.9089562415611 0 -737.9089562415611
54400 -719.8704547446687 0 -719.8704547446687
54500 -789.9894354650751 0 -789.9894354650751
54600 -776.2119428766891 0 -776.2119428766891
54700 -780.8729068036191 0 -780.8729068036191
54800 -760.8808278321521 0 -760.8808278321521
54900 -727.5531634483486 0 -727.5531634483486
55000 -744.5570698331576 0 -744.5570698331576
55100 -776.6341566687915 0 -776.6341566687915
55200 -816.8880311020257 0 -816.8880311020257
55300 -763.8882479929598 0 -763.8882479929598
55400 -743.1196320529561 0 -743.1196320529561
55500 -725.1114390676375 0 -725.1114390676375
55600 -734.5005579796853 0 -734.5005579796853
55700 -744.9238130058511 0 -744.9238130058511
55800 -753.4364524211269 0 -753.4364524211269
55900 -823.8562106686004 0 -823.8562106686004
56000 -793.2620696031954 0 -793.2620696031954
56100 -760.3744477904402 0 -760.3744477904402
56200 -759.9524027009029 0 -759.9524027009029
56300 -764.9125794282299 0 -764.9125794282299
56400 -762.8633897481486 0 -762.8633897481486
56500 -800.9814580777893 0 -800.9814580777893
56600 -794.5329582202248 0 -794.5329582202248
56700 -782.1321203396656 0 -782.1321203396656
56800 -818.5237947660498 0 -818.5237947660498
56900 -842.3898223780561 0 -842.3898223780561
57000 -847.544694139855 0 -847.544694139855
57100 -838.8651785914553 0 -838.8651785914553
57200 -830.0937505129259 0 -830.0937505129259
57300 -814.5774999482092 0 -814.5774999482092
57400 -800.7866128443275 0 -800.7866128443275
57500 -822.0481239955407 0 -822.0481239955407
57600 -754.3615870720823 0 -754.3615870720823
57700 -804.2639346213546 0 -804.2639346213546
57800 -798.0617909983266 0 -798.0617909983266
57900 -797.1370293046348 0 -797.1370293046348
58000 -824.5088703224901 0 -824.5088703224901
58100 -759.1019236706197 0 -759.1019236706197
58200 -738.4719616565853 0 -738.4719616565853
58300 -751.0166484422516 0 -751.0166484422516
58400 -759.1340263767634 0 -759.1340263767634
58500 -779.5852877001744 0 -779.5852877001744
58600 -791.1928009497933 0 -791.1928009497933
58700 -782.268595127156 0 -782.268595127156
58800 -814.5156813478097 0 -814.5156813478097
58900 -803.4823825403582 0 -803.4823825403582
59000 -748.1023428901099 0 -748.1023428901099
59100 -752.8722013267688 0 -752.8722013267688
59200 -747.7518959715962 0 -747.7518959715962
59300 -689.360199597897 0 -689.360199597897
59400 -722.2343864598079 0 -722.2343864598079
59500 -736.1767546781339 0 -736.1767546781339
59600 -759.3867138386704 0 -759.3867138386704
59700 -714.6995602145325 0 -714.6995602145325
59800 -744.4742339628865 0 -744.4742339628865
59900 -730.439493289683 0 -730.439493289683
60000 -776.9528009085916 0 -776.9528009085916
60100 -723.3566725712735 0 -723.3566725712735
60200 -733.4987260221969 0 -733.4987260221969
60300 -705.7901579535101 0 -705.7901579535101
60400 -703.7038389865775 0 -703.7038389865775
60500 -626.2198778402526 0 -626.2198778402526
60600 -666.3195394801442 0 -666.3195394801442
60700 -622.893522168044 0 -622.893522168044
60800 -638.2628502318403 0 -638.2628502318403
60900 -639.9603401320055 0 -639.9603401320055
61000 -616.7675792321097 0 -616.7675792321097
61100 -664.960656509269 0 -664.960656509269
61200 -698.5829361523502 0 -698.5829361523502
61300 -695.8479559733532 0 -695.8479559733532
61400 -706.5329776343424 0 -706.5329776343424
61500 -696.3152838011738 0 -696.3152838011738
61600 -664.9845055942424 0 -664.9845055942424
61700 -700.3251926389057 0 -700.3251926389057
61800 -676.9186375667341 0 -676.9186375667341
61900 -694.0578182011377 0 -694.0578182011377
62000 -680.7991847305093 0 -680.7991847305093
62100 -681.9475032032933 0 -681.9475032032933
62200 -689.784478668822 0 -689.784478668822
62300 -702.8556795564946 0 -702.8556795564946
62400 -766.8698825843167 0 -766.8698825843167
62500 -796.8338655087864 0 -796.8338655087864
62600 -750.5211693716701 0 -750.5211693716701
62700 -773.3170435449574 0 -773.3170435449574
62800 -729.0844541621627 0 -729.0844541621627
62900 -760.9189736980479 0 -760.9189736980479
63000 -773.7432725508697 0 -773.7432725508697
63100 -798.5396969506255 0 -798.5396969506255
63200 -775.5629247657489 0 -775.5629247657489
63300 -766.0422319907229 0 -766.0422319907229
63400 -777.5737533313222 0 -777.5737533313222
63500 -761.8086830116808 0 -761.8086830116808
63600 -794.0291681329254 0 -794.0291681329254
63700 -792.0645437197527 0 -792.0645437197527
63800 -737.1445596127305 0 -737.1445596127305
63900 -805.2105795503594 0 -805.2105795503594
64000 -817.6376369337086 0 -817.6376369337086
64100 -821.0505262224469 0 -821.0505262224469
64200 -819.0141196972691 0 -819.0141196972691
64300 -828.1679075474385 0 -828.1679075474385
64400 -837.6095937474165 0 -837.6095937474165
64500 -847.7153393628541 0 -847.7153393628541
64600 -793.1272625131533 0 -793.1272625131533
64700 -765.9791252925061 0 -765.9791252925061
64800 -753.8503272926901 0 -753.8503272926901
64900 -740.3241590447724 0 -740.3241590447724
65000 -780.328619300155 0 -780.328619300155
65100 -794.1503339437768 0 -794.1503339437768
65200 -741.7356248903088 0 -741.7356248903088
65300 -781.5014519523829 0 -781.5014519523829
65400 -792.0186414300697 0 -792.0186414300697
65500 -806.2409546677954 0 -806.2409546677954
65600 -827.4839110322064 0 -827.4839110322064
65700 -833.4150216828566 0 -833.4150216828566
65800 -834.6133619192988 0 -834.6133619192988
65900 -895.2507728815544 0 -895.2507728815544
66000 -875.7768489411101 0 -875.7768489411101
66100 -859.2414471539669 0 -859.2414471539669
66200 -841.1209058703389 0 -841.1209058703389
66300 -837.8290432647336 0 -837.8290432647336
66400 -837.406103170244 0 -837.406103170244
66500 -852.330625137547 0 -852.330625137547
66600 -864.3582212815527 0 -864.3582212815527
66700 -866.9773001384456 0 -866.9773001384456
66800 -877.7691624546424 0 -877.7691624546424
66900 -860.025547651574 0 -860.025547651574
67000 -847.8390525863506 0 -847.8390525863506
67100 -895.7679980567191 0 -895.7679980567191
67200 -908.8992287646979 0 -908.8992287646979
67300 -933.4094343699981 0 -933.4094343699981
67400 -909.0788492192514 0 -909.0788492192514
67500 -872.9448941072915 0 -872.9448941072915
67600 -893.0053395439172 0 -893.0053395439172
67700 -928.2106250301003 0 -928.2106250301003
67800 -889.2593534833286 0 -889.2593534833286
67900 -919.633246603189 0 -919.633246603189
68000 -932.1201254616026 0 -932.1201254616026
68100 -929.7217725513037 0 -929.7217725513037
68200 -852.3363535949029 0 -852.3363535949029
68300 -855.2078725395259 0 -855.2078725395259
68400 -859.8560146504315 0 -859.8560146504315
68500 -871.0580126615241 0 -871.0580126615241
68600 -902.4770213379525 0 -902.4770213379525
68700 -882.91443143785 0 -882.91443143785
68800 -857.8460218198597 0 -857.8460218198597
68900 -852.4721995799337 0 -852.4721995799337
69000 -842.1888035598677 0 -842.1888035598677
69100 -871.5549679219257 0 -871.5549679219257
69200 -872.2469846978202 0 -872.2469846978202
69300 -898.8002155391732 0 -898.8002155391732
69400 -878.328001808608 0 -878.328001808608
69500 -840.1306023579091 0 -840.1306023579091
69600 -843.2686147568747 0 -843.2686147568747
69700 -846.5248977155425 0 -846.5248977155425
69800 -838.954575863434 0 -838.954575863434
69900 -831.9253628808074 0 -831.9253628808074
70000 -809.0556061586831 0 -809.0556061586831
70100 -817.668514088029 0 -817.668514088029
70200 -791.4522181425709 0 -791.4522181425709
70300 -810.4610151809175 0 -810.4610151809175
70400 -830.3772422580514 0 -830.3772422580514
70500 -805.0715429580305 0 -805.0715429580305
70600 -839.3778685110155 0 -839.3778685110155
70700 -876.9494875643868 0 -876.9494875643868
70800 -834.316909825895 0 -834.316909825895
70900 -838.4309254512191 0 -838.4309254512191
71000 -775.5295807193033 0 -775.5295807193033
71100 -786.6907056979835 0 -786.6907056979835
71200 -783.6847610322293 0 -783.6847610322293
71300 -742.5608472856693 0 -742.5608472856693
71400 -742.0322999125347 0 -742.0322999125347
71500 -774.5700035467744 0 -774.5700035467744
71600 -807.2934921307024 0 -807.2934921307024
71700 -794.0399674074724 0 -794.0399674074724
71800 -751.5571738472208 0 -751.5571738472208
71900 -722.8300966019742 0 -722.8300966019742
72000 -716.7568618038204 0 -716.7568618038204
72100 -747.3611322594807 0 -747.3611322594807
72200 -737.3171554715373 0 -737.3171554715373
72300 -709.63910471485 0 -709.63910471485
72400 -720.4532535762992 0 -720.4532535762992
72500 -736.6851637759246 0 -736.6851637759246
72600 -774.1060320183169 0 -774.1060320183169
72700 -714.9090468953364 0 -714.9090468953364
72800 -753.2124025397934 0 -753.2124025397934
72900 -731.8885686402209 0 -731.8885686402209
73000 -788.5617243826855 0 -788.5617243826855
73100 -745.7273178731557 0 -745.7273178731557
73200 -691.8754632179625 0 -691.8754632179625
73300 -744.1863521023188 0 -744.1863521023188
73400 -737.1734300872777 0 -737.1734300872777
73500 -784.0868269612547 0 -784.0868269612547
73600 -809.5825563630788 0 -809.5825563630788
73700 -774.1505599803804 0 -774.1505599803804
73800 -738.8755455387291 0 -738.8755455387291
73900 -732.1903435150161 0 -732.1903435150161
74000 -726.8459890052327 0 -726.8459890052327
74100 -719.9937020614743 0 -719.9937020614743
74200 -764.8397652306594 0 -764.8397652306594
74300 -812.284260381246 0 -812.284260381246
74400 -776.327513664728 0 -776.327513664728
74500 -777.2591372241732 0 -777.2591372241732
74600 -817.1545559602091 0 -817.1545559602091
74700 -792.6747044278309 0 -792.6747044278309
74800 -807.8395279374672 0 -807.8395279374672
74900 -830.7556328109931 0 -830.7556328109931
75000 -796.7115052966401 0 -796.7115052966401
75100 -800.0772640048526 0 -800.0772640048526
75200 -820.4635328422301 0 -820.4635328422301
75300 -783.1415288171265 0 -783.1415288171265
75400 -816.0206360346638 0 -816.0206360346638
75500 -818.08954132488 0 -818.08954132488
75600 -891.7214049446629 0 -891.7214049446629
75700 -826.4247919409536 0 -826.4247919409536
75800 -888.4655719823204 0 -888.4655719823204
75900 -923.5347411311232 0 -923.5347411311232
76000 -879.222896521911 0 -879.222896521911
76100 -890.5691591170616 0 -890.5691591170616
76200 -868.2144232133869 0 -868.2144232133869
76300 -845.3283633391839 0 -845.3283633391839
76400 -828.9112979520578 0 -828.9112979520578
76500 -798.3772157293279 0 -798.3772157293279
76600 -858.1404414128046 0 -858.1404414128046
76700 -864.3032123767771 0 -864.3032123767771
76800 -839.4272127235308 0 -839.4272127235308
76900 -835.8783258688636 0 -835.8783258688636
77000 -868.1377446774859 0 -868.1377446774859
77100 -864.9493520657998 0 -864.9493520657998
77200 -878.2541321024764 0 -878.2541321024764
77300 -847.1235544015653 0 -847.1235544015653
77400 -852.4409952014103 0 -852.4409952014103
77500 -844.9442408885807 0 -844.9442408885807
77600 -812.6089630511124 0 -812.6089630511124
77700 -831.5999460590538 0 -831.5999460590538
77800 -886.210617342731 0 -886.210617342731
77900 -842.898720524041 0 -842.898720524041
78000 -867.4956861881074 0 -867.4956861881074
78100 -841.9671639902517 0 -841.9671639902517
78200 -869.1597279561684 0 -869.1597279561684
78300 -848.6823597315233 0 -848.6823597315233
78400 -813.4102423643344 0 -813.4102423643344
78500 -803.0206491302233 0 -803.0206491302233
78600 -774.5386285400018 0 -774.5386285400018
78700 -793.6586991932709 0 -793.6586991932709
78800 -796.9501072640996 0 -796.9501072640996
78900 -815.5086355194217 0 -815.5086355194217
79000 -762.1752963692416 0 -762.1752963692416
79100 -812.0487613820005 0 -812.0487613820005
79200 -845.1039609899744 0 -845.1039609899744
79300 -841.0020870771259 0 -841.0020870771259
79400 -800.3034698176198 0 -800.3034698176198
79500 -857.5473358947784 0 -857.5473358947784
79600 -831.3983735956717 0 -831.3983735956717
79700 -819.8598813454155 0 -819.8598813454155
79800 -831.1272286931053 0 -831.1272286931053
79900 -762.4831754702609 0 -762.4831754702609
80000 -783.6269540637732 0 -783.6269540637732
80100 -742.3290670877323 0 -742.3290670877323
80200 -783.1965657148976 0 -783.1965657148976
80300 -787.3520847207401 0 -787.3520847207401
80400 -799.2360385881038 0 -799.2360385881038
80500 -839.3322172201006 0 -839.3322172201006
80600 -861.2122066642623 0 -861.2122066642623
80700 -900.4630031506531 0 -900.4630031506531
80800 -860.0481623335509 0 -860.0481623335509
80900 -893.2992731828708 0 -893.2992731828708
81000 -883.9113741721958 0 -883.9113741721958
81100 -908.6239377763122 0 -908.6239377763122
81200 -915.5068267118186 0 -915.5068267118186
81300 -875.0456514956895 0 -875.0456514956895
81400 -911.6276167262113 0 -911.6276167262113
81500 -893.5958079629345 0 -893.5958079629345
81600 -869.3618314587511 0 -869.3618314587511
81700 -886.2797534293495 0 -886.2797534293495
81800 -860.9892345103435 0 -860.9892345103435
81900 -873.5918636828428 0 -873.5918636828428
82000 -826.4288480288815 0 -826.4288480288815
82100 -887.0510821316857 0 -887.0510821316857
82200 -894.8714318196289 0 -894.8714318196289
82300 -891.9504437712021 0 -891.9504437712021
82400 -901.6426876429468 0 -901.6426876429468
82500 -889.4821574599482 0 -889.4821574599482
82600 -916.1572246812284 0 -916.1572246812284
82700 -939.2572292515542 0 -939.2572292515542
82800 -945.0084411669523 0 -945.0084411669523
82900 -930.3970301721711 0 -930.3970301721711
83000 -904.8419048105716 0 -904.8419048105716
83100 -862.1687874917407 0 -862.1687874917407
83200 -856.9304193987045 0 -856.9304193987045
83300 -831.4113878144417 0 -831.4113878144417
83400 -853.0126570272259 0 -853.0126570272259
83500 -849.2891724070068 0 -849.2891724070068
83600 -845.5312378073577 0 -845.5312378073577
83700 -822.1630112684797 0 -822.1630112684797
83800 -873.4676636243239 0 -873.4676636243239
83900 -900.7682855317835 0 -900.7682855317835
84000 -873.8752930294722 0 -873.8752930294722
84100 -801.7566270059906 0 -801.7566270059906
84200 -865.2213897239417 0 -865.2213897239417
84300 -859.4762157078367 0 -859.4762157078367
84400 -827.8598848760594 0 -827.8598848760594
84500 -836.898914928548 0 -836.898914928548
84600 -831.5296468622983 0 -831.5296468622983
84700 -845.7147088255733 0 -845.7147088255733
84800 -881.3563830188941 0 -881.3563830188941
84900 -804.497563828947 0 -804.497563828947
85000 -793.6555296003353 0 -793.6555296003353
85100 -848.022539464524 0 -848.022539464524
85200 -805.3361492769327 0 -805.3361492769327
85300 -815.091452914523 0 -815.091452914523
85400 -795.8255450269207 0 -795.8255450269207
85500 -796.4453052852768 0 -796.4453052852768
85600 -842.7070324039087 0 -842.7070324039087
85700 -804.059321265202 0 -804.059321265202
85800 -771.4647040329874 0 -771.4647040329874
85900 -781.469089103397 0 -781.469089103397
86000 -746.708897061646 0 -746.708897061646
86100 -744.1842851450201 0 -744.1842851450201
86200 -742.2645989817102 0 -742.2645989817102
86300 -732.7962132631801 0 -732.7962132631801
86400 -754.2753612119704 0 -754.2753612119704
86500 -767.4360862416797 0 -767.4360862416797
86600 -749.0457947603427 0 -749.0457947603427
86700 -758.2307692964096 0 -758.2307692964096
86800 -769.0429769484326 0 -769.0429769484326
86900 -735.014019953087 0 -735.014019953087
87000 -749.5312166709919 0 -749.5312166709919
87100 -770.2335777794942 0 -770.2335777794942
87200 -768.1231057371479 0 -768.1231057371479
87300 -781.7630733912811 0 -781.7630733912811
87400 -730.2379041074309 0 -730.2379041074309
87500 -745.0918181594461 0 -745.0918181594461
87600 -774.5368920655455 0 -774.5368920655455
87700 -836.9108706561383 0 -836.9108706561383
87800 -821.1786422175355 0 -821.1786422175355
87900 -809.4457253459841 0 -809.4457253459841
88000 -810.8452120472211 0 -810.8452120472211
88100 -811.0150126190856 0 -811.0150126190856
88200 -831.8259041765705 0 -831.8259041765705
88300 -794.1066638226621 0 -794.1066638226621
88400 -840.6448350995779 0 -840.6448350995779
88500 -827.3402874977328 0 -827.3402874977328
88600 -804.4252171746921 0 -804.4252171746921
88700 -804.3102166168392 0 -804.3102166168392
88800 -808.9591067850124 0 -808.9591067850124
88900 -838.5957093976904 0 -838.5957093976904
89000 -821.1933233356103 0 -821.1933233356103
89100 -860.6685810473282 0 -860.6685810473282
89200 -848.919970597839 0 -848.919970597839
89300 -853.6166322864592 0 -853.6166322864592
89400 -840.7230351197068 0 -840.7230351197068
89500 -843.6767946318723 0 -843.6767946318723
89600 -915.884842782747 0 -915.884842782747
89700 -858.9373942916282 0 -858.9373942916282
89800 -857.5168941568118 0 -857.5168941568118
89900 -867.0082927623298 0 -867.0082927623298
90000 -809.7250033803284 0 -809.7250033803284
90100 -786.3203391791321 0 -786.3203391791321
90200 -810.0711563369259 0 -810.0711563369259
90300 -772.7499541649595 0 -772.7499541649595
90400 -787.9866544625256 0 -787.9866544625256
90500 -762.3976725745015 0 -762.3976725745015
90600 -797.9875743079465 0 -797.9875743079465
90700 -819.3400208679959 0 -819.3400208679959
90800 -832.8842286210274 0 -832.8842286210274
90900 -809.1646734692622 0 -809.1646734692622
91000 -800.0808515318204 0 -800.0808515318204
91100 -896.0622175803874 0 -896.0622175803874
91200 -853.6320323026739 0 -853.6320323026739
91300 -836.673306500772 0 -836.673306500772
91400 -864.8051320705563 0 -864.8051320705563
91500 -799.5813753353432 0 -799.5813753353432
91600 -809.6388799168635 0 -809.6388799168635
91700 -752.268953330582 0 -752.268953330582
91800 -753.0897656290326 0 -753.0897656290326
91900 -775.0532224964118 0 -775.0532224964118
92000 -734.6488055575173 0 -734.6488055575173
92100 -756.332034528954 0 -756.332034528954
92200 -797.7285297503695 0 -797.7285297503695
92300 -832.031014504144 0 -832.031014504144
92400 -853.4551037591882 0 -853.4551037591882
92500 -851.7379609814379 0 -851.7379609814379
92600 -855.7194674047641 0 -855.7194674047641
92700 -817.6224971157499 0 -817.6224971157499
92800 -805.6184154336806 0 -805.6184154336806
92900 -819.822145354934 0 -819.822145354934
93000 -847.5023911728058 0 -847.5023911728058
93100 -881.3223451632075 0 -881.3223451632075
93200 -850.5428386789281 0 -850.5428386789281
93300 -799.025247089332 0 -799.025247089332
93400 -759.4652824432123 0 -759.4652824432123
93500 -772.9673044600058 0 -772.9673044600058
93600 -753.2016975306906 0 -753.2016975306906
93700 -811.0194989626762 0 -811.0194989626762
93800 -779.4686365427915 0 -779.4686365427915
93900 -808.9302369895522 0 -808.9302369895522
94000 -796.5721780552849 0 -796.5721780552849
94100 -829.2005238407291 0 -829.2005238407291
94200 -848.5826241003815 0 -848.5826241003815
94300 -827.1906718127429 0 -827.1906718127429
94400 -809.1464445469901 0 -809.1464445469901
94500 -826.7090641707182 0 -826.7090641707182
94600 -850.1062187466305 0 -850.1062187466305
94700 -847.5769109025132 0 -847.5769109025132
94800 -778.599573380081 0 -778.599573380081
94900 -741.4846844468266 0 -741.4846844468266
95000 -699.8777279315982 0 -699.8777279315982
95100 -710.0930119224358 0 -710.0930119224358
95200 -683.2978832530789 0 -683.2978832530789
95300 -764.7001422333997 0 -764.7001422333997
95400 -756.4523120501544 0 -756.4523120501544
95500 -744.8976537163981 0 -744.8976537163981
95600 -748.7495080506196 0 -748.7495080506196
95700 -798.1919758597505 0 -798.1919758597505
95800 -811.5914214381482 0 -811.5914214381482
95900 -803.0078383521177 0 -803.0078383521177
96000 -770.0710802946705 0 -770.0710802946705
96100 -793.7746662350837 0 -793.7746662350837
96200 -780.6249595682602 0 -780.6249595682602
96300 -754.4330375809222 0 -754.4330375809222
96400 -757.9833338654134 0 -757.9833338654134
96500 -734.4671955148224 0 -734.4671955148224
96600 -749.0323733624537 0 -749.0323733624537
96700 -691.4644418049138 0 -691.4644418049138
96800 -720.7802406560513 0 -720.7802406560513
96900 -730.1199502809905 0 -730.1199502809905
97000 -727.9042140410165 0 -727.9042140410165
97100 -745.9588842431549 0 -745.9588842431549
97200 -725.1505158750806 0 -725.1505158750806
97300 -705.3282462898642 0 -705.3282462898642
97400 -716.0402600555681 0 -716.0402600555681
97500 -710.6744502687361 0 -710.6744502687361
97600 -708.6183968139812 0 -708.6183968139812
97700 -736.4871619217447 0 -736.4871619217447
97800 -678.6115028338972 0 -678.6115028338972
97900 -705.2446656145621 0 -705.2446656145621
98000 -700.9430781453848 0 -700.9430781453848
98100 -704.5111461204942 0 -704.5111461204942
98200 -757.3674816526473 0 -757.3674816526473
98300 -765.261683258228 0 -765.261683258228
98400 -742.1268399110413 0 -742.1268399110413
98500 -685.9483224544674 0 -685.9483224544674
98600 -734.7613706488628 0 -734.7613706488628
98700 -755.9606231159996 0 -755.9606231159996
98800 -754.611982998671 0 -754.611982998671
98900 -749.1764056278626 0 -749.1764056278626
99000 -697.2216817806948 0 -697.2216817806948
99100 -694.3520506157074 0 -694.3520506157074
99200 -715.7752225664444 0 -715.7752225664444
99300 -717.3763980348594 0 -717.3763980348594
99400 -680.5822101400699 0 -680.5822101400699
99500 -694.6945944949985 0 -694.6945944949985
99600 -691.0474046331365 0 -691.0474046331365
99700 -700.0629592901096 0 -700.0629592901096
99800 -725.660480724182 0 -725.660480724182
99900 -748.5500702601857 0 -748.5500702601857
100000 -749.1931976736523 0 -749.1931976736523
100100 -757.7531796188559 0 -757.7531796188559
100200 -772.2779529187828 0 -772.2779529187828
100300 -784.9624737729318 0 -784.9624737729318
100400 -761.1186124925152 0 -761.1186124925152
100500 -736.5964665589854 0 -736.5964665589854
100600 -719.1322846456897 0 -719.1322846456897
100700 -718.7082993737422 0 -718.7082993737422
100800 -703.0036370931193 0 -703.0036370931193
100900 -719.9035406329203 0 -719.9035406329203
101000 -710.3086903314106 0 -710.3086903314106
101100 -707.057348952163 0 -707.057348952163
101200 -666.4629028423224 0 -666.4629028423224
101300 -662.5701327358838 0 -662.5701327358838
101400 -666.0815435103141 0 -666.0815435103141
101500 -691.9020951157436 0 -691.9020951157436
101600 -698.2389823660487 0 -698.2389823660487
101700 -698.1508964423556 0 -698.1508964423556
101800 -681.8387805058155 0 -681.8387805058155
101900 -668.800655127503 0 -668.800655127503
102000 -735.0737028790172 0 -735.0737028790172
102100 -693.2781177132856 0 -693.2781177132856
102200 -685.9594518113881 0 -685.9594518113881
102300 -710.3682292080484 0 -710.3682292080484
102400 -673.0174945523031 0 -673.0174945523031
102500 -671.0660793734714 0 -671.0660793734714
102600 -688.9541980747599 0 -688.9541980747599
102700 -700.8298879312351 0 -700.8298879312351
102800 -731.5062758122222 0 -731.5062758122222
102900 -718.6823581352364 0 -718.6823581352364
103000 -735.7441327222623 0 -735.7441327222623
103100 -695.858452781802 0 -695.858452781802
103200 -702.9937909583095 0 -702.9937909583095
103300 -705.6445163446479 0 -705.6445163446479
103400 -734.5905481448863 0 -734.5905481448863
103500 -714.1284277278464 0 -714.1284277278464
103600 -743.3954459379893 0 -743.3954459379893
103700 -716.094649967039 0 -716.094649967039
103800 -702.4186474417802 0 -702.4186474417802
103900 -735.8808373198844 0 -735.8808373198844
104000 -697.6253996319138 0 -697.6253996319138
104100 -715.9559328902978 0 -715.9559328902978
104200 -669.5057958096731 0 -669.5057958096731
104300 -706.0101765845902 0 -706.0101765845902
104400 -720.6784516514745 0 -720.6784516514745
104500 -745.647286279127 0 -745.647286279127
104600 -737.8290408295579 0 -737.8290408295579
104700 -716.8861803058535 0 -716.8861803058535
104800 -742.1722901775502 0 -742.1722901775502
104900 -796.2585566863418 0 -796.2585566863418
105000 -809.3338911763858 0 -809.3338911763858
105100 -819.3612965082284 0 -819.3612965082284
105200 -868.2037525423802 0 -868.2037525423802
105300 -844.4210018850863 0 -844.4210018850863
105400 -813.1216068617068 0 -813.1216068617068
105500 -836.9711642768234 0 -836.9711642768234
105600 -858.6951358548831 0 -858.6951358548831
105700 -840.356448873179 0 -840.356448873179
105800 -847.1584116001613 0 -847.1584116001613
105900 -847.0542124481872 0 -847.0542124481872
106000 -891.338652923936 0 -891.338652923936
106100 -911.4688876383007 0 -911.4688876383007
106200 -907.8597004604526 0 -907.8597004604526
106300 -903.7615680689923 0 -903.7615680689923
106400 -939.4780295095406 0 -939.4780295095406
106500 -908.1236123365816 0 -908.1236123365816
106600 -956.5904025412165 0 -956.5904025412165
106700 -964.973006182583 0 -964.973006182583
106800 -957.3460268734489 0 -957.3460268734489
106900 -959.4749286365695 0 -959.4749286365695
107000 -1000.468070417177 0 -1000.468070417177
107100 -1037.33305103844 0 -1037.33305103844
107200 -979.3821349507198 0 -979.3821349507198
107300 -913.3750869911164 0 -913.3750869911164
107400 -929.5138723321725 0 -929.5138723321725
107500 -879.9391441333573 0 -879.9391441333573
107600 -906.2726297427434 0 -906.2726297427434
107700 -924.1155724360142 0 -924.1155724360142
107800 -890.6354793778155 0 -890.6354793778155
107900 -882.8406455961522 0 -882.8406455961522
108000 -916.2383990690578 0 -916.2383990690578
108100 -923.4776965645142 0 -923.4776965645142
108200 -873.2515877271071 0 -873.2515877271071
108300 -823.0915737526957 0 -823.0915737526957
108400 -900.5932210403262 0 -900.5932210403262
108500 -871.9358610806521 0 -871.9358610806521
108600 -862.8737359191291 0 -862.8737359191291
108700 -861.024325828068 0 -861.024325828068
108800 -841.3599257820752 0 -841.3599257820752
108900 -863.9398705030326 0 -863.9398705030326
109000 -862.2194148688577 0 -862.2194148688577
109100 -858.6408694647253 0 -858.6408694647253
109200 -887.1794823340606 0 -887.1794823340606
109300 -824.1639267017599 0 -824.1639267017599
109400 -839.1278625442646 0 -839.1278625442646
109500 -862.2352173370309 0 -862.2352173370309
109600 -869.5747006202582 0 -869.5747006202582
109700 -888.2285441348358 0 -888.2285441348358
109800 -831.3567069864366 0 -831.3567069864366
109900 -806.1367625033017 0 -806.1367625033017
110000 -841.1217748855706 0 -841.1217748855706
110100 -817.2850769951474 0 -817.2850769951474
110200 -885.8060754123144 0 -885.8060754123144
110300 -878.0747664049268 0 -878.0747664049268
110400 -836.1843434232287 0 -836.1843434232287
110500 -842.5760603337549 0 -842.5760603337549
110600 -882.2892850852804 0 -882.2892850852804
110700 -906.77242780081 0 -906.77242780081
110800 -965.2493847613223 0 -965.2493847613223
110900 -985.9100348257925 0 -985.9100348257925
111000 -964.3817817161325 0 -964.3817817161325
111100 -945.8347881273949 0 -945.8347881273949
111200 -946.1344587526983 0 -946.1344587526983
111300 -970.8306674160995 0 -970.8306674160995
111400 -976.1528223920614 0 -976.1528223920614
111500 -972.6225163638592 0 -972.6225163638592
111600 -934.0232060756534 0 -934.0232060756534
111700 -947.5759504201706 0 -947.5759504201706
111800 -946.8830348486081 0 -946.8830348486081
111900 -950.3248527860269 0 -950.3248527860269
112000 -974.0835063117556 0 -974.0835063117556
112100 -977.7171021895483 0 -977.7171021895483
112200 -934.1611479970161 0 -934.1611479970161
112300 -971.5204666792415 0 -971.5204666792415
112400 -904.8932890032884 0 -904.8932890032884
112500 -884.2029068502598 0 -884.2029068502598
112600 -896.2130410501268 0 -896.2130410501268
112700 -866.6879631427582 0 -866.6879631427582
112800 -888.9170630904846 0 -888.9170630904846
112900 -881.3859565949533 0 -881.3859565949533
113000 -906.0292500455398 0 -906.0292500455398
113100 -871.7329268741887 0 -871.7329268741887
113200 -888.6985027506016 0 -888.6985027506016
113300 -866.5285396086983 0 -866.5285396086983
113400 -873.8332407756243 0 -873.8332407756243
113500 -847.1084395858925 0 -847.1084395858925
113600 -838.9638346729334 0 -838.9638346729334
113700 -848.7791623726953 0 -848.7791623726953
113800 -805.5109286885709 0 -805.5109286885709
113900 -770.6405623673927 0 -770.6405623673927
114000 -777.9020961550414 0 -777.9020961550414
114100 -775.2516295331443 0 -775.2516295331443
114200 -800.5600971712265 0 -800.5600971712265
114300 -797.8204551399685 0 -797.8204551399685
114400 -761.6046267077327 0 -761.6046267077327
114500 -764.8848664916586 0 -764.8848664916586
114600 -794.2438058776315 0 -794.2438058776315
114700 -807.8477359421086 0 -807.8477359421086
114800 -754.7678734390065 0 -754.7678734390065
114900 -744.1370025058277 0 -744.1370025058277
115000 -740.5627287458628 0 -740.5627287458628
115100 -771.3816591785289 0 -771.3816591785289
115200 -751.3239890527911 0 -751.3239890527911
115300 -778.7570591035765 0 -778.7570591035765
115400 -806.7219611465698 0 -806.7219611465698
115500 -824.3408706581686 0 -824.3408706581686
115600 -822.7932588884141 0 -822.7932588884141
115700 -808.7721220082603 0 -808.7721220082603
115800 -785.6545761558227 0 -785.6545761558227
115900 -807.7191854033154 0 -807.7191854033154
116000 -798.906740130973 0 -798.906740130973
116100 -727.582396880025 0 -727.582396880025
116200 -721.6960239487235 0 -721.6960239487235
116300 -758.795963271521 0 -758.795963271521
116400 -732.6916295773408 0 -732.6916295773408
116500 -744.9278272609226 0 -744.9278272609226
116600 -758.1134712510975 0 -758.1134712510975
116700 -686.7866268381476 0 -686.7866268381476
116800 -632.1606708921026 0 -632.1606708921026
116900 -681.1201639520004 0 -681.1201639520004
117000 -675.2299969750457 0 -675.2299969750457
117100 -679.4260216399562 0 -679.4260216399562
117200 -689.5574443538208 0 -689.5574443538208
117300 -690.3703875389765 0 -690.3703875389765
117400 -702.8757709099445 0 -702.8757709099445
117500 -677.0724214296788 0 -677.0724214296788
117600 -677.3656141142128 0 -677.3656141142128
117700 -668.6460415346082 0 -668.6460415346082
117800 -657.5669626131421 0 -657.5669626131421
117900 -667.767377267126 0 -667.767377267126
118000 -666.3114819386974 0 -666.3114819386974
118100 -702.7305662503932 0 -702.7305662503932
118200 -673.0774472055491 0 -673.0774472055491
118300 -656.731127675157 0 -656.731127675157
118400 -721.3550335671753 0 -721.3550335671753
118500 -688.7162902674172 0 -688.7162902674172
118600 -714.1603882384952 0 -714.1603882384952
118700 -751.0583282497246 0 -751.0583282497246
118800 -736.589440979762 0 -736.589440979762
118900 -729.0682408891153 0 -729.0682408891153
119000 -719.3480667849071 0 -719.3480667849071
119100 -752.2547405795194 0 -752.2547405795194
119200 -757.9091993269976 0 -757.9091993269976
119300 -700.4871450266801 0 -700.4871450266801
119400 -690.0965902210446 0 -690.0965902210446
119500 -690.0238655650755 0 -690.0238655650755
119600 -709.461768952664 0 -709.461768952664
119700 -685.8036709842272 0 -685.8036709842272
119800 -659.7935287724249 0 -659.7935287724249
119900 -661.3136140562128 0 -661.3136140562128
120000 -661.4716517073102 0 -661.4716517073102
120100 -600.7287985368166 0 -600.7287985368166
120200 -642.9800008749589 0 -642.9800008749589
120300 -699.2511232763063 0 -699.2511232763063
120400 -704.7865088984836 0 -704.7865088984836
120500 -703.1974774978589 0 -703.1974774978589
120600 -684.8984012883739 0 -684.8984012883739
120700 -699.0892311909702 0 -699.0892311909702
120800 -718.94847670733 0 -718.94847670733
120900 -733.1644708432723 0 -733.1644708432723
121000 -721.0543860346079 0 -721.0543860346079
121100 -675.5500850556418 0 -675.5500850556418
121200 -675.2609581322176 0 -675.2609581322176
121300 -680.6659372095019 0 -680.6659372095019
121400 -734.1826823153533 0 -734.1826823153533
121500 -700.3591446333157 0 -700.3591446333157
121600 -702.7167484730016 0 -702.7167484730016
121700 -721.0538171580993 0 -721.0538171580993
121800 -718.6760924845003 0 -718.6760924845003
121900 -745.4580173778813 0 -745.4580173778813
122000 -713.4890115319286 0 -713.4890115319286
122100 -696.7640722829383 0 -696.7640722829383
122200 -701.2176058357581 0 -701.2176058357581
122300 -748.5014851971064 0 -748.5014851971064
122400 -714.2892369092442 0 -714.2892369092442
122500 -701.2552739011589 0 -701.2552739011589
122600 -711.4503895486705 0 -711.4503895486705
122700 -691.5396871354897 0 -691.5396871354897
122800 -715.8602157512214 0 -715.8602157512214
122900 -695.4781771365087 0 -695.4781771365087
123000 -710.1891474565491 0 -710.1891474565491
123100 -706.2685578231467 0 -706.2685578231467
123200 -716.1666699587367 0 -716.1666699587367
123300 -684.3310222658329 0 -684.3310222658329
123400 -699.458661839366 0 -699.458661839366
123500 -680.7573179057799 0 -680.7573179057799
123600 -768.2353136637248 0 -768.2353136637248
123700 -711.6885686239693 0 -711.6885686239693
123800 -739.2364682336338 0 -739.2364682336338
123900 -730.0136707909405 0 -730.0136707909405
124000 -743.6636010125512 0 -743.6636010125512
124100 -728.4001914050896 0 -728.4001914050896
124200 -718.0605526121799 0 -718.0605526121799
124300 -722.8007745367941 0 -722.8007745367941
124400 -694.154319135705 0 -694.154319135705
124500 -710.3128269384615 0 -710.3128269384615
124600 -731.70688992535 0 -731.70688992535
124700 -705.2442174626049 0 -705.2442174626049
124800 -691.6552182678133 0 -691.6552182678133
124900 -676.2102932659909 0 -676.2102932659909
125000 -661.6878648856655 0 -661.6878648856655
125100 -649.9598228826653 0 -649.9598228826653
125200 -678.2259410165716 0 -678.2259410165716
125300 -716.8287843936123 0 -716.8287843936123
125400 -709.6856092964299 0 -709.6856092964299
125500 -724.9524482460693 0 -724.9524482460693
125600 -704.4855755013414 0 -704.4855755013414
125700 -694.5668877440039 0 -694.5668877440039
125800 -725.7449909460265 0 -725.7449909460265
125900 -697.6700273769675 0 -697.6700273769675
126000 -733.2381661348045 0 -733.2381661348045
126100 -662.6041564561892 0 -662.6041564561892
126200 -708.8413870590739 0 -708.8413870590739
126300 -672.3613452839199 0 -672.3613452839199
126400 -704.0666019218042 0 -704.0666019218042
126500 -730.691472546896 0 -730.691472546896
126600 -706.3042418865953 0 -706.3042418865953
126700 -710.5187571069691 0 -710.5187571069691
126800 -747.1025431230664 0 -747.1025431230664
126900 -730.4601371299941 0 -730.4601371299941
127000 -710.0143397632055 0 -710.0143397632055
127100 -727.4294493719935 0 -727.4294493719935
127200 -678.6101921040099 0 -678.6101921040099
127300 -688.4347963496111 0 -688.4347963496111
127400 -663.2914979788475 0 -663.2914979788475
127500 -726.530261625303 0 -726.530261625303
127600 -722.0770510346629 0 -722.0770510346629
127700 -684.4339037693353 0 -684.4339037693353
127800 -654.5526326047257 0 -654.5526326047257
127900 -663.3088541074831 0 -663.3088541074831
128000 -657.1833975147456 0 -657.1833975147456
128100 -649.7605489029083 0 -649.7605489029083
128200 -654.3942924784496 0 -654.3942924784496
128300 -661.7671488097403 0 -661.7671488097403
128400 -652.9954989524558 0 -652.9954989524558
128500 -632.9658883392112 0 -632.9658883392112
128600 -633.6634710647631 0 -633.6634710647631
128700 -636.0930097736418 0 -636.0930097736418
128800 -671.518315207446 0 -671.518315207446
128900 -628.2444672812708 0 -628.2444672812708
129000 -618.5635710722418 0 -618.5635710722418
129100 -612.7426563214976 0 -612.7426563214976
129200 -678.9312695495319 0 -678.9312695495319
129300 -657.826875184197 0 -657.826875184197
129400 -661.0211676247418 0 -661.0211676247418
129500 -675.0583428710233 0 -675.0583428710233
129600 -715.5729306030553 0 -715.5729306030553
129700 -716.4631959218532 0 -716.4631959218532
129800 -700.5036382426042 0 -700.5036382426042
129900 -696.888663836522 0 -696.888663836522
130000 -677.8171910380479 0 -677.8171910380479
130100 -716.3577470113523 0 -716.3577470113523
130200 -647.8367638185155 0 -647.8367638185155
130300 -629.0433299941942 0 -629.0433299941942
130400 -631.7686861108741 0 -631.7686861108741
130500 -660.402126298286 0 -660.402126298286
130600 -706.5759761165828 0 -706.5759761165828
130700 -729.3873394329567 0 -729.3873394329567
130800 -750.3337789222132 0 -750.3337789222132
130900 -736.17029932281 0 -736.17029932281
131000 -708.6813207531231 0 -708.6813207531231
131100 -711.6635272549465 0 -711.6635272549465
131200 -706.3621010479983 0 -706.3621010479983
131300 -727.1588901011273 0 -727.1588901011273
131400 -676.5766543146456 0 -676.5766543146456
131500 -661.5540645451983 0 -661.5540645451983
131600 -701.3025604247814 0 -701.3025604247814
131700 -682.9431259651901 0 -682.9431259651901
131800 -691.8380638172384 0 -691.8380638172384
131900 -713.8561726256739 0 -713.8561726256739
132000 -724.9434618530795 0 -724.9434618530795
132100 -711.0929790367372 0 -711.0929790367372
132200 -688.6081944145262 0 -688.6081944145262
132300 -728.89288505679 0 -728.89288505679
132400 -660.1883340587374 0 -660.1883340587374
132500 -674.1639710143209 0 -674.1639710143209
132600 -719.0466420492157 0 -719.0466420492157
132700 -788.4624149168376 0 -788.4624149168376
132800 -764.3120354404673 0 -764.3120354404673
132900 -745.2014703885652 0 -745.2014703885652
133000 -696.4917596692685 0 -696.4917596692685
133100 -718.9778729528189 0 -718.9778729528189
133200 -693.9647109284997 0 -693.9647109284997
133300 -682.5821706745774 0 -682.5821706745774
133400 -653.1750567790587 0 -653.1750567790587
133500 -665.9313681798521 0 -665.9313681798521
133600 -687.4172446439043 0 -687.4172446439043
133700 -712.1835890104994 0 -712.1835890104994
133800 -681.1947786563542 0 -681.1947786563542
133900 -683.5989581174217 0 -683.5989581174217
134000 -692.5144761593547 0 -692.5144761593547
134100 -701.8973981963936 0 -701.8973981963936
134200 -673.1859996411949 0 -673.1859996411949
134300 -682.5105482244398 0 -682.5105482244398
134400 -708.7645567080472 0 -708.7645567080472
134500 -678.3603399943095 0 -678.3603399943095
134600 -652.2849142602645 0 -652.2849142602645
134700 -620.4007165464573 0 -620.4007165464573
134800 -611.4103901390918 0 -611.4103901390918
134900 -637.0995851210319 0 -637.0995851210319
135000 -664.2767165738624 0 -664.2767165738624
135100 -626.8645849395543 0 -626.8645849395543
135200 -651.7255225463305 0 -651.7255225463305
135300 -663.0080804310273 0 -663.0080804310273
135400 -686.0779249514453 0 -686.0779249514453
135500 -729.6917857136577 0 -729.6917857136577
135600 -700.2677410594188 0 -700.2677410594188
135700 -702.7325547826476 0 -702.7325547826476
135800 -713.0471588068176 0 -713.0471588068176
135900 -683.5832766138483 0 -683.5832766138483
136000 -704.5128776349593 0 -704.5128776349593
136100 -682.2671881157439 0 -682.2671881157439
136200 -673.7087670707842 0 -673.7087670707842
136300 -696.0949442475103 0 -696.0949442475103
136400 -707.3999266808387 0 -707.3999266808387
136500 -727.9926323620602 0 -727.9926323620602
136600 -688.1421070313081 0 -688.1421070313081
136700 -719.6507864829618 0 -719.6507864829618
136800 -759.9172612552065 0 -759.9172612552065
136900 -753.146120875841 0 -753.146120875841
137000 -737.7730897294823 0 -737.7730897294823
137100 -742.9970250553451 0 -742.9970250553451
137200 -717.457779860124 0 -717.457779860124
137300 -750.4245133602526 0 -750.4245133602526
137400 -722.4991362185683 0 -722.4991362185683
137500 -668.8719233168231 0 -668.8719233168231
137600 -718.0175813925453 0 -718.0175813925453
137700 -737.1750206144061 0 -737.1750206144061
137800 -750.1320702646044 0 -750.1320702646044
137900 -749.66075507598 0 -749.66075507598
138000 -769.0713408472948 0 -769.0713408472948
138100 -725.776704459684 0 -725.776704459684
138200 -690.3743012030609 0 -690.3743012030609
138300 -719.1332670371048 0 -719.1332670371048
138400 -730.5367356574861 0 -730.5367356574861
138500 -759.2425078877714 0 -759.2425078877714
138600 -782.8330303984694 0 -782.8330303984694
138700 -744.9756539113587 0 -744.9756539113587
138800 -751.840943519026 0 -751.840943519026
138900 -731.3444690729957 0 -731.3444690729957
139000 -688.3966666533379 0 -688.3966666533379
139100 -693.4627633512719 0 -693.4627633512719
139200 -699.7570536120329 0 -699.7570536120329
139300 -699.4796824783552 0 -699.4796824783552
139400 -698.0084868590347 0 -698.0084868590347
139500 -719.9843958066776 0 -719.9843958066776
139600 -706.1670428575017 0 -706.1670428575017
139700 -746.7224221389188 0 -746.7224221389188
139800 -772.3490158084314 0 -772.3490158084314
139900 -737.8029761253856 0 -737.8029761253856
140000 -721.5799302721862 0 -721.5799302721862
140100 -676.0848394376226 0 -676.0848394376226
140200 -686.4156678062864 0 -686.4156678062864
140300 -716.3787893991685 0 -716.3787893991685
140400 -712.5410216867458 0 -712.5410216867458
140500 -744.0820937461685 0 -744.0820937461685
140600 -754.4858034644276 0 -754.4858034644276
140700 -713.2682754246052 0 -713.2682754246052
140800 -681.7561920410371 0 -681.7561920410371
140900 -718.2533898178954 0 -718.2533898178954
141000 -713.0716812994797 0 -713.0716812994797
141100 -751.8555940515362 0 -751.8555940515362
141200 -723.3075754434103 0 -723.3075754434103
141300 -747.7538768593222 0 -747.7538768593222
141400 -717.011735353386 0 -717.011735353386
141500 -687.9582656128332 0 -687.9582656128332
141600 -707.5885675121099 0 -707.5885675121099
141700 -673.4197580434848 0 -673.4197580434848
141800 -671.6148431631736 0 -671.6148431631736
141900 -710.8055359326536 0 -710.8055359326536
142000 -716.744295010576 0 -716.744295010576
142100 -705.9914671038277 0 -705.9914671038277
142200 -712.0116101163439 0 -712.0116101163439
142300 -745.7565790980589 0 -745.7565790980589
142400 -775.2841583041009 0 -775.2841583041009
142500 -785.0927674594568 0 -785.0927674594568
142600 -787.9760861133691 0 -787.9760861133691
142700 -819.2368977954611 0 -819.2368977954611
142800 -821.6883933713252 0 -821.6883933713252
142900 -767.1984576521209 0 -767.1984576521209
143000 -786.9446349518839 0 -786.9446349518839
143100 -821.4641543100588 0 -821.4641543100588
143200 -837.8348965607584 0 -837.8348965607584
143300 -779.8105910082813 0 -779.8105910082813
143400 -825.4614526205114 0 -825.4614526205114
143500 -836.3580766518717 0 -836.3580766518717
143600 -807.1981705906801 0 -807.1981705906801
143700 -824.3715454947669 0 -824.3715454947669
143800 -853.7431858866476 0 -853.7431858866476
143900 -837.1578417054843 0 -837.1578417054843
144000 -801.9545292559778 0 -801.9545292559778
144100 -814.7242201339686 0 -814.7242201339686
144200 -817.5335124712437 0 -817.5335124712437
144300 -785.1921390597709 0 -785.1921390597709
144400 -753.6158912417013 0 -753.6158912417013
144500 -740.8336879448034 0 -740.8336879448034
144600 -771.082572164014 0 -771.082572164014
144700 -763.268544086488 0 -763.268544086488
144800 -741.4514311684761 0 -741.4514311684761
144900 -719.0899358000606 0 -719.0899358000606
145000 -721.5740407421254 0 -721.5740407421254
145100 -726.7191228538286 0 -726.7191228538286
145200 -687.3816074773204 0 -687.3816074773204
145300 -705.3568771006539 0 -705.3568771006539
145400 -683.0702770279022 0 -683.0702770279022
145500 -694.6237793348264 0 -694.6237793348264
145600 -688.2080341859255 0 -688.2080341859255
145700 -694.2270845049061 0 -694.2270845049061
145800 -673.3330635582097 0 -673.3330635582097
145900 -659.1054780152626 0 -659.1054780152626
146000 -646.6017729280284 0 -646.6017729280284
146100 -653.9037959573325 0 -653.9037959573325
146200 -678.7327752518468 0 -678.7327752518468
146300 -737.6231986749335 0 -737.6231986749335
146400 -693.9013189290708 0 -693.9013189290708
146500 -672.832009078702 0 -672.832009078702
146600 -661.4508355865255 0 -661.4508355865255
146700 -664.9156171397772 0 -664.9156171397772
146800 -651.4952422576025 0 -651.4952422576025
146900 -661.092587839812 0 -661.092587839812
147000 -642.2726122974418 0 -642.2726122974418
147100 -670.7442795964889 0 -670.7442795964889
147200 -642.6824978771619 0 -642.6824978771619
147300 -642.9286777768284 0 -642.9286777768284
147400 -598.6022013702895 0 -598.6022013702895
147500 -633.18784872588 0 -633.18784872588
147600 -617.5782161715906 0 -617.5782161715906
147700 -636.6796126313275 0 -636.6796126313275
147800 -632.8253400877584 0 -632.8253400877584
147900 -593.5336837798823 0 -593.5336837798823
148000 -638.8458364506951 0 -638.8458364506951
148100 -626.5019108529668 0 -626.5019108529668
148200 -644.9833061478566 0 -644.9833061478566
148300 -703.8563392059878 0 -703.8563392059878
148400 -682.7566478368826 0 -682.7566478368826
148500 -700.5283964970149 0 -700.5283964970149
148600 -681.4689080985554 0 -681.4689080985554
148700 -690.0497903423675 0 -690.0497903423675
148800 -646.3543164448638 0 -646.3543164448638
148900 -647.8208359364944 0 -647.8208359364944
149000 -648.8462472175306 0 -648.8462472175306
149100 -660.4931489393639 0 -660.4931489393639
149200 -657.189588530222 0 -657.189588530222
149300 -679.7539921658899 0 -679.7539921658899
149400 -679.2118736226112 0 -679.2118736226112
149500 -712.9388825004662 0 -712.9388825004662
149600 -685.1565810823813 0 -685.1565810823813
149700 -657.5481323271524 0 -657.5481323271524
149800 -717.8356867416296 0 -717.8356867416296
149900 -720.2866709751543 0 -720.2866709751543
150000 -707.0428104363382 0 -707.0428104363382
150100 -706.014394542668 0 -706.014394542668
150200 -725.6012793830596 0 -725.6012793830596
150300 -743.0206769830547 0 -743.0206769830547
150400 -710.0293902005069 0 -710.0293902005069
150500 -758.3581824495923 0 -758.3581824495923
150600 -755.4704862846993 0 -755.4704862846993
150700 -746.3207569806837 0 -746.3207569806837
150800 -774.430497703841 0 -774.430497703841
150900 -752.0549559153151 0 -752.0549559153151
151000 -732.6839453580324 0 -732.6839453580324
151100 -744.2918263496831 0 -744.2918263496831
151200 -744.1521573162172 0 -744.1521573162172
151300 -671.0586864950601 0 -671.0586864950601
151400 -673.1996366316453 0 -673.1996366316453
151500 -698.7399732058402 0 -698.7399732058402
151600 -686.5670501992572 0 -686.5670501992572
151700 -710.8238021486904 0 -710.8238021486904
151800 -695.9664412443526 0 -695.9664412443526
151900 -702.2711522186873 0 -702.2711522186873
152000 -706.9949196652742 0 -706.9949196652742
152100 -715.6980169664603 0 -715.6980169664603
152200 -700.8924561443273 0 -700.8924561443273
152300 -674.1634391271509 0 -674.1634391271509
152400 -656.1119598967489 0 -656.1119598967489
152500 -650.4174670195207 0 -650.4174670195207
152600 -642.6984843488317 0 -642.6984843488317
152700 -635.427475977689 0 -635.427475977689
152800 -621.8446754754987 0 -621.8446754754987
152900 -625.9326864702161 0 -625.9326864702161
153000 -613.9082190659828 0 -613.9082190659828
153100 -631.0357319866307 0 -631.0357319866307
153200 -611.239359911764 0 -611.239359911764
153300 -605.9437243049033 0 -605.9437243049033
153400 -661.2070487707388 0 -661.2070487707388
153500 -661.1845011103433 0 -661.1845011103433
153600 -682.4205795156304 0 -682.4205795156304
153700 -698.8779735218268 0 -698.8779735218268
153800 -747.6745656440035 0 -747.6745656440035
153900 -706.8236927725375 0 -706.8236927725375
154000 -683.1063355575316 0 -683.1063355575316
154100 -677.513108639745 0 -677.513108639745
154200 -696.0842710654251 0 -696.0842710654251
154300 -658.6921449881047 0 -658.6921449881047
154400 -672.7395662466297 0 -672.7395662466297
154500 -674.7408912463579 0 -674.7408912463579
154600 -684.9709962443449 0 -684.9709962443449
154700 -686.3053421750665 0 -686.3053421750665
154800 -667.1744394596899 0 -667.1744394596899
154900 -678.7731505120173 0 -678.7731505120173
155000 -654.0104876707774 0 -654.0104876707774
155100 -685.036323899636 0 -685.036323899636
155200 -625.6116087762639 0 -625.6116087762639
155300 -669.8215605682344 0 -669.8215605682344
155400 -675.2440394197747 0 -675.2440394197747
155500 -662.5214064966112 0 -662.5214064966112
155600 -615.8911038851056 0 -615.8911038851056
155700 -631.5788127270062 0 -631.5788127270062
155800 -593.4043321243953 0 -593.4043321243953
155900 -632.3484979005298 0 -632.3484979005298
156000 -626.0076408544555 0 -626.0076408544555
156100 -608.6856874683872 0 -608.6856874683872
156200 -614.7913609230891 0 -614.7913609230891
156300 -637.5351395567413 0 -637.5351395567413
156400 -637.9616945616435 0 -637.9616945616435
156500 -641.189117252361 0 -641.189117252361
156600 -640.5844266210916 0 -640.5844266210916
156700 -658.9597166022286 0 -658.9597166022286
156800 -660.6196086828131 0 -660.6196086828131
156900 -659.1682346707676 0 -659.1682346707676
157000 -655.9707688612398 0 -655.9707688612398
157100 -682.2890475965105 0 -682.2890475965105
157200 -696.6922540133819 0 -696.6922540133819
157300 -643.5420713657513 0 -643.5420713657513
157400 -615.6830019089393 0 -615.6830019089393
157500 -643.6614755142946 0 -643.6614755142946
157600 -608.2923849287909 0 -608.2923849287909
157700 -638.72078136052 0 -638.72078136052
157800 -655.1877654676791 0 -655.1877654676791
157900 -715.7808605837636 0 -715.7808605837636
158000 -684.1683671448845 0 -684.1683671448845
158100 -664.2011941401288 0 -664.2011941401288
158200 -632.1285716691054 0 -632.1285716691054
158300 -618.8941893433221 0 -618.8941893433221
158400 -587.5519601252745 0 -587.5519601252745
158500 -592.0317518284428 0 -592.0317518284428
158600 -597.8708654239308 0 -597.8708654239308
158700 -582.2685113546904 0 -582.2685113546904
158800 -589.2199760987423 0 -589.2199760987423
158900 -609.9174458782654 0 -609.9174458782654
159000 -588.5170315741561 0 -588.5170315741561
159100 -583.7082108710892 0 -583.7082108710892
159200 -586.3510062706191 0 -586.3510062706191
159300 -546.0643198166508 0 -546.0643198166508
159400 -594.4236142721493 0 -594.4236142721493
159500 -614.6587133980356 0 -614.6587133980356
159600 -687.7088730153337 0 -687.7088730153337
159700 -628.6937767846393 0 -628.6937767846393
159800 -653.0543578285724 0 -653.0543578285724
159900 -620.8080764815677 0 -620.8080764815677
160000 -609.8868717104197 0 -609.8868717104197
160100 -592.6864051015582 0 -592.6864051015582
160200 -636.8207376983482 0 -636.8207376983482
160300 -659.0852349479683 0 -659.0852349479683
160400 -616.5284330279101 0 -616.5284330279101
160500 -624.8303406375926 0 -624.8303406375926
160600 -666.7125109282206 0 -666.7125109282206
160700 -679.3873900338076 0 -679.3873900338076
160800 -675.3174406595062 0 -675.3174406595062
160900 -700.7152530234307 0 -700.7152530234307
161000 -689.83518125111 0 -689.83518125111
161100 -656.9131047115661 0 -656.9131047115661
161200 -651.2691174740903 0 -651.2691174740903
161300 -669.9516241871752 0 -669.9516241871752
161400 -643.2934862989932 0 -643.2934862989932
161500 -650.3968043142231 0 -650.3968043142231
161600 -651.6521796092857 0 -651.6521796092857
161700 -633.4958024870139 0 -633.4958024870139
161800 -663.3827927245293 0 -663.3827927245293
161900 -653.754231482977 0 -653.754231482977
162000 -671.056614292087 0 -671.056614292087
162100 -665.2204987660516 0 -665.2204987660516
162200 -640.2292956353631 0 -640.2292956353631
162300 -604.7609921037219 0 -604.7609921037219
162400 -612.151307488326 0 -612.151307488326
162500 -690.1855161464191 0 -690.1855161464191
162600 -715.3838912369683 0 -715.3838912369683
162700 -679.5016565457918 0 -679.5016565457918
162800 -662.2247985342983 0 -662.2247985342983
162900 -680.2342159750406 0 -680.2342159750406
163000 -646.272576886462 0 -646.272576886462
163100 -695.342533333227 0 -695.342533333227
163200 -635.4583410371561 0 -635.4583410371561
163300 -686.8089711430948 0 -686.8089711430948
163400 -671.4216191817541 0 -671.4216191817541
163500 -706.8908324029762 0 -706.8908324029762
163600 -734.3967528075445 0 -734.3967528075445
163700 -743.5969765291084 0 -743.5969765291084
163800 -727.7390613202006 0 -727.7390613202006
163900 -710.1802498931065 0 -710.1802498931065
164000 -742.5340429840144 0 -742.5340429840144
164100 -792.7370134936646 0 -792.7370134936646
164200 -788.5446917943045 0 -788.5446917943045
164300 -804.6880973854568 0 -804.6880973854568
164400 -831.3430938983802 0 -831.3430938983802
164500 -774.6686548625876 0 -774.6686548625876
164600 -732.9400232513435 0 -732.9400232513435
164700 -722.3903532463592 0 -722.3903532463592
164800 -675.1766006066464 0 -675.1766006066464
164900 -732.3380277636461 0 -732.3380277636461
165000 -741.4659978838172 0 -741.4659978838172
165100 -708.1394257165957 0 -708.1394257165957
165200 -696.2337480364367 0 -696.2337480364367
165300 -710.7323422753252 0 -710.7323422753252
165400 -724.4703425095358 0 -724.4703425095358
165500 -697.9108603470959 0 -697.9108603470959
165600 -697.036950572161 0 -697.036950572161
165700 -685.2745652347803 0 -685.2745652347803
165800 -658.9702279021731 0 -658.9702279021731
165900 -672.6879379151505 0 -672.6879379151505
166000 -607.1445303813089 0 -607.1445303813089
166100 -663.707091670949 0 -663.707091670949
166200 -698.0651648768689 0 -698.0651648768689
166300 -664.936569919344 0 -664.936569919344
166400 -659.3469490362331 0 -659.3469490362331
166500 -639.6057954886928 0 -639.6057954886928
166600 -654.8606616277248 0 -654.8606616277248
166700 -673.5152181591839 0 -673.5152181591839
166800 -686.9500739928335 0 -686.9500739928335
166900 -647.8323199201841 0 -647.8323199201841
167000 -616.1002908246592 0 -616.1002908246592
167100 -629.1733779367059 0 -629.1733779367059
167200 -657.0982718563173 0 -657.0982718563173
167300 -630.3649665731937 0 -630.3649665731937
167400 -583.4801009704825 0 -583.4801009704825
167500 -560.5841963826679 0 -560.5841963826679
167600 -588.1517208467703 0 -588.1517208467703
167700 -625.9611414112151 0 -625.9611414112151
167800 -631.3261887787376 0 -631.3261887787376
167900 -634.1252743548248 0 -634.1252743548248
168000 -617.5400404438842 0 -617.5400404438842
168100 -616.402307346696 0 -616.402307346696
168200 -607.6526605470572 0 -607.6526605470572
168300 -600.5307086033281 0 -600.5307086033281
168400 -621.5418995390646 0 -621.5418995390646
168500 -648.6424296624027 0 -648.6424296624027
168600 -614.6065953911748 0 -614.6065953911748
168700 -623.3372583342716 0 -623.3372583342716
168800 -610.8969420280773 0 -610.8969420280773
168900 -637.3263837061822 0 -637.3263837061822
169000 -620.3187598553486 0 -620.3187598553486
169100 -630.2751149544492 0 -630.2751149544492
169200 -616.7236434353981 0 -616.7236434353981
169300 -608.4380574573297 0 -608.4380574573297
169400 -623.7512228933629 0 -623.7512228933629
169500 -599.8075136346743 0 -599.8075136346743
169600 -620.6109388726763 0 -620.6109388726763
169700 -630.2500203730306 0 -630.2500203730306
169800 -654.519971312955 0 -654.519971312955
169900 -671.4638303094544 0 -671.4638303094544
170000 -571.7836609631777 0 -571.7836609631777
170100 -571.6174110730644 0 -571.6174110730644
170200 -542.923421836691 0 -542.923421836691
170300 -571.3712082642596 0 -571.3712082642596
170400 -593.9284146772698 0 -593.9284146772698
170500 -579.7989380974323 0 -579.7989380974323
170600 -606.8787515920121 0 -606.8787515920121
170700 -630.2606745281519 0 -630.2606745281519
170800 -683.4172378862277 0 -683.4172378862277
170900 -701.2136092882138 0 -701.2136092882138
171000 -683.9436692357995 0 -683.9436692357995
171100 -638.4255702344235 0 -638.4255702344235
171200 -640.5709437634796 0 -640.5709437634796
171300 -650.9446913071442 0 -650.9446913071442
171400 -663.9178445003927 0 -663.9178445003927
171500 -672.0623284847243 0 -672.0623284847243
171600 -690.7117859671707 0 -690.7117859671707
171700 -674.2224176513846 0 -674.2224176513846
171800 -698.1860554539599 0 -698.1860554539599
171900 -676.681349231163 0 -676.681349231163
172000 -711.7843827614561 0 -711.7843827614561
172100 -708.6835953912232 0 -708.6835953912232
172200 -777.7395989138167 0 -777.7395989138167
172300 -795.1845958495978 0 -795.1845958495978
172400 -760.9438872910105 0 -760.9438872910105
172500 -716.6295667614322 0 -716.6295667614322
172600 -668.1552334015723 0 -668.1552334015723
172700 -718.2815491997171 0 -718.2815491997171
172800 -670.6510645309463 0 -670.6510645309463
172900 -654.2636614593212 0 -654.2636614593212
173000 -688.9924156933557 0 -688.9924156933557
173100 -673.4670760009903 0 -673.4670760009903
173200 -662.3149132505059 0 -662.3149132505059
173300 -642.7733012160461 0 -642.7733012160461
173400 -674.8349112838041 0 -674.8349112838041
173500 -651.6910335330758 0 -651.6910335330758
173600 -619.3159559441265 0 -619.3159559441265
173700 -632.621218492277 0 -632.621218492277
173800 -634.6879233396612 0 -634.6879233396612
173900 -690.9994805488968 0 -690.9994805488968
174000 -649.0383051864337 0 -649.0383051864337
174100 -626.6939799124375 0 -626.6939799124375
174200 -664.913629185874 0 -664.913629185874
174300 -638.9096797537059 0 -638.9096797537059
174400 -638.1328219918068 0 -638.1328219918068
174500 -615.3508583388757 0 -615.3508583388757
174600 -677.6116690426716 0 -677.6116690426716
174700 -694.7781328184064 0 -694.7781328184064
174800 -696.329281346756 0 -696.329281346756
174900 -687.2815248521511 0 -687.2815248521511
175000 -686.3258063602261 0 -686.3258063602261
175100 -688.8021933457931 0 -688.8021933457931
175200 -674.9779138062149 0 -674.9779138062149
175300 -702.2932245130651 0 -702.2932245130651
175400 -716.9887547849212 0 -716.9887547849212
175500 -711.684968160931 0 -711.684968160931
175600 -711.212350372225 0 -711.212350372225
175700 -721.4813543346245 0 -721.4813543346245
175800 -683.3911404833198 0 -683.3911404833198
175900 -685.7514995880483 0 -685.7514995880483
176000 -709.4039158890955 0 -709.4039158890955
176100 -712.7295441152528 0 -712.7295441152528
176200 -668.2932320171967 0 -668.2932320171967
176300 -664.954558006837 0 -664.954558006837
176400 -693.2748750778846 0 -693.2748750778846
176500 -640.4639842493343 0 -640.4639842493343
176600 -641.0651308342349 0 -641.0651308342349
176700 -652.2814396040048 0 -652.2814396040048
176800 -664.3312547141686 0 -664.3312547141686
176900 -647.6616337022278 0 -647.6616337022278
177000 -676.4275779707823 0 -676.4275779707823
177100 -659.3698245873675 0 -659.3698245873675
177200 -685.9964610496536 0 -685.9964610496536
177300 -753.4627384548075 0 -753.4627384548075
177400 -757.3705948481802 0 -757.3705948481802
177500 -739.1088642189279 0 -739.1088642189279
177600 -734.7011026506079 0 -734.7011026506079
177700 -746.2064922784921 0 -746.2064922784921
177800 -744.9121668726439 0 -744.9121668726439
177900 -760.3353232210502 0 -760.3353232210502
178000 -735.4269854477025 0 -735.4269854477025
178100 -736.6035131609533 0 -736.6035131609533
178200 -719.6036984312814 0 -719.6036984312814
178300 -692.2412001627963 0 -692.2412001627963
178400 -760.6767295845784 0 -760.6767295845784
178500 -744.9445332658943 0 -744.9445332658943
178600 -760.9730599699542 0 -760.9730599699542
178700 -750.30697700358 0 -750.30697700358
178800 -771.3372280173935 0 -771.3372280173935
178900 -819.7998509244062 0 -819.7998509244062
179000 -820.4817416477017 0 -820.4817416477017
179100 -826.3287857949035 0 -826.3287857949035
179200 -807.4768831369001 0 -807.4768831369001
179300 -798.8786523563322 0 -798.8786523563322
179400 -851.6372611450497 0 -851.6372611450497
179500 -814.3489858066823 0 -814.3489858066823
179600 -820.5702667662408 0 -820.5702667662408
179700 -806.2286388361827 0 -806.2286388361827
179800 -758.440062367823 0 -758.440062367823
179900 -786.6814605796244 0 -786.6814605796244
180000 -826.5746514541097 0 -826.5746514541097
180100 -826.7617731236387 0 -826.7617731236387
180200 -858.9812634906266 0 -858.9812634906266
180300 -824.1249201395549 0 -824.1249201395549
180400 -767.7739134570584 0 -767.7739134570584
180500 -774.7304125672672 0 -774.7304125672672
180600 -765.9775447705761 0 -765.9775447705761
180700 -744.3802631231956 0 -744.3802631231956
180800 -725.7767691612244 0 -725.7767691612244
180900 -729.8777993451804 0 -729.8777993451804
181000 -744.4222421059385 0 -744.4222421059385
181100 -712.5725869995076 0 -712.5725869995076
181200 -733.709701069165 0 -733.709701069165
181300 -733.3469622347038 0 -733.3469622347038
181400 -764.9235590714961 0 -764.9235590714961
181500 -739.8828533876222 0 -739.8828533876222
181600 -779.2784619238228 0 -779.2784619238228
181700 -825.519066013163 0 -825.519066013163
181800 -766.3340883313213 0 -766.3340883313213
181900 -731.0028998537455 0 -731.0028998537455
182000 -737.6647904599085 0 -737.6647904599085
182100 -750.0015365530271 0 -750.0015365530271
182200 -703.1839525736868 0 -703.1839525736868
182300 -681.501381463604 0 -681.501381463604
182400 -697.0641655020881 0 -697.0641655020881
182500 -673.472926333081 0 -673.472926333081
182600 -680.7415951346047 0 -680.7415951346047
182700 -677.8029531636275 0 -677.8029531636275
182800 -726.2276526857167 0 -726.2276526857167
182900 -753.8699290872319 0 -753.8699290872319
183000 -755.5630768279079 0 -755.5630768279079
183100 -775.6356899801176 0 -775.6356899801176
183200 -762.9187474335777 0 -762.9187474335777
183300 -746.0060373118613 0 -746.0060373118613
183400 -745.5253923016135 0 -745.5253923016135
183500 -777.9762334632687 0 -777.9762334632687
183600 -815.532604301814 0 -815.532604301814
183700 -834.4951106907392 0 -834.4951106907392
183800 -845.3866434046067 0 -845.3866434046067
183900 -859.8641082886606 0 -859.8641082886606
184000 -922.0984749627241 0 -922.0984749627241
184100 -895.8879462345503 0 -895.8879462345503
184200 -906.8800592778716 0 -906.8800592778716
184300 -880.969624910038 0 -880.969624910038
184400 -898.116164095467 0 -898.116164095467
184500 -901.0456118222792 0 -901.0456118222792
184600 -889.0759360671509 0 -889.0759360671509
184700 -866.9879663714673 0 -866.9879663714673
184800 -925.6447098260978 0 -925.6447098260978
184900 -899.3511397282127 0 -899.3511397282127
185000 -851.4095476989169 0 -851.4095476989169
185100 -803.8455720131751 0 -803.8455720131751
185200 -767.1026891563088 0 -767.1026891563088
185300 -762.5926788768265 0 -762.5926788768265
185400 -794.1766130041797 0 -794.1766130041797
185500 -801.5772913594265 0 -801.5772913594265
185600 -753.5762960317079 0 -753.5762960317079
185700 -749.3506929196883 0 -749.3506929196883
185800 -723.7877951492555 0 -723.7877951492555
185900 -731.4709108474199 0 -731.4709108474199
186000 -752.3597196268383 0 -752.3597196268383
186100 -755.6252117147669 0 -755.6252117147669
186200 -762.9288414670154 0 -762.9288414670154
186300 -765.6093291018624 0 -765.6093291018624
186400 -727.8387586628087 0 -727.8387586628087
186500 -805.2774633073714 0 -805.2774633073714
186600 -761.1452392772771 0 -761.1452392772771
186700 -791.9836831833236 0 -791.9836831833236
186800 -762.7306920650881 0 -762.7306920650881
186900 -754.7280910797417 0 -754.7280910797417
187000 -725.9253298479598 0 -725.9253298479598
187100 -758.0397659307346 0 -758.0397659307346
187200 -783.6532940410543 0 -783.6532940410543
187300 -785.0880460226908 0 -785.0880460226908
187400 -826.3466940028593 0 -826.3466940028593
187500 -791.3124419925734 0 -791.3124419925734
187600 -789.5570059950696 0 -789.5570059950696
187700 -822.4343262428301 0 -822.4343262428301
187800 -767.7628147194628 0 -767.7628147194628
187900 -776.4745504728053 0 -776.4745504728053
188000 -822.1637150237511 0 -822.1637150237511
188100 -820.0923849763349 0 -820.0923849763349
188200 -770.5887362053618 0 -770.5887362053618
188300 -770.158499205485 0 -770.158499205485
188400 -783.3586399403866 0 -783.3586399403866
188500 -773.0166249028407 0 -773.0166249028407
188600 -776.5462380589452 0 -776.5462380589452
188700 -755.3016212040093 0 -755.3016212040093
188800 -734.1402610156219 0 -734.1402610156219
188900 -751.6463032879401 0 -751.6463032879401
189000 -731.8359609763138 0 -731.8359609763138
189100 -784.0680533202831 0 -784.0680533202831
189200 -755.0375547457952 0 -755.0375547457952
189300 -793.4954857298872 0 -793.4954857298872
189400 -782.1013351050206 0 -782.1013351050206
189500 -776.8012766509783 0 -776.8012766509783
189600 -783.8571528019384 0 -783.8571528019384
189700 -769.4164981722133 0 -769.4164981722133
189800 -723.9472274563741 0 -723.9472274563741
189900 -713.9546930603683 0 -713.9546930603683
190000 -683.4164278865792 0 -683.4164278865792
190100 -704.3052316366229 0 -704.3052316366229
190200 -758.2242599322926 0 -758.2242599322926
190300 -751.0795618339907 0 -751.0795618339907
190400 -750.3197414763272 0 -750.3197414763272
190500 -786.0826472309418 0 -786.0826472309418
190600 -746.3055006342474 0 -746.3055006342474
190700 -760.3324335960206 0 -760.3324335960206
190800 -769.4613776181359 0 -769.4613776181359
190900 -804.7830073109362 0 -804.7830073109362
191000 -788.4973262285348 0 -788.4973262285348
191100 -851.2003876427189 0 -851.2003876427189
191200 -803.4822324803099 0 -803.4822324803099
191300 -780.327124272706 0 -780.327124272706
191400 -785.3759525439236 0 -785.3759525439236
191500 -719.2480397613253 0 -719.2480397613253
191600 -758.4832797345589 0 -758.4832797345589
191700 -747.4762000904884 0 -747.4762000904884
191800 -748.2101176637225 0 -748.2101176637225
191900 -754.9341940393206 0 -754.9341940393206
192000 -759.9175640956382 0 -759.9175640956382
192100 -798.7580380430445 0 -798.7580380430445
192200 -788.0249191452749 0 -788.0249191452749
192300 -748.6422246596776 0 -748.6422246596776
192400 -756.2149582267084 0 -756.2149582267084
192500 -774.6576465959661 0 -774.6576465959661
192600 -732.3238513037504 0 -732.3238513037504
192700 -731.7470047962852 0 -731.7470047962852
192800 -758.7240981380455 0 -758.7240981380455
192900 -762.3027620196808 0 -762.3027620196808
193000 -763.4734584621619 0 -763.4734584621619
193100 -791.5757550314884 0 -791.5757550314884
193200 -792.9200474990066 0 -792.9200474990066
193300 -723.332002382027 0 -723.332002382027
193400 -700.243549979059 0 -700.243549979059
193500 -710.6334775097203 0 -710.6334775097203
193600 -719.9110288619995 0 -719.9110288619995
193700 -685.330171781141 0 -685.330171781141
193800 -702.4071937424596 0 -702.4071937424596
193900 -732.0786741422489 0 -732.0786741422489
194000 -716.521947768284 0 -716.521947768284
194100 -788.0175972599536 0 -788.0175972599536
194200 -770.5997595877852 0 -770.5997595877852
194300 -731.9961670201737 0 -731.9961670201737
194400 -738.343664996326 0 -738.343664996326
194500 -750.3166851755232 0 -750.3166851755232
194600 -767.8396181813441 0 -767.8396181813441
194700 -803.0264645853313 0 -803.0264645853313
194800 -775.0747495437972 0 -775.0747495437972
194900 -779.4357192008756 0 -779.4357192008756
195000 -764.3320787582197 0 -764.3320787582197
195100 -718.9993854782078 0 -718.9993854782078
195200 -733.2361634019762 0 -733.2361634019762
195300 -702.4660225312691 0 -702.4660225312691
195400 -742.6190380927874 0 -742.6190380927874
195500 -729.3178709505592 0 -729.3178709505592
195600 -726.8502867042553 0 -726.8502867042553
195700 -746.2229400745127 0 -746.2229400745127
195800 -786.2645377260633 0 -786.2645377260633
195900 -748.8211730690673 0 -748.8211730690673
196000 -707.170511045726 0 -707.170511045726
196100 -718.9261777657084 0 -718.9261777657084
196200 -712.7140522485133 0 -712.7140522485133
196300 -706.3137399780098 0 -706.3137399780098
196400 -695.6632049148902 0 -695.6632049148902
196500 -712.567849471001 0 -712.567849471001
196600 -603.8403077814728 0 -603.8403077814728
196700 -622.4947523812298 0 -622.4947523812298
196800 -667.5792731856927 0 -667.5792731856927
196900 -634.6717871893197 0 -634.6717871893197
197000 -625.7285957382119 0 -625.7285957382119
197100 -630.5454746016767 0 -630.5454746016767
197200 -590.2650873586535 0 -590.2650873586535
197300 -625.6954624681966 0 -625.6954624681966
197400 -655.8220821951982 0 -655.8220821951982
197500 -637.3524985450786 0 -637.3524985450786
197600 -608.9640255870763 0 -608.9640255870763
197700 -636.5425434864592 0 -636.5425434864592
197800 -597.048918739325 0 -597.048918739325
197900 -579.906336416956 0 -579.906336416956
198000 -653.1467495427933 0 -653.1467495427933
198100 -641.3766797441058 0 -641.3766797441058
198200 -704.1582261153962 0 -704.1582261153962
198300 -710.6577122871531 0 -710.6577122871531
198400 -746.6229561895598 0 -746.6229561895598
198500 -698.5895618495997 0 -698.5895618495997
198600 -679.2605378914159 0 -679.2605378914159
198700 -667.9905086858198 0 -667.9905086858198
198800 -659.4230110079516 0 -659.4230110079516
198900 -651.0023537897505 0 -651.0023537897505
199000 -628.850783913862 0 -628.850783913862
199100 -628.809039067477 0 -628.809039067477
199200 -660.5126449095551 0 -660.5126449095551
199300 -644.2513879495673 0 -644.2513879495673
199400 -654.6958380623255 0 -654.6958380623255
199500 -646.6660331978928 0 -646.6660331978928
199600 -658.4230557559058 0 -658.4230557559058
199700 -641.1148179618176 0 -641.1148179618176
199800 -690.4226061331574 0 -690.4226061331574
199900 -707.4353390897159 0 -707.4353390897159
200000 -678.8083530347794 0 -678.8083530347794
