10053096.49148734
544
-9.508934330153775  9.044627013464252 -220.5701478788317 1 2 14 43 0
-10.89696147922116  6.372731360327252  -221.118611450516 -1 3.08 122.06 19 0
-5.777018776261149  6.973326648388568 -221.4233689355264 0 2.78 90.06 57 0
 -2.41620384987465  6.406614049901323 -219.7597842762552 0 2.7 82.04000000000001 50 0
0.07054631046248028   10.70677440212203  -220.2041463859219 0 3.06 120.07 18 0
 2.365352434134438  6.447529830905735 -220.0512195074215 -1 2.97 110.05 4 0
-1.130350286857723  4.561250853641549  -223.730176998873 0 2.9 102.07 34 0
-1.421338371679628  10.40557950985764 -225.1919001729956 0 3.21 138.1 45 0
2.936980383830243 9.577458621606477 -224.388764131679 0 2.95 108.05 3 0
 3.323627059883057  4.520133320207953 -226.2486098940077 0 3.06 120.07 18 0
-1.512887320367151  5.617456383640868 -228.6025319115847 0 3.21 138.1 45 0
 1.883281324388852  10.79542998146678 -230.3847347963628 0 2.95 108.05 3 0
 6.035125928446123  7.919069001137153 -230.6146108415778 0 2.9 102.07 34 0
 4.618024928508532  4.415476346030061 -231.9962639557753 0 3.21 138.1 45 0
1.960409775307158 8.277925218146835 -235.214142843668 0 2.51 66.04000000000001 1 0
 5.197255450162209  11.11132740867891 -234.9077571747825 0 3.06 120.07 18 0
 8.420147817672467  6.174369478970871 -235.4816215561003 0 3.33 154.1 56 0
3.482557730421822 5.926193558958441 -239.088848883702 0 2.7 82.04000000000001 50 0
 4.130035685997014  9.427947294087144 -240.7567691867707 0 2.51 66.04000000000001 1 0
 7.531116614237132  8.812491502053799 -241.4433197942991 0 2.51 66.04000000000001 1 0
 6.72914051798625 6.283225306992319 -243.942917143487 0 2.51 66.04000000000001 1 0
 2.974659683356401  7.946678188515355 -245.6695645458141 0 3.33 154.1 56 0
 8.393546931487283  10.93472639973241 -245.5435207741145 0 2.86 98.09999999999999 15 0
 10.56084683365867  9.668997524083398 -249.0921441159075 0 2.35 54.03 20 0
 13.49139524887819  11.77408192464702 -246.6356246822542 1 3.03 116.08 52 0
12.24506468846762 8.227642554716532 -244.697571535312 0 2.95 108.05 3 0
 11.41137388510412  5.204380138170469 -248.3236589718169 0 2.95 108.05 3 0
 15.9880500836028 6.370158494505181 249.9079703377398 -1 2.97 110.05 4 0
 17.77689706538403  5.666263113736771 -246.4970145253181 0 2.51 66.04000000000001 1 0
 21.13974209339368  5.740759646077222 -245.6156873258201 0 2.78 90.06 9 0
 22.26560302166826  2.971715431262165 -242.8860627413288 0 2.51 66.04000000000001 5 0
22.33484127607754 5.517722892538744 -239.879403277091 0 2.35 54.03 20 0
 20.78151312899633  7.756118964088816 -241.4553184822836 0 2.82 94.05 54 0
19.20028138238087 10.55904211822857  -238.76948936899 0 2.95 108.05 3 0
 14.43460272517965  9.259729465884584 -238.8141958075558 0 2.9 102.07 26 0
 13.81299717229739  13.08933534714874 -241.0116432837048 0 2.82 94.05 54 0
 9.921640542617942  14.26658803795881 -240.9772667211807 0 2.86 98.09999999999999 15 0
 9.012691565103029  17.01218045096024 -244.2755214315908 0 2.82 94.05 54 0
 7.871355585208406  19.50948547379216 -241.6572073057947 0 2.35 54.03 20 0
 6.782873089928701  19.08825588936419 -237.7435494821382 0 2.95 108.05 3 0
 5.50771545669288 14.95776009669863 -239.199449066486 0 2.51 66.04000000000001 1 0
 8.722208683797705  13.37063090074758 -237.2911259089976 0 2.86 98.09999999999999 15 0
 8.503858735193276  15.75057717532676 -234.0704624534338 0 2.78 90.06 9 0
 8.707352913729705  13.45190533682253 -230.4440377717305 -1 3.08 122.06 19 0
 11.13120778930816  10.60777324155043 -234.1529353542183 0 2.78 90.06 57 0
 13.06868788903448  14.71054683532792 -235.7462660774937 -1 3.08 122.06 19 0
 12.79983362406563  14.85060551749528 -229.6437443775107 1 3.03 116.08 52 0
 15.04505365596713  10.93180153074163 -230.8743403343799 0 2.51 66.04000000000001 1 0
 19.01808696461979  8.270865689024054 -231.1393664947534 -1 2.97 110.05 4 0
  16.5629786293958  7.763011772008666 -234.6268202270591 0 2.51 66.04000000000001 1 0
 18.76356318017154  5.372791878446803 -236.6316734767911 0 2.82 94.05 54 0
 17.03246971733815  4.954680362299123 -241.1246791829776 0 3.21 138.1 45 0
  18.47438735219587 -0.4872655819518678  -239.0929109831956 0 2.9 102.07 7 0
 15.75412239386974 -2.372570827711844 -244.6150562957608 0 3.33 154.1 56 0
 15.23160612236966  1.631983787954444 -246.0611528173056 0 2.7 82.04000000000001 50 0
 11.22172527660938  -1.04091034694335 -246.7851504970679 0 3.21 138.1 45 0
11.50468549093924 1.983409578585348 247.8250536201518 -1 3.08 122.06 19 0
 8.925379841150621 -1.082998782566462  245.0575104459394 -1 2.97 110.05 4 0
 9.100713208609129 -4.350367839302115  248.0738870364616 0 2.7 82.04000000000001 50 0
 7.360848903098205 -7.027849325459975  246.3452033921884 0 2.35 54.03 20 0
 3.702324744477611 -7.872546611715888  246.1169655086989 0 2.78 90.06 12 0
 2.327435418522168 -3.836966894854096  246.5239074745297 0 2.35 54.03 20 0
  4.621955404383965 -0.6282846602014963    246.875505845254 -1 2.97 110.05 4 0
 6.161075961834086 -3.099395556820288 -249.5635824835656 0 2.78 90.06 57 0
 7.004668790895393 0.9166931517640535  -248.498079928253 0 2.82 94.05 54 0
 9.557249397709009  1.349048035620049 -245.3433002899151 0 2.35 54.03 20 0
  10.9704403334739  3.003326442201759 -241.3016164308326 0 3.21 138.1 45 0
 13.91359397700375 -1.166785272136795 -239.4240693503501 0 2.9 102.07 34 0
 14.21567857415932  1.652434737633715 -236.5591649021499 0 2.51 66.04000000000001 1 0
 17.58468103824369  1.761035917740899 -233.5396660590773 0 2.9 102.07 34 0
 14.76177911877728  4.655180010151274 -230.4046510942903 -1 2.97 110.05 4 0
  19.1100001361265  4.318158794851702 -228.9058756709439 0 2.95 108.05 3 0
 15.87506495907937  7.591049369819267 -226.7140805646085 0 2.82 94.05 54 0
 12.49783540987257  5.377166309616679 -226.5738328074056 0 2.95 108.05 3 0
15.84473271743007 1.883934165758635 -225.465900634397 1 3.03 116.08 52 0
 12.42130369701403  1.216198143690558 -229.5240765129564 0 2.9 102.07 34 0
 13.25743432510692  -2.47334327419992 -232.5666147283073 0 2.9 102.07 26 0
 10.54527665029553 0.5035399812957542 -235.0920713048512 0 2.78 90.06 57 0
 8.631304416357271 -2.271958446499917 -238.6945994258443 0 2.9 102.07 34 0
 7.151645482819875  1.604311978531353 -240.3426219111887 0 2.7 82.04000000000001 50 0
 4.830173286313027  -1.33481187413873 -242.6785662378111 0 3.21 138.1 45 0
 4.262523607396819   3.79840180783773 -247.9485791746075 1 3.25 144.09 2 0
0.8267222163930722  3.546140282352055 -246.8089919789371 0 2.35 54.03 20 0
 -1.79140263490055  4.294167812734948 -249.2585934017807 0 2.7 82.04000000000001 50 0
1.786621985612433 8.067139974757442 248.6738979514585 1 3.25 144.09 48 0
0.9960223227838525  3.774571700279158  245.1236972658917 0 2.7 82.04000000000001 50 0
-1.393583474989481  2.948790720302944  241.5311492869454 0 2.9 102.07 6 0
  1.264101925346934 -0.2901389214358395   242.6218133798403 -1 3.08 122.06 19 0
-0.1847210264167006  0.6450424356584166   247.3493791365189 0 2.95 108.05 3 0
-6.350512013127766  1.979026466523085  245.2933904963543 0 3.48 176.13 11 0
-4.525476181339251 -2.245347693516304  242.8262177669289 0 2.9 102.07 6 0
-4.167070698314688 -4.287307650227755  246.5663064179637 0 2.35 54.03 20 0
 -5.98213837026333 -1.975076076097327  249.0003071475638 0 2.95 108.05 3 0
-8.922077365282123  -3.34532277554051  245.3162143441841 0 2.9 102.07 7 0
-6.932198343238191 -7.906610270526422  245.9358472719759 0 2.95 108.05 3 0
-12.27483102222563 -7.358813524005964  248.0565303963831 0 3.21 138.1 8 0
-10.09867169660623 -12.02411822090943  247.9838201489299 -1 2.97 110.05 4 0
-11.27690473919511 -13.67416891858124 -247.6566784248353 0 2.9 102.07 34 0
-5.858036606357609 -15.79909431216772 -248.6968790641138 1 3.03 116.08 52 0
 -6.99354067630105 -19.13515665826231 -247.8524931434039 -1 3.08 122.06 19 0
 -4.29018758907128 -17.28628785317968 -243.0246355064379 0 2.9 102.07 26 0
-4.654494188541205 -22.04113187825886 -241.9630399648681 0 2.95 108.05 3 0
-0.1500970415425351  -20.16530304342708  -241.8279451123938 -1 2.97 110.05 4 0
 -1.22121397520104 -17.41694818049912 -239.1071992357525 0 2.9 102.07 6 0
 -4.93281692070517 -18.83026469069082 -237.7347819933793 0 2.86 98.09999999999999 15 0
-6.961856009253737 -22.48804167063605 -237.5216106717044 0 2.7 82.04000000000001 50 0
-9.804915505527477 -20.51726329998222 -240.0646079953096 0 2.35 54.03 20 0
 -7.77260561735145 -17.79852451308377 -239.7210894762407 0 2.86 98.09999999999999 15 0
-10.92110162150682 -16.59856459230455 -244.9450786850912 1 3.25 144.09 48 0
-7.408260922986349 -13.13003210715815 -245.3835837865803 0 2.35 54.03 20 0
-7.084281485285805 -8.523016593395933 -247.6954746762759 0.5 3.14 130.08 23 0
-5.353676041760978  -11.7765567500473  249.0753143761965 -1 2.97 110.05 4 0
-2.993110426256692 -8.529835839233057  249.7265926332512 0 2.35 54.03 20 0
-3.655034350912271 -6.360169151979598 -246.8835971580809 0 3.21 138.1 45 0
-1.677324660431798 -11.65952643022855 -246.9338559427349 0 2.82 94.05 54 0
0.1342204500155426 -11.31331482048405  249.5168799225553 0 2.7 82.04000000000001 50 0
  2.15537351147456 -8.122980345648374 -249.5992183292109 0 2.7 82.04000000000001 50 0
   4.4215701664739 -10.15053016321514 -244.2182901927096 0 3.48 176.13 55 0
  3.26948951975174 -14.55669248728472  -246.227048728812 1 3.25 144.09 48 0
 6.368053025051213 -10.80012169395215   249.565216222021 0 2.7 82.04000000000001 50 0
  8.48414772363825 -9.090594379479102  -247.500212318457 0 2.78 90.06 57 0
 8.592550608452235  -11.8647871608798 -244.5717872654432 0 2.51 66.04000000000001 1 0
 11.60963080354121 -14.21876130924608 -245.2770828527438 -1 2.97 110.05 4 0
 13.72889661739418 -9.916631111113235 -245.7985512232011 0 2.82 94.05 54 0
 11.50705624663903 -7.692478992319754 -242.9549067673598 0 2.9 102.07 34 0
 10.94655218438967 -13.42798427583508 -240.3505215236311 1 3.25 144.09 48 0
 16.99158315720453 -11.46797755037383 -241.4624978453018 0 3.06 120.07 18 0
 16.76041374500238 -7.159592401159339 -241.4795912096559 1 3.03 116.08 52 0
 13.73869770811673 -7.898687482980678 -236.8498966434197 0 2.78 90.06 57 0
 15.07708240908921 -12.15399383416821 -235.8625672488719 -1 3.08 122.06 19 0
  19.7203134225393 -9.422670705181911 -237.1833733825505 -1 2.97 110.05 4 0
 18.11460260252911 -6.304576493478157 -234.0972069360366 0 2.51 66.04000000000001 1 0
 16.67903024910505 -8.467456637861909 -231.2527838735899 0 2.78 90.06 57 0
 20.82156355691614 -10.29394654557941  -231.735131769175 1 2.78 90.06 48 0
 22.15588922869975 -6.371644799436289 -231.2385503729286 -1 2.65 78.05 19 0
 20.01977491816249 -3.784485102440676 -229.7507999207025 0.5 3.14 130.08 23 0
 18.35466293569173 -7.706476685929595 -226.3681580208481 0 2.78 90.06 9 0
 17.30937735292046 -4.269394832074003 -224.1853571937606 -1 2.97 110.05 4 0
 16.58758334514919  -1.65951996276129 -227.3336093511013 0 3.33 154.1 56 0
 8.891476231751025 -2.098877152394623 -227.0334597286922 1 3.25 144.09 48 0
 9.610746661563436 -5.041957576218356 -230.9494976200168 0 2.78 90.06 57 0
 7.189768281990524 -1.760960454357203 -232.2171027024026 0 2.78 90.06 57 0
 5.837145732811837  -4.50736549392558 -235.8025104459072 0 3.21 138.1 45 0
 3.707051974039742 0.9654873492700754  -236.902566570256 0 2.82 94.05 54 0
0.7585372117824486  1.989600293283991 -238.9198170332203 0 2.35 54.03 20 0
-2.025154518536457  5.339179843889244 -241.8169580884083 0.5 3.14 130.08 23 0
-3.925979660616786  2.501699107280456  -243.493643182957 0 2.7 82.04000000000001 50 0
 -1.779440322159954 -0.5022663559443141   -246.057934984922 0 2.9 102.07 34 0
  0.242608300340648 -0.3390501741985425  -242.6242410687368 0 2.35 54.03 20 0
-1.500409499567449  -1.51938153461766 -240.3285950012086 0 2.35 54.03 20 0
-2.510714357687268 -4.030198978614859 -241.9773029489499 0 2.51 66.04000000000001 1 0
0.9909942238499991 -4.751057690232368 -243.5658648109767 0 2.9 102.07 34 0
 1.498342249334777 -4.619243448614287 -239.0773291847716 0 2.51 66.04000000000001 1 0
-1.697306478154381 -6.400599231814171  -237.907140378245 0 2.82 94.05 54 0
 -0.33219111373258 -9.517596866206754 -240.5678909984982 0 2.78 90.06 57 0
 3.323187713855145 -9.274949124663408 -239.2848112034895 0 2.51 66.04000000000001 1 0
 2.752990466106079 -9.735669554505625 -236.1067292619924 0 2.35 54.03 20 0
0.8827170727731936  -12.4348845889919 -236.1211748439977 0 2.51 66.04000000000001 1 0
  3.57112393988429 -14.31302805095582 -239.1191686284741 -1 2.97 110.05 4 0
 6.743991434432182 -12.68174628539101 -236.7450781211743 0 2.9 102.07 34 0
 2.899397089692513 -11.73215651034791 -232.1194773243229 1 3.25 144.09 2 0
  6.95182273522931 -16.60505087647929 -231.0590943517547 0 2.35 54.03 20 0
 10.14312659647515 -16.34675870817962 -232.6993037507845 0 2.95 108.05 3 0
 11.27303507968386 -14.63984710472605 -228.2164942862801 0 2.35 54.03 20 0
 10.72479186611971 -11.59075257450215 -231.2127095655406 0 3.33 154.1 56 0
 7.231225678790531 -9.746827386613178 -227.0763381693193 -1 2.97 110.05 4 0
 5.594200222028403 -8.162866181715343 -231.5257773086507 0 2.9 102.07 26 0
 3.825370915884294  -4.41698832219164 -229.2385326701394 -1 2.97 110.05 4 0
0.8268182114734364 -3.529689157236285 -232.9449889243681 0 2.78 90.06 57 0
1.127379025876114 0.724972650840351 -231.555080590879 0 3.21 138.1 45 0
-3.059239348620324  0.615730356398494 -235.6680083612762 0 2.7 82.04000000000001 50 0
-2.091375651369986   4.64644811266089 -235.8600143541432 0 3.33 154.1 56 0
-6.595302015183676  3.549129249510607 -239.7978154879549 0 2.35 54.03 20 0
-7.013553681777344  0.387669270242511 -240.0495025623557 0 2.51 66.04000000000001 1 0
-8.194886301925264 -1.754099132900794  -242.375444821546 0 2.78 90.06 47 0
-12.94578266935019 -4.363264833143099  -241.174849895055 1 3.25 144.09 2 0
-7.353093913280199 -7.983886410564955 -241.8104614508774 0 2.78 90.06 57 0
-10.60814288490769 -10.35893247115268 -241.5430115159091 0 2.35 54.03 20 0
-11.89402826398748 -14.04201395078735 -240.5883206390411 0 2.95 108.05 3 0
-15.63141233961871 -13.47523068620416 -235.2852413287789 1 3.25 144.09 48 0
-11.19396536079016 -16.00847710668235 -236.8590227612918 0 2.51 66.04000000000001 5 0
-7.073580692225121 -13.07416553412461 -238.1230539657437 0 3.21 138.1 45 0
 -10.5627511685485 -11.38166802504852 -234.9888793265985 0 2.51 66.04000000000001 1 0
-12.05631356501867  -14.4553891084565 -232.3600390609092 -1 3.08 122.06 19 0
 -5.38390162107874 -15.17087593090802  -233.398882475747 0 3.21 138.1 8 0
-5.651611683309347 -10.54960812560283 -233.6676486933074 0 2.9 102.07 34 0
-8.463764676087472  -10.4247707106171 -229.6017776596142 0 2.82 94.05 54 0
-6.317195796741515  -13.7973305074025 -227.8255649640873 0 2.78 90.06 12 0
-1.804343120595788 -13.30292439302054 -230.4843478487556 0 3.06 120.07 18 0
0.1805999858035796 -14.16773666471275 -226.7232662657439 0 2.82 94.05 54 0
 3.430412745935658 -11.58055255333784 -227.5217482437403 0 2.35 54.03 20 0
  1.73119822651415 -8.946271105548226 -227.3397803617466 0 2.35 54.03 20 0
-0.1916372060695349  -5.659249557549727  -227.4521338191386 0 2.82 94.05 54 0
-3.269183885588938 -4.846561689100972 -231.1531031461137 0 2.9 102.07 34 0
-1.909316002637605 -1.097323181196647 -228.6003238683131 0 3.33 154.1 56 0
-8.526704611687379 -1.302799440971767 -233.4486985208951 1 3.25 144.09 2 0
-5.806422487240121  3.620210509471091 -233.0934812386321 0 2.9 102.07 26 0
-10.03947246349458  4.596390529132826 -234.3623857070023 0 2.82 94.05 54 0
-10.57684667728213  9.949301568024278 -236.0018632120899 0.5 3.14 130.08 23 0
-14.10230936528123  9.754190641772135 -235.5695246733972 0 2.82 94.05 54 0
-16.11351772726986   9.31545000737203 -239.1085455334711 0 2.95 108.05 3 0
-11.79568195652626  6.826505954219246 -240.7306432080945 -1 2.97 110.05 4 0
-14.07494555771683  5.274568086892128  -244.394112107344 0 2.9 102.07 6 0
-10.58782580769466  2.991573048235094 -243.6242403168647 0 2.78 90.06 57 0
 -11.9536751695141  1.701415901136676 -240.1286895563884 0 2.78 90.06 47 0
-16.76906932436742  2.704636490027961  -241.187667688169 1 3.25 144.09 48 0
 -13.53764109831512 -0.5564154804597181  -245.2587904836276 0 2.9 102.07 7 0
-13.81204573473788 -4.321646184233353 -245.7660063154315 0 2.78 90.06 47 0
-17.60510265450642 -4.423373063342956 -246.0726655774346 0 2.78 90.06 9 0
-19.59178090103296 -7.087614307359406 -240.7370935092276 1 3.25 144.09 48 0
-21.46247280020006 -7.183391815689753 -245.8292828816097 -1 3.08 122.06 19 0
-17.65233734019867 -8.152785665130292 -248.6634715548153 0 3.21 138.1 8 0
-16.39909070549582 -11.20805218351406 -243.9775086329304 0 2.35 54.03 20 0
-13.45542806167497 -8.689267029763048 -244.1933966779819 0 3.33 154.1 56 0
-14.08925579392164 -8.768956355376968  -238.634966131364 0 2.7 82.04000000000001 50 0
-12.24660056271784 -4.865800395204531 -236.7300408471681 0.5 3.14 130.08 23 0
-9.968965828539341 -6.627669816410053  -233.371866307576 0 2.7 82.04000000000001 50 0
-10.84100660555573 -6.547997191519376 -229.3234236163435 0 2.7 82.04000000000001 50 0
-9.635105365124977 -3.647239226540932 -228.2559328805827 0 2.78 90.06 47 0
-12.02219484157649 0.5674614079761673 -230.9072179489324 -1 3.08 122.06 19 0
-7.556040273773365  1.772131489876004 -227.6025818875706 0 3.33 154.1 56 0
-13.87291990984698   6.65681464724491 -230.7210647573191 0 3.48 176.13 11 0
-9.438700804551003  9.268647351571282 -231.4214903123655 0 2.9 102.07 26 0
-13.67812671523482  11.97425061657835 -228.6912804209873 1 3.03 116.08 52 0
-10.96178367206892   14.3679329678542 -231.2702326020484 0 2.7 82.04000000000001 50 0
-11.23496212559019  16.31465645172428 -234.1636351420975 0 2.35 54.03 20 0
-10.25733412496447  16.98398374290304  -237.799896481382 0 2.82 94.05 54 0
-7.283837166162362  20.10990073414937 -237.4607152980149 0 2.9 102.07 7 0
-8.339801293033375  19.02315264701383 -232.7960803226573 0 2.78 90.06 12 0
-5.664161261941559  18.86221311401783 -230.4188784082961 0 2.78 90.06 9 0
-5.295224810609348  14.60152254383127 -228.8903160634332 0 2.78 90.06 57 0
-6.439280839388146   14.8012375535065 -224.9231662318709 0 2.82 94.05 54 0
-5.311331315245595  11.37690161674201  -220.595958657722 1 3.25 144.09 48 0
-9.877907897158099  12.66748265712002 -221.4490975634885 0 2.95 108.05 3 0
-10.11105904299459  12.77306129386793 -226.2304944080759 -1 2.97 110.05 4 0
-8.374259245685646   8.21761218566936  -226.133216551639 0 2.9 102.07 26 0
-12.40354141712885   5.80811885505467 -225.7983178203259 0 2.78 90.06 12 0
-11.08941395911861 0.6328033964749263 -223.9593729992304 1 3.03 116.08 52 0
-14.36248230722906 0.4246900285323543 -227.5184299681384 0 2.9 102.07 26 0
-13.79008797941149 -3.966524103428421 -224.9026627219753 -1 3.08 122.06 19 0
-15.61138420469114 -5.974528155591117 -228.9182459773303 0 2.35 54.03 20 0
-15.35432072844041 -8.796567352308321 -231.6535723203234 0 2.9 102.07 6 0
-17.52443405522287 -6.503383027922799  -234.879498526038 -1 2.97 110.05 4 0
-18.06325249075405  -3.00325133657395  -231.910996896915 0 2.51 66.04000000000001 1 0
 -20.95785130981944 -0.6218833541487379  -231.9128037721469 0 2.82 94.05 54 0
-19.52432753011388  3.341171310119219 -230.7559838304897 0 2.35 54.03 20 0
-17.25941076565255  3.826047716345819 -232.1933939843396 0 2.35 54.03 20 0
-15.44613768302306  3.941433535842222  -236.284438951159 0 2.95 108.05 3 0
-18.83005712401931  0.382576599827671  -236.026949879555 0 2.95 108.05 3 0
-21.07791242417799  4.653295778549994  -235.221058236588 0 3.06 120.07 18 0
-24.63134704230373  4.178247225894684 -237.8531166261932 0 2.78 90.06 9 0
   -22.29758794246  7.258329429411695 -239.4305325994338 0 2.95 108.05 3 0
-21.92841187272169   9.81326058612569 -242.8609752658988 0 2.9 102.07 6 0
 -18.5070179398226  8.368680443988078 -243.8027575269501 0 2.78 90.06 9 0
-14.76751156673127  11.79137715406845 -243.0879110953342 -1 2.97 110.05 4 0
-12.13165377095109  10.98901698703395 -246.1698268811013 0 2.9 102.07 6 0
-10.61394849522828  14.04019756330093 -243.7469571246926 0 2.78 90.06 9 0
 -10.3117085570015  11.79630837327148 -240.5448638432439 0 2.51 66.04000000000001 1 0
-7.528513453576521  8.161591879035655 -242.7805897044524 0.5 3.14 130.08 23 0
-5.596222379508159  12.55509090284322 -243.0410251557662 0 2.9 102.07 7 0
-5.637404327020441  15.19469786025703 -237.2295082006225 0 3.48 176.13 11 0
-5.333427881068575  9.052906131112346 -236.8343388354806 0 3.33 154.1 56 0
-2.593328224630853  11.79192398830959 -232.2428735797703 0 3.21 138.1 45 0
-1.836065310218301  14.29474146399244 -236.9559552337836 0 2.35 54.03 20 0
-1.469948705191226  15.74045632959764 -240.7191423437057 0 2.9 102.07 7 0
-1.127185404886453  10.79847920375451 -241.0541356354705 0 2.9 102.07 26 0
0.04945893961104891   10.93654704462627  -245.3499399183385 0 2.35 54.03 20 0
0.4629828039749108  14.43898547206358 -245.7522844547742 0 2.82 94.05 54 0
5.128899828450286 13.36162953297419 -245.770981850101 0 2.86 98.09999999999999 15 0
 5.700899093893149  14.97562156010947 -249.8290759415208 0 2.9 102.07 7 0
 24.84409099731253  12.09813930473274 -238.7168204275885 0 2.9 108 39 0
 7.333120489572233  12.93415296745464 -249.7969927975215 -1 2 16 14 0
-21.23625378180669  5.378966581401654  32.20107964640728 1 2 14 43 0
-20.4302017547615 3.920045174569559 34.76784541211159 -1 3.08 122.06 19 0
-17.42426753800154   7.45774445031172   32.5058886430025 0 2.78 90.06 57 0
-16.15003785345063  11.02956169232042  32.55294560501584 0 2.7 82.04000000000001 50 0
-16.46192817781839  12.65342656883654  27.84778350507901 0 3.06 120.07 18 0
-13.0845482028544 14.31471197431162 30.89148542861925 -1 2.97 110.05 4 0
-11.97934314053144  9.198785797471764  32.27659742414424 0 2.9 102.07 34 0
-14.09394154151136  8.144393397721784  26.72734374328243 0 3.21 138.1 45 0
-11.54710826306043  11.84689701075408  26.36559614006104 0 2.95 108.05 3 0
-7.676659119398517  10.71873856727237  29.96169723279657 0 3.06 120.07 18 0
-9.673153896751169   5.61366120805684  29.66314760638411 0 3.21 138.1 45 0
-9.023029630601386  7.008097209759132  23.40579146808565 0 2.95 108.05 3 0
-4.953685822328545   9.79769135801471  24.51155571054654 0 2.9 102.07 34 0
-3.236816674966439  7.724789366780125  27.50283298451006 0 3.21 138.1 45 0
-4.719394087069691  3.690564927079698  23.77950496837902 0 2.51 66.04000000000001 1 0
-4.330195040502494  6.335085508788136   20.3950928970896 0 3.06 120.07 18 0
0.397176533847893 8.156706489007696 23.46487532299458 0 3.33 154.1 56 0
-0.2179330835529052   2.083732995883339   23.90545364731133 0 2.7 82.04000000000001 50 0
-0.4894956359017013   1.508530025801126   20.02487889798324 0 2.51 66.04000000000001 1 0
2.306170520501216 3.499753044549769 19.22689977474036 0 2.51 66.04000000000001 1 0
4.621417334744095 1.136144444264894 20.75703918890112 0 2.51 66.04000000000001 1 0
2.612110558394273 -2.73596457884689 19.85483573606261 0 3.33 154.1 56 0
4.363504765409309 1.378990503143489 15.57600164748904 0 2.86 98.09999999999999 15 0
 8.521841158231549 0.4947504640025109  14.67137792916928 0 2.35 54.03 20 0
7.732970794880002 4.368133312015067 12.81973786192658 1 3.03 116.08 52 0
7.493472254001878 4.690742560423927 17.02986681397345 0 2.95 108.05 3 0
 10.7368640546765 1.519608684822101 18.58163537337423 0 2.95 108.05 3 0
14.05443920682227 3.675003208342849 15.45431884654554 -1 2.97 110.05 4 0
13.23063511356606 7.419895141091568 16.83877083012488 0 2.51 66.04000000000001 1 0
14.68330571447077 10.47510279562385 16.03473826834914 0 2.78 90.06 9 0
15.00805703774944  13.0887764918608 19.10870402166437 0 2.51 66.04000000000001 5 0
11.92195114828147 15.26608572343411 17.98521658957048 0 2.35 54.03 20 0
10.87364404661885 13.11631746913369 15.93917096134436 0 2.82 94.05 54 0
6.861213195754313 13.87855426970885 14.99590864521546 0 2.95 108.05 3 0
4.630644323206981 10.34084506537744 17.62480217437491 0 2.9 102.07 26 0
3.760467109881232 8.487493724069747 13.66387671405003 0 2.82 94.05 54 0
0.8016130523955445  5.707890349921407  13.88467031429573 0 2.86 98.09999999999999 15 0
0.9764447269486172  2.862396246724995  10.55067162342871 0 2.82 94.05 54 0
-2.577355945915796  3.890631063243616  9.709254368284977 0 2.35 54.03 20 0
-5.485716972104099  5.765042857643973  11.87880792437357 0 2.95 108.05 3 0
-3.329970958560204  3.727770805854668    15.344200801838 0 2.51 66.04000000000001 1 0
-1.799638081155546  7.332898357946093  16.41880755944723 0 2.86 98.09999999999999 15 0
 -5.1133814233752 9.442677783453501 15.61107622947375 0 2.78 90.06 9 0
-6.140459531950862  12.01094013935209  18.90127335179599 -1 3.08 122.06 19 0
-0.955051494386586   11.1612020085046  19.23228649981071 0 2.78 90.06 57 0
-0.7837603363635974   11.59312388241936   14.44591147000974 -1 3.08 122.06 19 0
-4.840754998683886  15.57807197438368  16.68055980091256 1 3.03 116.08 52 0
-0.7924767711154814   16.26545490835961    18.9280811427335 0 2.51 66.04000000000001 1 0
3.085139814763195 18.90654789627002 19.88960573077813 -1 2.97 110.05 4 0
4.028834361946778 14.71710201271649 19.81351458093334 0 2.51 66.04000000000001 1 0
7.788836289442344 14.88336145576105 20.45375153789229 0 2.82 94.05 54 0
 9.75856963986859 10.53553661848431 19.69535071684409 0 3.21 138.1 45 0
12.01802602331197 12.82948801128579 24.74060868864441 0 2.9 102.07 7 0
14.74891379539974 7.016903138470251 25.19273172168884 0 3.33 154.1 56 0
13.38246512296491   5.7547563441178 21.32744006788643 0 2.7 82.04000000000001 50 0
12.70736482561661 2.265550975976051 24.66171143988977 0 3.21 138.1 45 0
 14.78074302505245 -1.135665777300294  19.92786473859801 -1 3.08 122.06 19 0
  16.4472990137564 -4.992053012331786  22.39075769696655 -1 2.97 110.05 4 0
 16.25862327462212 -2.888077638404365  26.30772835938207 0 2.7 82.04000000000001 50 0
 17.59363335077464 -5.411307334768885  28.55170742555257 0 2.35 54.03 20 0
 15.9282192059861  -8.2557408264164 30.36443986403869 0 2.78 90.06 12 0
 12.86757961014824 -8.869670598588131  27.43230726608891 0 2.35 54.03 20 0
 12.47309255952596 -6.870565730699852   24.0364208196663 -1 2.97 110.05 4 0
 12.38212799938766 -3.378762232934934  27.02881231569855 0 2.78 90.06 57 0
 10.26498259727599 -1.926212120689027  23.65483742104486 0 2.82 94.05 54 0
9.625870780805448 2.104495620022252 23.64202096414117 0 2.35 54.03 20 0
7.142343105712867 5.945243025262847 23.25510528861752 0 3.21 138.1 45 0
9.788709798223682 9.261743463765988 26.65727169954485 0 2.9 102.07 34 0
6.799389140469608 11.51905283975927 25.16883276867378 0 2.51 66.04000000000001 1 0
 6.89882490820189 16.04319574212888 25.12897541114343 0 2.9 102.07 34 0
1.806478321730419 16.21075907131797 24.66735556974698 -1 2.97 110.05 4 0
3.671277327720381 20.39534096588905  24.1394009133288 0 2.95 108.05 3 0
-1.264917725423452  19.62736000846735  23.12709278334486 0 2.82 94.05 54 0
-2.321872208662262  17.20303570257105  26.18194563495116 0 2.95 108.05 3 0
0.7214619101947228  20.30520689080766  28.57914346934599 1 3.03 116.08 52 0
1.513149583284084 15.01533597440845 28.73733774932278 0 2.9 102.07 34 0
5.729851562855952 13.44212221394157 30.55758278037204 0 2.9 102.07 26 0
4.212605177905977  9.81814934797934  27.8817000914306 0 2.78 90.06 57 0
6.664410006237441 5.882823267273853  29.5689320906247 0 2.9 102.07 34 0
 4.90612815378449 3.781681921394273 26.04409293805439 0 2.7 82.04000000000001 50 0
 6.396498311885389 0.4119975666730333  28.47480111030131 0 3.21 138.1 45 0
 6.848469488770589 -3.469873049214823  22.21605141145074 1 3.25 144.09 2 0
 4.171510647034727 -5.199774306605842  23.95051359069214 0 2.35 54.03 20 0
 3.752319212055041 -8.763621000295457  23.21706602050831 0 2.7 82.04000000000001 50 0
5.377857877861636 -7.46999353024979 18.02126741591064 1 3.25 144.09 48 0
 9.219738105671201 -10.59213204571257  20.69471510216009 0 2.7 82.04000000000001 50 0
 10.42434436180577 -14.81439300805967  20.83602048232167 0 2.9 102.07 6 0
 12.93590131055089 -12.21927526330988  23.22368684476071 -1 3.08 122.06 19 0
  8.63614674313021 -10.01358607650365  24.62745889598047 0 2.95 108.05 3 0
  5.53033564678185 -15.87675494799443  24.65519682850972 0 3.48 176.13 11 0
 10.24791226580554 -16.35016417522133   26.8422927697599 0 2.9 102.07 6 0
 9.118255265747919 -13.58429827266355  29.90173372257467 0 2.35 54.03 20 0
  5.36136846161628 -13.17806467467864  29.36692453888136 0 2.95 108.05 3 0
 6.555167671272986 -17.87865231661563  30.12367837150708 0 2.9 102.07 7 0
 9.602387539952934 -16.12823918908469  33.70130496674776 0 2.95 108.05 3 0
 4.762099283768855 -18.55414914020951  35.70821120226871 0 3.21 138.1 8 0
  8.40720226745432 -17.14473085070294  39.05974643688887 -1 2.97 110.05 4 0
 5.765004254530576 -15.06378151123227  42.49552765795924 0 2.9 102.07 34 0
 10.74450265146413 -11.88543606656491  42.24220357896643 1 3.03 116.08 52 0
 11.15510893460874 -12.22498304347936  45.82658349499577 -1 3.08 122.06 19 0
 8.866964553127151 -6.900927893607596  45.15317783311626 0 2.9 102.07 26 0
 10.30248963235278 -6.568341633864993  49.81117098704337 0 2.95 108.05 3 0
 12.03622305599707 -3.143518629694171  46.79598709537412 -1 2.97 110.05 4 0
 8.338234693412842 -1.987222774766956  45.75144603352454 0 2.9 102.07 6 0
 5.914923707036535 -3.790100095117779  48.67277900004039 0 2.86 98.09999999999999 15 0
  6.33587888950362 -5.221372184631839  52.58634911066352 0 2.7 82.04000000000001 50 0
 5.241517542626108 -8.979937431282988  50.82301403126927 0 2.35 54.03 20 0
 4.932189553362431 -7.190647097369181  47.93466063493939 0 2.86 98.09999999999999 15 0
  5.70943802458762 -13.02766123220631  45.94264031461658 1 3.25 144.09 48 0
 6.422941874923342 -10.67474549699484   41.6394143274678 0 2.35 54.03 20 0
 5.818880924107637 -11.89650774918582  36.65776786541583 0.5 3.14 130.08 23 0
 10.48268394063405 -12.93404379220859  37.74440601943562 -1 2.97 110.05 4 0
  9.92185975770728 -10.68066973348284  34.40593156950166 0 2.35 54.03 20 0
  6.33549723336097 -8.783960971728598  33.98532512226746 0 3.21 138.1 45 0
 10.15570777275328 -7.520906463580964  37.96121921950544 0 2.82 94.05 54 0
 13.31124144057565 -8.621153897454565  35.76328907527193 0 2.7 82.04000000000001 50 0
 12.42608412195599 -6.457353610007013  32.66828650716743 0 2.7 82.04000000000001 50 0
 11.41900724771929 -1.178093317852619  35.72053159713565 0 3.48 176.13 55 0
 14.13066038073453 -3.511576279730825   39.1815230231926 1 3.25 144.09 48 0
 16.81474305317544 -4.032629094001617  33.35553312124026 0 2.7 82.04000000000001 50 0
 15.42494719714575 -0.436089650434857  32.28528942333849 0 2.78 90.06 57 0
15.00991649560769 1.572266641419112 35.76060589616257 0 2.51 66.04000000000001 1 0
18.43326449508995 3.223866803360419 36.59386122326477 -1 2.97 110.05 4 0
17.94565410881762 4.527282970125327  31.9748912622985 0 2.82 94.05 54 0
13.72805383426367 4.915177294877184  31.7984628404464 0 2.9 102.07 34 0
14.55630210987233 6.134297853416083 37.94832121413926 1 3.25 144.09 48 0
17.96594137819993 9.830211539331561 33.90665085991898 0 3.06 120.07 18 0
15.73220654491768 9.766658724953917 30.21581033121389 1 3.03 116.08 52 0
11.35660775696905 10.71415528311337 33.54259355881221 0 2.78 90.06 57 0
13.62839366226717 12.24989053802484 37.19693770101239 -1 3.08 122.06 19 0
15.94124179598214 14.80247481708022   32.849605630495 -1 2.97 110.05 4 0
 11.5090760148781 15.82942583518112 31.78822907960155 0 2.51 66.04000000000001 1 0
9.910835898458357 16.67198604746229 35.18902044022325 0 2.78 90.06 57 0
13.62005770966941 19.31038963182218 35.28805156740501 1 2.78 90.06 48 0
12.20325881277994 20.72850491686357 31.62839325093295 -1 2.65 78.05 19 0
8.710361672901703 20.26059800605656 30.60344752239489 0.5 3.14 130.08 23 0
7.494496911013069 21.25673653538924 35.81173543962464 0 2.78 90.06 9 0
  3.8130444349435 22.08227431045179 33.95804503422163 -1 2.97 110.05 4 0
4.073745864286037 19.47213018376046 30.73886696034141 0 3.33 154.1 56 0
-0.5719815298878856    14.0588172445693   33.67594871586754 1 3.25 144.09 48 0
3.756778373599349 11.82277280344166  34.5570662177408 0 2.78 90.06 57 0
1.479292478511934 9.280130342302266 31.99173419525449 0 2.78 90.06 57 0
4.246940787866812 5.766271875951151 33.48183439407494 0 3.21 138.1 45 0
0.9705670416078669  3.609531666776036  28.97479679855142 0 2.82 94.05 54 0
-0.05505086301686775   0.1083880175715093    28.26631453600437 0 2.35 54.03 20 0
-1.564748884298072 -3.812025650530259  25.14971098972951 0.5 3.14 130.08 23 0
-0.281910453563702  -6.42125767544074  27.60367510075514 0 2.7 82.04000000000001 50 0
 4.095705423042803 -6.693898773228431  28.58814356094906 0 2.9 102.07 34 0
  3.09112138455923 -2.866072716266013  29.08224137586006 0 2.35 54.03 20 0
 1.170386149090207 -2.596538837034022  31.51933219924061 0 2.35 54.03 20 0
 2.816769245114483 -4.529009613704519  33.41620790368174 0 2.51 66.04000000000001 1 0
6.290428130109912 -3.08473246161898 32.34248237104428 0 2.9 102.07 34 0
  3.72040668502266 0.3607475643167612  33.73725340764506 0 2.51 66.04000000000001 1 0
 1.916829776533294 -1.214617486055833    36.740597602354 0 2.82 94.05 54 0
5.935726699536153  -2.1256338518994 38.03571334165305 0 2.78 90.06 57 0
7.232028208840941 1.422233643799082 37.14173085312513 0 2.51 66.04000000000001 1 0
5.118691106729735 3.169681303292652 38.90746752999038 0 2.35 54.03 20 0
5.310573211035235 1.724210632059888 41.84986261560057 0 2.51 66.04000000000001 1 0
9.739188352898635  1.57993837118384 41.51899327753562 -1 2.97 110.05 4 0
9.380489489344885 5.560619609024313 39.97303529581424 0 2.9 102.07 34 0
3.683191227707937 5.951506480901694 42.08651799487016 1 3.25 144.09 2 0
7.858437327065985 9.497806114091272  45.4454976145197 0 2.35 54.03 20 0
10.69783747811881 10.70708213769122  43.5970170676094 0 2.95 108.05 3 0
7.740109590732436 14.64481255820282 43.41828269417147 0 2.35 54.03 20 0
7.796361244115629 12.27705447882355  39.8175311750249 0 3.33 154.1 56 0
 2.18206750843852 12.61300736406575 40.85747090315625 -1 2.97 110.05 4 0
 3.20383370853938 8.417699839537512 38.33920111904309 0 2.9 102.07 26 0
-1.133146730612552  8.795955436629015  36.48464740911554 -1 2.97 110.05 4 0
-1.063443199876139  4.098435607207472   35.2826137307466 0 2.78 90.06 57 0
-3.830119995835527  5.383871136992171  31.99361934260666 0 3.21 138.1 45 0
 -3.740182564309295 -0.4843752423778072   31.88648472108555 0 2.7 82.04000000000001 50 0
-5.000758487914029 0.1983720181540001  27.99224325609374 0 3.33 154.1 56 0
-4.730677911902786 -5.807905966051109   28.9127976575711 0 2.35 54.03 20 0
-3.282838471573756 -6.370422169951219   31.7093037840432 0 2.51 66.04000000000001 1 0
-1.495991879496931 -8.881058370792005  33.08647885240072 0 2.78 90.06 47 0
-3.858505573455595 -11.59105719271409  37.31668281370995 1 3.25 144.09 2 0
 1.703360348788342 -8.049611718468658  38.46336567864329 0 2.78 90.06 57 0
0.7195504009778553 -10.30221678775363  41.66736403277793 0 2.35 54.03 20 0
 1.139194180864514 -10.68520898833898  45.64319616409298 0 2.95 108.05 3 0
-4.730744135186988 -9.762854923434253  48.30872056161589 1 3.25 144.09 48 0
0.1868438218528041 -7.675777712135126  48.52435569809819 0 2.51 66.04000000000001 5 0
 2.047558470278586 -5.459751638813652  44.18701797226265 0 3.21 138.1 45 0
-2.861884125096471 -5.810672539970091  44.98459995755767 0 2.51 66.04000000000001 1 0
-3.915357530896261 -5.182563689533982  49.11799615552619 -1 3.08 122.06 19 0
 1.135955067551121 -1.051908807643549  47.23806810779931 0 3.21 138.1 8 0
-1.115005596092371 -1.305881746260262  43.19224385030208 0 2.9 102.07 34 0
 -5.431872913258518 -0.5682616561837985   45.48912636082967 0 2.82 94.05 54 0
-3.595080074864606  2.120116693273921  48.41071205967962 0 2.78 90.06 12 0
0.5697877566345904  3.601384345731475  45.55779684918443 0 3.06 120.07 18 0
-0.1604815168799725   7.598453771208467   47.08219078483295 0 2.82 94.05 54 0
1.049424971065346 9.489504843669025 43.49716216520689 0 2.35 54.03 20 0
-1.382720044675602  8.447392387859889   41.8064364951036 0 2.35 54.03 20 0
-4.084907409374082  7.058568446638144  39.50778872660997 0 2.82 94.05 54 0
-4.03016063767476 2.305235951056217 38.39794095660664 0 2.9 102.07 34 0
-6.635865047024719  5.144695034416736  35.64648884275106 0 3.33 154.1 56 0
-7.513583956273463 -3.000447896850211  36.12087835957161 1 3.25 144.09 2 0
 -8.489104421838206 -0.6423034877582676   31.09597478909956 0 2.9 102.07 26 0
-10.74023026587795 -4.568346116302758  31.11546310047684 0 2.82 94.05 54 0
-12.65298247545498 -5.937202711015271  26.00685030103487 0.5 3.14 130.08 23 0
-14.96894365939631 -8.214973594829265  27.45666258041149 0 2.82 94.05 54 0
-13.75719481186882 -12.11445011538724  27.16023609205831 0 2.95 108.05 3 0
-8.903569458024769 -10.14638638120839  27.35720099229464 -1 2.97 110.05 4 0
-7.232882245826302 -14.35644893003849  28.07045806911312 0 2.9 102.07 6 0
-4.483558819093918 -11.35077260554781  29.24174095514705 0 2.78 90.06 57 0
-6.873849084547617 -9.988124525803968  32.10157097122335 0 2.78 90.06 47 0
-9.623302880293698 -14.19400330334244  32.36040418818275 1 3.25 144.09 48 0
-3.516958346841076 -14.71461123585231   32.6639712648111 0 2.9 102.07 7 0
-1.526746529162178 -15.36356810993336  35.84633515884753 0 2.78 90.06 47 0
-3.587523039716398 -18.33958995023308  37.02453855267979 0 2.78 90.06 9 0
-6.837057132788605 -16.20696184997878  41.96476392418291 1 3.25 144.09 48 0
-4.733891883356227 -21.05789488040557  40.74648694987606 -1 3.08 122.06 19 0
-0.1707912009958008  -20.24824381984042   39.32801614756823 0 3.21 138.1 8 0
-0.8552569726556456  -16.21044284854596   43.33939983091546 0 2.35 54.03 20 0
-0.1630036901420731  -14.14551145956309   40.12803255023448 0 3.33 154.1 56 0
-3.993182071623705 -10.80482115476762  42.46763935022068 0 2.7 82.04000000000001 50 0
-5.974857198477189 -8.052911514072893  39.18759329731657 0.5 3.14 130.08 23 0
-5.836775185757533 -4.142656115482916  41.25156426438225 0 2.7 82.04000000000001 50 0
-8.942857599709624 -2.004750584773827  42.96571217159788 0 2.7 82.04000000000001 50 0
  -10.2965985660723 -0.3170606924808808   40.45031572807576 0 2.78 90.06 47 0
 -12.1421470684561 -3.756848347923364  36.54480401605942 -1 3.08 122.06 19 0
-12.09068514141581  1.791429824579478  35.30692392554371 0 3.33 154.1 56 0
-16.35626851933518 -4.813000824619916  31.89015241750737 0 3.48 176.13 11 0
-14.50083775674577 -1.991286013985807  27.94428529861932 0 2.9 102.07 26 0
-20.10729549917551 -3.137887953064816  27.94593036575392 1 3.03 116.08 52 0
-18.01065481962728  -2.85941122792515   24.0362273523475 0 2.7 82.04000000000001 50 0
-17.31349384230566 -4.986226858770447  21.34796417840615 0 2.35 54.03 20 0
 -14.7674817836769 -6.744816495417346  19.10044618163718 0 2.82 94.05 54 0
-14.70157148543545 -4.261792642445574  15.55667228184684 0 2.9 102.07 7 0
-17.73591952402912  -1.86766983878001  18.57591209973631 0 2.78 90.06 12 0
-17.52314767433926  1.704406335335861  18.75209381620134 0 2.78 90.06 9 0
-16.17653739951376  2.904181284198138  22.92022072430272 0 2.78 90.06 57 0
-19.45542194574899  4.791519318646948  24.58572345448373 0 2.82 94.05 54 0
-19.81082193585781  8.482492773153666  28.82523733353325 1 3.25 144.09 48 0
-22.67859430501624  4.606552314737918   28.8310934340106 0 2.95 108.05 3 0
-19.8744698837452 1.166800061157172 27.03324673458411 -1 2.97 110.05 4 0
-16.65630129427352  2.375455080316948  30.49165635009767 0 2.9 102.07 26 0
 -18.13558960077615 -0.3959696616129271   33.99648745783303 0 2.78 90.06 12 0
-15.96305623165775  1.680112977737151  38.77796408761126 1 3.03 116.08 52 0
-15.61742995229713 -3.146145437708169  38.67333963937843 0 2.9 102.07 26 0
-14.76507646702203 -1.057510488781371  43.29543144841617 -1 3.08 122.06 19 0
-12.37291130305919 -5.187280937309144  44.13008764377425 0 2.35 54.03 20 0
-9.123992726264877  -6.94861544121504  45.49178728337749 0 2.9 102.07 6 0
-9.539182220239505 -10.67564258384677  42.97950297572969 -1 2.97 110.05 4 0
-13.43647890986685 -8.941627608914704  41.20256187795675 0 2.51 66.04000000000001 1 0
-16.35560092030192 -10.98724935681505  40.04334774404494 0 2.82 94.05 54 0
-18.14595321439069 -9.043845096623848  36.56242205959885 0 2.35 54.03 20 0
-16.10672714092374 -8.364531732633823  34.88576126983379 0 2.35 54.03 20 0
-12.49779834175852 -9.840601037380747  32.68694922456506 0 2.95 108.05 3 0
-12.97545419511844 -12.22593810524992  36.96066962432483 0 2.95 108.05 3 0
-16.93097243592957 -13.19641978798272  34.24895469734113 0 3.06 120.07 18 0
-17.20627691375507 -17.59964818743033  34.81117101301021 0 2.78 90.06 9 0
-16.30493119633144 -16.89579909967574  30.79697726716716 0 2.95 108.05 3 0
-15.17819925729337 -18.90577408333144  27.17449513814613 0 2.9 102.07 6 0
 -11.8052846617791 -17.09688390574662  26.99824101640455 0 2.78 90.06 9 0
-11.65477224046789 -13.79063354931097  23.09237098585619 -1 2.97 110.05 4 0
-7.730838568286957  -14.0015272074296  21.80862589069805 0 2.9 102.07 6 0
-9.818374393459582 -11.15488393200221  19.56758900786657 0 2.78 90.06 9 0
-10.54626754181051 -8.803644420092192  22.62072401683977 0 2.51 66.04000000000001 1 0
 -5.68006951625616 -8.404629823121942  24.07561687578199 0.5 3.14 130.08 23 0
-6.489439771252545 -7.056288350811954  19.53344733291355 0 2.9 102.07 7 0
  -11.446521552589 -3.037034665620876    19.407391038088 0 3.48 176.13 11 0
-8.510193075659188 -2.711257797012253  24.81497928595808 0 3.33 154.1 56 0
-11.06257371993696  2.501846268692193  23.26552222287494 0 3.21 138.1 45 0
 -8.870766402711489 -0.1047396818553636   19.08791866562904 0 2.35 54.03 20 0
-6.995595769808183 -2.374708545854258  16.31002620551855 0 2.9 102.07 7 0
-4.163977297533139 -2.487992238719215   20.3870286253071 0 2.9 102.07 26 0
-0.8242563910265517  -4.567406005633069    18.2942334295218 0 2.35 54.03 20 0
 -2.03151068067942 -4.446777896946227  14.95837611996851 0 2.82 94.05 54 0
 1.338947493855301 -1.089446689141695  14.41050209593079 0 2.86 98.09999999999999 15 0
 3.441785778122272 -3.406727150700107  11.31073379975539 0 2.9 102.07 7 0
9.502781139230313   18.067948671179   11.882185072965 0 2.9 108 39 0
 5.409566809310846 -2.250870346593281  12.58533290900754 -1 2 16 14 0
2
0 271 0 272 -6.217248937900877e-12 -3.128830527998616e-12     -238.1921657887708
272 543 1 272 -2.167155344068306e-12  7.627676268384675e-12      30.51322036453232
randomstate
2071409035 2406181932 269519357 3556353163 3786586777 3947675470 3560329705 208659490 3578305734 4281315429 3688191344 4118810898 431616602 1881766536 4225015344 3614786586 698632913 2623639955 3955401388 2487085994 2853680638 1763406807 3330552519 3412778760 1812038550 2832004484 3136312528 613013265 2038705189 106149013 4007642321 2859239879 1965422563 666039274 2607565557 3364172387 12442964 3959800874 593465989 2872458480 3757520577 279773065 3463104221 814366463 3692353269 314799131 1229281490 2002439022 4059489384 2227815949 2832353265 1545081924 3676477695 3900438908 1596240440 2924027188 2044385305 1487902742 3145456502 4002261032 2095851953 2111501532 2727426646 3990930582 773518011 831300745 949570437 3874952697 1716759215 2226323193 3904186164 409810823 274690903 2319416200 1276398309 2957794672 1859880251 2613931004 537478698 2491424461 2801048209 4133016308 603986412 4159321745 2055175932 2095447998 3014409171 797771084 2216862429 1288043723 307356406 3268101290 3656014672 1010482899 2234438860 1401296336 2726401876 3541712720 559007609 1875316427 2959819058 280182410 150754777 2182363253 3148436697 1873094982 940863178 1438629619 1022175143 3012977164 845044126 2043584512 2826944214 1201470637 1766277486 1480432681 458735051 3844054209 2403992258 4071979276 4235186989 1946488705 2792012794 453476783 559498667 1187312698 3154281260 1390891407 2573819199 3041907924 299012089 1695913031 2310689738 583377844 507336711 788291921 3595136749 2154650447 1974153295 3246709729 267109053 3849125273 2652634499 3943067478 2103308396 3534795825 676679094 494015696 2801715913 4154759512 2550243388 3253441160 3768061289 221680678 298009749 3803163299 2394037675 3775539379 2495842218 3036685678 618791422 1094706890 2230029956 3764644988 3735373195 1279470500 3155728327 112046078 2583527117 2124091432 3199250131 1395128689 2447666861 734822736 182775137 2744435956 3256821588 2421792167 2331858701 2502563017 3888502637 1134103599 3100007776 571511660 989453986 1128756237 981460249 3326975630 1174809058 11322236 270889036 3387382379 1603489498 594853391 3282261570 2615395526 1426664713 160738075 3517143369 3467522901 3197058704 2818562955 816955635 2874458080 41622045 4019235764 772859652 906178132 3304747699 2212994692 4199734176 3994091057 3011524083 3400503735 2734035584 2858654015 361740095 651889377 246949700 2177034803 4207869850 3117637551 3472071962 1403266435 3394523725 990727751 513908644 4117308831 3939902488 1470809524 4214273818 158709546 1243871919 174746780 1124872647 741137659 661162654 978220882 4007094604 2761579469 3785206552 1104596871 3725126264 2886524208 1167354688 2732304438 2507079251 900167168 3562976436 2989797429 1730458980 603632510 3190939679 2791813348 3785951190 3111841183 1831634634 2317543854 2798824099 2561181445 3854535612 1643118642 73257914 2306880407 1413850644 2394774868 1068463702 223849209 1762599986 1408076469 4290962279 2736645728 278142417 2952737593 3165740005 3164446525 4123979868 649726426 2830199216 2800153650 3559525405 3260177079 2230310019 3455225292 4248708553 2009076047 539201994 3144990919 3601796131 4225106395 2589406210 1404781134 437702024 127328047 3061788452 1167573311 1769482341 820968730 297294352 2019787118 547585249 2469779289 1280659785 774303928 1381877708 2085339113 3996935707 2600757522 1350742343 1126827482 834228774 298964059 414568799 3690180018 317113039 2788845119 3800758310 2406865865 3944246634 3604331752 715790156 2403426588 436947201 1848766278 3849935086 132563401 1433814905 1169276360 732067996 1289837538 3350022429 1325394742 2915609034 2053853644 792595779 3182024261 2933382076 1185569450 1846451615 874986717 3488903751 4291219004 3117556322 696698572 3563539815 1692915381 2470634136 3113306095 96085888 695383189 1144855743 3981234924 2055770702 1461092556 380448452 2502529925 3306382138 2814731129 2868284723 1734204728 3462219402 2938883468 3108006805 1228549630 1498724666 505971273 384191369 1043094202 3585740512 3643538232 1906543057 48290325 1467531212 424342313 2569603962 2032233749 1519971394 2308038305 1546747246 4262916102 1483093357 4274741527 3748983553 63432012 2427720370 2084387052 3350807656 3740538579 4065993371 904862361 1939423102 3964944315 2959653118 1257715522 2866571189 3942359398 3669978938 3356812701 3525839157 243864480 676622061 3817583239 2374922889 179095154 3428106518 1672905426 2438141431 2155938448 3990592813 508705998 3947730814 3056417661 1293281579 3687884576 497538827 2008271414 1580685929 646072571 2026281364 3015888046 2487403995 1965066676 1107061073 1946186681 4167318417 701807914 2376166202 571548863 3467819145 4033034510 2623357017 3307868933 856835779 4058217506 2533001828 23428249 3905391411 2975928044 2107117439 1284443394 918586678 862981430 3330539641 4012826996 1230469964 3036423204 704001634 4281054729 830964631 1191065840 111706614 3531786491 2253820223 2166998950 2387527104 420847727 2429746800 3531876001 2965768046 887806116 38675870 419889292 1299700971 4144031216 3295527370 3719197716 2265152208 243112051 532637525 2062642693 2851974361 1348098910 3687573153 2713350227 4136910571 3155886759 2833730107 3350055513 3576916557 756609529 1386770942 3182697618 1185080212 791333710 4061700730 2393405142 2906353817 1184888505 1600051692 2782164814 1897151321 388171152 3484671609 3704882125 2215581366 171782180 2250692315 4288265152 3602215040 883298223 3233148611 2622187227 934693405 1623767607 2393044103 2237205396 1833169946 1550940249 1984478961 2235843960 96075695 2937656432 3176673154 1994624339 3141927296 517279810 3452770504 4183506387 2026237867 397199663 1183456278 3770922603 2160534521 2682402970 2102940467 3422461069 4270241879 1766879855 2575522249 2684688209 328302228 4205477811 1893010944 2844151788 574443804 332150858 2791922125 706299837 1182523939 1501251804 1500273239 1958461877 2627063299 1284638324 265646977 1550502162 2365491082 3565171163 972655524 2955862485 855808247 2752048376 3745303920 61467391 658213132 3049831284 2704812447 1737127317 1464403139 1975868418 1409266592 2577070236 1264740875 3330000746 723304743 4077920485 1551418328 2556442156 332230655 3709646930 2560720092 2797352556 2503991278 2447057010 369477712 1382901635 2484141680 2573687100 2218778308 2993182027 583481 4200880840 2367255232 97197657 2345897198 3637892067 2373600140 1376029177 767343274 290809005 1955051323 1385010702 272170120 3619169588 1897443048 3308723497 704425127 3903175211 2547886073 451629521 313815713 2724528401 2198241109 584803718 4232523622 1778031094 2963906212 1877730685 2895839296 2728170732 985977897 4255803895 3506160938 4201548117 29666429 665326651 3892655018 3697491006 2091427199 2430549482 690336830 2338665739 1841980391 2114733856 550