10053096.49148734
544
-7.215869100787537 -20.89776810027274  63.06063444799072 1 2 14 44 0
-8.790256709382634 -19.46183815656339  63.36493505411232 -1 3.08 122.06 19 0
-4.396559826044137   -17.949199378213  61.28714953879502 0 2.78 90.06 58 0
-1.470498657619055 -19.45098981317449   59.1654557478388 0 2.7 82.04000000000001 51 0
  2.37745361401247 -20.43433333658007   62.0706316208849 0 3.06 120.07 18 0
3.672397387820799 -17.5691361002028 57.40258283694074 -1 2.97 110.05 4 0
-0.2546976524217421  -14.70652250050237    58.4660925675545 0 2.9 102.07 7 0
 1.073926502521557 -15.90606169443953  64.18594200708172 0 3.21 138.1 46 0
 5.084165195312478 -15.94924942186355  62.10899461578171 0 2.95 108.05 3 0
3.695606285841839 -12.1819879567576 58.46985471239338 0 3.06 120.07 18 0
-0.1492852975290281  -10.99776290658959   61.72898109353085 0 3.21 138.1 46 0
 4.728803035076986 -11.51059531010663  66.08117492952945 0 2.95 108.05 3 0
   7.6774415356839 -9.407384035948992  62.65021189385359 0 2.9 102.07 34 0
 5.349764644407631 -6.857375471456795   60.4896039639566 0 3.21 138.1 46 0
 4.215136160763355 -5.800187620363859  66.03567339035695 0 2.51 66.04000000000001 1 0
 8.111156172507988 -7.081528285109361  67.30877322388758 0 3.06 120.07 18 0
9.617007220202314 -4.23269230126301 62.38760108794289 0 3.33 154.1 57 0
 5.085618508657446 -1.288834332067026  65.31931383613949 0 2.7 82.04000000000001 51 0
 6.877231985875559 -1.255779493949549  68.86706432635373 0 2.51 66.04000000000001 1 0
   10.00669121753256 -0.07524505970258524    67.85591973818347 0 2.51 66.04000000000001 1 0
8.55468707688255 3.07442932632625 66.9694276346392 0 2.51 66.04000000000001 1 0
 5.67329392310596 3.522161724143606 70.13140284177096 0 3.33 154.1 57 0
11.65191807087558 2.593056219463837  71.0315396624129 0 2.86 98.09999999999999 16 0
13.38862268020783 6.730237622352496 70.74409547876992 0 2.35 54.03 20 0
17.58162280082702 4.307779569620604 69.72610039325512 1 3.03 116.08 53 0
14.40635431437989 3.459862669015438 67.07816912799771 0 2.95 108.05 3 0
12.65653791849469 7.859264070816072  66.4563943232513 0 2.95 108.05 3 0
16.99087324264117  10.4938805312352  65.9654132350023 -1 2.97 110.05 4 0
19.14044945914713 6.770012889035037 64.07742226750801 0 2.51 66.04000000000001 1 0
22.24722916929531 6.177268186755213 62.86305182914252 0 2.78 90.06 9 0
22.28079839686276 5.002871929562246 59.01824096862724 0 2.51 66.04000000000001 5 0
23.05976413544264 1.209879530816696 59.51660133583625 0 2.35 54.03 20 0
22.32627233727175 1.458470972758648 62.90239711945204 0 2.82 94.05 55 0
 21.74620785551704 -2.262121752762153  64.65720850077986 0 2.95 108.05 3 0
  16.6676568368318 -1.948868821483742  64.74338956603864 0 2.9 102.07 26 0
 17.42142183401756 -2.037865341973242  69.31337730877355 0 2.82 94.05 55 0
 13.83253963494862 -2.825867859105718  71.10013599685995 0 2.86 98.09999999999999 16 0
 14.07499008595768 -1.157252468481568  75.25782796191575 0 2.82 94.05 55 0
 12.12746578356959 -4.556838624302587  76.97429324791257 0 2.35 54.03 20 0
 13.10042011770658 -7.705457481256431  75.92747751963769 0 2.95 108.05 3 0
 9.998038412399845 -5.467531372858899   72.3648542566736 0 2.51 66.04000000000001 1 0
 12.30840283356217 -5.950368105547963  69.07533347905084 0 2.86 98.09999999999999 16 0
 12.89437195836669 -9.915507336104953  69.71002717113217 0 2.78 90.06 9 0
 11.90483484640114 -12.00355814041296  66.12476551265075 -1 3.08 122.06 19 0
 13.64201365150267 -7.068630474342712  64.66638978674665 0 2.78 90.06 58 0
 16.91568006323853 -7.506314449052664  68.05594713012755 -1 3.08 122.06 19 0
 16.60487783221223 -13.31647199883287  65.11632108926574 1 3.03 116.08 53 0
 17.39575221712247 -9.710605091474507  62.06732804646212 0 2.51 66.04000000000001 1 0
 20.47564157312946 -7.862301781311693  58.97957069692307 -1 2.97 110.05 4 0
  17.9789703319371 -4.864743124632988  61.36009014299574 0 2.51 66.04000000000001 1 0
 19.35954052347676 -1.942392197358203  59.40569509137918 0 2.82 94.05 55 0
17.84566735844554 2.180875423757547  61.3015783120462 0 3.21 138.1 46 0
17.28762205901262 2.893695277516942 55.58760357182824 0 2.9 102.07 7 0
14.61615126613343 8.482793566729763 57.35571673430871 0 3.33 154.1 57 0
15.15798030368319 7.979168614814624  61.2963433617405 0 2.7 82.04000000000001 51 0
10.78371137606326 9.149950569105533 60.90302290227359 0 3.21 138.1 46 0
11.96901872674592 12.85455972736954 65.71010169346783 -1 3.08 122.06 19 0
8.307505881931123 15.30707620916401 65.73403100269093 -1 2.97 110.05 4 0
7.749980240323787 15.13118548135847 60.58296765260928 0 2.7 82.04000000000001 51 0
5.548487353597529 17.66572948583321 59.89722224054309 0 2.35 54.03 20 0
1.766082802074223 18.42419411621799 60.50735929693195 0 2.78 90.06 12 0
1.890787412846684 15.09315656643284 63.11019325605449 0 2.35 54.03 20 0
4.580473554834007 15.25405206630438 65.28608068585659 -1 2.97 110.05 4 0
5.655866843604802 11.87664253059723 61.64472528893639 0 2.78 90.06 58 0
7.391522679964043 9.303162522289181 64.52262964481299 0 2.82 94.05 55 0
9.932922228948048 6.559016758853081  62.7481442608968 0 2.35 54.03 20 0
11.39886351403094 2.489680816692752 61.69994430045337 0 3.21 138.1 46 0
12.81500144384127 3.011819637262559 56.51467772647867 0 2.9 102.07 34 0
  13.81088500112029 -0.6992649245297391   57.36536999169417 0 2.51 66.04000000000001 1 0
   17.164874909667 -3.151236970560995  55.50860807951602 0 2.9 102.07 34 0
 15.07346853796098 -7.564972892269492  56.97947368402048 -1 2.97 110.05 4 0
19.10827175666677 -8.26736446535117 54.68018899414736 0 2.95 108.05 3 0
 16.86669193801674 -12.13161616752915  57.16746053608676 0 2.82 94.05 55 0
 12.89436747179676 -11.57582721144666  56.60649085166786 0 2.95 108.05 3 0
 14.33105391692532 -10.69648403302229  51.35620270130985 1 3.03 116.08 53 0
 11.54895665314412 -6.962656061070509  54.52702176273107 0 2.9 102.07 34 0
 11.59784772376586 -2.508449782041252  52.46511436667323 0 2.9 102.07 26 0
 9.925825894822308 -1.859825355128459  56.99142582066029 0 2.78 90.06 58 0
7.533927046814215 2.361948496217749 56.67339363458974 0 2.9 102.07 34 0
 7.53213593100318 2.033675115164578 61.13067581076674 0 2.7 82.04000000000001 51 0
4.315633365899789 5.065144382318587 60.07352948663148 0 3.21 138.1 46 0
5.428735515676096 7.131012982482375 67.14916328042673 1 3.25 144.09 2 0
2.404267714566083 6.602627272448988  67.4660119362121 0 2.35 54.03 20 0
0.8574185639927027  8.681230950783323  70.25285360146033 0 2.7 82.04000000000001 51 0
5.027036533734098 8.430706858082761 73.40410235256309 1 3.25 144.09 49 0
-0.03364554428134491    10.07699234444147    74.72801437045145 0 2.7 82.04000000000001 51 0
-2.28103978741102 6.698266016707704 73.31569268777281 0 2.9 102.07 26 0
-3.601618731008906  8.221834626175434  77.04856758022053 -1 3.08 122.06 19 0
-4.130665297495578  13.01696499621665  75.51738878945818 0 2.95 108.05 3 0
-4.824700565732094  10.01322592202194  69.46533495095591 0 3.48 176.13 11 0
-8.057714257303639  8.962105972857142  72.47460900663408 0 2.9 102.07 26 0
-9.604692781243687  12.95228418308017  73.72911461278701 0 2.35 54.03 20 0
-7.87453219504568 15.44179460413622 72.31231109080852 0 2.95 108.05 3 0
-9.624942041079532  12.41860983831057  67.99197449840324 0 2.9 102.07 34 0
-11.06589459159641  15.79104158057284  65.04209027829081 0 2.95 108.05 3 0
-14.07197638374457  12.53970473843695  65.24168240371112 0 3.21 138.1 8 0
-13.17262567579092  16.57277447203424  60.91795462990473 -1 2.97 110.05 4 0
-14.00666743864178  13.79585567852927  56.94598366137044 0 2.9 102.07 7 0
-9.966763049857139   15.8625624510226  53.76220513965986 1 3.03 116.08 53 0
-11.58080897142875  15.46274292353747  48.83101855485625 -1 3.08 122.06 19 0
-9.264059152880863  11.62786123991765   49.5458631326226 0 2.9 102.07 26 0
-10.94094126906822  12.48128696681804  44.87493593121152 0 2.95 108.05 3 0
-6.183094190051531  12.28811620926878  45.76650547608078 -1 2.97 110.05 4 0
-6.456174537670104  8.299310672981298  47.04761692085543 0 2.9 102.07 26 0
-10.35530673301461  7.382435524633853  46.25318561377059 0 2.86 98.09999999999999 16 0
-13.93290561710677   8.35787496311597  43.79166227547137 0 2.7 82.04000000000001 51 0
-15.54211061825497  9.637089209830743  47.17730965669624 0 2.35 54.03 20 0
-12.80291970329213  8.621521712844286  48.77655066445248 0 2.86 98.09999999999999 16 0
-14.71599575706217  12.43945586081936  53.00797440692479 1 3.25 144.09 49 0
-10.62104722510834  11.41403300023171  55.13950683663602 0 2.35 54.03 20 0
-8.879166768653223  11.96832602761209  59.87879430835491 0.5 3.14 130.08 23 0
-8.146304819355842   16.4342320570187  57.80139648341171 -1 2.97 110.05 4 0
-5.238582960995973  14.40834951290309  59.94309009547256 0 2.35 54.03 20 0
-5.198065414614708  10.35976305788083  60.45336459039107 0 3.21 138.1 46 0
 -4.9134148092519 12.64723653786331 55.28524383507386 0 2.82 94.05 55 0
-2.765309759752062   16.0292247142297  56.37137996247066 0 2.7 82.04000000000001 51 0
0.2295319282427534  13.79040218918128  58.42018277924726 0 2.7 82.04000000000001 51 0
1.637569762833648 10.19044593718316 53.88301235338852 0 3.48 176.13 56 0
0.1840029590368382  14.15990109195866  51.11783851699801 1 3.25 144.09 49 0
3.602580159862667 16.38094045951583 55.21907139038404 0 2.7 82.04000000000001 51 0
5.845974013579632 13.03934395253318  54.9820359137055 0 2.78 90.06 58 0
5.167970648387095 11.82257863874803  51.2180724942405 0 2.51 66.04000000000001 1 0
7.048600646184038 13.87059099502195 48.45342238719048 -1 2.97 110.05 4 0
 10.4350591017563 12.55159501245996 51.97953777820727 0 2.82 94.05 55 0
8.797100772508935 8.799944527736955 53.35547315827294 0 2.9 102.07 34 0
6.988274245290751 8.428787227170863 46.59070783345674 1 3.25 144.09 49 0
13.00091789393963 9.483083639932589 48.39325061151394 0 3.06 120.07 18 0
13.91592387393763 7.655389403265678 51.55913308680908 1 3.03 116.08 53 0
10.57208065839648 3.603241247288754 49.64107758686755 0 2.78 90.06 58 0
10.71084723541911 4.882624363338275 45.23879537199455 -1 3.08 122.06 19 0
15.87795136208167 5.009368709740136 46.83117373241565 -1 2.97 110.05 4 0
 15.11701318406459 0.5524853393525478  48.40104784633725 0 2.51 66.04000000000001 1 0
 12.79226620886022 -0.628900109582644  45.61021841120402 0 2.78 90.06 12 0
 17.4458306864666 2.027373618804436 43.69938179783662 1 3.25 144.09 49 0
  19.74655607712273 -0.6641009613735122   46.17456083754646 -1 3.08 122.06 19 0
 17.40116736544822 -3.792900757384912  48.17884665697538 0.5 3.14 130.08 23 0
 14.80329143695194 -5.404975513585272  43.62530246939539 0 2.78 90.06 9 0
 14.51468458391703 -8.787598290855509  45.95451333295738 -1 2.97 110.05 4 0
 14.65168080077398 -7.082139327317823  49.71121158750618 0 3.33 154.1 57 0
7.357749320862691 -8.17462883824289 51.48672258136568 1 3.25 144.09 49 0
 7.091019635024917 -3.023354202367985  50.43428496959968 0 2.78 90.06 58 0
  6.00920179607323 -3.719118327609424  54.56353386776421 0 2.78 90.06 58 0
 4.049084083855725 0.5326157439819599  54.29432212976926 0 3.21 138.1 46 0
 3.744860563260897 -1.003733901736568   59.9921672354676 0 2.82 94.05 55 0
 1.303152027120151 0.1458576171308797  62.63117761395404 0 2.35 54.03 20 0
-0.02433781976793704   0.9676594976809925     67.5377222637767 0.5 3.14 130.08 23 0
-2.522217955485245  3.400645389634575  66.71128019740046 0 2.7 82.04000000000001 51 0
-1.594887785726755  7.402964440235261  64.69654994421913 0 2.9 102.07 34 0
0.3570547145286159  4.422332253729897  62.59874960562665 0 2.35 54.03 20 0
-1.864367529703682  2.670929160463909   61.1420370646054 0 2.35 54.03 20 0
-3.365665591819942  5.113326458831479  59.82052975293279 0 2.51 66.04000000000001 1 0
-0.1294119061892685   7.102944140294341   59.10810952693205 0 2.9 102.07 34 0
0.1163218552428708  3.026021525858082  56.95373144149242 0 2.51 66.04000000000001 1 0
-3.520039641977002  2.477520967162399  55.87954001887493 0 2.82 94.05 55 0
-3.211862871032305  6.453582260318935   54.1273523323583 0 2.78 90.06 58 0
0.377195746587756 5.374244689518491 52.64537876216667 0 2.51 66.04000000000001 1 0
-0.5868109040425186   2.725884653997169   50.72563677150401 0 2.35 54.03 20 0
-3.173638207669639  3.909316165247255  49.25210178073538 0 2.51 66.04000000000001 1 0
-0.9682031525257587   7.495807837868792   47.93479858165997 -1 2.97 110.05 4 0
2.515596923853712 5.026942983054387 47.54976692857225 0 2.9 102.07 34 0
 -1.15066655161612 0.1527748658691084  47.18263707560644 1 3.25 144.09 2 0
0.9991228226872301  1.767093404495413  41.49244276091047 0 2.35 54.03 20 0
4.065720340846529 3.240071914941453  41.6629918168619 0 2.95 108.05 3 0
 5.794194641581476 -1.409043588460977  40.80572660035726 0 2.35 54.03 20 0
   6.290030007231184 -0.07504251050470921    44.93204426049112 0 3.33 154.1 57 0
 3.324204722082061 -4.838156929044712  45.55885878171588 -1 2.97 110.05 4 0
 2.598549228466992 -1.721380714684918  49.45863969328303 0 2.9 102.07 26 0
 1.816373452707719 -5.610691736468647  52.05983169943307 -1 2.97 110.05 4 0
-0.5431416773068191  -2.808458119633448   55.28361583147531 0 2.78 90.06 58 0
0.9916600689874318 -5.764597178363979  58.29248081413411 0 3.21 138.1 46 0
-2.795502147568853  -2.54777087007322   61.2136006129227 0 2.7 82.04000000000001 51 0
-0.6743353435554736  -4.144050481667786    64.4012624217294 0 3.33 154.1 57 0
 -5.194748802809992 -0.4042037757787973   66.35570219052342 0 2.35 54.03 20 0
-6.577306106130929  1.029182259421196  63.88955523897177 0 2.51 66.04000000000001 1 0
-7.987975769289293  4.002815318696713   63.4925873049042 0 2.78 90.06 48 0
-13.28420152567088  3.477248139233148  62.25471416708641 1 3.25 144.09 2 0
-9.157507588748754  6.118763483444527  57.82478810917215 0 2.78 90.06 58 0
-13.0238413166115 6.721142047674096 56.66290963622168 0 2.35 54.03 20 0
-15.57720119834945  7.208818825306449   53.4673167817884 0 2.95 108.05 3 0
-18.97398407519823  2.184042340985247  53.04536606774148 1 3.25 144.09 49 0
-15.4330557301285 4.533925373744276 49.73234701932728 0 2.51 66.04000000000001 1 0
-10.67811419720982  5.017728994667163  51.87495503306974 0 3.21 138.1 46 0
-13.39118384026518  1.008963516524907  52.75626171962857 0 2.51 66.04000000000001 1 0
-15.79304557572852 0.1435055175931395  49.44285295036259 -1 3.08 122.06 19 0
-9.556344736352312  1.835294892150545  47.58604590742936 0 3.21 138.1 8 0
-8.804282783754729 0.0453809441835783  51.79276789718669 0 2.9 102.07 34 0
-11.37548655956567 -4.037464635304008   50.6360033832526 0 2.82 94.05 55 0
-10.53998927953787 -4.111267471079521  46.31070888981985 0 2.78 90.06 12 0
-5.855354226240087 -1.363312460296174  46.65662174562718 0 3.06 120.07 18 0
-4.329372688190273 -4.218616826005026   43.6784333125554 0 2.82 94.05 55 0
-0.6875347996685366  -3.889094663469955   45.38686796264614 0 2.35 54.03 20 0
 -1.75346416939345 -5.338263939705008  47.95770926400371 0 2.35 54.03 20 0
-2.555230323234226 -7.094293050075054  51.24310555848599 0 2.82 94.05 55 0
-4.915364576750133 -4.345953694048123  54.51756537835492 0 2.9 102.07 34 0
-2.567785546100468 -8.301297103287929   56.0534918844526 0 3.33 154.1 57 0
-8.441907907678702 -4.120947656942442  60.19743240682932 1 3.25 144.09 2 0
-4.561840347576539 -6.533046926205974  63.21692638304543 0 2.9 102.07 26 0
-8.145423461369784 -6.252985707312579  66.02363741187619 0 2.82 94.05 55 0
 -6.99236122602196 -7.159189971181843  71.47097697757246 0.5 3.14 130.08 23 0
-10.34293121245859 -7.764088021651837  72.27047377306877 0 2.82 94.05 55 0
-12.29878434305876 -4.453029036251572   74.3816471303666 0 2.95 108.05 3 0
-9.119394170219286 -1.612777229080426  71.18312531119849 -1 2.97 110.05 4 0
-11.13347316917537  2.374601530807404  72.17399232089072 0 2.9 102.07 6 0
-8.799712429565906  2.791551841396841  68.85469084847102 0 2.78 90.06 58 0
-10.71641681513742 0.3098417475659801  66.54556367076169 0 2.78 90.06 48 0
-14.95917343674686 0.2971046297286162  69.32734637975413 1 3.25 144.09 49 0
-12.57181007279247  5.844502068522996  67.39803773098653 0 2.9 102.07 34 0
-13.67405340054286  7.520128661198052   64.3388633029481 0 2.78 90.06 48 0
-17.39824124913537  7.396435368782116  65.47994123713542 0 2.78 90.06 48 0
-20.18785194656838  3.713194979809077   61.4327020016233 1 3.25 144.09 49 0
-22.08188392518755  7.384469708760876  64.39939085505374 -1 3.08 122.06 19 0
-18.9053371671708 11.48915976014232 63.65301541177644 0 3.21 138.1 8 0
-18.6574692720705  8.67666888318421 58.63004153115521 0 2.35 54.03 20 0
-15.33299735414903  7.906426999788667  59.89148749536217 0 3.33 154.1 57 0
-16.07571963337864  2.818695622933169  57.55142337589786 0 2.7 82.04000000000001 51 0
 -13.11998158216693 -0.2398267244974848   59.84443943454425 0.5 3.14 130.08 23 0
-11.52693872704265 -2.116904048507401  56.17634112619865 0 2.7 82.04000000000001 51 0
 -12.5257586689417 -5.921995422717818  54.62561762590604 0 2.7 82.04000000000001 51 0
-10.47029827097632 -7.998464702943609  56.24015529687986 0 2.78 90.06 48 0
-11.44295299290679 -7.755906199289869  61.65048774439884 -1 3.08 122.06 19 0
 -7.00148802356464 -10.61682102209998  60.03618159890273 0 3.33 154.1 57 0
-11.40151838640498 -10.45877795589165  67.26293012521376 0 3.48 176.13 11 0
 -6.69120466925875 -10.86808040012235  68.66222466830027 0 2.9 102.07 26 0
-10.40706893257098 -14.62679611656063  70.53054101447944 1 3.03 116.08 53 0
-6.298524789548139 -13.29806605180652  73.20001876564334 0 2.7 82.04000000000001 51 0
-5.692485037437628 -11.57938438907204  76.19526753204505 0 2.35 54.03 20 0
-4.704409760958112 -8.374837458398398  78.08592620851921 0 2.82 94.05 55 0
-1.100420876601815 -9.636188274947543  79.66567278788239 0 2.9 102.07 7 0
-2.308003367226567 -13.53427778892812  76.93650813692716 0 2.78 90.06 12 0
-0.09755292714134292    -15.4908764052434    75.00402535090842 0 2.78 90.06 9 0
-1.127455202195251 -15.00293683577802  70.60831797898324 0 2.78 90.06 58 0
-2.182590371200502 -18.73942276182055  69.36976732785529 0 2.82 94.05 55 0
-2.638582432050156 -21.12940946418115  64.25173354200447 1 3.25 144.09 49 0
-5.858402208909519 -21.22466363737902  66.88352575704363 0 2.95 108.05 3 0
-6.333594176815863 -17.06514815876119  69.60170908426588 -1 2.97 110.05 4 0
-6.241117121667073 -14.96753120110412  64.98919684931977 0 2.9 102.07 26 0
  -10.773065431423 -14.63279912957586  63.81315561765565 0 2.78 90.06 12 0
-10.61753701528183 -13.81064655026377  58.28702631428637 1 3.03 116.08 53 0
-14.05152289705818 -10.79483184870885  60.61297486801129 0 2.9 102.07 26 0
-14.77358351249551 -11.15640172725343  55.37621148618094 -1 3.08 122.06 19 0
-16.79697742244313 -7.099846806152253  56.19672917474352 0 2.35 54.03 20 0
 -17.5845197398551 -3.296936133121555  55.17023050145757 0 2.9 102.07 6 0
-18.72787135295519 -1.735695076428147  59.00937044016936 -1 2.97 110.05 4 0
 -18.1806883663232 -5.906506067407917  60.97508620726055 0 2.51 66.04000000000001 1 0
 -20.4458513380855 -7.021149134204847  64.16611778977854 0 2.82 94.05 55 0
-17.65867555611239 -10.10459877363674  65.28374183172396 0 2.35 54.03 20 0
-15.35855405413161 -8.400792559802039  66.60967224896402 0 2.35 54.03 20 0
-13.44271484862556 -4.404787157805327   67.8199350244238 0 2.95 108.05 3 0
-17.93379411836223 -3.298185015053615  65.73648962917541 0 2.95 108.05 3 0
-18.78165235855482 -6.258708000832972  69.69972884464816 0 3.06 120.07 18 0
-22.24336055241412 -3.780361052381561  71.48169680286895 0 2.78 90.06 9 0
-18.83500813824888 -3.849983121733823  74.26265484042983 0 2.95 108.05 3 0
-17.18107804131194 -1.402509076469805  77.60587126345378 0 2.9 102.07 6 0
 -14.48736317408481 -0.1490887814506234    75.6103956835091 0 2.78 90.06 9 0
-10.42718886547327 -1.228258240498776  77.82802141463767 -1 2.97 110.05 4 0
-7.243973898627964  1.856937714559641  76.93136182866419 0 2.9 102.07 6 0
-5.713699639054847  -1.77131816887752  78.20746211889424 0 2.78 90.06 9 0
-6.333694926468992 -3.883588094129093  74.66645285276874 0 2.51 66.04000000000001 1 0
  -4.353120837879341 -0.05165662617465414    71.90420783669927 0.5 3.14 130.08 23 0
-1.328430863987644 -1.371371704432943  75.08207468316689 0 2.9 102.07 7 0
-0.5186424067515192  -7.853860946103639   74.97641046542036 0 3.48 176.13 11 0
-2.224208622999333 -5.612493624073807  69.43826913044622 0 3.33 154.1 57 0
 1.019159502908662 -10.70863281085448  69.05724600333392 0 3.21 138.1 46 0
 2.692889188362792 -7.718277256559579  72.97526382162613 0 2.35 54.03 20 0
3.802525345413894 -4.76472280728227 75.57316907961379 0 2.9 102.07 7 0
 2.325273158605885 -2.145704453625996  71.63308356499681 0 2.9 102.07 26 0
3.278643131327089 1.713235300401686 73.28829463542763 0 2.35 54.03 20 0
 5.066028322004501 0.9122585214988974  76.19429487478845 0 2.82 94.05 55 0
9.294030904132017 1.607423971069261 74.24476206300692 0 2.86 98.09999999999999 16 0
 10.5453635954195 4.855064730356317 76.50258889669614 0 3.04 118.07 7 0
 27.58420570846313 -2.622340775955061  64.55792428017817 0 2.9 108 39 0
11.39370022070482  6.38217084280978 74.87728249581787 -1 2 16 14 0
-12.28013895530552  8.180979769328314  85.59632822984325 1 2 14 44 0
-12.53877811729646  6.056398444500383  85.82534784116373 -1 3.08 122.06 19 0
-10.25753898368011  8.708415515322336  89.52299499789437 0 2.78 90.06 58 0
-10.24632618094511  12.34911970621561  90.95963701388818 0 2.7 82.04000000000001 51 0
-6.304602487024204  14.79178418198443  89.31344364669633 0 3.06 120.07 18 0
-7.116867136493044  15.18124989174504  94.86911252001003 -1 2.97 110.05 4 0
-7.876140722537166  10.26582739432894  94.77006547527353 0 2.9 102.07 7 0
-3.968535122378898  10.27630461500029  90.22569283043502 0 3.21 138.1 46 0
-2.595244256589953  13.68983800566421  92.84474838694771 0 2.95 108.05 3 0
-4.182463187676133  11.32615779093543  97.45532816994169 0 3.06 120.07 18 0
-4.237957057655194  6.922980890440092  94.73201426249884 0 3.21 138.1 46 0
 1.47953537309531 9.336763023563542 92.61440472355409 0 2.95 108.05 3 0
2.211768479494335 11.00329867651193 97.25939854693787 0 2.9 102.07 34 0
0.3994094287880171  8.355456240068039  99.76801073675227 0 3.21 138.1 46 0
3.505985110116246 5.228134995630496 96.06220941966527 0 2.51 66.04000000000001 1 0
6.348594909724325 8.385130211027395  95.4340854235768 0 3.06 120.07 18 0
5.513941131602443 9.006136647324753  101.223653033415 0 3.33 154.1 57 0
5.537793689743893 3.065302382390112 99.64231109469385 0 2.7 82.04000000000001 51 0
8.932232554732234 3.227039865965571 97.58096910625569 0 2.51 66.04000000000001 1 0
10.88933169048829  4.90874542361043 99.93707169355892 0 2.51 66.04000000000001 1 0
10.69745922312021 2.091508810087442 102.1372980072862 0 2.51 66.04000000000001 1 0
 10.91487026612428 -1.131771953395066  99.29754950151377 0 3.33 154.1 57 0
15.06289017274891 3.341260762317305 99.74848099730733 0 2.86 98.09999999999999 16 0
17.77915036887951 1.895942438039088 103.0268986807726 0 2.35 54.03 20 0
18.92837063513921 6.691017343317714 103.4421292859701 1 3.03 116.08 53 0
14.82478045881649 5.844563879050746 103.9489795739489 0 2.95 108.05 3 0
15.12220184245944 1.918617850801568 106.6511421014734 0 2.95 108.05 3 0
18.81295665053221 3.318313803846606 109.8741700582416 -1 2.97 110.05 4 0
17.51829081597153 7.819647994461921 109.5362219825861 0 2.51 66.04000000000001 1 0
18.59074217001415 10.71598091387926 110.9287828336704 0 2.78 90.06 9 0
15.75013297307467 12.65544942073626 113.0102018968335 0 2.51 66.04000000000001 5 0
14.98434713546878 15.54773122325376 110.5021707885401 0 2.35 54.03 20 0
16.68712978946697 13.87216810125463 107.9809725677444 0 2.82 94.05 55 0
15.82083047982931 15.40546958677626 104.2183723927614 0 2.95 108.05 3 0
12.62197987907827  11.6672878239812 102.9181466559183 0 2.9 102.07 26 0
  15.903894028348 10.88959608144686 99.74244120817116 0 2.82 94.05 55 0
14.28358007703685 8.401485304427245 96.93576746932733 0 2.86 98.09999999999999 16 0
17.70837905105595 6.233605231614551 95.01209650050066 0 2.82 94.05 55 0
16.04213753938591 6.622490948773685 91.09180350878071 0 2.35 54.03 20 0
 14.7235441502081 9.682294976270713 90.16704689276585 0 2.95 108.05 3 0
11.39982590442009 7.121782602866248 93.28506604508254 0 2.51 66.04000000000001 1 0
10.70862508189496 10.01188695919171 96.03486608283981 0 2.86 98.09999999999999 16 0
 9.82604892848002  12.8440369145825 93.26565843819121 0 2.78 90.06 9 0
6.080346768709055 14.60295693479533 94.29965878158659 -1 3.08 122.06 19 0
8.409944267965292 12.97927248963051 98.92943041114998 0 2.78 90.06 58 0
12.49667259833498 14.52167168598251 97.10810828312302 -1 3.08 122.06 19 0
8.038945162268881 19.01318843844928 95.54258172371269 1 3.03 116.08 53 0
8.199763282309597 18.08533292895368 100.2369761157046 0 2.51 66.04000000000001 1 0
 9.12401466074188 19.90876305404466   104.50980316458 -1 2.97 110.05 4 0
10.18620916800209 15.50078507448966 103.9379019666388 0 2.51 66.04000000000001 1 0
11.12776428718807 15.10601016316298 107.5743006989458 0 2.82 94.05 55 0
13.01844775825358 10.77767304270317 108.3347839698405 0 3.21 138.1 46 0
9.423560389944136 11.61853325073264 112.7888577176803 0 2.9 102.07 7 0
11.07948710567837 5.561889156564419 114.2296800760357 0 3.33 154.1 57 0
13.65822189237466 5.098295496420877 111.1947232668707 0 2.7 82.04000000000001 51 0
10.99291370267979 1.422895694143214 110.9774019221532 0 3.21 138.1 46 0
 16.30069667055029 -1.630166117248104  110.1152287506579 -1 3.08 122.06 19 0
 14.90540677491782 -5.783042622277488  110.5936311537378 -1 2.97 110.05 4 0
 11.28486196815025 -4.522602811091413  114.0833550410464 0 2.7 82.04000000000001 51 0
 10.45923283794001 -7.510997466909854   115.542315263727 0 2.35 54.03 20 0
 8.633749209147119 -10.80368899175104  114.5031270912942 0 2.78 90.06 12 0
 8.923232978297875 -9.292638502554821  110.5637067553468 0 2.35 54.03 20 0
 12.12398358105926 -8.187985333236739  109.8358867462404 -1 2.97 110.05 4 0
 9.178252085618501 -4.136234781753026  110.6895953907642 0 2.78 90.06 58 0
 11.02850661989188 -2.094556703917201  107.4762260061669 0 2.82 94.05 55 0
10.47605043934347 1.997183194093984 107.7767302356788 0 2.35 54.03 20 0
9.098609134900776 6.005184104993743 106.4181331027876 0 3.21 138.1 46 0
7.064851708002412 8.177739338293144 110.9246727413779 0 2.9 102.07 34 0
6.695148168783427 11.06112583775508 108.2719361162121 0 2.51 66.04000000000001 1 0
6.755969192967154 15.54548904566516 109.0437958457135 0 2.9 102.07 34 0
4.416825485125033  16.5770637392902 104.6298688651581 -1 2.97 110.05 4 0
5.392751324301703  20.5084838904938 107.0070952684026 0 2.95 108.05 3 0
3.810728615528136 20.77210106367198 102.1520616784246 0 2.82 94.05 55 0
1.051742105059106 17.82970324664383 101.7870431354066 0 2.95 108.05 3 0
-0.8584846005182956   19.80007660596767    106.569458925251 1 3.03 116.08 53 0
0.809738642624983 14.47466416094261 105.7996254814143 0 2.9 102.07 34 0
1.440758540649169 12.18183196369039  110.093637640968 0 2.9 102.07 26 0
3.389219525758716 9.255834439757942 106.7252694452465 0 2.78 90.06 58 0
3.371555267241241 4.913649695412365 108.9140633236838 0 2.9 102.07 34 0
5.980197739282772   3.8056953807654 105.4582634584292 0 2.7 82.04000000000001 51 0
  4.457965923832472 -0.1009910251749786   107.2115074931242 0 3.21 138.1 46 0
 10.42826016670935 -2.796214287604472    103.65303011199 1 3.25 144.09 2 0
 8.386835312856402 -4.629579430713102  102.2394011552747 0 2.35 54.03 20 0
 9.946599528307242 -7.896193993366327  101.0662912266111 0 2.7 82.04000000000001 51 0
 14.56188360747559 -5.788015821092537  99.78817437432272 1 3.25 144.09 49 0
 12.69740294050525 -10.76081551050109  98.42125187486008 0 2.7 82.04000000000001 51 0
 8.911448827314475 -9.663813568098602  96.71117491508873 0 2.9 102.07 26 0
 10.97217182798748 -12.68889506615566  94.56598316101558 -1 3.08 122.06 19 0
 11.68840383503279 -15.76319580922326  98.52241598331415 0 2.95 108.05 3 0
 6.234636577117199 -12.46378512626801  100.8680077817078 0 3.48 176.13 11 0
 5.494576314729891 -14.89557685322362  97.10613845592921 0 2.9 102.07 26 0
 6.911978986953868 -18.96854447042491   98.2420757221258 0 2.35 54.03 20 0
 8.236161101178736 -18.99601305648716  101.3152234920643 0 2.95 108.05 3 0
 3.137938042386267 -16.92715077308196  102.0877644449017 0 2.9 102.07 34 0
 1.774979112670865 -19.27113502720967  105.9347811842866 0 2.95 108.05 3 0
-1.469327243422671 -19.26048546455038  102.9145297256976 0 3.21 138.1 8 0
-1.842726747386676   -20.016859431711  108.8354735918656 -1 2.97 110.05 4 0
-6.012339376356465 -17.58129496580021  109.7659644729125 0 2.9 102.07 7 0
-4.416027755010505  -15.2107168334801   114.515774843383 1 3.03 116.08 53 0
-8.698897260443156 -14.59717184565711  117.4075204015298 -1 3.08 122.06 19 0
-8.324308324098208   -10.679931439496   115.149299697475 0 2.9 102.07 26 0
-11.96260873333273 -11.01388043230488  118.6147113940289 0 2.95 108.05 3 0
 -8.32430134530029 -7.866599016447405  119.1862523476692 -1 2.97 110.05 4 0
 -9.39065639647249 -5.803782175546361  115.6885298597542 0 2.9 102.07 26 0
-12.86288581176767 -7.654727586325468  114.5964506550384 0 2.86 98.09999999999999 16 0
-16.35432908681733 -10.03725560939876  115.9904295269231 0 2.7 82.04000000000001 51 0
 -14.8024960347348 -12.99728353816095  113.8647327342842 0 2.35 54.03 20 0
 -12.4180013332488 -10.91106725522088  112.8380864224203 0 2.86 98.09999999999999 16 0
-9.481723771885708 -16.00692869191655  111.5923343062995 1 3.25 144.09 49 0
-5.870005718721441  -13.1363071868633  110.5538012544043 0 2.35 54.03 20 0
-1.555428670945817 -13.70654733099219   107.934357591882 0.5 3.14 130.08 23 0
-0.4733694986562613  -15.53032791438803   112.4399049897895 -1 2.97 110.05 4 0
 1.933750774778306 -12.82224287554421  110.4354236533785 0 2.35 54.03 20 0
0.5760621505603509 -10.27464560072213  107.5510686577989 0 3.21 138.1 46 0
-1.460020984844762 -10.05299829715991  112.8263194545627 0 2.82 94.05 55 0
 2.060081840581012 -11.12385582003598  114.7483057398206 0 2.7 82.04000000000001 51 0
 4.378609416444847 -8.187560103995867  112.7034112767303 0 2.7 82.04000000000001 51 0
 1.008878639447226 -3.493388991462823  114.1655477583716 0 3.48 176.13 56 0
0.001954070728287627   -6.294814857626528    118.2464463179101 1 3.25 144.09 49 0
 5.739818474829586 -6.617799143623364  117.6042701252721 0 2.7 82.04000000000001 51 0
 5.685802485774959 -2.794052812151709  116.3270405919313 0 2.78 90.06 58 0
 2.403181096785139 -1.341859432218422  118.1223562239996 0 2.51 66.04000000000001 1 0
  2.811451342963013 -0.5740119209937614   121.9457237998863 -1 2.97 110.05 4 0
6.687607782038814 1.587169595771969 119.5072720912209 0 2.82 94.05 55 0
4.869927675980978 2.523139166957222 115.7031970378713 0 2.9 102.07 34 0
-0.6609577171473667   3.527671651464454   119.8950799443684 1 3.25 144.09 49 0
4.898453195886998 6.447697308041541 120.9338222138894 0 3.06 120.07 18 0
6.692504339633713  7.34530820907445 117.7438082362241 1 3.03 116.08 53 0
1.581677116462666 8.279834272566127 115.6734857586997 0 2.78 90.06 58 0
-0.5026149772108051   8.838509623544565   119.7206791491866 -1 3.08 122.06 19 0
3.974622329975268 11.84918827314394 120.0959899429401 -1 2.97 110.05 4 0
2.564790696262012 13.79831021032071 115.9582804968431 0 2.51 66.04000000000001 1 0
-1.200209156066295  13.80144053692263   116.601409820679 0 2.78 90.06 12 0
 1.83706777743478 15.82875831744926 120.9634827770786 1 3.25 144.09 49 0
3.766008376576635 18.45793800776839 118.1296715026865 -1 3.08 122.06 19 0
2.125773981443129 18.30805708077406 114.0560288017489 0.5 3.14 130.08 23 0
-3.088550836128703  18.93011399577063   115.639181011665 0 2.78 90.06 9 0
-3.264746059347973  20.27110827010146  111.7505638261669 -1 2.97 110.05 4 0
-0.141925290516271  18.12517001019226  110.1125530061002 0 3.33 154.1 57 0
-4.365360426879356  13.28354832343049  106.0791048354694 1 3.25 144.09 49 0
-3.029777571321747  10.01323211746741  109.9823919598545 0 2.78 90.06 58 0
-1.497124513356496  8.499539265050874  106.2320822966395 0 2.78 90.06 58 0
-1.184456828004333  4.421169110216698  108.5257507163456 0 3.21 138.1 46 0
1.480380097052545 3.533176584901833 103.3268590584553 0 2.82 94.05 55 0
 1.962924023661512 0.3056251169316898  101.4300354256366 0 2.35 54.03 20 0
 4.447992933955697 -2.609670733420232  97.98950485013731 0.5 3.14 130.08 23 0
3.295548600302615 -5.69389774437453 99.40415951287289 0 2.7 82.04000000000001 51 0
 4.351225348371814 -7.096175498910261  103.6298903044086 0 2.9 102.07 34 0
 3.107501235294074 -3.159347707155033  103.8524914836474 0 2.35 54.03 20 0
-0.005509812816486739    -3.104889715329935     103.1964903013847 0 2.35 54.03 20 0
-0.7952320348178097  -5.360368915193993   105.2591910553704 0 2.51 66.04000000000001 1 0
 1.756739975766413 -4.227431397024023  107.9318957624216 0 2.9 102.07 34 0
 -1.118701244488785 -0.7283740100505689   107.0310832340076 0 2.51 66.04000000000001 1 0
-4.433709432118392 -2.557902883713793   106.446780375542 0 2.82 94.05 55 0
-3.639708095028316 -4.448227476354661  110.2900124565987 0 2.78 90.06 58 0
 -2.615138407201913 -0.8184737519878604   111.7104707876587 0 2.51 66.04000000000001 1 0
 -5.55231785377242 0.8332756257580728  111.1877568096608 0 2.35 54.03 20 0
-7.687360776476141 -1.295829323825805  112.2703439153047 0 2.51 66.04000000000001 1 0
-5.524790254838408 -1.748488404982209  116.0887915728559 -1 2.97 110.05 4 0
-4.477353752089692  2.399698097193887  115.8134163134162 0 2.9 102.07 34 0
-9.191953409112587  3.193538636219897    112.00866214161 1 3.25 144.09 2 0
-10.58979017170908  5.301884777417395  117.7712014231223 0 2.35 54.03 20 0
-7.823394440938307  6.396422360506136  119.4300610166536 0 2.95 108.05 3 0
-9.151570880244593  10.91149316171287  117.6448761438949 0 2.35 54.03 20 0
-5.717742019717814  9.148616291376207  115.6069866683502 0 3.33 154.1 57 0
-9.306382815598967    10.057639797057  111.3441696966492 -1 2.97 110.05 4 0
-6.077736156742349  6.342561171764427  110.2381893242712 0 2.9 102.07 26 0
-6.627762689215705  7.596373973573747  105.6961453688903 -1 2.97 110.05 4 0
-5.036355317106806  3.161596159470089  104.4261936618421 0 2.78 90.06 58 0
-3.399791933728446  5.278201931965747  100.8221288296316 0 3.21 138.1 46 0
  -2.77208036835742 -0.3258140153257681   99.62860736587596 0 2.7 82.04000000000001 51 0
-0.06390380880652927    1.245311396187179    96.90721256174669 0 3.33 154.1 57 0
-0.3010780368974244  -4.922974518920136   96.53785732477247 0 2.35 54.03 20 0
-2.140778043178515 -6.090944426144313   98.8398762630067 0 2.51 66.04000000000001 1 0
-2.077240010465709 -8.908832680590242  100.5850223068272 0 2.78 90.06 48 0
 -6.58936246406678 -11.85076669949443  99.66614624322091 1 3.25 144.09 2 0
-5.462143009316395 -9.429550612427919  105.7075483984917 0 2.78 90.06 58 0
-8.501381804659742 -12.15111614734402  105.8397096623465 0 2.35 54.03 20 0
-11.96767630891068 -13.28682834125722  107.7539325434828 0 2.95 108.05 3 0
-16.59974684082054 -12.19131303668075    103.97129803306 1 3.25 144.09 49 0
-15.29668106029421 -10.31365800972371  108.8511187469037 0 2.51 66.04000000000001 1 0
-10.60499520204129 -7.986441932631371  108.9314503353789 0 3.21 138.1 46 0
-13.55175904545654 -7.476180034807537  105.0245507116605 0 2.51 66.04000000000001 1 0
-17.55767175016965 -7.579577101740182  106.2239703484589 -1 3.08 122.06 19 0
-13.83717007298118  -3.83906508044585  110.3920344232278 0 3.21 138.1 8 0
-11.49421160664861 -3.387876879581325  106.4205266676279 0 2.9 102.07 34 0
-15.63388735968825 -2.125730579550834  103.9938226476873 0 2.82 94.05 55 0
 -17.77448893263301 -0.2161453241712763   107.3379195476692 0 2.78 90.06 12 0
-13.28689786753383  1.102137823056466  110.1200723120272 0 3.06 120.07 18 0
-15.30450609576024  4.923595346288295  110.9426952229083 0 2.82 94.05 55 0
-11.68678844347808  6.713081799386077  110.9294952906184 0 2.35 54.03 20 0
-11.42041553093668  6.170096691959672  107.8505775174654 0 2.35 54.03 20 0
-10.66636777732759  5.799788587963509  104.1337805217555 0 2.82 94.05 55 0
-9.066754680685509  1.385096100561908  102.7931022586161 0 2.9 102.07 34 0
-8.216043672844496  5.159328527971293  99.86967971178497 0 3.33 154.1 57 0
-7.820527075189271 -2.884134778627233  97.79624229486058 1 3.25 144.09 2 0
-4.386601099269054 0.4894051395060289  95.18513681229017 0 2.9 102.07 26 0
-4.926375425759041 -3.002528364713252  92.30187943596702 0 2.82 94.05 55 0
-1.180601768898129 -3.225876624189533  88.08956863348214 0.5 3.14 130.08 23 0
-3.173876417477441 -5.377173740004636  86.18426212110091 0 2.82 94.05 55 0
-1.785830647028404 -9.538675789592132  86.15677305623969 0 2.95 108.05 3 0
-0.4472375960665794   -8.26812584549319   91.15676960723421 -1 2.97 110.05 4 0
0.4952812258573071 -12.58343377874611  92.35146485329849 0 2.9 102.07 6 0
0.1789594349219509 -10.26198541594448  95.69045677284032 0 2.78 90.06 58 0
-3.563014970917742 -9.262267747291874  95.28684663504343 0 2.78 90.06 48 0
-4.680203320371698 -13.00867526942087   92.0533064861411 1 3.25 144.09 49 0
-1.950676324159454 -14.44778554223926  97.59171763350302 0 2.9 102.07 34 0
-3.867515383600387  -15.4060046994365  100.5563014288185 0 2.78 90.06 48 0
 -5.69717477331721 -18.23411774263422  98.59643991668399 0 2.78 90.06 48 0
-11.59642379802771 -16.52825279427805  98.46521965206462 1 3.25 144.09 49 0
-9.488637251220952 -21.13872531221643  98.05578460373545 -1 3.08 122.06 19 0
-6.109657424534434 -21.43237770683925  102.0548181905119 0 3.21 138.1 8 0
-10.22127897779882 -17.91443218404343  104.0348276683394 0 2.35 54.03 20 0
-7.552118582176941 -15.48574465769862  103.5725596786527 0 3.33 154.1 57 0
-11.62480216420234 -11.94703247643566  101.8982503974573 0 2.7 82.04000000000001 51 0
-9.525821519510128 -8.569424827588643  99.15327027982929 0.5 3.14 130.08 23 0
-11.5134633530634 -5.14224904997889 101.1077257408467 0 2.7 82.04000000000001 51 0
-14.73185284884493 -2.860916874248435  99.58503155793755 0 2.7 82.04000000000001 51 0
 -13.23871735161749 -0.5513009921183711   97.69304982588341 0 2.78 90.06 48 0
-10.44981176931545 -2.989042418579953  93.62414193565891 -1 3.08 122.06 19 0
-9.686668805771367  2.443872293098424  94.27104191372256 0 3.33 154.1 57 0
-8.096935306687683 -2.843427271271596  87.85790307335512 0 3.48 176.13 11 0
-4.268030012467126 0.2629002564689011  87.91103085448506 0 2.9 102.07 26 0
 -7.169505734203963 -0.3771091108757393   83.15729299090233 1 3.03 116.08 53 0
-2.229061162381755 0.7900000368260147  83.19771197340123 0 2.7 82.04000000000001 51 0
   0.74241468849518 -0.8147998863881628   82.25557902853744 0 2.35 54.03 20 0
 3.911138532108341 -2.808252508004292  83.15298632865917 0 2.82 94.05 55 0
  6.756607368750977 0.04291468290284312   82.23130646811229 0 2.9 102.07 7 0
2.633673172880648 2.591348737328865 81.45118179258343 0 2.78 90.06 12 0
2.093877509035287 5.981931855444851 82.26446266168172 0 2.78 90.06 9 0
-1.097133272389652  6.254044934932601  85.48384640458937 0 2.78 90.06 58 0
-4.131813294356482  8.358557449804987  83.76036468007192 0 2.82 94.05 55 0
-8.593631814757002  11.14006896065981  85.87450853418601 1 3.25 144.09 49 0
-9.156407747935653  8.198806634137275  82.98748546675574 0 2.95 108.05 3 0
-6.051623858240895  4.319467848567509  83.46387250321398 -1 2.97 110.05 4 0
-7.952926874184042  4.368759117974866   88.1613649445989 0 2.9 102.07 26 0
-11.55667816109854  1.368482573638242  87.94925332158289 0 2.78 90.06 12 0
-14.51448368767857  2.574048056335018  92.53578004266838 1 3.03 116.08 53 0
-14.10272741843971 -2.476838276579219  91.75064435268702 0 2.9 102.07 26 0
-17.96364903961275 -1.182035533733603  95.14071295362658 -1 3.08 122.06 19 0
-17.10331102916815 -5.498839784084177  96.50013547514482 0 2.35 54.03 20 0
-16.66463814085628 -8.246789589131618  99.39709767391545 0 2.9 102.07 6 0
-14.40452532444507 -11.20592765832157  97.24788526884298 -1 2.97 110.05 4 0
-14.57877842187159 -8.660018920087488  93.36882654606902 0 2.51 66.04000000000001 1 0
-14.58865360615427 -10.43571621082932   89.7078326061641 0 2.82 94.05 55 0
-13.33698567991993 -6.809070928393958  87.75696986999019 0 2.35 54.03 20 0
-10.27213861641162 -6.738969660790624  88.50088135603133 0 2.35 54.03 20 0
-6.572551850801676 -8.412128393861536  90.64956296054706 0 2.95 108.05 3 0
 -10.3844673842101 -11.62405008679062  91.59188192393583 0 2.95 108.05 3 0
-9.748820755775709  -11.4327349164096  86.61692696001229 0 3.06 120.07 18 0
-9.916441893094378 -15.98665630552191  85.88566766498246 0 2.78 90.06 9 0
-5.960663922796992 -14.41342863279703  84.77561525286183 0 2.95 108.05 3 0
-1.770678543539399 -15.87896775141039  84.32960221207499 0 2.9 102.07 6 0
-0.6800656956685882   -14.2539277932706   87.32608244102023 0 2.78 90.06 9 0
2.938997704272983 -11.3974119523695 86.18145001997205 -1 2.97 110.05 4 0
 5.801888057056379 -10.96921640188842    89.656474828209 0 2.9 102.07 6 0
 6.085207777934419 -7.897864031287278  86.89587044372458 0 2.78 90.06 9 0
 2.602816747370364 -5.880993778862543  87.98674720632701 0 2.51 66.04000000000001 1 0
 3.827883440284765 -6.221834044842135  92.94854219764481 0.5 3.14 130.08 23 0
 7.248047484989685 -4.206531151958607  90.66156445899544 0 2.9 102.07 7 0
 5.001647031603274 0.6607931690531369  86.92626955803087 0 3.48 176.13 11 0
   1.39219028568176 -0.3512110538816755   91.88120270476387 0 3.33 154.1 57 0
1.179222921768938 5.363191898516889 89.89739479211187 0 3.21 138.1 46 0
5.964578564375008 3.382496417107039 89.37616757753192 0 2.35 54.03 20 0
9.544915142529913 1.428587217131197 89.63562246946438 0 2.9 102.07 7 0
  7.231164719383967 -0.1494034286262194   93.72491452606847 0 2.9 102.07 26 0
 10.50628465177265 -2.528659641548379  95.19215115299612 0 2.35 54.03 20 0
 13.15225912400957 -1.629049265643725   93.0777559025186 0 2.82 94.05 55 0
15.05906622131665 1.409847265865223 96.12556389931396 0 2.86 98.09999999999999 16 0
  18.64759982816692 -0.5393071309826586   96.85632357666273 0 3.04 118.07 7 0
19.49785317336053 19.70280394327441 105.7131150367275 0 2.9 108 39 0
  18.85183117625826 -0.4786702547645898   99.23286764970541 -1 2 16 14 0
2
0 271 0 272  1.168842800325365e-12 -1.723066134218243e-13      60.95457112136518
272 543 1 272  6.696865284538944e-13 -3.641531520770513e-13      102.1942419072248
randomstate
158017701 2449126762 2289625116 2734638123 694571172 1158112205 33166770 2715579201 3461371527 3642184295 1808636311 1565510102 3378232296 2737294703 2567179049 1075089914 4289277881 1321657392 1973630427 3621171163 1980516098 3498830299 3667385049 3996936167 3634778806 1576086034 3388936775 1780935511 4042089384 670411336 2247367858 2170861266 4289746656 2387197719 2436334516 2454803510 1957153147 3175357399 2438972228 2804413402 2780320480 489814814 2714515849 3541539946 3359469231 1977518422 561928363 3474443955 287482227 916369574 3412495619 2263579844 1018737050 2032912192 978976602 3258038462 2107978201 905302777 3044303927 4071854050 1242589711 3548559391 4189490205 965201001 3499395892 2880588149 1995184266 2210258101 3096469936 1791611027 4132383597 3831595488 3440105653 1303746653 3410765519 1581404642 1882680716 3419156146 1019485436 1158514100 2067726321 450353529 655955339 4255159659 579489218 2056772873 916852990 3083531863 5948152 1285051067 299992453 1066695817 2735524936 909349330 2367270182 1927251999 794540351 3674824816 1915353310 545660830 2263345340 3024945275 1598306959 2228533187 3895786896 1866108635 745311037 971494577 880869432 3866426787 4097170711 3344877987 3255486434 193087669 3840464757 3830805735 1517592350 1896843519 232788646 2973807490 1813194558 2021860668 276430908 2941366671 3200117312 404681940 2298164244 1551639269 1611854399 2741900309 4101189009 395314769 1881477744 918203066 403806238 114528043 2336611451 2216921462 2304523138 668678799 823645702 2640021975 3466382001 4117457775 1850859731 2800631422 3010930199 581407809 3847029204 1674095978 3933792237 1723966515 3563064778 3747433733 2491538278 4057613553 1630131456 911858633 3343528293 4205532519 1353195967 1180627127 1876052064 3872858621 3238453630 2457695999 3956608283 403928889 586351871 829596815 3367497208 613727662 1473089427 2891298331 660378009 2098858737 3810413064 312365515 4167811483 3172597837 1177439559 592226583 2977292567 4082574248 3644315900 3556222165 3919813172 2028608499 2847024459 1050968196 2953774371 3093875616 1031350698 2274706272 1948004577 1122142737 1409314665 3870934144 1799092878 2238283807 4270025145 2334357183 296804899 3121318880 2534739080 58324641 4002059270 2427704548 1087310987 1618505210 2575269750 1783027375 254738850 2802593617 3069505793 457743511 2255064972 1338372570 2673575910 570751616 1560413208 2633460977 4177156729 3180575556 3420846810 2361465662 4011729335 2024230790 2133218511 691227811 3297749753 1668419886 2792570989 149717480 2360306749 765540247 2507902419 3689734197 967799053 2090854593 2405333843 2295397236 3984065441 2377808853 2287873723 2461168039 2142625680 3562400135 2726579547 1131347507 684956238 4171768185 2949521849 2918678043 389641172 27380537 779452635 996241557 1322375702 3115942861 4053397599 3097758087 577462711 1463276879 695426380 121756864 264765328 2528733344 1719770092 2923888593 2271219391 3964816459 22038718 2246027976 2474419697 2307487823 2384322841 3290553276 1121451115 1690203465 165888712 3426620325 1923602809 68546535 3380064057 2466790717 1718876063 2158626828 1082281305 2346287724 2838363354 4262397920 4056952170 1747166671 2511746595 169135688 2621596430 1629809010 826107255 632786386 2451428562 2920236097 9655448 1132708742 3633367783 135830964 2356278884 2854990581 3188632560 695130147 173523756 2384167029 1412607841 3028065533 3454187920 3476384054 3529342085 2300301752 3095591613 1112172760 1792358930 3136057182 2846704748 2092734281 2267368991 442447342 2436395287 782773098 357220472 2759550929 1125863250 4149724279 1811974359 2046907603 1166335186 3326599916 3621716532 1451269642 2726108627 1871250887 1972330739 3940807773 3758974616 2948644749 3895202077 1699676003 1085305129 4285243388 2108921123 273044021 3145813224 2995985132 875888586 1890810326 3979157918 2463987930 1828683856 3603908102 436206019 1586341345 3432442219 2808950596 44910222 3093258732 243524354 1813173984 2221085149 969231321 2791340368 666320213 2895418729 1186701257 2960609723 4110549180 733510611 1074067137 3682182926 2810658863 3333002994 3796708347 1632122924 3737165204 2878033505 3423675972 2061860524 3486396246 2496204148 1457249985 2731724014 2494266601 4068925221 369292135 3493672189 1490596884 1518173868 3287752956 2730327769 3244217938 4182731100 1176837787 3768923786 1883093648 3633241033 1654589941 3552071105 3235627051 633306002 3465956121 3194694630 3989461247 3386981875 2350648400 2641795193 1835104083 2809953724 1972597522 2359501807 1255127459 1158032504 1025430716 1403612972 3353736479 3574601211 4291415942 3766191542 3083992395 3307419849 2909893308 2905778801 495841675 1585052613 1580678621 2686381269 3815952447 1146277506 2447607777 2500968466 2435477168 4196359746 1383821875 2871369373 4214854096 2259542658 2554287655 2569842825 93738497 18077191 2442866699 2805825070 2915220898 2077656062 13302772 3758973671 2530008765 280463319 1118252570 1950977661 2853993644 3475127581 3324419400 2255089322 373586056 1919324871 2345510587 914703217 4098596 3442063774 4005568484 759831790 3824057934 1838800044 540560672 4134463390 884539358 3045056841 2732180988 2135889728 2878686078 1159159345 3197645234 3536609296 928801681 4180014635 2676416970 1922414732 2052528591 613529601 3907631982 422232982 158279688 3631312237 3522542579 3925094108 1827880697 185985871 1275622277 2224623694 3510297379 1860139360 1531566735 3591926142 1648809931 4215314172 1284722195 953028669 3877344794 1620681322 226380587 234842982 603631636 3407703633 2276868362 1172730835 433596772 2630897631 1582735 3609133130 2733946499 303782479 867735871 1859852093 3965658114 3505698327 4012692067 1058638602 1679505255 1902439302 2915685055 2253401969 3751002827 223029125 478708034 2780683659 987567186 3364462972 2753272446 2268938981 1229375435 563534378 1319614958 2719442555 2042079755 3823373203 2576719596 1348838738 3781944070 813046607 1402260588 2072976387 98555902 3580111213 1401135649 3614838123 1562739912 3824708008 1489466708 2072256235 4024806038 615031417 3648758621 2339403647 3435809799 1776272337 575907369 3573648839 3999461858 728492332 497626529 295467468 1322623672 3553696382 4246590687 4096136064 4143143131 1145840069 4179771271 210911231 3701482135 3517846373 170470693 4059862674 2268152921 3950322664 2199733023 1568267379 1440159155 3776089910 2905214825 1498772813 1349237042 298229635 3728355241 1056042497 1444433332 3618227508 1982876749 2763189780 3939670635 2933478855 1309880501 623186661 1549285163 4171647358 509847531 1439074339 2579621707 2567601839 1559001436 2668768776 2794418029 4135709242 1354504551 783204707 4194848897 350695321 3962323968 618254388 603101486 579500555 3727275815 1876304830 346533367 3360781652 1056987732 428