#total particle-self-energy nonbondedEM
100 -471.1054818157863 0 -471.1054818157863
200 -464.3301312462427 0 -464.3301312462427
300 -475.3354355280171 0 -475.3354355280171
400 -481.299144355522 0 -481.299144355522
500 -485.3028119595838 0 -485.3028119595838
600 -509.5301767483761 0 -509.5301767483761
700 -497.9985073049029 0 -497.9985073049029
800 -513.000976158306 0 -513.000976158306
900 -514.1367793303798 0 -514.1367793303798
1000 -498.3308116407716 0 -498.3308116407716
1100 -490.7970193665533 0 -490.7970193665533
1200 -486.1116131453891 0 -486.1116131453891
1300 -448.4360269405297 0 -448.4360269405297
1400 -460.7449295283295 0 -460.7449295283295
1500 -467.6560763713132 0 -467.6560763713132
1600 -480.8580749000539 0 -480.8580749000539
1700 -483.7877385786851 0 -483.7877385786851
1800 -487.4832662469416 0 -487.4832662469416
1900 -503.7255045108614 0 -503.7255045108614
2000 -508.6119636148796 0 -508.6119636148796
2100 -492.3381825445103 0 -492.3381825445103
2200 -470.7931483053835 0 -470.7931483053835
2300 -481.0650826098572 0 -481.0650826098572
2400 -500.9662062062416 0 -500.9662062062416
2500 -489.3097257644404 0 -489.3097257644404
2600 -468.6957753211609 0 -468.6957753211609
2700 -496.8148373700096 0 -496.8148373700096
2800 -468.4470545782242 0 -468.4470545782242
2900 -462.3350161646958 0 -462.3350161646958
3000 -461.1018898783659 0 -461.1018898783659
3100 -475.5443815562176 0 -475.5443815562176
3200 -475.0936822128133 0 -475.0936822128133
3300 -482.4100953132729 0 -482.4100953132729
3400 -463.4530403521494 0 -463.4530403521494
3500 -467.624756633013 0 -467.624756633013
3600 -459.9457960090222 0 -459.9457960090222
3700 -448.44193363862 0 -448.44193363862
3800 -429.8309932729462 0 -429.8309932729462
3900 -423.1820048406371 0 -423.1820048406371
4000 -414.7579629713146 0 -414.7579629713146
4100 -406.9143847706728 0 -406.9143847706728
4200 -421.2038912249809 0 -421.2038912249809
4300 -380.9871198646142 0 -380.9871198646142
4400 -405.2784509466273 0 -405.2784509466273
4500 -409.3723738018307 0 -409.3723738018307
4600 -421.6540365422261 0 -421.6540365422261
4700 -397.374066775752 0 -397.374066775752
4800 -400.9258250221901 0 -400.9258250221901
4900 -405.02063665479 0 -405.02063665479
5000 -388.3609524464118 0 -388.3609524464118
5100 -393.5494709376944 0 -393.5494709376944
5200 -386.3330443599261 0 -386.3330443599261
5300 -393.6682590409182 0 -393.6682590409182
5400 -399.7520077777444 0 -399.7520077777444
5500 -396.905318525678 0 -396.905318525678
5600 -411.5230282568955 0 -411.5230282568955
5700 -399.6915564498922 0 -399.6915564498922
5800 -414.807245938282 0 -414.807245938282
5900 -425.4918749697972 0 -425.4918749697972
6000 -467.2362558406312 0 -467.2362558406312
6100 -496.996305666049 0 -496.996305666049
6200 -490.2137846683527 0 -490.2137846683527
6300 -469.1655885887449 0 -469.1655885887449
6400 -465.969768587267 0 -465.969768587267
6500 -428.1474095164995 0 -428.1474095164995
6600 -434.2110566329793 0 -434.2110566329793
6700 -432.7398673465214 0 -432.7398673465214
6800 -424.489992718678 0 -424.489992718678
6900 -417.001384660136 0 -417.001384660136
7000 -415.8990249155322 0 -415.8990249155322
7100 -397.5961801278172 0 -397.5961801278172
7200 -395.5100510804914 0 -395.5100510804914
7300 -405.5426758149988 0 -405.5426758149988
7400 -416.1204766326118 0 -416.1204766326118
7500 -393.1651697583147 0 -393.1651697583147
7600 -414.0183402554831 0 -414.0183402554831
7700 -421.1588735215482 0 -421.1588735215482
7800 -425.1548542753444 0 -425.1548542753444
7900 -418.0679166008485 0 -418.0679166008485
8000 -403.7721143537201 0 -403.7721143537201
8100 -409.9650746659026 0 -409.9650746659026
8200 -398.0419309340941 0 -398.0419309340941
8300 -407.7896912014112 0 -407.7896912014112
8400 -436.259605614614 0 -436.259605614614
8500 -429.0926104974642 0 -429.0926104974642
8600 -441.8315577502653 0 -441.8315577502653
8700 -423.3085981248587 0 -423.3085981248587
8800 -445.4179685991257 0 -445.4179685991257
8900 -457.3357760994113 0 -457.3357760994113
9000 -446.5568702683086 0 -446.5568702683086
9100 -467.4253395946871 0 -467.4253395946871
9200 -452.8359859674529 0 -452.8359859674529
9300 -441.3643457663675 0 -441.3643457663675
9400 -427.7212317882077 0 -427.7212317882077
9500 -441.0133071333985 0 -441.0133071333985
9600 -420.4645515506854 0 -420.4645515506854
9700 -439.7604779148824 0 -439.7604779148824
9800 -448.3724442597595 0 -448.3724442597595
9900 -449.4247428201488 0 -449.4247428201488
10000 -432.5584192249808 0 -432.5584192249808
10100 -440.6044823652483 0 -440.6044823652483
10200 -423.1624318197719 0 -423.1624318197719
10300 -448.4406083591166 0 -448.4406083591166
10400 -442.8173559517309 0 -442.8173559517309
10500 -438.2528707280071 0 -438.2528707280071
10600 -441.4448273448506 0 -441.4448273448506
10700 -416.0613886958454 0 -416.0613886958454
10800 -389.5006435725372 0 -389.5006435725372
10900 -365.047834696903 0 -365.047834696903
11000 -355.3566716804053 0 -355.3566716804053
11100 -347.567348259181 0 -347.567348259181
11200 -348.785280005075 0 -348.785280005075
11300 -367.8467542320141 0 -367.8467542320141
11400 -392.664358708018 0 -392.664358708018
11500 -384.4408387132571 0 -384.4408387132571
11600 -370.7489823267097 0 -370.7489823267097
11700 -368.7520322091586 0 -368.7520322091586
11800 -366.9723192781094 0 -366.9723192781094
11900 -379.1252594021498 0 -379.1252594021498
12000 -381.0058129749668 0 -381.0058129749668
12100 -388.5198727378447 0 -388.5198727378447
12200 -343.1246366704581 0 -343.1246366704581
12300 -340.9298328059958 0 -340.9298328059958
12400 -347.0761146598961 0 -347.0761146598961
12500 -352.2237233127817 0 -352.2237233127817
12600 -342.1625831032288 0 -342.1625831032288
12700 -354.7609301381162 0 -354.7609301381162
12800 -359.1680007187533 0 -359.1680007187533
12900 -366.5221097078174 0 -366.5221097078174
13000 -374.4351730608032 0 -374.4351730608032
13100 -366.262323476345 0 -366.262323476345
13200 -365.5055571281409 0 -365.5055571281409
13300 -380.9549774574407 0 -380.9549774574407
13400 -377.6828744317172 0 -377.6828744317172
13500 -389.6219240955834 0 -389.6219240955834
13600 -386.5484915901616 0 -386.5484915901616
13700 -401.0971884059836 0 -401.0971884059836
13800 -419.7687255657802 0 -419.7687255657802
13900 -429.2571421869216 0 -429.2571421869216
14000 -401.6044575779233 0 -401.6044575779233
14100 -410.3307422442595 0 -410.3307422442595
14200 -416.0320339846658 0 -416.0320339846658
14300 -418.4871515221894 0 -418.4871515221894
14400 -420.4525062180765 0 -420.4525062180765
14500 -422.7377131911926 0 -422.7377131911926
14600 -442.6749506860506 0 -442.6749506860506
14700 -435.3518438967276 0 -435.3518438967276
14800 -431.4128126903088 0 -431.4128126903088
14900 -421.0623249142081 0 -421.0623249142081
15000 -405.2556675393716 0 -405.2556675393716
15100 -392.0213821121724 0 -392.0213821121724
15200 -388.7749732846278 0 -388.7749732846278
15300 -385.5881935432553 0 -385.5881935432553
15400 -383.4897578024538 0 -383.4897578024538
15500 -364.5582990090479 0 -364.5582990090479
15600 -379.528959021467 0 -379.528959021467
15700 -371.0737866250565 0 -371.0737866250565
15800 -380.2318296681624 0 -380.2318296681624
15900 -388.0859795092547 0 -388.0859795092547
16000 -397.9716750374646 0 -397.9716750374646
16100 -393.8287116241786 0 -393.8287116241786
16200 -378.4580577586894 0 -378.4580577586894
16300 -376.2994348967622 0 -376.2994348967622
16400 -406.6980634178035 0 -406.6980634178035
16500 -414.9346083580167 0 -414.9346083580167
16600 -404.107955553889 0 -404.107955553889
16700 -394.6072002898436 0 -394.6072002898436
16800 -405.8704680387746 0 -405.8704680387746
16900 -400.771401240374 0 -400.771401240374
17000 -421.286268262309 0 -421.286268262309
17100 -422.820807417098 0 -422.820807417098
17200 -432.2766914998065 0 -432.2766914998065
17300 -457.4894840673078 0 -457.4894840673078
17400 -472.0699997770134 0 -472.0699997770134
17500 -463.9458232464385 0 -463.9458232464385
17600 -466.1659626815235 0 -466.1659626815235
17700 -448.7483121965197 0 -448.7483121965197
17800 -433.6417876983178 0 -433.6417876983178
17900 -440.4374066581659 0 -440.4374066581659
18000 -446.5789165555034 0 -446.5789165555034
18100 -443.1613315514405 0 -443.1613315514405
18200 -431.9703982942156 0 -431.9703982942156
18300 -445.3783852764172 0 -445.3783852764172
18400 -435.0486667196747 0 -435.0486667196747
18500 -429.3365537269565 0 -429.3365537269565
18600 -434.2973825735826 0 -434.2973825735826
18700 -444.3423969972064 0 -444.3423969972064
18800 -448.5316308143301 0 -448.5316308143301
18900 -428.6172086181468 0 -428.6172086181468
19000 -433.5086750964401 0 -433.5086750964401
19100 -431.1405696038855 0 -431.1405696038855
19200 -442.0340786728193 0 -442.0340786728193
19300 -440.2755206038419 0 -440.2755206038419
19400 -439.1200000418612 0 -439.1200000418612
19500 -435.8892348193331 0 -435.8892348193331
19600 -416.7774705498596 0 -416.7774705498596
19700 -431.1465703629365 0 -431.1465703629365
19800 -441.3277921642875 0 -441.3277921642875
19900 -444.2837007447961 0 -444.2837007447961
20000 -401.6051578491461 0 -401.6051578491461
20100 -412.0693710784835 0 -412.0693710784835
20200 -427.388449872029 0 -427.388449872029
20300 -425.3529500511358 0 -425.3529500511358
20400 -451.3818879394094 0 -451.3818879394094
20500 -462.7478003775468 0 -462.7478003775468
20600 -451.4569302143063 0 -451.4569302143063
20700 -463.4462788737728 0 -463.4462788737728
20800 -442.0710265638045 0 -442.0710265638045
20900 -431.7065418914426 0 -431.7065418914426
21000 -458.8267865488306 0 -458.8267865488306
21100 -457.5180272191956 0 -457.5180272191956
21200 -454.5989858114626 0 -454.5989858114626
21300 -453.0352923270548 0 -453.0352923270548
21400 -432.996925795218 0 -432.996925795218
21500 -437.3769730589775 0 -437.3769730589775
21600 -424.3061523674442 0 -424.3061523674442
21700 -425.258580998634 0 -425.258580998634
21800 -428.2182007422671 0 -428.2182007422671
21900 -439.9885458836798 0 -439.9885458836798
22000 -432.9273160540615 0 -432.9273160540615
22100 -439.912057950889 0 -439.912057950889
22200 -473.1603655294748 0 -473.1603655294748
22300 -442.5275621194742 0 -442.5275621194742
22400 -437.1705280403839 0 -437.1705280403839
22500 -445.3230224131548 0 -445.3230224131548
22600 -448.5607748800539 0 -448.5607748800539
22700 -454.1289385737036 0 -454.1289385737036
22800 -454.1282791230478 0 -454.1282791230478
22900 -456.9758125389344 0 -456.9758125389344
23000 -452.8496320491249 0 -452.8496320491249
23100 -449.8277949039475 0 -449.8277949039475
23200 -462.920583288098 0 -462.920583288098
23300 -440.1868729078851 0 -440.1868729078851
23400 -455.1124019562267 0 -455.1124019562267
23500 -456.3221518393839 0 -456.3221518393839
23600 -470.1502440720797 0 -470.1502440720797
23700 -475.9077637924347 0 -475.9077637924347
23800 -471.7054885781836 0 -471.7054885781836
23900 -467.2200362366857 0 -467.2200362366857
24000 -481.1032928845962 0 -481.1032928845962
24100 -455.6428938331082 0 -455.6428938331082
24200 -463.2200391348742 0 -463.2200391348742
24300 -478.9856242092792 0 -478.9856242092792
24400 -459.5450016454561 0 -459.5450016454561
24500 -459.3892445431848 0 -459.3892445431848
24600 -479.7474962406268 0 -479.7474962406268
24700 -481.8003594402107 0 -481.8003594402107
24800 -501.6816426024889 0 -501.6816426024889
24900 -502.8863061295997 0 -502.8863061295997
25000 -503.7160660066875 0 -503.7160660066875
25100 -488.2168137488479 0 -488.2168137488479
25200 -492.9245111564815 0 -492.9245111564815
25300 -480.9860412021517 0 -480.9860412021517
25400 -478.477621201193 0 -478.477621201193
25500 -490.0173744392232 0 -490.0173744392232
25600 -485.7935700748931 0 -485.7935700748931
25700 -489.1237028011237 0 -489.1237028011237
25800 -483.7917135520183 0 -483.7917135520183
25900 -464.3234244493069 0 -464.3234244493069
26000 -459.2877775567467 0 -459.2877775567467
26100 -454.4915708648768 0 -454.4915708648768
26200 -452.3777950337753 0 -452.3777950337753
26300 -453.2948490112321 0 -453.2948490112321
26400 -461.1591917966725 0 -461.1591917966725
26500 -471.0927905160643 0 -471.0927905160643
26600 -481.0173103568522 0 -481.0173103568522
26700 -483.412784000102 0 -483.412784000102
26800 -484.6537220685859 0 -484.6537220685859
26900 -478.4382034445298 0 -478.4382034445298
27000 -506.6350720157498 0 -506.6350720157498
27100 -515.2955929980671 0 -515.2955929980671
27200 -508.4393246453837 0 -508.4393246453837
27300 -505.2315000746385 0 -505.2315000746385
27400 -472.3777218600735 0 -472.3777218600735
27500 -470.2564069772488 0 -470.2564069772488
27600 -490.7644440018339 0 -490.7644440018339
27700 -500.3374977250351 0 -500.3374977250351
27800 -486.0160372103419 0 -486.0160372103419
27900 -484.7571742706641 0 -484.7571742706641
28000 -484.7165362929227 0 -484.7165362929227
28100 -502.6442617391585 0 -502.6442617391585
28200 -487.5896052841563 0 -487.5896052841563
28300 -484.9710618780809 0 -484.9710618780809
28400 -487.526170909754 0 -487.526170909754
28500 -471.7752707272884 0 -471.7752707272884
28600 -478.3593382614199 0 -478.3593382614199
28700 -470.0296179762518 0 -470.0296179762518
28800 -455.8659811898688 0 -455.8659811898688
28900 -475.9509104597091 0 -475.9509104597091
29000 -503.6411751895939 0 -503.6411751895939
29100 -480.7291029401822 0 -480.7291029401822
29200 -480.3301156210364 0 -480.3301156210364
29300 -478.7653581725317 0 -478.7653581725317
29400 -493.7827488023904 0 -493.7827488023904
29500 -491.5479185841978 0 -491.5479185841978
29600 -488.0333568671485 0 -488.0333568671485
29700 -502.9403949863045 0 -502.9403949863045
29800 -500.1451381205698 0 -500.1451381205698
29900 -516.24436883218 0 -516.24436883218
30000 -528.7874181421357 0 -528.7874181421357
30100 -527.7943532675381 0 -527.7943532675381
30200 -520.6240116957706 0 -520.6240116957706
30300 -509.3456886144704 0 -509.3456886144704
30400 -527.3457933958562 0 -527.3457933958562
30500 -507.7596852128627 0 -507.7596852128627
30600 -507.2449206589954 0 -507.2449206589954
30700 -510.574366295099 0 -510.574366295099
30800 -497.5555133542221 0 -497.5555133542221
30900 -477.5347435381846 0 -477.5347435381846
31000 -478.9196698990602 0 -478.9196698990602
31100 -470.6589055235891 0 -470.6589055235891
31200 -461.9167624317561 0 -461.9167624317561
31300 -460.6564818685583 0 -460.6564818685583
31400 -473.7497391351499 0 -473.7497391351499
31500 -489.6405313803698 0 -489.6405313803698
31600 -472.5924406780105 0 -472.5924406780105
31700 -479.6361146867566 0 -479.6361146867566
31800 -484.6415042939989 0 -484.6415042939989
31900 -475.8099619340792 0 -475.8099619340792
32000 -476.2169283801049 0 -476.2169283801049
32100 -461.9509532276425 0 -461.9509532276425
32200 -444.3780163647025 0 -444.3780163647025
32300 -453.8868420039507 0 -453.8868420039507
32400 -449.6874751047581 0 -449.6874751047581
32500 -469.2091387569089 0 -469.2091387569089
32600 -473.7307618449267 0 -473.7307618449267
32700 -471.2194149311399 0 -471.2194149311399
32800 -484.8061328988406 0 -484.8061328988406
32900 -491.3759449013451 0 -491.3759449013451
33000 -480.9745337786735 0 -480.9745337786735
33100 -475.5834303951124 0 -475.5834303951124
33200 -482.7214324393426 0 -482.7214324393426
33300 -487.0979639164289 0 -487.0979639164289
33400 -479.4132559586433 0 -479.4132559586433
33500 -519.1175483471015 0 -519.1175483471015
33600 -485.3563446460175 0 -485.3563446460175
33700 -494.036078917321 0 -494.036078917321
33800 -478.8114633035148 0 -478.8114633035148
33900 -465.4265004902845 0 -465.4265004902845
34000 -476.6871270907577 0 -476.6871270907577
34100 -479.5363351972483 0 -479.5363351972483
34200 -472.519891199132 0 -472.519891199132
34300 -480.5752506006393 0 -480.5752506006393
34400 -495.3470421444799 0 -495.3470421444799
34500 -465.063087572431 0 -465.063087572431
34600 -472.9950853607152 0 -472.9950853607152
34700 -466.0278059562634 0 -466.0278059562634
34800 -467.223557436082 0 -467.223557436082
34900 -469.1728908892837 0 -469.1728908892837
35000 -469.7371020521387 0 -469.7371020521387
35100 -471.5945351714618 0 -471.5945351714618
35200 -491.7361098852125 0 -491.7361098852125
35300 -476.8636034386 0 -476.8636034386
35400 -492.0456606999505 0 -492.0456606999505
35500 -461.9827800688217 0 -461.9827800688217
35600 -494.345857766195 0 -494.345857766195
35700 -502.607587962586 0 -502.607587962586
35800 -511.162167256407 0 -511.162167256407
35900 -513.8712581867294 0 -513.8712581867294
36000 -494.0702029629028 0 -494.0702029629028
36100 -490.5521824119496 0 -490.5521824119496
36200 -474.3437407599413 0 -474.3437407599413
36300 -498.078905696224 0 -498.078905696224
36400 -512.8223063181504 0 -512.8223063181504
36500 -497.7918036375195 0 -497.7918036375195
36600 -521.3454826756497 0 -521.3454826756497
36700 -496.020316321752 0 -496.020316321752
36800 -501.3799120521871 0 -501.3799120521871
36900 -499.5422632817063 0 -499.5422632817063
37000 -513.1408458063961 0 -513.1408458063961
37100 -532.8793847544366 0 -532.8793847544366
37200 -529.0075306962826 0 -529.0075306962826
37300 -544.9557985946303 0 -544.9557985946303
37400 -541.0573840126162 0 -541.0573840126162
37500 -549.4578621656583 0 -549.4578621656583
37600 -542.4507565831882 0 -542.4507565831882
37700 -550.6942361568217 0 -550.6942361568217
37800 -525.2854491511825 0 -525.2854491511825
37900 -519.1152346909512 0 -519.1152346909512
38000 -506.9096241252555 0 -506.9096241252555
38100 -508.1693608878413 0 -508.1693608878413
38200 -506.494867874484 0 -506.494867874484
38300 -496.3295681994641 0 -496.3295681994641
38400 -518.5178861701716 0 -518.5178861701716
38500 -515.0117919481709 0 -515.0117919481709
38600 -506.627109888097 0 -506.627109888097
38700 -524.8423998766812 0 -524.8423998766812
38800 -506.1991577729932 0 -506.1991577729932
38900 -524.4528197102481 0 -524.4528197102481
39000 -516.9554038712522 0 -516.9554038712522
39100 -531.8716696601768 0 -531.8716696601768
39200 -529.2506536009605 0 -529.2506536009605
39300 -544.6163339307532 0 -544.6163339307532
39400 -549.7554181143641 0 -549.7554181143641
39500 -572.8662937017507 0 -572.8662937017507
39600 -563.7795623673592 0 -563.7795623673592
39700 -570.4895489821211 0 -570.4895489821211
39800 -569.5359417378786 0 -569.5359417378786
39900 -593.5101284969714 0 -593.5101284969714
40000 -600.1144954689371 0 -600.1144954689371
40100 -619.1304610576772 0 -619.1304610576772
40200 -644.2601473283139 0 -644.2601473283139
40300 -627.1737149998953 0 -627.1737149998953
40400 -624.2257546496694 0 -624.2257546496694
40500 -608.6356999354466 0 -608.6356999354466
40600 -629.7272553759976 0 -629.7272553759976
40700 -611.1058093930478 0 -611.1058093930478
40800 -644.2378536158358 0 -644.2378536158358
40900 -650.1053808288998 0 -650.1053808288998
41000 -651.6290714475035 0 -651.6290714475035
41100 -655.385749854031 0 -655.385749854031
41200 -652.0312202242203 0 -652.0312202242203
41300 -626.641779970756 0 -626.641779970756
41400 -632.0237048631534 0 -632.0237048631534
41500 -657.1866589746205 0 -657.1866589746205
41600 -668.0255775290425 0 -668.0255775290425
41700 -673.1941836668993 0 -673.1941836668993
41800 -661.989918141393 0 -661.989918141393
41900 -679.6085826446761 0 -679.6085826446761
42000 -671.0778235170583 0 -671.0778235170583
42100 -671.3341735286522 0 -671.3341735286522
42200 -684.85585774231 0 -684.85585774231
42300 -677.561339891734 0 -677.561339891734
42400 -646.6934572731261 0 -646.6934572731261
42500 -630.8717654712382 0 -630.8717654712382
42600 -603.3591961580096 0 -603.3591961580096
42700 -623.2169590534468 0 -623.2169590534468
42800 -593.2279780573735 0 -593.2279780573735
42900 -619.4816886278568 0 -619.4816886278568
43000 -599.3989959128667 0 -599.3989959128667
43100 -565.1194573004323 0 -565.1194573004323
43200 -558.00004815805 0 -558.00004815805
43300 -550.3236320175638 0 -550.3236320175638
43400 -531.6923268641403 0 -531.6923268641403
43500 -545.1237306470284 0 -545.1237306470284
43600 -533.9142312978474 0 -533.9142312978474
43700 -530.2768785309163 0 -530.2768785309163
43800 -534.453909081989 0 -534.453909081989
43900 -540.047681355325 0 -540.047681355325
44000 -542.5284253257705 0 -542.5284253257705
44100 -557.0408763114392 0 -557.0408763114392
44200 -551.1371320958133 0 -551.1371320958133
44300 -539.1057311874465 0 -539.1057311874465
44400 -521.3434102530009 0 -521.3434102530009
44500 -505.9825161842746 0 -505.9825161842746
44600 -490.3982727405382 0 -490.3982727405382
44700 -465.1471464798233 0 -465.1471464798233
44800 -436.4998596272781 0 -436.4998596272781
44900 -446.135064917733 0 -446.135064917733
45000 -441.7798716339748 0 -441.7798716339748
45100 -442.8313973439217 0 -442.8313973439217
45200 -441.9374410501914 0 -441.9374410501914
45300 -447.3328376749414 0 -447.3328376749414
45400 -436.826764878002 0 -436.826764878002
45500 -420.7717101204325 0 -420.7717101204325
45600 -429.0667856615619 0 -429.0667856615619
45700 -416.4250691386987 0 -416.4250691386987
45800 -399.9925642945163 0 -399.9925642945163
45900 -408.0319406078488 0 -408.0319406078488
46000 -402.6130138985754 0 -402.6130138985754
46100 -399.738796239486 0 -399.738796239486
46200 -417.0196349286125 0 -417.0196349286125
46300 -410.6842097763438 0 -410.6842097763438
46400 -415.269480868832 0 -415.269480868832
46500 -423.7164950833831 0 -423.7164950833831
46600 -421.1760730702954 0 -421.1760730702954
46700 -423.302857077826 0 -423.302857077826
46800 -418.8168325023871 0 -418.8168325023871
46900 -433.4332760636462 0 -433.4332760636462
47000 -421.922269300092 0 -421.922269300092
47100 -446.7455208932661 0 -446.7455208932661
47200 -441.3768704236718 0 -441.3768704236718
47300 -429.9410638483823 0 -429.9410638483823
47400 -407.2018375165062 0 -407.2018375165062
47500 -404.6896807192243 0 -404.6896807192243
47600 -418.9487905731075 0 -418.9487905731075
47700 -392.2261368015897 0 -392.2261368015897
47800 -367.2241785503866 0 -367.2241785503866
47900 -367.7021143510356 0 -367.7021143510356
48000 -364.8694607125944 0 -364.8694607125944
48100 -375.8856068247696 0 -375.8856068247696
48200 -386.2485739153926 0 -386.2485739153926
48300 -374.1074851400917 0 -374.1074851400917
48400 -377.5974440611899 0 -377.5974440611899
48500 -376.2924528238946 0 -376.2924528238946
48600 -385.2303121018631 0 -385.2303121018631
48700 -385.283879364637 0 -385.283879364637
48800 -404.4144257433654 0 -404.4144257433654
48900 -394.7192013391177 0 -394.7192013391177
49000 -387.5932849703822 0 -387.5932849703822
49100 -395.5256692741023 0 -395.5256692741023
49200 -382.5264241787372 0 -382.5264241787372
49300 -378.2689747253316 0 -378.2689747253316
49400 -384.9666680995142 0 -384.9666680995142
49500 -398.7395316445036 0 -398.7395316445036
49600 -344.9940160863334 0 -344.9940160863334
49700 -372.441250016127 0 -372.441250016127
49800 -360.7440566197038 0 -360.7440566197038
49900 -362.7067016845685 0 -362.7067016845685
50000 -374.3523007511394 0 -374.3523007511394
50100 -391.3551780035486 0 -391.3551780035486
50200 -383.6133234079753 0 -383.6133234079753
50300 -407.9057096307515 0 -407.9057096307515
50400 -394.8372362777154 0 -394.8372362777154
50500 -419.0911914094759 0 -419.0911914094759
50600 -433.3104070226545 0 -433.3104070226545
50700 -418.7794554697175 0 -418.7794554697175
50800 -422.1291283624014 0 -422.1291283624014
50900 -406.180382454244 0 -406.180382454244
51000 -413.1927276591014 0 -413.1927276591014
51100 -433.9741677858983 0 -433.9741677858983
51200 -427.2692900130642 0 -427.2692900130642
51300 -431.4368152229872 0 -431.4368152229872
51400 -408.2033594746026 0 -408.2033594746026
51500 -416.3098300118581 0 -416.3098300118581
51600 -421.0783292722772 0 -421.0783292722772
51700 -405.0892826743657 0 -405.0892826743657
51800 -424.3830914689752 0 -424.3830914689752
51900 -421.3814343255945 0 -421.3814343255945
52000 -424.5041538350924 0 -424.5041538350924
52100 -445.0609148798976 0 -445.0609148798976
52200 -438.9917774209171 0 -438.9917774209171
52300 -437.8060548710637 0 -437.8060548710637
52400 -443.3269079757738 0 -443.3269079757738
52500 -451.2928252017009 0 -451.2928252017009
52600 -451.4799829795375 0 -451.4799829795375
52700 -439.1023601164998 0 -439.1023601164998
52800 -432.6091045708599 0 -432.6091045708599
52900 -416.3740759093198 0 -416.3740759093198
53000 -424.6405323302024 0 -424.6405323302024
53100 -435.6297299313592 0 -435.6297299313592
53200 -417.1704997984052 0 -417.1704997984052
53300 -421.3965550767025 0 -421.3965550767025
53400 -408.6587139728945 0 -408.6587139728945
53500 -408.3053277556901 0 -408.3053277556901
53600 -407.2917111182178 0 -407.2917111182178
53700 -422.9319161239437 0 -422.9319161239437
53800 -417.3528671922209 0 -417.3528671922209
53900 -420.8805596642196 0 -420.8805596642196
54000 -420.8684962861589 0 -420.8684962861589
54100 -400.8345470663044 0 -400.8345470663044
54200 -396.6697355642682 0 -396.6697355642682
54300 -393.9354514696606 0 -393.9354514696606
54400 -387.9542503113917 0 -387.9542503113917
54500 -358.2730750956957 0 -358.2730750956957
54600 -371.0178152532026 0 -371.0178152532026
54700 -382.7006990729114 0 -382.7006990729114
54800 -363.4081464752817 0 -363.4081464752817
54900 -371.3996197010274 0 -371.3996197010274
55000 -373.6949441818579 0 -373.6949441818579
55100 -377.2270117558073 0 -377.2270117558073
55200 -366.9760886256117 0 -366.9760886256117
55300 -382.7197938663448 0 -382.7197938663448
55400 -370.2131172962545 0 -370.2131172962545
55500 -370.9928881470696 0 -370.9928881470696
55600 -342.7122298705508 0 -342.7122298705508
55700 -335.8900188615662 0 -335.8900188615662
55800 -337.93720172951 0 -337.93720172951
55900 -341.9605049412348 0 -341.9605049412348
56000 -334.8575776075886 0 -334.8575776075886
56100 -325.1941908546141 0 -325.1941908546141
56200 -327.8392316813115 0 -327.8392316813115
56300 -322.0439863532229 0 -322.0439863532229
56400 -321.1115848820191 0 -321.1115848820191
56500 -322.6289931809879 0 -322.6289931809879
56600 -310.7392070396309 0 -310.7392070396309
56700 -318.3354941666475 0 -318.3354941666475
56800 -333.9359416903345 0 -333.9359416903345
56900 -353.7185632435721 0 -353.7185632435721
57000 -381.516476310906 0 -381.516476310906
57100 -378.8733358553 0 -378.8733358553
57200 -389.7901068863575 0 -389.7901068863575
57300 -360.956908861408 0 -360.956908861408
57400 -364.0675128708826 0 -364.0675128708826
57500 -362.3806506249966 0 -362.3806506249966
57600 -355.9442118552397 0 -355.9442118552397
57700 -359.808898600284 0 -359.808898600284
57800 -337.5841081352555 0 -337.5841081352555
57900 -341.3905103526777 0 -341.3905103526777
58000 -342.9117686490354 0 -342.9117686490354
58100 -356.3602486460586 0 -356.3602486460586
58200 -347.0580763206381 0 -347.0580763206381
58300 -340.7413301935594 0 -340.7413301935594
58400 -346.3943410465872 0 -346.3943410465872
58500 -327.0713588900107 0 -327.0713588900107
58600 -350.502543442708 0 -350.502543442708
58700 -324.0844145932933 0 -324.0844145932933
58800 -326.1133739756187 0 -326.1133739756187
58900 -319.8398825355544 0 -319.8398825355544
59000 -344.3814986843499 0 -344.3814986843499
59100 -355.2396163993981 0 -355.2396163993981
59200 -338.9949103997205 0 -338.9949103997205
59300 -342.1238306293963 0 -342.1238306293963
59400 -373.5215662267001 0 -373.5215662267001
59500 -381.8181822399492 0 -381.8181822399492
59600 -379.4292482652818 0 -379.4292482652818
59700 -361.7210749812657 0 -361.7210749812657
59800 -361.3977980368945 0 -361.3977980368945
59900 -357.764849693398 0 -357.764849693398
60000 -367.8880778633174 0 -367.8880778633174
60100 -375.9516893420368 0 -375.9516893420368
60200 -384.9197887883638 0 -384.9197887883638
60300 -377.8364995942102 0 -377.8364995942102
60400 -392.1507064562174 0 -392.1507064562174
60500 -396.5629537637869 0 -396.5629537637869
60600 -407.8163914047618 0 -407.8163914047618
60700 -406.4508381579362 0 -406.4508381579362
60800 -391.3276320154546 0 -391.3276320154546
60900 -427.2280253292993 0 -427.2280253292993
61000 -402.9949403555365 0 -402.9949403555365
61100 -395.1687271817937 0 -395.1687271817937
61200 -381.9338410987984 0 -381.9338410987984
61300 -410.5935807702772 0 -410.5935807702772
61400 -392.0339148889179 0 -392.0339148889179
61500 -413.1466361508938 0 -413.1466361508938
61600 -428.3287027267506 0 -428.3287027267506
61700 -421.3240553556971 0 -421.3240553556971
61800 -428.6406870885112 0 -428.6406870885112
61900 -435.9785885102465 0 -435.9785885102465
62000 -423.2847417792073 0 -423.2847417792073
62100 -416.161028163333 0 -416.161028163333
62200 -438.2530974026595 0 -438.2530974026595
62300 -461.6568842428096 0 -461.6568842428096
62400 -466.4850316340453 0 -466.4850316340453
62500 -444.799107754603 0 -444.799107754603
62600 -426.0791670111357 0 -426.0791670111357
62700 -438.8627456534887 0 -438.8627456534887
62800 -441.6790000028341 0 -441.6790000028341
62900 -452.2233624193759 0 -452.2233624193759
63000 -437.9699460105039 0 -437.9699460105039
63100 -463.7886277244543 0 -463.7886277244543
63200 -448.2583615488547 0 -448.2583615488547
63300 -438.7276777165243 0 -438.7276777165243
63400 -404.8526473134989 0 -404.8526473134989
63500 -410.5620985414134 0 -410.5620985414134
63600 -426.895191159274 0 -426.895191159274
63700 -431.6752591697878 0 -431.6752591697878
63800 -415.4609317119466 0 -415.4609317119466
63900 -407.5646034759702 0 -407.5646034759702
64000 -396.6181035538029 0 -396.6181035538029
64100 -390.7875053572934 0 -390.7875053572934
64200 -395.8934960756742 0 -395.8934960756742
64300 -385.9146808620135 0 -385.9146808620135
64400 -379.2749316022673 0 -379.2749316022673
64500 -375.0769112709095 0 -375.0769112709095
64600 -381.5937735573971 0 -381.5937735573971
64700 -392.2851840349613 0 -392.2851840349613
64800 -400.2943359345081 0 -400.2943359345081
64900 -398.8399603869184 0 -398.8399603869184
65000 -383.1843919801177 0 -383.1843919801177
65100 -374.3921994930133 0 -374.3921994930133
65200 -393.2237021481269 0 -393.2237021481269
65300 -383.5832551111234 0 -383.5832551111234
65400 -384.4411186976358 0 -384.4411186976358
65500 -395.4236291928682 0 -395.4236291928682
65600 -400.4817287072365 0 -400.4817287072365
65700 -411.1045015142881 0 -411.1045015142881
65800 -418.3713796825614 0 -418.3713796825614
65900 -410.1440685510534 0 -410.1440685510534
66000 -404.3750807694742 0 -404.3750807694742
66100 -442.686445518455 0 -442.686445518455
66200 -439.5669173877104 0 -439.5669173877104
66300 -450.5544552585925 0 -450.5544552585925
66400 -443.1647604489699 0 -443.1647604489699
66500 -455.9280386871396 0 -455.9280386871396
66600 -486.7474864763208 0 -486.7474864763208
66700 -486.1973031805537 0 -486.1973031805537
66800 -493.1783918488654 0 -493.1783918488654
66900 -485.3298200817426 0 -485.3298200817426
67000 -476.513063321705 0 -476.513063321705
67100 -461.3503628036706 0 -461.3503628036706
67200 -479.5445856049191 0 -479.5445856049191
67300 -475.3592374357395 0 -475.3592374357395
67400 -486.5226325716503 0 -486.5226325716503
67500 -473.6525730494759 0 -473.6525730494759
67600 -457.523936970887 0 -457.523936970887
67700 -429.5820044280845 0 -429.5820044280845
67800 -442.4373493101193 0 -442.4373493101193
67900 -448.2381603366812 0 -448.2381603366812
68000 -461.291991709033 0 -461.291991709033
68100 -459.109184740053 0 -459.109184740053
68200 -499.7661335625489 0 -499.7661335625489
68300 -500.3803110288572 0 -500.3803110288572
68400 -507.3595616727252 0 -507.3595616727252
68500 -517.2914713112405 0 -517.2914713112405
68600 -492.1214469583356 0 -492.1214469583356
68700 -495.1845628591836 0 -495.1845628591836
68800 -511.8505178309861 0 -511.8505178309861
68900 -497.380793238739 0 -497.380793238739
69000 -512.6804248714325 0 -512.6804248714325
69100 -499.8453124371154 0 -499.8453124371154
69200 -507.1135451133596 0 -507.1135451133596
69300 -504.9452323412406 0 -504.9452323412406
69400 -512.2201940655941 0 -512.2201940655941
69500 -514.9103881712072 0 -514.9103881712072
69600 -527.8696821772028 0 -527.8696821772028
69700 -537.7954070672859 0 -537.7954070672859
69800 -545.2678217488865 0 -545.2678217488865
69900 -523.7490464993753 0 -523.7490464993753
70000 -500.4523164327256 0 -500.4523164327256
70100 -519.0656164961983 0 -519.0656164961983
70200 -509.0744749573641 0 -509.0744749573641
70300 -454.0649162949412 0 -454.0649162949412
70400 -434.3686818933638 0 -434.3686818933638
70500 -409.1816801900859 0 -409.1816801900859
70600 -400.7648746741179 0 -400.7648746741179
70700 -388.8991216257564 0 -388.8991216257564
70800 -380.3936642987246 0 -380.3936642987246
70900 -384.3510538640257 0 -384.3510538640257
71000 -395.8208058771706 0 -395.8208058771706
71100 -391.7141841582488 0 -391.7141841582488
71200 -389.4398689124937 0 -389.4398689124937
71300 -418.7740045900355 0 -418.7740045900355
71400 -414.3808738745283 0 -414.3808738745283
71500 -427.4339313106029 0 -427.4339313106029
71600 -397.4383588486817 0 -397.4383588486817
71700 -405.8419998899335 0 -405.8419998899335
71800 -392.2317679910047 0 -392.2317679910047
71900 -396.2628750647709 0 -396.2628750647709
72000 -389.1337242005393 0 -389.1337242005393
72100 -379.3528591164722 0 -379.3528591164722
72200 -395.9690160611062 0 -395.9690160611062
72300 -381.3286510132893 0 -381.3286510132893
72400 -387.4404161702259 0 -387.4404161702259
72500 -398.924885389275 0 -398.924885389275
72600 -409.3571980808629 0 -409.3571980808629
72700 -410.6355643573042 0 -410.6355643573042
72800 -403.3573476062156 0 -403.3573476062156
72900 -407.9138860414241 0 -407.9138860414241
73000 -411.5860577686399 0 -411.5860577686399
73100 -408.4005372272513 0 -408.4005372272513
73200 -407.2439316993114 0 -407.2439316993114
73300 -379.6790741086879 0 -379.6790741086879
73400 -391.6322574292026 0 -391.6322574292026
73500 -383.98672111005 0 -383.98672111005
73600 -383.0111704154406 0 -383.0111704154406
73700 -390.1884560384206 0 -390.1884560384206
73800 -386.9866839562892 0 -386.9866839562892
73900 -392.7724375024263 0 -392.7724375024263
74000 -414.6554799323785 0 -414.6554799323785
74100 -416.4856507923978 0 -416.4856507923978
74200 -428.1601786979008 0 -428.1601786979008
74300 -404.1716297728999 0 -404.1716297728999
74400 -410.1505384763586 0 -410.1505384763586
74500 -422.1465948249097 0 -422.1465948249097
74600 -399.404716620862 0 -399.404716620862
74700 -404.1406707262795 0 -404.1406707262795
74800 -416.135513894129 0 -416.135513894129
74900 -411.2339989791508 0 -411.2339989791508
75000 -408.2420330679452 0 -408.2420330679452
75100 -411.4594539306709 0 -411.4594539306709
75200 -398.2822276933002 0 -398.2822276933002
75300 -400.7252325299487 0 -400.7252325299487
75400 -408.6682169738342 0 -408.6682169738342
75500 -405.8481082686922 0 -405.8481082686922
75600 -419.0982931963808 0 -419.0982931963808
75700 -391.1977775247069 0 -391.1977775247069
75800 -388.7937971794163 0 -388.7937971794163
75900 -386.0988889884902 0 -386.0988889884902
76000 -367.0960822216584 0 -367.0960822216584
76100 -364.8678356316232 0 -364.8678356316232
76200 -382.2842179143918 0 -382.2842179143918
76300 -391.6160924188443 0 -391.6160924188443
76400 -372.6818599106628 0 -372.6818599106628
76500 -397.1527966195936 0 -397.1527966195936
76600 -380.2641462844913 0 -380.2641462844913
76700 -363.3222925219743 0 -363.3222925219743
76800 -370.2700369715458 0 -370.2700369715458
76900 -381.2051055334159 0 -381.2051055334159
77000 -375.3483936933044 0 -375.3483936933044
77100 -396.1933847849796 0 -396.1933847849796
77200 -416.3218823158531 0 -416.3218823158531
77300 -397.4076915445039 0 -397.4076915445039
77400 -410.2208316085162 0 -410.2208316085162
77500 -400.7924081300735 0 -400.7924081300735
77600 -409.5964777208283 0 -409.5964777208283
77700 -399.4287156405626 0 -399.4287156405626
77800 -393.9341705772968 0 -393.9341705772968
77900 -367.7918709838996 0 -367.7918709838996
78000 -380.4664837206365 0 -380.4664837206365
78100 -397.0158209355141 0 -397.0158209355141
78200 -379.3434013560181 0 -379.3434013560181
78300 -390.5339022034896 0 -390.5339022034896
78400 -395.2512342009577 0 -395.2512342009577
78500 -415.6396329207346 0 -415.6396329207346
78600 -394.0637118669401 0 -394.0637118669401
78700 -410.0155377580377 0 -410.0155377580377
78800 -407.2699419185228 0 -407.2699419185228
78900 -393.6746639125049 0 -393.6746639125049
79000 -382.7678427257924 0 -382.7678427257924
79100 -384.2645603275378 0 -384.2645603275378
79200 -378.5721550902817 0 -378.5721550902817
79300 -388.7465716462266 0 -388.7465716462266
79400 -375.2193139730371 0 -375.2193139730371
79500 -360.5217163658235 0 -360.5217163658235
79600 -350.3705755666597 0 -350.3705755666597
79700 -364.5050657317661 0 -364.5050657317661
79800 -352.0505286569241 0 -352.0505286569241
79900 -394.6187272132374 0 -394.6187272132374
80000 -377.8204647171078 0 -377.8204647171078
80100 -378.6118923503382 0 -378.6118923503382
80200 -402.8765244100941 0 -402.8765244100941
80300 -387.8987875498715 0 -387.8987875498715
80400 -371.2712724227458 0 -371.2712724227458
80500 -381.4921408809314 0 -381.4921408809314
80600 -383.7405043220497 0 -383.7405043220497
80700 -379.4082479233039 0 -379.4082479233039
80800 -369.0294013659004 0 -369.0294013659004
80900 -375.2065370155615 0 -375.2065370155615
81000 -365.5378227995825 0 -365.5378227995825
81100 -373.9478285011719 0 -373.9478285011719
81200 -356.4228965903167 0 -356.4228965903167
81300 -357.8684140814585 0 -357.8684140814585
81400 -370.6169448982109 0 -370.6169448982109
81500 -377.4152839301387 0 -377.4152839301387
81600 -365.092242581537 0 -365.092242581537
81700 -342.9420661180629 0 -342.9420661180629
81800 -360.7753464050766 0 -360.7753464050766
81900 -373.8638587755268 0 -373.8638587755268
82000 -393.0446067102603 0 -393.0446067102603
82100 -401.8116828900529 0 -401.8116828900529
82200 -415.3278799835971 0 -415.3278799835971
82300 -393.1001212687115 0 -393.1001212687115
82400 -367.0796691784635 0 -367.0796691784635
82500 -380.0068777158158 0 -380.0068777158158
82600 -388.232437222061 0 -388.232437222061
82700 -351.1511651404862 0 -351.1511651404862
82800 -370.4411478217226 0 -370.4411478217226
82900 -360.5758251086809 0 -360.5758251086809
83000 -395.8576368562935 0 -395.8576368562935
83100 -381.0083857169084 0 -381.0083857169084
83200 -370.683483928733 0 -370.683483928733
83300 -363.8840500746155 0 -363.8840500746155
83400 -359.897185294918 0 -359.897185294918
83500 -355.9406776664446 0 -355.9406776664446
83600 -358.9634965468431 0 -358.9634965468431
83700 -369.0298538619681 0 -369.0298538619681
83800 -363.6334269767976 0 -363.6334269767976
83900 -364.0760974194272 0 -364.0760974194272
84000 -347.5885083032772 0 -347.5885083032772
84100 -349.3012125206587 0 -349.3012125206587
84200 -351.3331701677234 0 -351.3331701677234
84300 -368.4419089079747 0 -368.4419089079747
84400 -380.431914376677 0 -380.431914376677
84500 -378.4996764259995 0 -378.4996764259995
84600 -371.0211163287167 0 -371.0211163287167
84700 -392.4692780875484 0 -392.4692780875484
84800 -381.474986180081 0 -381.474986180081
84900 -371.9674633551331 0 -371.9674633551331
85000 -370.5635120229563 0 -370.5635120229563
85100 -382.1257603589911 0 -382.1257603589911
85200 -398.9952336448478 0 -398.9952336448478
85300 -379.9301365817082 0 -379.9301365817082
85400 -369.4085411571141 0 -369.4085411571141
85500 -383.2705554087152 0 -383.2705554087152
85600 -389.6856816707295 0 -389.6856816707295
85700 -388.4910065142321 0 -388.4910065142321
85800 -382.5882471655495 0 -382.5882471655495
85900 -393.3084434726043 0 -393.3084434726043
86000 -379.4119400452473 0 -379.4119400452473
86100 -378.0304895988666 0 -378.0304895988666
86200 -404.3336085410556 0 -404.3336085410556
86300 -394.2386440484261 0 -394.2386440484261
86400 -404.5650074651348 0 -404.5650074651348
86500 -417.239093315322 0 -417.239093315322
86600 -440.7002044050023 0 -440.7002044050023
86700 -440.4607166920905 0 -440.4607166920905
86800 -424.3765235512983 0 -424.3765235512983
86900 -438.5398619184707 0 -438.5398619184707
87000 -443.1603333723615 0 -443.1603333723615
87100 -463.5658192363917 0 -463.5658192363917
87200 -448.100267955524 0 -448.100267955524
87300 -432.8027337174281 0 -432.8027337174281
87400 -439.8990466734831 0 -439.8990466734831
87500 -405.1022351236898 0 -405.1022351236898
87600 -396.3252144646831 0 -396.3252144646831
87700 -401.2210263111047 0 -401.2210263111047
87800 -390.5907832410885 0 -390.5907832410885
87900 -359.9105139661697 0 -359.9105139661697
88000 -373.979543530033 0 -373.979543530033
88100 -386.0245201177313 0 -386.0245201177313
88200 -378.1254466657119 0 -378.1254466657119
88300 -379.8495929339551 0 -379.8495929339551
88400 -367.9023765664897 0 -367.9023765664897
88500 -380.0998114879476 0 -380.0998114879476
88600 -379.9965128082549 0 -379.9965128082549
88700 -375.0319456910365 0 -375.0319456910365
88800 -376.4027645580936 0 -376.4027645580936
88900 -379.4459433356533 0 -379.4459433356533
89000 -376.0938694704673 0 -376.0938694704673
89100 -374.394191000014 0 -374.394191000014
89200 -367.3651619053417 0 -367.3651619053417
89300 -363.0329761230387 0 -363.0329761230387
89400 -367.0630072712229 0 -367.0630072712229
89500 -376.5243100589141 0 -376.5243100589141
89600 -362.7158136223152 0 -362.7158136223152
89700 -351.6208124044351 0 -351.6208124044351
89800 -363.7725082547986 0 -363.7725082547986
89900 -358.6946385827614 0 -358.6946385827614
90000 -372.8122027284844 0 -372.8122027284844
90100 -368.1642149667314 0 -368.1642149667314
90200 -359.6087871055934 0 -359.6087871055934
90300 -345.820605573419 0 -345.820605573419
90400 -357.8013853999437 0 -357.8013853999437
90500 -365.0905633839357 0 -365.0905633839357
90600 -358.1792358023231 0 -358.1792358023231
90700 -356.5923579087248 0 -356.5923579087248
90800 -337.4702464313596 0 -337.4702464313596
90900 -342.7427801752056 0 -342.7427801752056
91000 -373.3265490781923 0 -373.3265490781923
91100 -385.7931066190358 0 -385.7931066190358
91200 -399.6282389376429 0 -399.6282389376429
91300 -404.167226412188 0 -404.167226412188
91400 -406.0195497788955 0 -406.0195497788955
91500 -419.2785185052053 0 -419.2785185052053
91600 -377.4377896400401 0 -377.4377896400401
91700 -378.6739928544266 0 -378.6739928544266
91800 -329.9120116544946 0 -329.9120116544946
91900 -318.7333173222723 0 -318.7333173222723
92000 -332.487431319285 0 -332.487431319285
92100 -344.7659702317906 0 -344.7659702317906
92200 -359.3449539922876 0 -359.3449539922876
92300 -345.6934308211785 0 -345.6934308211785
92400 -348.829954704328 0 -348.829954704328
92500 -343.6807475901442 0 -343.6807475901442
92600 -352.2879681563936 0 -352.2879681563936
92700 -351.0863146345073 0 -351.0863146345073
92800 -368.2307102820487 0 -368.2307102820487
92900 -375.8265894807992 0 -375.8265894807992
93000 -389.9915448056418 0 -389.9915448056418
93100 -401.5714512419727 0 -401.5714512419727
93200 -364.8770387392506 0 -364.8770387392506
93300 -373.8912988546654 0 -373.8912988546654
93400 -387.8392458082526 0 -387.8392458082526
93500 -388.722584972973 0 -388.722584972973
93600 -400.9507029250381 0 -400.9507029250381
93700 -411.5928591648262 0 -411.5928591648262
93800 -420.6867047123378 0 -420.6867047123378
93900 -404.8208715396468 0 -404.8208715396468
94000 -394.5356392190442 0 -394.5356392190442
94100 -421.9765457469621 0 -421.9765457469621
94200 -406.8855942122755 0 -406.8855942122755
94300 -401.6576885947725 0 -401.6576885947725
94400 -402.8539109069097 0 -402.8539109069097
94500 -394.0464485277189 0 -394.0464485277189
94600 -401.6724281540955 0 -401.6724281540955
94700 -394.7280882454361 0 -394.7280882454361
94800 -380.0967599241703 0 -380.0967599241703
94900 -351.4705866041477 0 -351.4705866041477
95000 -358.8368631648773 0 -358.8368631648773
95100 -357.8654054204817 0 -357.8654054204817
95200 -374.8209175407537 0 -374.8209175407537
95300 -390.8743849671446 0 -390.8743849671446
95400 -391.92204151029 0 -391.92204151029
95500 -371.742532274191 0 -371.742532274191
95600 -367.4760498453979 0 -367.4760498453979
95700 -385.7066626478627 0 -385.7066626478627
95800 -394.598047356907 0 -394.598047356907
95900 -391.1962780126196 0 -391.1962780126196
96000 -391.1283922996954 0 -391.1283922996954
96100 -389.7268944263924 0 -389.7268944263924
96200 -401.062153304636 0 -401.062153304636
96300 -401.2039915926871 0 -401.2039915926871
96400 -409.2791599975899 0 -409.2791599975899
96500 -386.7084119016072 0 -386.7084119016072
96600 -398.1526613647584 0 -398.1526613647584
96700 -378.1279721460887 0 -378.1279721460887
96800 -389.7477057313663 0 -389.7477057313663
96900 -386.0766544824219 0 -386.0766544824219
97000 -374.3419838292757 0 -374.3419838292757
97100 -370.3202629987209 0 -370.3202629987209
97200 -362.6003064995166 0 -362.6003064995166
97300 -356.9239480886608 0 -356.9239480886608
97400 -354.1013889211463 0 -354.1013889211463
97500 -364.0083650270244 0 -364.0083650270244
97600 -341.3498619503225 0 -341.3498619503225
97700 -354.9944334178581 0 -354.9944334178581
97800 -372.1996281160973 0 -372.1996281160973
97900 -359.9315378880128 0 -359.9315378880128
98000 -364.9380833708565 0 -364.9380833708565
98100 -360.0709541669421 0 -360.0709541669421
98200 -348.7231506124372 0 -348.7231506124372
98300 -331.432785258221 0 -331.432785258221
98400 -369.2594174281112 0 -369.2594174281112
98500 -349.9383482738631 0 -349.9383482738631
98600 -340.7310479811858 0 -340.7310479811858
98700 -314.6403185133822 0 -314.6403185133822
98800 -333.441459431182 0 -333.441459431182
98900 -326.0422945219034 0 -326.0422945219034
99000 -333.4713582852273 0 -333.4713582852273
99100 -368.6874685668154 0 -368.6874685668154
99200 -380.4142574214784 0 -380.4142574214784
99300 -376.8563648594427 0 -376.8563648594427
99400 -396.8579774965765 0 -396.8579774965765
99500 -384.6140209480654 0 -384.6140209480654
99600 -388.1791259607417 0 -388.1791259607417
99700 -392.3051544933405 0 -392.3051544933405
99800 -387.9210523487418 0 -387.9210523487418
99900 -380.0447259523644 0 -380.0447259523644
100000 -379.5275581538735 0 -379.5275581538735
100100 -383.7865978865884 0 -383.7865978865884
100200 -389.2483051803138 0 -389.2483051803138
100300 -394.2022521603212 0 -394.2022521603212
100400 -385.4140752214589 0 -385.4140752214589
100500 -386.7865570624417 0 -386.7865570624417
100600 -400.3457735801348 0 -400.3457735801348
100700 -388.0865961910458 0 -388.0865961910458
100800 -399.1041281367652 0 -399.1041281367652
100900 -394.3820799483801 0 -394.3820799483801
101000 -377.3271651749965 0 -377.3271651749965
101100 -384.2466078197467 0 -384.2466078197467
101200 -382.722956145124 0 -382.722956145124
101300 -397.9015782450733 0 -397.9015782450733
101400 -371.7322176343296 0 -371.7322176343296
101500 -407.3261053828974 0 -407.3261053828974
101600 -414.3180841376306 0 -414.3180841376306
101700 -379.267083097031 0 -379.267083097031
101800 -390.7753499076061 0 -390.7753499076061
101900 -391.2168208314688 0 -391.2168208314688
102000 -390.1909410197986 0 -390.1909410197986
102100 -396.5044707973721 0 -396.5044707973721
102200 -383.3056434973842 0 -383.3056434973842
102300 -404.9575400982576 0 -404.9575400982576
102400 -439.2916577257565 0 -439.2916577257565
102500 -430.0762234477297 0 -430.0762234477297
102600 -446.0818385337479 0 -446.0818385337479
102700 -441.5734004052065 0 -441.5734004052065
102800 -436.7579325458501 0 -436.7579325458501
102900 -452.0368529082043 0 -452.0368529082043
103000 -473.6456300995196 0 -473.6456300995196
103100 -446.7634347396088 0 -446.7634347396088
103200 -437.8769339651553 0 -437.8769339651553
103300 -430.5066305748769 0 -430.5066305748769
103400 -429.0885089392832 0 -429.0885089392832
103500 -437.166652787535 0 -437.166652787535
103600 -444.0553075820208 0 -444.0553075820208
103700 -460.1134330791101 0 -460.1134330791101
103800 -448.289971060236 0 -448.289971060236
103900 -445.7071087558288 0 -445.7071087558288
104000 -444.5848471124773 0 -444.5848471124773
104100 -456.9209938536223 0 -456.9209938536223
104200 -430.77519048861 0 -430.77519048861
104300 -427.5050635192893 0 -427.5050635192893
104400 -431.7488386025943 0 -431.7488386025943
104500 -419.5152109230985 0 -419.5152109230985
104600 -411.9934089224225 0 -411.9934089224225
104700 -364.7326409174711 0 -364.7326409174711
104800 -380.0978814903647 0 -380.0978814903647
104900 -408.6211984195979 0 -408.6211984195979
105000 -412.62250279414 0 -412.62250279414
105100 -416.8331790308584 0 -416.8331790308584
105200 -420.3168402618758 0 -420.3168402618758
105300 -415.9660004908146 0 -415.9660004908146
105400 -417.2512035077671 0 -417.2512035077671
105500 -420.7820957903168 0 -420.7820957903168
105600 -426.277044549468 0 -426.277044549468
105700 -426.8307353486307 0 -426.8307353486307
105800 -418.0624942932336 0 -418.0624942932336
105900 -387.5016898039612 0 -387.5016898039612
106000 -401.1470311149023 0 -401.1470311149023
106100 -408.316946553794 0 -408.316946553794
106200 -394.4942864635086 0 -394.4942864635086
106300 -422.9613785903202 0 -422.9613785903202
106400 -397.5336963174923 0 -397.5336963174923
106500 -409.5980026198085 0 -409.5980026198085
106600 -427.8955154479772 0 -427.8955154479772
106700 -417.7181319704978 0 -417.7181319704978
106800 -412.0457063465146 0 -412.0457063465146
106900 -429.8799634015886 0 -429.8799634015886
107000 -417.36072165519 0 -417.36072165519
107100 -412.6228875062952 0 -412.6228875062952
107200 -411.5371401359735 0 -411.5371401359735
107300 -425.1723891532747 0 -425.1723891532747
107400 -431.4434867324308 0 -431.4434867324308
107500 -448.8718430651643 0 -448.8718430651643
107600 -448.8084098715335 0 -448.8084098715335
107700 -439.7657095349277 0 -439.7657095349277
107800 -443.2907090215595 0 -443.2907090215595
107900 -452.4485357385711 0 -452.4485357385711
108000 -440.1265748429578 0 -440.1265748429578
108100 -432.6721366969286 0 -432.6721366969286
108200 -420.4821951723425 0 -420.4821951723425
108300 -406.4735334406141 0 -406.4735334406141
108400 -421.1103974861326 0 -421.1103974861326
108500 -425.0526470503537 0 -425.0526470503537
108600 -413.1495390321361 0 -413.1495390321361
108700 -415.3061451743124 0 -415.3061451743124
108800 -422.8484332873486 0 -422.8484332873486
108900 -408.2255631868902 0 -408.2255631868902
109000 -419.3250698822594 0 -419.3250698822594
109100 -419.9417708772344 0 -419.9417708772344
109200 -423.8216392040486 0 -423.8216392040486
109300 -449.0289859459444 0 -449.0289859459444
109400 -451.0470616871607 0 -451.0470616871607
109500 -444.7992707270605 0 -444.7992707270605
109600 -456.2905026229273 0 -456.2905026229273
109700 -457.8162501586485 0 -457.8162501586485
109800 -448.3862463364203 0 -448.3862463364203
109900 -455.2710211251979 0 -455.2710211251979
110000 -453.6657114645932 0 -453.6657114645932
110100 -457.2841933463351 0 -457.2841933463351
110200 -472.1813403596752 0 -472.1813403596752
110300 -498.6451872844482 0 -498.6451872844482
110400 -487.8570846010625 0 -487.8570846010625
110500 -496.5485014108126 0 -496.5485014108126
110600 -489.2883479122829 0 -489.2883479122829
110700 -486.0862594053142 0 -486.0862594053142
110800 -479.9406244455604 0 -479.9406244455604
110900 -455.1767087851767 0 -455.1767087851767
111000 -460.4910629588412 0 -460.4910629588412
111100 -459.0409223558963 0 -459.0409223558963
111200 -448.7796588068813 0 -448.7796588068813
111300 -442.75483837293 0 -442.75483837293
111400 -453.9384692707681 0 -453.9384692707681
111500 -470.7153205875657 0 -470.7153205875657
111600 -452.8894005065085 0 -452.8894005065085
111700 -445.0001626822195 0 -445.0001626822195
111800 -437.5843785611796 0 -437.5843785611796
111900 -426.4279465650907 0 -426.4279465650907
112000 -438.9131666093017 0 -438.9131666093017
112100 -436.6452339119569 0 -436.6452339119569
112200 -446.7691761233727 0 -446.7691761233727
112300 -445.7423556664726 0 -445.7423556664726
112400 -451.8339577783918 0 -451.8339577783918
112500 -468.8426799449371 0 -468.8426799449371
112600 -444.7505065396545 0 -444.7505065396545
112700 -482.9383651656099 0 -482.9383651656099
112800 -481.7798947201809 0 -481.7798947201809
112900 -484.1160295705013 0 -484.1160295705013
113000 -456.098234965757 0 -456.098234965757
113100 -450.7742959803436 0 -450.7742959803436
113200 -455.8043934145535 0 -455.8043934145535
113300 -456.2870857240559 0 -456.2870857240559
113400 -439.3608041047119 0 -439.3608041047119
113500 -443.3559639265877 0 -443.3559639265877
113600 -438.9558624016645 0 -438.9558624016645
113700 -420.6553191665444 0 -420.6553191665444
113800 -425.8213287873659 0 -425.8213287873659
113900 -435.7998928573797 0 -435.7998928573797
114000 -429.3852562264728 0 -429.3852562264728
114100 -447.7942582684627 0 -447.7942582684627
114200 -446.4745760852238 0 -446.4745760852238
114300 -456.8496312476927 0 -456.8496312476927
114400 -430.0503000289318 0 -430.0503000289318
114500 -403.5756878921238 0 -403.5756878921238
114600 -406.397578021064 0 -406.397578021064
114700 -409.0646519067523 0 -409.0646519067523
114800 -398.6493172916162 0 -398.6493172916162
114900 -409.3424353348091 0 -409.3424353348091
115000 -405.1544783478312 0 -405.1544783478312
115100 -412.0569575571571 0 -412.0569575571571
115200 -394.4565243445286 0 -394.4565243445286
115300 -397.8623798551198 0 -397.8623798551198
115400 -410.5753102335148 0 -410.5753102335148
115500 -426.0759342497549 0 -426.0759342497549
115600 -407.0240318595897 0 -407.0240318595897
115700 -419.3008683871885 0 -419.3008683871885
115800 -412.5267606123234 0 -412.5267606123234
115900 -410.5128476993414 0 -410.5128476993414
116000 -432.5207528971951 0 -432.5207528971951
116100 -433.2173727052868 0 -433.2173727052868
116200 -425.9807295704959 0 -425.9807295704959
116300 -403.3206443386734 0 -403.3206443386734
116400 -425.1361604575068 0 -425.1361604575068
116500 -430.4784078960365 0 -430.4784078960365
116600 -427.5391012151449 0 -427.5391012151449
116700 -424.1791526452289 0 -424.1791526452289
116800 -414.770984017814 0 -414.770984017814
116900 -413.6925676152459 0 -413.6925676152459
117000 -396.5567542262143 0 -396.5567542262143
117100 -395.6258236343274 0 -395.6258236343274
117200 -391.9830386330141 0 -391.9830386330141
117300 -401.043677454174 0 -401.043677454174
117400 -375.8414734364487 0 -375.8414734364487
117500 -365.7737679574639 0 -365.7737679574639
117600 -377.906064134062 0 -377.906064134062
117700 -375.7123671552981 0 -375.7123671552981
117800 -381.8480111039826 0 -381.8480111039826
117900 -375.3961140518659 0 -375.3961140518659
118000 -375.9907051932532 0 -375.9907051932532
118100 -371.3938407254755 0 -371.3938407254755
118200 -372.3257831096125 0 -372.3257831096125
118300 -372.2858360886748 0 -372.2858360886748
118400 -388.164267627677 0 -388.164267627677
118500 -386.8556832228787 0 -386.8556832228787
118600 -398.6282840908971 0 -398.6282840908971
118700 -371.4936166490952 0 -371.4936166490952
118800 -361.75036808406 0 -361.75036808406
118900 -350.119466781849 0 -350.119466781849
119000 -341.8749761284271 0 -341.8749761284271
119100 -344.9604139333242 0 -344.9604139333242
119200 -396.8097742491227 0 -396.8097742491227
119300 -387.8889213242801 0 -387.8889213242801
119400 -370.9846061739372 0 -370.9846061739372
119500 -375.7816364797181 0 -375.7816364797181
119600 -370.2852839211992 0 -370.2852839211992
119700 -366.0914848754765 0 -366.0914848754765
119800 -357.3939110629726 0 -357.3939110629726
119900 -366.4956715476583 0 -366.4956715476583
120000 -390.5918106418685 0 -390.5918106418685
120100 -390.252359218488 0 -390.252359218488
120200 -373.1512616474647 0 -373.1512616474647
120300 -374.6234096097178 0 -374.6234096097178
120400 -380.6707712496864 0 -380.6707712496864
120500 -383.8542568656849 0 -383.8542568656849
120600 -373.1315180448582 0 -373.1315180448582
120700 -367.0490301030222 0 -367.0490301030222
120800 -361.873940558813 0 -361.873940558813
120900 -357.6156280863797 0 -357.6156280863797
121000 -356.6675902750576 0 -356.6675902750576
121100 -364.1004063813598 0 -364.1004063813598
121200 -368.1260495040624 0 -368.1260495040624
121300 -362.5492772528669 0 -362.5492772528669
121400 -362.2704311946 0 -362.2704311946
121500 -353.393610294268 0 -353.393610294268
121600 -356.5636758227374 0 -356.5636758227374
121700 -322.4188091557007 0 -322.4188091557007
121800 -337.2320091299189 0 -337.2320091299189
121900 -337.0814578888821 0 -337.0814578888821
122000 -351.878401413851 0 -351.878401413851
122100 -356.2484462436405 0 -356.2484462436405
122200 -354.1122228993827 0 -354.1122228993827
122300 -364.2972568870318 0 -364.2972568870318
122400 -370.8903504776536 0 -370.8903504776536
122500 -358.9062947909697 0 -358.9062947909697
122600 -376.130922132681 0 -376.130922132681
122700 -386.260772887792 0 -386.260772887792
122800 -357.9115438013323 0 -357.9115438013323
122900 -363.3589192235377 0 -363.3589192235377
123000 -361.4753013832378 0 -361.4753013832378
123100 -350.8077227721515 0 -350.8077227721515
123200 -348.9600298911828 0 -348.9600298911828
123300 -379.8021409304711 0 -379.8021409304711
123400 -380.9306556853699 0 -380.9306556853699
123500 -386.0294414054952 0 -386.0294414054952
123600 -358.7554571476649 0 -358.7554571476649
123700 -346.0404067289201 0 -346.0404067289201
123800 -340.9787081537943 0 -340.9787081537943
123900 -352.3729311047646 0 -352.3729311047646
124000 -385.4513225129631 0 -385.4513225129631
124100 -371.3920357311144 0 -371.3920357311144
124200 -385.2014477576013 0 -385.2014477576013
124300 -400.3719069687359 0 -400.3719069687359
124400 -405.4078458054573 0 -405.4078458054573
124500 -392.2360801105388 0 -392.2360801105388
124600 -410.0365703556454 0 -410.0365703556454
124700 -414.3928105636733 0 -414.3928105636733
124800 -423.4327382773045 0 -423.4327382773045
124900 -417.7367637159768 0 -417.7367637159768
125000 -422.8658890900551 0 -422.8658890900551
125100 -441.731992743953 0 -441.731992743953
125200 -412.2191986479156 0 -412.2191986479156
125300 -414.7954940837226 0 -414.7954940837226
125400 -407.6325632573571 0 -407.6325632573571
125500 -414.0200753783574 0 -414.0200753783574
125600 -412.3991587213823 0 -412.3991587213823
125700 -410.8896184737678 0 -410.8896184737678
125800 -395.9639574970934 0 -395.9639574970934
125900 -413.0116202700883 0 -413.0116202700883
126000 -413.0256175442482 0 -413.0256175442482
126100 -418.2628044286976 0 -418.2628044286976
126200 -406.5733537966735 0 -406.5733537966735
126300 -420.0940572711115 0 -420.0940572711115
126400 -436.6250198418857 0 -436.6250198418857
126500 -445.0275970167131 0 -445.0275970167131
126600 -465.6927542610792 0 -465.6927542610792
126700 -461.5937801133841 0 -461.5937801133841
126800 -430.3263490927638 0 -430.3263490927638
126900 -445.7885253419518 0 -445.7885253419518
127000 -417.3038939707913 0 -417.3038939707913
127100 -398.5642717818846 0 -398.5642717818846
127200 -394.0027879974805 0 -394.0027879974805
127300 -398.185550505179 0 -398.185550505179
127400 -393.8598611975031 0 -393.8598611975031
127500 -392.5571804378396 0 -392.5571804378396
127600 -408.5230209455476 0 -408.5230209455476
127700 -391.4045033109069 0 -391.4045033109069
127800 -378.9511327494693 0 -378.9511327494693
127900 -384.5703408032714 0 -384.5703408032714
128000 -401.392916826997 0 -401.392916826997
128100 -420.1392300829175 0 -420.1392300829175
128200 -402.5940427222522 0 -402.5940427222522
128300 -406.2847317110864 0 -406.2847317110864
128400 -408.9354099514894 0 -408.9354099514894
128500 -400.9687962611788 0 -400.9687962611788
128600 -404.0426700813405 0 -404.0426700813405
128700 -418.3667810795596 0 -418.3667810795596
128800 -408.9647738331696 0 -408.9647738331696
128900 -404.7488296860538 0 -404.7488296860538
129000 -414.1812816206075 0 -414.1812816206075
129100 -409.9645367477206 0 -409.9645367477206
129200 -393.5593663715117 0 -393.5593663715117
129300 -372.2818506094045 0 -372.2818506094045
129400 -433.9942474905401 0 -433.9942474905401
129500 -438.1010665530921 0 -438.1010665530921
129600 -427.521318369545 0 -427.521318369545
129700 -420.1204102305346 0 -420.1204102305346
129800 -425.7473007444787 0 -425.7473007444787
129900 -433.2235112985945 0 -433.2235112985945
130000 -405.8113115033484 0 -405.8113115033484
130100 -399.7471314612776 0 -399.7471314612776
130200 -380.031227038824 0 -380.031227038824
130300 -383.5929011765402 0 -383.5929011765402
130400 -386.6558564580046 0 -386.6558564580046
130500 -386.8318264221889 0 -386.8318264221889
130600 -398.092803246429 0 -398.092803246429
130700 -406.5824551783735 0 -406.5824551783735
130800 -407.7935734072234 0 -407.7935734072234
130900 -425.2479490193073 0 -425.2479490193073
131000 -391.3077676767862 0 -391.3077676767862
131100 -403.6784312621021 0 -403.6784312621021
131200 -406.9352373880101 0 -406.9352373880101
131300 -409.3611746218812 0 -409.3611746218812
131400 -422.1315653138954 0 -422.1315653138954
131500 -414.1740746954456 0 -414.1740746954456
131600 -424.7305283924361 0 -424.7305283924361
131700 -407.50765226566 0 -407.50765226566
131800 -399.661459376046 0 -399.661459376046
131900 -417.5411336508987 0 -417.5411336508987
132000 -420.4772594343522 0 -420.4772594343522
132100 -456.6149744059367 0 -456.6149744059367
132200 -450.4953424421838 0 -450.4953424421838
132300 -454.8214425564511 0 -454.8214425564511
132400 -450.0799063990125 0 -450.0799063990125
132500 -450.4155259470863 0 -450.4155259470863
132600 -445.2705462277518 0 -445.2705462277518
132700 -446.9008693357464 0 -446.9008693357464
132800 -421.0327050552878 0 -421.0327050552878
132900 -407.7697631904739 0 -407.7697631904739
133000 -416.6645038193092 0 -416.6645038193092
133100 -423.0853288028447 0 -423.0853288028447
133200 -400.3581525112968 0 -400.3581525112968
133300 -452.1929172418895 0 -452.1929172418895
133400 -450.5234072276216 0 -450.5234072276216
133500 -443.8046116526821 0 -443.8046116526821
133600 -471.3769147783751 0 -471.3769147783751
133700 -483.162013731082 0 -483.162013731082
133800 -460.8519078591489 0 -460.8519078591489
133900 -448.455615100218 0 -448.455615100218
134000 -460.6863062461489 0 -460.6863062461489
134100 -464.6359159286076 0 -464.6359159286076
134200 -454.9803783553944 0 -454.9803783553944
134300 -462.4333696047543 0 -462.4333696047543
134400 -445.6392489051796 0 -445.6392489051796
134500 -456.2714844618022 0 -456.2714844618022
134600 -427.8863413064973 0 -427.8863413064973
134700 -443.5100097774994 0 -443.5100097774994
134800 -446.9061657274142 0 -446.9061657274142
134900 -444.1945895687677 0 -444.1945895687677
135000 -443.7813703650027 0 -443.7813703650027
135100 -443.7078992814349 0 -443.7078992814349
135200 -446.3088307001162 0 -446.3088307001162
135300 -433.4187479318061 0 -433.4187479318061
135400 -432.031138319915 0 -432.031138319915
135500 -416.8835816616192 0 -416.8835816616192
135600 -406.3145932722255 0 -406.3145932722255
135700 -412.4449858579901 0 -412.4449858579901
135800 -433.12751476635 0 -433.12751476635
135900 -418.7493348721764 0 -418.7493348721764
136000 -430.6551203454728 0 -430.6551203454728
136100 -435.8701173277805 0 -435.8701173277805
136200 -443.6367933675647 0 -443.6367933675647
136300 -443.7220008310396 0 -443.7220008310396
136400 -451.3741229900043 0 -451.3741229900043
136500 -446.9946257396368 0 -446.9946257396368
136600 -452.0948246815824 0 -452.0948246815824
136700 -449.390531819954 0 -449.390531819954
136800 -410.4652155383956 0 -410.4652155383956
136900 -422.2062218450319 0 -422.2062218450319
137000 -418.711375797342 0 -418.711375797342
137100 -444.2389837657101 0 -444.2389837657101
137200 -453.1343216343666 0 -453.1343216343666
137300 -431.9955178638338 0 -431.9955178638338
137400 -461.5909178756483 0 -461.5909178756483
137500 -453.4348542043881 0 -453.4348542043881
137600 -445.30524524668 0 -445.30524524668
137700 -440.77903584874 0 -440.77903584874
137800 -452.9640862190281 0 -452.9640862190281
137900 -435.5969740656146 0 -435.5969740656146
138000 -449.1809785658843 0 -449.1809785658843
138100 -457.9027588166355 0 -457.9027588166355
138200 -455.0609467269096 0 -455.0609467269096
138300 -449.1623378625663 0 -449.1623378625663
138400 -468.5379643749329 0 -468.5379643749329
138500 -454.0083272639604 0 -454.0083272639604
138600 -453.1809410598362 0 -453.1809410598362
138700 -462.4643399519846 0 -462.4643399519846
138800 -514.5319346267497 0 -514.5319346267497
138900 -502.5284362447564 0 -502.5284362447564
139000 -513.4184231807594 0 -513.4184231807594
139100 -497.4643494319171 0 -497.4643494319171
139200 -520.6910119160311 0 -520.6910119160311
139300 -502.6438811028202 0 -502.6438811028202
139400 -485.1989011853002 0 -485.1989011853002
139500 -518.3208018490113 0 -518.3208018490113
139600 -497.6296298871457 0 -497.6296298871457
139700 -478.1166805646208 0 -478.1166805646208
139800 -478.3758514608489 0 -478.3758514608489
139900 -464.3843109479058 0 -464.3843109479058
140000 -457.5760671012395 0 -457.5760671012395
140100 -460.0486288212487 0 -460.0486288212487
140200 -455.0187630153378 0 -455.0187630153378
140300 -453.0646830198239 0 -453.0646830198239
140400 -437.3020265558735 0 -437.3020265558735
140500 -437.7859283169091 0 -437.7859283169091
140600 -423.861446701776 0 -423.861446701776
140700 -429.3843860299676 0 -429.3843860299676
140800 -436.4606494688778 0 -436.4606494688778
140900 -427.9875893226126 0 -427.9875893226126
141000 -433.5719192968681 0 -433.5719192968681
141100 -434.7785059445305 0 -434.7785059445305
141200 -438.9408080537105 0 -438.9408080537105
141300 -449.5978234545037 0 -449.5978234545037
141400 -448.7676577991224 0 -448.7676577991224
141500 -451.1704521752545 0 -451.1704521752545
141600 -456.1972130624927 0 -456.1972130624927
141700 -462.0137485105079 0 -462.0137485105079
141800 -466.963730857693 0 -466.963730857693
141900 -482.2445782551367 0 -482.2445782551367
142000 -479.9874388867756 0 -479.9874388867756
142100 -466.7058022380807 0 -466.7058022380807
142200 -506.2906623452145 0 -506.2906623452145
142300 -514.0117494751466 0 -514.0117494751466
142400 -502.1073179920641 0 -502.1073179920641
142500 -490.9047516199062 0 -490.9047516199062
142600 -512.1380337403971 0 -512.1380337403971
142700 -508.8047204661998 0 -508.8047204661998
142800 -507.265768717567 0 -507.265768717567
142900 -506.3509136144421 0 -506.3509136144421
143000 -487.016534718452 0 -487.016534718452
143100 -503.7937794571335 0 -503.7937794571335
143200 -520.889785452513 0 -520.889785452513
143300 -521.5477918318356 0 -521.5477918318356
143400 -515.4933377739508 0 -515.4933377739508
143500 -506.278566849418 0 -506.278566849418
143600 -505.0351176134427 0 -505.0351176134427
143700 -525.1286610080278 0 -525.1286610080278
143800 -524.5844507204602 0 -524.5844507204602
143900 -534.0824146815576 0 -534.0824146815576
144000 -546.0778900657315 0 -546.0778900657315
144100 -547.2006185097271 0 -547.2006185097271
144200 -542.1844882841397 0 -542.1844882841397
144300 -521.5320168726612 0 -521.5320168726612
144400 -517.8085262225941 0 -517.8085262225941
144500 -564.9037732446013 0 -564.9037732446013
144600 -570.5234805470463 0 -570.5234805470463
144700 -548.6402786954422 0 -548.6402786954422
144800 -526.1226461660699 0 -526.1226461660699
144900 -534.0104465669137 0 -534.0104465669137
145000 -534.5722034120117 0 -534.5722034120117
145100 -522.0953597463376 0 -522.0953597463376
145200 -524.6259504520567 0 -524.6259504520567
145300 -537.1933582951315 0 -537.1933582951315
145400 -520.4103197208606 0 -520.4103197208606
145500 -536.918987220095 0 -536.918987220095
145600 -529.2904071551457 0 -529.2904071551457
145700 -529.3648756994226 0 -529.3648756994226
145800 -557.0521569756529 0 -557.0521569756529
145900 -569.8235184536898 0 -569.8235184536898
146000 -558.376498242782 0 -558.376498242782
146100 -525.2953626947128 0 -525.2953626947128
146200 -545.4223400480696 0 -545.4223400480696
146300 -544.8310834742733 0 -544.8310834742733
146400 -550.5812178929336 0 -550.5812178929336
146500 -575.1030002830375 0 -575.1030002830375
146600 -548.6286056359531 0 -548.6286056359531
146700 -558.2506510515523 0 -558.2506510515523
146800 -537.5555155010952 0 -537.5555155010952
146900 -534.6701221782423 0 -534.6701221782423
147000 -537.7576089254289 0 -537.7576089254289
147100 -541.3806897780451 0 -541.3806897780451
147200 -539.6435465960531 0 -539.6435465960531
147300 -535.8592542502447 0 -535.8592542502447
147400 -538.9523104666732 0 -538.9523104666732
147500 -541.5620917004417 0 -541.5620917004417
147600 -537.4290338353312 0 -537.4290338353312
147700 -533.4762140646926 0 -533.4762140646926
147800 -537.1117790439457 0 -537.1117790439457
147900 -540.0130732042016 0 -540.0130732042016
148000 -535.3003377319255 0 -535.3003377319255
148100 -521.3189119526651 0 -521.3189119526651
148200 -540.3439779182081 0 -540.3439779182081
148300 -539.3066051253409 0 -539.3066051253409
148400 -528.1961439883253 0 -528.1961439883253
148500 -523.4059003167786 0 -523.4059003167786
148600 -532.9334648525401 0 -532.9334648525401
148700 -564.1984080966795 0 -564.1984080966795
148800 -525.5418627670151 0 -525.5418627670151
148900 -546.6356256099534 0 -546.6356256099534
149000 -544.4720190272783 0 -544.4720190272783
149100 -531.7836190804155 0 -531.7836190804155
149200 -535.1483554071747 0 -535.1483554071747
149300 -528.1937185330899 0 -528.1937185330899
149400 -537.6204217464547 0 -537.6204217464547
149500 -534.9867728888057 0 -534.9867728888057
149600 -550.2737211722997 0 -550.2737211722997
149700 -538.2364134378149 0 -538.2364134378149
149800 -533.0384659321571 0 -533.0384659321571
149900 -518.6677869467967 0 -518.6677869467967
150000 -528.4644241954084 0 -528.4644241954084
150100 -540.732702612062 0 -540.732702612062
150200 -535.9433575211442 0 -535.9433575211442
150300 -537.294669388386 0 -537.294669388386
150400 -532.591340406565 0 -532.591340406565
150500 -529.283403312671 0 -529.283403312671
150600 -529.9116798002506 0 -529.9116798002506
150700 -514.5449272076949 0 -514.5449272076949
150800 -517.0561303725117 0 -517.0561303725117
150900 -522.2157394605747 0 -522.2157394605747
151000 -527.4939952120039 0 -527.4939952120039
151100 -522.3219189806841 0 -522.3219189806841
151200 -522.777746514912 0 -522.777746514912
151300 -514.1844243488085 0 -514.1844243488085
151400 -493.3561283269664 0 -493.3561283269664
151500 -499.9523227215395 0 -499.9523227215395
151600 -510.0295351785608 0 -510.0295351785608
151700 -499.2532268646173 0 -499.2532268646173
151800 -521.0156281386735 0 -521.0156281386735
151900 -527.3674987610721 0 -527.3674987610721
152000 -521.1722715342185 0 -521.1722715342185
152100 -512.6793399599264 0 -512.6793399599264
152200 -501.7315383892274 0 -501.7315383892274
152300 -525.2872804910876 0 -525.2872804910876
152400 -506.5972929182462 0 -506.5972929182462
152500 -513.3742697805283 0 -513.3742697805283
152600 -512.2203983730724 0 -512.2203983730724
152700 -526.9203690045106 0 -526.9203690045106
152800 -528.231983461752 0 -528.231983461752
152900 -556.9779338289518 0 -556.9779338289518
153000 -524.2622956391424 0 -524.2622956391424
153100 -528.3591946756369 0 -528.3591946756369
153200 -537.9300059716916 0 -537.9300059716916
153300 -518.8553769024438 0 -518.8553769024438
153400 -529.8927361111273 0 -529.8927361111273
153500 -524.7120691171149 0 -524.7120691171149
153600 -564.234340906376 0 -564.234340906376
153700 -579.8447940292535 0 -579.8447940292535
153800 -581.8481721889693 0 -581.8481721889693
153900 -580.2068347099121 0 -580.2068347099121
154000 -560.23886128093 0 -560.23886128093
154100 -520.556222467334 0 -520.556222467334
154200 -526.2037498995778 0 -526.2037498995778
154300 -518.3593730019056 0 -518.3593730019056
154400 -548.274094072367 0 -548.274094072367
154500 -509.294874893385 0 -509.294874893385
154600 -525.3470673031406 0 -525.3470673031406
154700 -509.0531067497068 0 -509.0531067497068
154800 -532.4940082898538 0 -532.4940082898538
154900 -527.3595052211895 0 -527.3595052211895
155000 -510.3984581646509 0 -510.3984581646509
155100 -522.6308661445364 0 -522.6308661445364
155200 -509.0758321500034 0 -509.0758321500034
155300 -531.9871320502134 0 -531.9871320502134
155400 -522.3807242283947 0 -522.3807242283947
155500 -524.7795646945488 0 -524.7795646945488
155600 -535.4631661362946 0 -535.4631661362946
155700 -558.718672762916 0 -558.718672762916
155800 -545.8428947757347 0 -545.8428947757347
155900 -536.5301109847496 0 -536.5301109847496
156000 -505.3201328169089 0 -505.3201328169089
156100 -514.868670411146 0 -514.868670411146
156200 -518.9087401303987 0 -518.9087401303987
156300 -517.375409792643 0 -517.375409792643
156400 -529.9808548613801 0 -529.9808548613801
156500 -536.0243008371908 0 -536.0243008371908
156600 -543.1708650996516 0 -543.1708650996516
156700 -570.0806631353917 0 -570.0806631353917
156800 -579.9142905364279 0 -579.9142905364279
156900 -576.6449964617495 0 -576.6449964617495
157000 -564.2015240255569 0 -564.2015240255569
157100 -566.1700031608343 0 -566.1700031608343
157200 -567.9715382768773 0 -567.9715382768773
157300 -584.2175966549548 0 -584.2175966549548
157400 -593.3674847196089 0 -593.3674847196089
157500 -580.8557488636798 0 -580.8557488636798
157600 -575.3707533742418 0 -575.3707533742418
157700 -580.9561953346711 0 -580.9561953346711
157800 -580.179029272811 0 -580.179029272811
157900 -609.6741048581898 0 -609.6741048581898
158000 -591.844645856705 0 -591.844645856705
158100 -572.5712065682164 0 -572.5712065682164
158200 -577.7558010783396 0 -577.7558010783396
158300 -576.7712404187187 0 -576.7712404187187
158400 -572.5333039733814 0 -572.5333039733814
158500 -580.1347206122882 0 -580.1347206122882
158600 -578.5468485020101 0 -578.5468485020101
158700 -571.5240781758912 0 -571.5240781758912
158800 -551.347328027623 0 -551.347328027623
158900 -552.9019456752285 0 -552.9019456752285
159000 -578.4649483648218 0 -578.4649483648218
159100 -580.4603682443849 0 -580.4603682443849
159200 -584.1646109105204 0 -584.1646109105204
159300 -590.9659848436131 0 -590.9659848436131
159400 -570.5260010604397 0 -570.5260010604397
159500 -568.9367522457032 0 -568.9367522457032
159600 -564.2827873688657 0 -564.2827873688657
159700 -564.2194241807447 0 -564.2194241807447
159800 -561.061036121333 0 -561.061036121333
159900 -565.3162802659208 0 -565.3162802659208
160000 -603.1023180260963 0 -603.1023180260963
160100 -592.7503926758654 0 -592.7503926758654
160200 -593.2900478599477 0 -593.2900478599477
160300 -605.5361307882122 0 -605.5361307882122
160400 -604.7781664669019 0 -604.7781664669019
160500 -600.1234479942359 0 -600.1234479942359
160600 -603.6949559979548 0 -603.6949559979548
160700 -600.9599797800474 0 -600.9599797800474
160800 -607.9997326681041 0 -607.9997326681041
160900 -615.5223431766499 0 -615.5223431766499
161000 -598.0318105949555 0 -598.0318105949555
161100 -606.3903533283155 0 -606.3903533283155
161200 -612.468024115733 0 -612.468024115733
161300 -609.8297936305753 0 -609.8297936305753
161400 -637.6188313654275 0 -637.6188313654275
161500 -618.955658864259 0 -618.955658864259
161600 -596.0757357508992 0 -596.0757357508992
161700 -628.4464439640869 0 -628.4464439640869
161800 -597.8628289568005 0 -597.8628289568005
161900 -621.7569623985037 0 -621.7569623985037
162000 -636.5916743661219 0 -636.5916743661219
162100 -644.4642330230563 0 -644.4642330230563
162200 -638.2268793217372 0 -638.2268793217372
162300 -643.3840415869781 0 -643.3840415869781
162400 -648.4067922184477 0 -648.4067922184477
162500 -652.6291926402773 0 -652.6291926402773
162600 -643.2438161101745 0 -643.2438161101745
162700 -634.4824214894907 0 -634.4824214894907
162800 -607.0141433816461 0 -607.0141433816461
162900 -613.4360807138437 0 -613.4360807138437
163000 -608.356127505831 0 -608.356127505831
163100 -612.6992667870945 0 -612.6992667870945
163200 -589.612303399248 0 -589.612303399248
163300 -596.0927539254117 0 -596.0927539254117
163400 -602.773662159685 0 -602.773662159685
163500 -591.0227522697824 0 -591.0227522697824
163600 -587.254718338736 0 -587.254718338736
163700 -580.4629997126758 0 -580.4629997126758
163800 -609.4823640823597 0 -609.4823640823597
163900 -602.2473629361484 0 -602.2473629361484
164000 -601.5606836306688 0 -601.5606836306688
164100 -613.6371220002184 0 -613.6371220002184
164200 -615.9896528522368 0 -615.9896528522368
164300 -600.5774240390747 0 -600.5774240390747
164400 -591.1108007050643 0 -591.1108007050643
164500 -603.2338878583396 0 -603.2338878583396
164600 -613.9630285708845 0 -613.9630285708845
164700 -640.6597310310171 0 -640.6597310310171
164800 -656.388471708924 0 -656.388471708924
164900 -674.0639046626166 0 -674.0639046626166
165000 -701.6431585829414 0 -701.6431585829414
165100 -687.8266128262621 0 -687.8266128262621
165200 -640.6470793714398 0 -640.6470793714398
165300 -667.543192290701 0 -667.543192290701
165400 -636.3299476406537 0 -636.3299476406537
165500 -633.4751713888472 0 -633.4751713888472
165600 -646.7426915900378 0 -646.7426915900378
165700 -645.9261463202838 0 -645.9261463202838
165800 -667.6382874877017 0 -667.6382874877017
165900 -649.2464278549596 0 -649.2464278549596
166000 -647.0086188926362 0 -647.0086188926362
166100 -647.0226773113245 0 -647.0226773113245
166200 -629.2011968428851 0 -629.2011968428851
166300 -621.2187992522959 0 -621.2187992522959
166400 -627.1486120974878 0 -627.1486120974878
166500 -627.28178767598 0 -627.28178767598
166600 -639.4184440593817 0 -639.4184440593817
166700 -623.2469770788448 0 -623.2469770788448
166800 -630.1737231520237 0 -630.1737231520237
166900 -643.4240280342929 0 -643.4240280342929
167000 -666.4356992951944 0 -666.4356992951944
167100 -631.0007867826498 0 -631.0007867826498
167200 -655.9167566933902 0 -655.9167566933902
167300 -655.956435165077 0 -655.956435165077
167400 -667.0240628042957 0 -667.0240628042957
167500 -653.4897761572793 0 -653.4897761572793
167600 -643.9451019191765 0 -643.9451019191765
167700 -646.3879003318725 0 -646.3879003318725
167800 -640.8727541672415 0 -640.8727541672415
167900 -643.4233707308304 0 -643.4233707308304
168000 -638.0225527141301 0 -638.0225527141301
168100 -669.0354770220292 0 -669.0354770220292
168200 -658.6948791401228 0 -658.6948791401228
168300 -671.9722701987484 0 -671.9722701987484
168400 -691.6796381957247 0 -691.6796381957247
168500 -660.7395689543919 0 -660.7395689543919
168600 -668.765382399215 0 -668.765382399215
168700 -682.7772646309168 0 -682.7772646309168
168800 -688.7356637735502 0 -688.7356637735502
168900 -676.3452427433513 0 -676.3452427433513
169000 -684.8957657834267 0 -684.8957657834267
169100 -696.8446416284423 0 -696.8446416284423
169200 -684.2325462363224 0 -684.2325462363224
169300 -690.2450088636178 0 -690.2450088636178
169400 -676.2939785222698 0 -676.2939785222698
169500 -681.970684070373 0 -681.970684070373
169600 -690.5174508802302 0 -690.5174508802302
169700 -700.7859316776739 0 -700.7859316776739
169800 -710.7743341740861 0 -710.7743341740861
169900 -691.3279611980543 0 -691.3279611980543
170000 -731.4917296571657 0 -731.4917296571657
170100 -732.0374102921342 0 -732.0374102921342
170200 -704.9729517176747 0 -704.9729517176747
170300 -703.744500947505 0 -703.744500947505
170400 -689.509714061569 0 -689.509714061569
170500 -684.7135792662884 0 -684.7135792662884
170600 -669.3143243508821 0 -669.3143243508821
170700 -660.227030740818 0 -660.227030740818
170800 -675.6512826189864 0 -675.6512826189864
170900 -678.4797647874802 0 -678.4797647874802
171000 -674.7942524091923 0 -674.7942524091923
171100 -681.8234839320066 0 -681.8234839320066
171200 -672.0281946394098 0 -672.0281946394098
171300 -664.4346586905885 0 -664.4346586905885
171400 -662.150096955942 0 -662.150096955942
171500 -668.2803380218975 0 -668.2803380218975
171600 -671.8458969894564 0 -671.8458969894564
171700 -675.3311921401182 0 -675.3311921401182
171800 -660.8636879964324 0 -660.8636879964324
171900 -679.2899912018329 0 -679.2899912018329
172000 -691.3718221710296 0 -691.3718221710296
172100 -676.3878130222438 0 -676.3878130222438
172200 -662.9575776576239 0 -662.9575776576239
172300 -665.9883995422279 0 -665.9883995422279
172400 -658.9751956583932 0 -658.9751956583932
172500 -650.7346116405388 0 -650.7346116405388
172600 -650.1884400614399 0 -650.1884400614399
172700 -650.1656034799526 0 -650.1656034799526
172800 -650.4973004076164 0 -650.4973004076164
172900 -665.6099278127658 0 -665.6099278127658
173000 -666.1415327095528 0 -666.1415327095528
173100 -673.5916718910448 0 -673.5916718910448
173200 -657.8812106042751 0 -657.8812106042751
173300 -663.9583751386526 0 -663.9583751386526
173400 -664.9526765744085 0 -664.9526765744085
173500 -652.3540215927642 0 -652.3540215927642
173600 -666.0817927761818 0 -666.0817927761818
173700 -665.6650174825336 0 -665.6650174825336
173800 -658.2903938663076 0 -658.2903938663076
173900 -653.456624778948 0 -653.456624778948
174000 -649.1138120025862 0 -649.1138120025862
174100 -642.6873972972971 0 -642.6873972972971
174200 -640.3043205910362 0 -640.3043205910362
174300 -628.9402767564752 0 -628.9402767564752
174400 -624.2110409460729 0 -624.2110409460729
174500 -623.959386405535 0 -623.959386405535
174600 -616.9886731849983 0 -616.9886731849983
174700 -601.4098314975272 0 -601.4098314975272
174800 -618.9279379174986 0 -618.9279379174986
174900 -624.4175957963962 0 -624.4175957963962
175000 -619.4818936277297 0 -619.4818936277297
175100 -625.9005381744355 0 -625.9005381744355
175200 -629.6625193057698 0 -629.6625193057698
175300 -643.6876648498874 0 -643.6876648498874
175400 -637.6585462332005 0 -637.6585462332005
175500 -611.9640913015464 0 -611.9640913015464
175600 -614.6676558213076 0 -614.6676558213076
175700 -619.6054784659063 0 -619.6054784659063
175800 -622.7025148519897 0 -622.7025148519897
175900 -630.4745101516019 0 -630.4745101516019
176000 -638.2123830093769 0 -638.2123830093769
176100 -641.5237827034725 0 -641.5237827034725
176200 -641.4718314711354 0 -641.4718314711354
176300 -651.9188908342912 0 -651.9188908342912
176400 -654.9058373516018 0 -654.9058373516018
176500 -650.3003198713413 0 -650.3003198713413
176600 -649.9027773917187 0 -649.9027773917187
176700 -666.2997766692424 0 -666.2997766692424
176800 -664.9002558976645 0 -664.9002558976645
176900 -676.7717472872464 0 -676.7717472872464
177000 -692.5129066406225 0 -692.5129066406225
177100 -671.6397645419347 0 -671.6397645419347
177200 -667.1892338825273 0 -667.1892338825273
177300 -675.2318421640812 0 -675.2318421640812
177400 -695.9150754808579 0 -695.9150754808579
177500 -718.9526056441246 0 -718.9526056441246
177600 -705.8635390658455 0 -705.8635390658455
177700 -709.6084116811398 0 -709.6084116811398
177800 -692.7998491468024 0 -692.7998491468024
177900 -709.0108641991155 0 -709.0108641991155
178000 -696.859340805735 0 -696.859340805735
178100 -685.7333883727988 0 -685.7333883727988
178200 -678.2681201719097 0 -678.2681201719097
178300 -674.6868169729132 0 -674.6868169729132
178400 -693.949157181276 0 -693.949157181276
178500 -708.1610468036961 0 -708.1610468036961
178600 -700.3513401445234 0 -700.3513401445234
178700 -704.6651537517901 0 -704.6651537517901
178800 -738.4537236518809 0 -738.4537236518809
178900 -736.5720246618148 0 -736.5720246618148
179000 -720.2817109679454 0 -720.2817109679454
179100 -714.4778990445193 0 -714.4778990445193
179200 -703.5196984306967 0 -703.5196984306967
179300 -688.8238488883326 0 -688.8238488883326
179400 -675.5489272524137 0 -675.5489272524137
179500 -685.6619505512645 0 -685.6619505512645
179600 -671.4449584281538 0 -671.4449584281538
179700 -676.4938223973149 0 -676.4938223973149
179800 -691.0374906064826 0 -691.0374906064826
179900 -688.735328112467 0 -688.735328112467
180000 -670.6963063423464 0 -670.6963063423464
180100 -674.3850463725394 0 -674.3850463725394
180200 -661.9262351815123 0 -661.9262351815123
180300 -658.1199338438164 0 -658.1199338438164
180400 -641.9822449385538 0 -641.9822449385538
180500 -641.0333978774725 0 -641.0333978774725
180600 -644.9899491502438 0 -644.9899491502438
180700 -630.9155386406346 0 -630.9155386406346
180800 -632.2694422262866 0 -632.2694422262866
180900 -614.8064247393631 0 -614.8064247393631
181000 -607.3456850557268 0 -607.3456850557268
181100 -623.7863478150684 0 -623.7863478150684
181200 -628.2174170059734 0 -628.2174170059734
181300 -626.3432804429613 0 -626.3432804429613
181400 -618.9843835564679 0 -618.9843835564679
181500 -620.5544269232196 0 -620.5544269232196
181600 -625.8337715498637 0 -625.8337715498637
181700 -622.6650323159411 0 -622.6650323159411
181800 -627.338940342248 0 -627.338940342248
181900 -598.2869502395042 0 -598.2869502395042
182000 -630.9819945334457 0 -630.9819945334457
182100 -598.722395410703 0 -598.722395410703
182200 -612.102985799138 0 -612.102985799138
182300 -622.0547973779212 0 -622.0547973779212
182400 -623.5717507458758 0 -623.5717507458758
182500 -610.4677074241627 0 -610.4677074241627
182600 -599.0711183721432 0 -599.0711183721432
182700 -595.0828026908857 0 -595.0828026908857
182800 -597.7189322719205 0 -597.7189322719205
182900 -574.5767446722602 0 -574.5767446722602
183000 -614.3878310002619 0 -614.3878310002619
183100 -631.2667524850986 0 -631.2667524850986
183200 -651.2141624091892 0 -651.2141624091892
183300 -614.461369505676 0 -614.461369505676
183400 -591.5698748812574 0 -591.5698748812574
183500 -610.4855448408634 0 -610.4855448408634
183600 -586.5978326633813 0 -586.5978326633813
183700 -580.830577482935 0 -580.830577482935
183800 -543.4576636986458 0 -543.4576636986458
183900 -523.8801890246104 0 -523.8801890246104
184000 -513.4079762405308 0 -513.4079762405308
184100 -512.4827342476638 0 -512.4827342476638
184200 -503.7095761544188 0 -503.7095761544188
184300 -531.8655264666595 0 -531.8655264666595
184400 -534.4817828860141 0 -534.4817828860141
184500 -511.4607110487123 0 -511.4607110487123
184600 -501.1586805080879 0 -501.1586805080879
184700 -510.4763088996988 0 -510.4763088996988
184800 -505.7552899703733 0 -505.7552899703733
184900 -510.0730240710545 0 -510.0730240710545
185000 -519.3332103517023 0 -519.3332103517023
185100 -505.6910666376225 0 -505.6910666376225
185200 -507.8282983104436 0 -507.8282983104436
185300 -508.2968190784741 0 -508.2968190784741
185400 -492.5015660890494 0 -492.5015660890494
185500 -492.9269123449922 0 -492.9269123449922
185600 -484.3504196518625 0 -484.3504196518625
185700 -481.6060456415144 0 -481.6060456415144
185800 -468.9305693531351 0 -468.9305693531351
185900 -469.9995464090898 0 -469.9995464090898
186000 -499.1056704918738 0 -499.1056704918738
186100 -499.3259341222583 0 -499.3259341222583
186200 -498.4321391854319 0 -498.4321391854319
186300 -498.0254146743682 0 -498.0254146743682
186400 -512.0066103482677 0 -512.0066103482677
186500 -508.3009306197055 0 -508.3009306197055
186600 -504.9490431500017 0 -504.9490431500017
186700 -534.8683958708134 0 -534.8683958708134
186800 -540.0733940619975 0 -540.0733940619975
186900 -545.5947976959869 0 -545.5947976959869
187000 -551.7799712533015 0 -551.7799712533015
187100 -548.4655652043293 0 -548.4655652043293
187200 -522.8561754588445 0 -522.8561754588445
187300 -524.4167341871653 0 -524.4167341871653
187400 -530.10328685891 0 -530.10328685891
187500 -519.2940212302201 0 -519.2940212302201
187600 -520.9810440271685 0 -520.9810440271685
187700 -531.4331972211075 0 -531.4331972211075
187800 -510.2054177770333 0 -510.2054177770333
187900 -534.1462751843501 0 -534.1462751843501
188000 -516.3010819712654 0 -516.3010819712654
188100 -553.4981644731561 0 -553.4981644731561
188200 -541.2450152375968 0 -541.2450152375968
188300 -535.9595916545368 0 -535.9595916545368
188400 -558.2404851252213 0 -558.2404851252213
188500 -570.308091335115 0 -570.308091335115
188600 -554.799464255455 0 -554.799464255455
188700 -547.9469033177011 0 -547.9469033177011
188800 -533.7670268294751 0 -533.7670268294751
188900 -542.4568905988708 0 -542.4568905988708
189000 -546.4519401873113 0 -546.4519401873113
189100 -539.503403059789 0 -539.503403059789
189200 -531.6398721656296 0 -531.6398721656296
189300 -535.4038018398278 0 -535.4038018398278
189400 -528.3319748978829 0 -528.3319748978829
189500 -520.616225489066 0 -520.616225489066
189600 -524.8265387405409 0 -524.8265387405409
189700 -531.5374324562727 0 -531.5374324562727
189800 -542.7818059062702 0 -542.7818059062702
189900 -529.6339985309169 0 -529.6339985309169
190000 -531.6630652084132 0 -531.6630652084132
190100 -527.5024062159937 0 -527.5024062159937
190200 -544.7287149562617 0 -544.7287149562617
190300 -529.8582199364027 0 -529.8582199364027
190400 -526.5634284296248 0 -526.5634284296248
190500 -519.3052446208458 0 -519.3052446208458
190600 -534.9407174295629 0 -534.9407174295629
190700 -539.3946958991291 0 -539.3946958991291
190800 -542.8503749727388 0 -542.8503749727388
190900 -561.8489323827671 0 -561.8489323827671
191000 -552.9026698576054 0 -552.9026698576054
191100 -568.9705405772547 0 -568.9705405772547
191200 -546.4915767108032 0 -546.4915767108032
191300 -548.5974609642726 0 -548.5974609642726
191400 -555.6431539645419 0 -555.6431539645419
191500 -566.6978760153288 0 -566.6978760153288
191600 -587.3649853355309 0 -587.3649853355309
191700 -561.0414917323942 0 -561.0414917323942
191800 -566.1947398588527 0 -566.1947398588527
191900 -572.802961914218 0 -572.802961914218
192000 -552.2781494785449 0 -552.2781494785449
192100 -549.5672464824165 0 -549.5672464824165
192200 -557.0147122225026 0 -557.0147122225026
192300 -552.6243826666614 0 -552.6243826666614
192400 -546.9279679839383 0 -546.9279679839383
192500 -538.3079571771668 0 -538.3079571771668
192600 -537.1828886325238 0 -537.1828886325238
192700 -504.6647081439805 0 -504.6647081439805
192800 -540.0846785779577 0 -540.0846785779577
192900 -517.2234604011464 0 -517.2234604011464
193000 -511.9929505996406 0 -511.9929505996406
193100 -500.4645353311207 0 -500.4645353311207
193200 -519.3499480764731 0 -519.3499480764731
193300 -498.965043541335 0 -498.965043541335
193400 -501.914019868942 0 -501.914019868942
193500 -513.9742290540598 0 -513.9742290540598
193600 -527.9815442186082 0 -527.9815442186082
193700 -505.7393316261587 0 -505.7393316261587
193800 -511.9694669820019 0 -511.9694669820019
193900 -514.3660855696071 0 -514.3660855696071
194000 -517.5390016096644 0 -517.5390016096644
194100 -518.8628608050349 0 -518.8628608050349
194200 -519.4891391075944 0 -519.4891391075944
194300 -536.5373895358643 0 -536.5373895358643
194400 -517.818561694352 0 -517.818561694352
194500 -534.3585398842115 0 -534.3585398842115
194600 -554.2719505237183 0 -554.2719505237183
194700 -564.7534981552744 0 -564.7534981552744
194800 -566.143376034117 0 -566.143376034117
194900 -566.430295445025 0 -566.430295445025
195000 -552.40822312604 0 -552.40822312604
195100 -550.8151030107983 0 -550.8151030107983
195200 -545.1864502117387 0 -545.1864502117387
195300 -539.0120468402456 0 -539.0120468402456
195400 -536.9422659300908 0 -536.9422659300908
195500 -534.4098061621189 0 -534.4098061621189
195600 -543.9033254272654 0 -543.9033254272654
195700 -548.0564181301743 0 -548.0564181301743
195800 -548.0632625887229 0 -548.0632625887229
195900 -564.5525499732712 0 -564.5525499732712
196000 -591.8938040847625 0 -591.8938040847625
196100 -586.0840305311722 0 -586.0840305311722
196200 -593.5338140202221 0 -593.5338140202221
196300 -625.7887279591523 0 -625.7887279591523
196400 -626.163510449107 0 -626.163510449107
196500 -621.7558821841958 0 -621.7558821841958
196600 -618.6717363903008 0 -618.6717363903008
196700 -613.8789540113357 0 -613.8789540113357
196800 -586.8586197078403 0 -586.8586197078403
196900 -608.9307527480414 0 -608.9307527480414
197000 -595.191382453515 0 -595.191382453515
197100 -591.0941660408571 0 -591.0941660408571
197200 -608.4140329045476 0 -608.4140329045476
197300 -609.0651934117777 0 -609.0651934117777
197400 -620.6228173418203 0 -620.6228173418203
197500 -604.8655330221809 0 -604.8655330221809
197600 -615.5181279781973 0 -615.5181279781973
197700 -589.1976097960724 0 -589.1976097960724
197800 -593.4373955942865 0 -593.4373955942865
197900 -608.9861152661615 0 -608.9861152661615
198000 -581.1872896184213 0 -581.1872896184213
198100 -577.1134683740092 0 -577.1134683740092
198200 -579.8360861539295 0 -579.8360861539295
198300 -581.0664190677344 0 -581.0664190677344
198400 -564.1131661894833 0 -564.1131661894833
198500 -559.3793058497977 0 -559.3793058497977
198600 -540.4370324304909 0 -540.4370324304909
198700 -526.7662755135025 0 -526.7662755135025
198800 -530.0499141507898 0 -530.0499141507898
198900 -551.2829164059367 0 -551.2829164059367
199000 -557.4176437067217 0 -557.4176437067217
199100 -564.3294205238926 0 -564.3294205238926
199200 -576.5368171155569 0 -576.5368171155569
199300 -574.2161838978063 0 -574.2161838978063
199400 -553.7382710541715 0 -553.7382710541715
199500 -544.9986526557477 0 -544.9986526557477
199600 -533.1048609640566 0 -533.1048609640566
199700 -542.9441094078356 0 -542.9441094078356
199800 -530.5005558800331 0 -530.5005558800331
199900 -516.9349147873727 0 -516.9349147873727
200000 -517.1248319504084 0 -517.1248319504084
