10053096.49148734
544
0.9990371878780135  -20.3297529077954 -179.3334279026871 1 2 14 44 0
 2.759538687571653 -20.24667631013329 -181.8354652239492 -1 3.08 122.06 19 0
 2.683399572594499 -16.43915325168994 -178.3477186708404 0 2.78 90.06 58 0
 4.447193499080829 -14.78193799831305 -175.4277148006448 0 2.7 82.04000000000001 51 0
0.9196526350086103 -13.92793477119636 -172.0072035870135 0 3.06 120.07 18 0
 4.804221554906443 -11.06966051464411 -172.4208200781807 -1 2.97 110.05 4 0
 3.963752843539449  -10.8935446859271 -177.7664079398183 0 2.9 102.07 34 0
-1.720120729695806 -11.93989832178873 -176.0412380047364 0 3.21 138.1 46 0
-0.0934704426499442  -8.947096068883116  -173.0877828184981 0 2.95 108.05 3 0
 3.137510966382269 -6.057742831740942 -176.3122917783029 0 3.06 120.07 18 0
 0.387107387032452 -8.549338604758654 -180.3575567488249 0 3.21 138.1 46 0
-4.494021214954641 -6.470956877755309 -176.7001625938489 0 2.95 108.05 3 0
-1.753033147964236 -2.408733994012224 -175.4553980850841 0 2.9 102.07 34 0
0.2407617247831444 -1.601341927187186 -178.8561630093684 0 3.21 138.1 46 0
-5.026406909998112 -2.764868281945057 -180.6559727280623 0 2.51 66.04000000000001 1 0
-6.840374801653925 -1.377229168340637 -176.9976687227655 0 3.06 120.07 18 0
-2.682343054066118  2.806460010148093 -177.5430363743046 0 3.33 154.1 57 0
-5.009982422972292  1.389501276993408 -183.0227990471341 0 2.7 82.04000000000001 51 0
-8.752790940150666  1.850002886246594 -181.9079951695049 0 2.51 66.04000000000001 1 0
-8.224726138871931   4.96822030346099 -180.3538533755695 0 2.51 66.04000000000001 1 0
-7.578670340656998  6.620748544397438   -183.53820610893 0 2.51 66.04000000000001 1 0
-10.33295424389069  4.388194394134204 -186.2352665762335 0 3.33 154.1 57 0
-12.12272607128241  7.458635745028408 -181.1679433429216 0 2.86 98.09999999999999 15 0
-12.75633054775012  11.57714727330373 -182.4042257442566 0 2.35 54.03 20 0
-12.82880778375349   11.6545090469972 -178.0404264565706 1 3.03 116.08 53 0
-8.970526676386577  10.59980804023874 -179.4144332610402 0 2.95 108.05 3 0
 -8.53179537070379   13.0526130326659 -183.5101540194982 0 2.95 108.05 3 0
-9.937475166965116  17.17381210950762 -180.9661568688952 -1 2.97 110.05 4 0
-7.187870575998629  16.54017567288952 -178.0237504601452 0 2.51 66.04000000000001 1 0
-6.382708649885031  18.48271069248733 -175.2544028869488 0 2.78 90.06 9 0
-2.465863923506737  18.48359821242601 -174.2324705914183 0 2.51 66.04000000000001 5 0
-2.933730274763883  15.97668006645918 -171.2285712088336 0 2.35 54.03 20 0
-5.830242856594656  15.11842069117506 -172.1119509217344 0 2.82 94.05 55 0
 -6.87612640676448   11.5048087653647 -170.2630900657634 0 2.95 108.05 3 0
-6.369419560451568  8.375516330432598  -174.051583440514 0 2.9 102.07 26 0
-10.81904327945526   8.11740778602873 -173.9279761727248 0 2.82 94.05 55 0
-12.22550265441582  4.863985973232952  -175.919679099696 0 2.86 98.09999999999999 15 0
-16.40783482123651  5.373759153907287 -177.1408174898986 0 2.82 94.05 55 0
-17.18611147663687  2.216819641883929 -175.1856276325867 0 2.35 54.03 20 0
 -14.82847192228497 -0.8270715071566495  -173.8235672742254 0 2.95 108.05 3 0
 -12.3381713685041 0.3140257351380301 -177.4708904370639 0 2.51 66.04000000000001 1 0
-9.610354823939433  2.013954800163973 -174.9883713358934 0 2.86 98.09999999999999 15 0
-9.856742762171203  -0.78677615309778 -172.1283550551582 0 2.78 90.06 9 0
-5.947848733011517 -2.148829026249633 -170.9700729408424 -1 3.08 122.06 19 0
-5.328425303693402  2.718977089955212 -172.8781765164922 0 2.78 90.06 58 0
-9.381393184075343  3.915844207247686 -170.5833467875479 -1 3.08 122.06 19 0
   -6.202710009287591 -0.003774691210374215    -167.1387523268844 1 3.03 116.08 53 0
-3.360611915046977  3.552089286406892  -168.229950665836 0 2.51 66.04000000000001 1 0
-0.8382552043856619   7.439709215346727  -167.0216709245845 -1 2.97 110.05 4 0
-2.599485528700005  7.868931006175147 -170.9154662986782 0 2.51 66.04000000000001 1 0
-1.453997562092574  11.41077202287749 -171.7630390353903 0 2.82 94.05 55 0
-3.754536601425602  12.95725234519895  -175.722145091304 0 3.21 138.1 46 0
 2.038181922387475  14.39623715531673 -176.1645463257604 0 2.9 102.07 7 0
0.2815231358535921  16.25876398078531 -182.0716141067518 0 3.33 154.1 57 0
-3.892510589492273  15.56998282122879 -181.3618965639351 0 2.7 82.04000000000001 51 0
 -2.52834083418279  13.81340773114992 -185.6979275662429 0 3.21 138.1 46 0
-7.945003137125834  16.38705028820229 -187.2186545367367 -1 3.08 122.06 19 0
-7.203258509365773  17.03941238187248 -191.9872194809574 -1 2.97 110.05 4 0
-2.825572591990886  16.30794915399164 -191.6619540928308 0 2.7 82.04000000000001 51 0
 -1.74411929322933  16.84307918105694 -195.0866404475979 0 2.35 54.03 20 0
-1.587685669469723  14.51294777321175 -198.0356099551206 0 2.78 90.06 12 0
-4.875582907746706  12.06534892198476 -196.7943132015237 0 2.35 54.03 20 0
-7.084943078010866  12.61648824576023 -193.5540881942256 -1 2.97 110.05 4 0
-2.914955023115117   12.3356495336943 -191.6337490942742 0 2.78 90.06 58 0
 -5.57263555665642  11.14314115846528 -188.5530720627375 0 2.82 94.05 55 0
 -3.91880392245521  11.00893027664665 -184.8245252439002 0 2.35 54.03 20 0
-2.927441633177875  9.136576251540047 -180.7526159576984 0 3.21 138.1 46 0
  1.89758756816142  11.41017260809591 -179.6910035800657 0 2.9 102.07 34 0
1.152334049638891 9.081502473527022 -176.486502587372 0 2.51 66.04000000000001 1 0
 3.095199144488685  9.729563128245575 -172.4510797310917 0 2.9 102.07 34 0
 2.075582660991575  4.896944020818441 -171.1171611379851 -1 2.97 110.05 4 0
 3.672338120397054  7.319037580402048 -167.5323638200704 0 2.95 108.05 3 0
 1.776727099485225  2.638355907625787 -166.8406543732111 0 2.82 94.05 55 0
 3.303454751863158 0.6958278021033653 -170.0378897804396 0 2.95 108.05 3 0
 7.193311710374137  3.534800874599142 -168.8374103936364 1 3.03 116.08 53 0
 5.142467341028818  3.636298481560778 -173.7788944454598 0 2.9 102.07 34 0
 6.644604373780236  7.171662441509773 -176.7476745023767 0 2.9 102.07 26 0
2.484008423054081 5.809569821603074 -178.599621869358 0 2.78 90.06 58 0
2.605585429546722 7.373893469948818 -183.277548822219 0 2.9 102.07 34 0
-1.682022639038268  6.134090635930765 -183.3782811444019 0 2.7 82.04000000000001 51 0
-0.781115350872674  6.680320635624708 -187.6648085108607 0 3.21 138.1 46 0
-7.981762177558192  7.932844963065401 -188.6782250762771 1 3.25 144.09 2 0
-7.546265045077454  4.769864937946672 -190.4024424697858 0 2.35 54.03 20 0
-9.803623598463741  4.084595840263937 -193.2041220798444 0 2.7 82.04000000000001 51 0
-13.65246880604637  6.881429546943223 -190.2585690225413 1 3.25 144.09 49 0
-12.11325472135846  9.692207940560664 -194.8830105944796 0 2.7 82.04000000000001 51 0
-13.66018888403607  10.32651241948871 -198.9454216447619 0 2.9 102.07 6 0
-10.07019766743703   12.5899295452494 -198.0896115045059 -1 3.08 122.06 19 0
-8.436919015514299  8.390675230956438  -195.848586276728 0 2.95 108.05 3 0
-11.37435244726461  4.663647850730953 -200.4858627166939 0 3.48 176.13 11 0
-9.000737349689754  8.742675774167369 -202.7198091334529 0 2.9 102.07 6 0
-5.225283270101867  7.351878794409288 -201.2713795457737 0 2.35 54.03 20 0
-6.027781204859829  3.860260612156475 -199.9561439975759 0 2.95 108.05 3 0
-7.235708998488662  4.300792683626264 -204.6932527108669 0 2.9 102.07 7 0
-2.880997093983351  6.739863194054623 -205.1793867423677 0 2.95 108.05 3 0
-2.794521687958051  1.335961181786628 -207.2119878041056 0 3.21 138.1 8 0
 1.290666058511768  4.361138757945969 -208.0278099249653 -1 2.97 110.05 4 0
 4.901518890302872  1.341738988098759 -207.0474427091785 0 2.9 102.07 34 0
 6.722499002992704  6.612716462003962 -205.0821730252536 1 3.03 116.08 53 0
 9.822747815606716  6.237997541131759 -206.9205723404483 -1 3.08 122.06 19 0
 11.22933072462854  4.792161504596574 -201.4464764602581 0 2.9 102.07 26 0
 15.71495199425142   5.27434618037271 -203.3212953275792 0 2.95 108.05 3 0
 14.74866072300339  7.986393734843693 -199.3795118146487 -1 2.97 110.05 4 0
 13.82578586995736  4.746286924571432 -197.1993251533388 0 2.9 102.07 6 0
15.32072752784286 1.578297573246459 -199.520096991611 0 2.86 98.09999999999999 15 0
 18.24139648076135  1.015221325432301 -202.4687258292805 0 2.7 82.04000000000001 51 0
  14.89176620538784 -0.1387830800415217  -204.8940177430563 0 2.35 54.03 20 0
 13.05475224800526 0.3661228894982998 -202.0637741682415 0 2.86 98.09999999999999 15 0
 8.849009684962615 0.8275044621347953 -206.6180963541297 1 3.25 144.09 49 0
 6.133327358137983   2.68303511398994 -202.9106539038718 0 2.35 54.03 20 0
  1.08442136575087  2.967992107272625 -201.8610150059814 0.5 3.14 130.08 23 0
 2.225575739470397  7.152025398586494 -204.1413557995378 -1 2.97 110.05 4 0
0.1555466410001798   7.56036875342968 -200.6648826943724 0 2.35 54.03 20 0
0.1249761300949745  4.390056235623148 -198.0988363193835 0 3.21 138.1 46 0
 4.726165659004304  7.440118247064284 -199.3330266103675 0 2.82 94.05 55 0
  2.71257318901416  10.82290545016556 -200.0408614197743 0 2.7 82.04000000000001 51 0
0.7771250869827051   10.8556293653133  -196.679679216535 0 2.7 82.04000000000001 51 0
 5.654262783430429  9.887225562844892 -193.0086146570752 0 3.48 176.13 56 0
 8.086347355024829  11.53370387406348 -197.0274130881247 1 3.25 144.09 49 0
 3.029550012460978  15.26981063604873 -195.6532730165338 0 2.7 82.04000000000001 51 0
 3.452471911587397  14.57037853323566 -191.7361335225236 0 2.78 90.06 58 0
  7.3649402015829 13.69783024239824 -191.272645254803 0 2.51 66.04000000000001 1 0
 9.282485188164953  17.05153181853886 -190.8066882008612 -1 2.97 110.05 4 0
 5.669026913597566  17.67872073013792 -187.6728256659378 0 2.82 94.05 55 0
5.116162702197645 13.66405325519404 -186.429231180125 0 2.9 102.07 34 0
 11.23450158632396  13.35772800665709 -187.9992955664723 1 3.25 144.09 49 0
 9.695798313351801  17.94031188956917 -183.7269619850356 0 3.06 120.07 18 0
  6.08175083379139  16.51725201185449 -181.8482721711069 1 3.03 116.08 53 0
 8.871318122876723  11.70005184277886 -181.4961388176668 0 2.78 90.06 58 0
 13.09739051022312  13.34433622678694 -182.0532438888946 -1 3.08 122.06 19 0
 10.64309240545115  16.78659683067401 -178.4627687426566 -1 2.97 110.05 4 0
 9.550828627518722  12.82115889428226 -176.2474800861692 0 2.51 66.04000000000001 1 0
 12.73226949394227   10.6743788162229 -176.5628058277624 0 2.78 90.06 58 0
 14.46266139592401  14.57442304592066 -174.9738735161702 1 2.78 90.06 49 0
 11.62923608577095  14.11656213900951 -171.9450893678667 -1 2.65 78.05 19 0
 10.04577678248086   10.8766382369593 -171.2629378039516 0.5 3.14 130.08 23 0
 14.95511181337442  8.750223478690724 -172.2496859263026 0 2.78 90.06 9 0
 13.17003002206424  5.651893047686348 -170.0395717766683 -1 2.97 110.05 4 0
 9.203686294227778  6.249875221865764 -171.1140296714692 0 3.33 154.1 57 0
 8.847164862542625 0.4860459202196736 -176.2291399638017 1 3.25 144.09 49 0
 9.239858194077257  4.242679522622592 -179.4303773724857 0 2.78 90.06 58 0
 5.545714993340668  2.249284346721667 -180.2130539989171 0 2.78 90.06 58 0
 5.717011462265117  4.211363171707349 -184.4965550464736 0 3.21 138.1 46 0
0.3272793340014843  1.690898618523593 -183.9510396443352 0 2.82 94.05 55 0
-1.961728304779581 0.4189231366362507 -186.5881532967186 0 2.35 54.03 20 0
 -6.642648204171053 -0.8813295605849372  -188.5273234397062 0.5 3.14 130.08 23 0
 -5.418483936236808 -0.4501436521368447  -192.1038030734557 0 2.7 82.04000000000001 51 0
-4.074388237930934  3.568610468386089  -193.603821103563 0 2.9 102.07 34 0
-2.106031618051282  2.951345249998877 -190.1905924441421 0 2.35 54.03 20 0
-0.0750469000227571   0.619483245460998  -190.5631574397414 0 2.35 54.03 20 0
0.9954717995451802  1.599018141469567 -193.3805425945382 0 2.51 66.04000000000001 1 0
 1.131043229364291  5.366586804027835 -192.3354704562499 0 2.9 102.07 34 0
 3.526196651104324  2.998465440228789 -189.3226693823322 0 2.51 66.04000000000001 1 0
 5.275912799530064 0.4430912815569586 -191.5949583873496 0 2.82 94.05 55 0
 6.571453937965186  3.973180068199702 -193.7207180947914 0 2.78 90.06 58 0
 7.489562252660609  5.841360255251342 -190.4444479708607 0 2.51 66.04000000000001 1 0
 9.538703935214649  3.637134753150322 -189.1874669406405 0 2.35 54.03 20 0
 11.55748342066417  3.048373101530578 -191.7097242860324 0 2.51 66.04000000000001 1 0
 11.79251478823738  7.401013394343522 -192.5712367673855 -1 2.97 110.05 4 0
 12.09647498663357  7.846666825870026 -188.3199457595572 0 2.9 102.07 34 0
 13.38671984488027  1.926678998838948 -187.7134629754054 1 3.25 144.09 2 0
18.47761326706242 5.721980451717873 -186.728497959294 0 2.35 54.03 20 0
 17.73614945706455  9.003557961716973 -185.4545660631471 0 2.95 108.05 3 0
 18.89164078682166  6.639610552093377 -181.2877431183462 0 2.35 54.03 20 0
 14.66333984291709  7.146096022874784 -181.9509155035286 0 3.33 154.1 57 0
 14.98456389888798   1.51963798573232 -180.9739722649507 -1 2.97 110.05 4 0
11.05584849046579 2.523312772819713 -183.897005994433 0 2.9 102.07 26 0
  8.98802963670239 -1.265389451045132 -181.9574940282976 -1 2.97 110.05 4 0
 5.886263359086697  -1.51604662469076 -185.6767214966911 0 2.78 90.06 58 0
 3.144804846168395 -3.377006514578444 -182.6525583846653 0 3.21 138.1 46 0
0.5125256541030022 -3.972457113150106 -187.8652761854813 0 2.7 82.04000000000001 51 0
-2.828365620939848 -4.318900464456735 -185.4283242966474 0 3.33 154.1 57 0
-4.581081975110967 -4.966036246240383 -191.2166694569751 0 2.35 54.03 20 0
-2.140731022259266 -4.198795331791827 -193.1373825056255 0 2.51 66.04000000000001 1 0
-1.765475140456206 -3.045980968023002 -196.2874504535141 0 2.78 90.06 48 0
0.5094735260769203 -6.531447684047761 -199.9611842985551 1 3.25 144.09 2 0
  3.813133521809147 -0.9373417031639273  -198.3540505308385 0 2.78 90.06 58 0
 5.557084327942751 -2.818682491836537 -201.4728498890981 0 2.35 54.03 20 0
 8.988359623069233 -3.269872796242366 -203.5106924181229 0 2.95 108.05 3 0
  10.9780875453751 -9.406619337085635  -202.620042247443 1 3.25 144.09 49 0
 12.73452000174709 -4.422719205054621 -201.8071796969654 0 2.51 66.04000000000001 5 0
 10.08245767945086 -1.462159231589368  -198.432690238302 0 3.21 138.1 46 0
 9.983744506674281 -6.436804163536251 -198.1085413017369 0 2.51 66.04000000000001 1 0
 13.79748350556668 -8.229890687129092 -199.0193248017351 -1 3.08 122.06 19 0
 14.59280136633254 -2.442217919965587 -195.5577483571311 0 3.21 138.1 8 0
 10.57753684944536 -3.832302605709126 -193.7015868757321 0 2.9 102.07 34 0
 12.36641142028304 -8.407083916087281 -193.1302728169816 0 2.82 94.05 55 0
 16.38223801387838 -6.897149624513214 -192.2758231564295 0 2.78 90.06 12 0
 15.04151786146029 -2.089880438758812 -190.6108800721657 0 3.06 120.07 18 0
 18.03782225913011 -2.630976709763929 -187.5184685861133 0 2.82 94.05 55 0
  15.82767058572593 -0.4955039259865226  -184.6120337276822 0 2.35 54.03 20 0
 13.54365538382505 -2.637762786792826 -184.3799075984774 0 2.35 54.03 20 0
  10.5314122149999 -4.959708262440982 -184.1576682839841 0 2.82 94.05 55 0
 7.485517920799074 -5.250446011154414 -187.9612098614229 0 2.9 102.07 34 0
 5.919403184700942 -6.878301308515493 -183.7994693860458 0 3.33 154.1 57 0
 2.686702673659189 -8.806143175038512 -191.0913732666785 1 3.25 144.09 2 0
-0.8954887279461237  -8.443291472105383  -186.7556628943703 0 2.9 102.07 26 0
-2.884545569924461 -11.10568843106212  -189.827641626492 0 2.82 94.05 55 0
-8.285502823312383  -12.0838072184469 -188.6015672350961 0.5 3.14 130.08 23 0
-8.293235833377308 -14.90368151340595 -190.7700047307384 0 2.82 94.05 55 0
-10.08892457814162  -14.1341786588723 -194.3679886528588 0 2.95 108.05 3 0
-8.409372700200871 -9.222892356823383 -193.6412690554936 -1 2.97 110.05 4 0
-9.379191589655116 -8.251271277920781 -198.0161932627642 0 2.9 102.07 6 0
-6.662567199566637 -5.458869965012574 -196.3466963783286 0 2.78 90.06 58 0
-3.843042825589599 -8.202052728817423 -195.8230976358864 0 2.78 90.06 48 0
-5.807110914248064 -11.43110705961791  -199.144475617221 1 3.25 144.09 49 0
-4.945982656811575 -5.623490717053236 -200.9279216005749 0 2.9 102.07 7 0
-2.126918953884795 -4.418615668110199 -203.1886037915357 0 2.78 90.06 48 0
-2.645738754960116 -7.018905434118598 -205.9200847378007 0 2.78 90.06 9 0
 2.246408052489366 -10.92970367321147 -205.3853345316377 1 3.25 144.09 49 0
-0.6644442774405527  -9.219992526242006  -209.6330257320121 -1 3.08 122.06 19 0
-0.9658714033781493  -4.399779962374906  -209.2278411469767 0 3.21 138.1 8 0
 4.269550470940749 -5.399960978260455 -207.1175035524314 0 2.35 54.03 20 0
 2.398517691027727 -3.822893605093785 -204.1061698195508 0 3.33 154.1 57 0
  5.42120045226388 -7.620993702185849 -201.3237136014846 0 2.7 82.04000000000001 51 0
 3.429687770880386 -8.545057058171006 -197.1477431544831 0.5 3.14 130.08 23 0
 6.985075433126759 -8.363309895995295 -194.5218477724001 0 2.7 82.04000000000001 51 0
 9.025059579331771 -11.47453113989212 -192.7010078370617 0 2.7 82.04000000000001 51 0
 7.336416585841245 -12.07270700562573 -189.9083744052968 0 2.78 90.06 48 0
 2.116606252464138 -13.48021819937824 -191.0325195695733 -1 3.08 122.06 19 0
  3.43074344818602 -12.51083336255552 -185.5871800486395 0 3.33 154.1 57 0
-3.052015574872714 -16.74933599109345 -189.2610014899692 0 3.48 176.13 11 0
-5.092998740212053 -13.80120857453223 -185.5036756485285 0 2.9 102.07 26 0
-6.339541976721175  -19.3858136153837 -185.4303031302603 1 3.03 116.08 53 0
-9.420703285282242 -16.51617061981072 -184.0052336280701 0 2.7 82.04000000000001 51 0
-12.64581206437298 -15.54467961572272 -184.9491698563713 0 2.35 54.03 20 0
-15.07106308305777 -12.82295451234295 -186.1052502907558 0 2.82 94.05 55 0
 -17.1403762227334 -11.73619685482369 -182.4631374506161 0 2.9 102.07 7 0
-13.81699072022018 -15.01379040275498 -180.9573518225306 0 2.78 90.06 12 0
-12.08005794590444 -14.41413097214746 -177.8817196734468 0 2.78 90.06 9 0
-7.666017290806312  -13.8140284895157 -178.7661534604634 0 2.78 90.06 58 0
 -5.80131424751157 -17.11326923673846 -177.1154199665866 0 2.82 94.05 55 0
-0.4693097759484943  -17.88206192306579  -175.4717173933612 1 3.25 144.09 49 0
-2.531236985131676 -21.13471572887765 -178.3727114341284 0 2.95 108.05 3 0
-5.251628038678968 -18.45606954412354 -181.2626230510265 -1 2.97 110.05 4 0
-1.215554545517962 -15.89161176095801 -182.2174633818264 0 2.9 102.07 26 0
0.5047340476286952  -18.3781129124479 -185.8245188569029 0 2.78 90.06 12 0
  5.95622871826066  -16.9958054420284 -186.3373257819067 1 3.03 116.08 53 0
 3.812977854713476 -17.21823818106983 -190.6709355282623 0 2.9 102.07 26 0
 8.951350200590776 -17.08436718661795 -190.8493822033031 -1 3.08 122.06 19 0
 8.221055879408667 -15.42702149476806 -195.3431539468704 0 2.35 54.03 20 0
 9.103569633177134 -12.76068201214246 -198.1042769523997 0 2.9 102.07 6 0
  5.19136112205875 -13.09797066908099 -200.3303827328835 -1 2.97 110.05 4 0
 3.840368597757077 -16.31258097512031 -197.2981642713194 0 2.51 66.04000000000001 1 0
 1.528781204061907 -19.15711150314173 -198.0822744733555 0 2.82 94.05 55 0
-0.9672478214888605  -19.95133241276359  -194.5839781355196 0 2.35 54.03 20 0
-1.892892194237374 -17.54588263026777 -193.6962310736241 0 2.35 54.03 20 0
-4.009857818872028 -13.76758307798192 -194.8279691419024 0 2.95 108.05 3 0
-1.302990392098199 -15.39185271570796 -198.5985514443078 0 2.95 108.05 3 0
-4.669126915199721 -18.79669388551593 -197.5898202918235 0 3.06 120.07 18 0
-6.117704923741422  -19.7078850341482 -201.6948967176272 0 2.78 90.06 9 0
-9.267076549238306 -17.92700214617673 -199.6136726740064 0 2.95 108.05 3 0
 -13.2161315677795 -16.33315495809336 -200.1582060686893 0 2.9 102.07 6 0
-12.13623957511021 -12.80316165437502 -199.1322028653479 0 2.78 90.06 9 0
-14.15920497779643 -11.46132018593522 -194.6247824859523 -1 2.97 110.05 4 0
-14.86940119750178 -7.412150709912577 -195.0601913734456 0 2.9 102.07 6 0
-15.90842469930168 -8.640108052734769 -191.2006601917472 0 2.78 90.06 9 0
-12.26493681593656 -9.689102663034815 -190.1984649187367 0 2.51 66.04000000000001 1 0
-10.14471576492928  -5.21121954930494 -191.3854925251152 0.5 3.14 130.08 23 0
-13.71329242439829 -4.906921434778182 -188.1797052108884 0 2.9 102.07 7 0
-12.74292342042971 -9.214184629720819 -183.5700612113656 0 3.48 176.13 11 0
-7.391790476730693 -7.428071854547913 -186.0490415273231 0 3.33 154.1 57 0
-6.849093562866535 -8.964821201024163 -180.2666718108795 0 3.21 138.1 46 0
-11.40928835295611 -6.294424222814158 -181.3269946303259 0 2.35 54.03 20 0
 -14.6188302587006 -4.177384819584296  -182.592970512778 0 2.9 102.07 7 0
-10.65763687465745 -2.273680590835735 -184.9033172845798 0 2.9 102.07 26 0
-12.97824299111639  1.148956285362789 -186.5639897640062 0 2.35 54.03 20 0
 -16.0587750104274 0.6726445861229331 -184.8659297960927 0 2.82 94.05 55 0
-14.63766676886484  4.462185267934292 -182.3063087679981 0 2.86 98.09999999999999 15 0
-18.12401572588472  6.860526526344439 -183.5284426295073 0 2.9 102.07 7 0
-7.476658118305305  15.21076638489381 -165.7765077566939 0 2.9 108 39 0
-16.22338071831868  8.650402483982607 -183.3992117101747 -1 2 16 14 0
0.6218707484930768  14.09853036280147 -120.8687048666818 1 2 14 44 0
 2.086212034334442  15.38733706536221 -123.2269117894772 -1 3.08 122.06 19 0
-2.342036098661803  12.78763965500702 -123.7742662187149 0 2.78 90.06 58 0
 -6.09644648956806  12.99414289122024 -124.2697589464436 0 2.7 82.04000000000001 51 0
-8.080895964635232  9.751680141838861  -121.041577008882 0 3.06 120.07 18 0
-10.23320688149868  10.78676932428127 -125.2519017140108 -1 2.97 110.05 4 0
-5.470318464593404  10.08434006436767 -127.7286336512791 0 2.9 102.07 34 0
-4.504053850377349  6.490625935273749 -122.9821573281656 0 3.21 138.1 46 0
-8.763333904909832  5.712314242799455 -124.2385483280547 0 2.95 108.05 3 0
-8.31182101151515  6.25966711680704 -129.594069027744 0 3.06 120.07 18 0
-2.924661942970862  5.872233173965879 -128.6115466935108 0 3.21 138.1 46 0
-5.110906464432662 0.8028386749110039 -125.2884166415513 0 2.95 108.05 3 0
-8.737151853202935 0.1702256335686387 -128.7545750544727 0 2.9 102.07 34 0
-6.878222086152732  1.163817740954785 -132.1823231286112 0 3.21 138.1 46 0
-3.024190828861623 -2.009742181193274 -129.4599832310573 0 2.51 66.04000000000001 1 0
 -6.02853829993701 -4.319180758940385 -127.4009543955301 0 3.06 120.07 18 0
-8.687385773916532 -3.952347667425091 -132.6816619830134 0 3.33 154.1 57 0
-2.656261168688065 -4.719355495891146 -133.3821696710933 0 2.7 82.04000000000001 51 0
-2.454011056046008 -7.844326005585153 -131.0036997386459 0 2.51 66.04000000000001 1 0
-5.185773488401459 -9.518850142385531 -132.4703053227583 0 2.51 66.04000000000001 1 0
-3.364224926554042 -10.09731706683468 -135.5744439900787 0 2.51 66.04000000000001 1 0
0.7789987161257486 -10.67003074608318 -134.0414045559995 0 3.33 154.1 57 0
-4.090692757733436 -14.08387739022434 -132.3266409938289 0 2.86 98.09999999999999 15 0
 -4.43672615726706 -17.26768161940797 -135.2652865208734 0 2.35 54.03 20 0
-8.142477942880873  -17.4100633581043 -132.9628718838231 1 3.03 116.08 53 0
-7.932231966024684 -13.80397761138735 -135.1625455488613 0 2.95 108.05 3 0
-5.578809397128365 -15.05868172766972 -139.1463610332296 0 2.95 108.05 3 0
 -8.85794885307539 -18.85619098970475 -139.6546000083404 -1 2.97 110.05 4 0
-12.08053125848561 -16.39733266247287 -139.2203715180191 0 2.51 66.04000000000001 1 0
-15.47901312662996 -17.09799983491816 -139.4448721107312 0 2.78 90.06 9 0
-17.73671016724515 -14.16487375010444 -141.0836504539435 0 2.51 66.04000000000001 5 0
-19.13250505301783 -12.88711391179148 -137.6273467279597 0 2.35 54.03 20 0
-17.01743016990326 -14.48905411939672 -135.9341250002887 0 2.82 94.05 55 0
-16.79320497433553 -12.90530599554598 -132.0596166498005 0 2.95 108.05 3 0
-12.52945049306903 -10.42726648932861 -132.3453139557664 0 2.9 102.07 26 0
-10.95301661704208 -13.60052838498819  -129.638597274279 0 2.82 94.05 55 0
-7.485118935712915 -12.49292262498681 -127.8284433672323 0 2.86 98.09999999999999 15 0
-5.165017909826283 -15.96084490896072 -126.4743398706621 0 2.82 94.05 55 0
-5.305559398923965 -14.47837939579741 -122.9847420277888 0 2.35 54.03 20 0
-6.100865381363423 -10.70980392662296 -121.6267017695755 0 2.95 108.05 3 0
-4.340321586411935 -9.561402343845756 -125.6749514369491 0 2.51 66.04000000000001 1 0
-8.082746908223768 -8.655216701534847 -126.9659678222148 0 2.86 98.09999999999999 15 0
-9.319607806634103 -7.015944295244972 -123.5210505357546 0 2.78 90.06 9 0
-11.15417867000905 -3.190379889171429 -124.2107350571631 -1 3.08 122.06 19 0
-11.66993362335523 -5.921774603620705 -128.6821510260637 0 2.78 90.06 58 0
-12.64793880564472 -9.775723194769199 -125.9773646868315 -1 3.08 122.06 19 0
-15.15664077645503 -4.829980633025447 -123.4124641102046 1 3.03 116.08 53 0
-16.63847266445365 -5.032694042206871 -127.8481698656408 0 2.51 66.04000000000001 1 0
-20.08749375984091 -5.713994592490752 -131.1002299918432 -1 2.97 110.05 4 0
-16.32853743806667 -7.287425832712844 -132.4575683873921 0 2.51 66.04000000000001 1 0
-17.40912451525296 -8.757442220694347 -135.8111550346544 0 2.82 94.05 55 0
-13.84263944723604 -11.47286124712126 -137.6181652149018 0 3.21 138.1 46 0
-16.08989403938256 -8.067365564235118 -141.9970269373289 0 2.9 102.07 7 0
-11.18866175296357 -10.56635434601574 -145.3408695143357 0 3.33 154.1 57 0
-10.03781663745505 -13.25329398017617 -142.2013493377917 0 2.7 82.04000000000001 51 0
-6.153899557618043 -11.03251436865432 -144.1329305696985 0 3.21 138.1 46 0
-3.953048251782551 -16.78732601101902  -143.571794646152 -1 3.08 122.06 19 0
-0.4285641250385384  -16.62039751174758  -146.9281497432948 -1 2.97 110.05 4 0
-1.971032493654393 -12.85183507782721 -148.7236158475289 0 2.7 82.04000000000001 51 0
0.3391600707647231 -12.36369763462897 -151.4820781299796 0 2.35 54.03 20 0
  3.70099764168295 -10.68333853170478 -151.6397056805097 0 2.78 90.06 12 0
 4.778000917922627 -11.54825271582131 -147.5858416702801 0 2.35 54.03 20 0
 2.597551090685796  -13.5990747245307 -144.9928024006561 -1 2.97 110.05 4 0
-0.4012027784048906  -10.29743454293726  -146.1161991975169 0 2.78 90.06 58 0
-1.601515716781908 -11.53285189368653 -142.2420662834601 0 2.82 94.05 55 0
-5.298196077781778 -10.23341455820383 -141.1013428574409 0 2.35 54.03 20 0
 -8.36740638120297 -8.287325016093298 -138.2974816578507 0 3.21 138.1 46 0
-11.87488626597679 -6.172328153508141 -141.8754057984752 0 2.9 102.07 34 0
-13.41242689793233 -5.222284370352939 -138.2725847330211 0 2.51 66.04000000000001 1 0
-17.77960532150477 -4.224629459458709 -137.6308820650919 0 2.9 102.07 34 0
-16.64862150963644 -1.812233021432799 -133.2634591331128 -1 2.97 110.05 4 0
-21.20832883887249   -2.2416598545049 -133.8034579162962 0 2.95 108.05 3 0
 -19.28140609314893 -0.5821678330765083  -129.3860334420256 0 2.82 94.05 55 0
-16.34792608538501  1.873834453201511 -130.6857929692412 0 2.95 108.05 3 0
 -19.8634855668461  2.911995120377083 -134.0316814884926 1 3.03 116.08 53 0
-14.98426116420056  1.346161695054035 -135.5730652622866 0 2.9 102.07 34 0
-14.38986768499316 0.1662617072379451  -140.244617620109 0 2.9 102.07 26 0
-10.80640762461478 -2.044539256021305 -138.0385493716932 0 2.78 90.06 58 0
-7.497223110441738 -2.946158503714323 -141.5855580557736 0 2.9 102.07 34 0
-5.402012536314489 -5.347883442068694 -138.4594340997548 0 2.7 82.04000000000001 51 0
-2.301132571754211 -4.995415936150474 -141.5810727912638 0 3.21 138.1 46 0
0.6223316587755461 -11.22269035760081 -138.9128233235353 1 3.25 144.09 2 0
 3.173843484224229 -8.793353758680848  -138.043837071934 0 2.35 54.03 20 0
 6.620936625569223 -10.01312491071023 -137.8331780499823 0 2.7 82.04000000000001 51 0
 4.389412839948402 -14.77523914010607 -135.9214404402234 1 3.25 144.09 49 0
 6.659783480714719 -15.43505702448515  -141.026846647541 0 2.7 82.04000000000001 51 0
  10.4050207407368 -16.98144128333034 -142.7240280189417 0 2.9 102.07 6 0
 7.514572420159357 -15.78575176594865 -145.7172102888979 -1 3.08 122.06 19 0
 6.685285378253157 -11.80618778801739  -142.750919074176 0 2.95 108.05 3 0
 13.12675412639149 -11.51371115509963 -141.1871036036829 0 3.48 176.13 11 0
 12.57472512959492 -12.40399064405954 -146.3023455766975 0 2.9 102.07 6 0
 10.55275075614953  -8.66214712812166 -146.7456792567676 0 2.35 54.03 20 0
 11.09517707024351 -6.971575312606718 -143.3673681930154 0 2.95 108.05 3 0
   15.368482127464  -8.12970221860385 -145.4865574199186 0 2.9 102.07 7 0
  13.2756004897778 -6.464145743495881 -149.7285705153272 0 2.95 108.05 3 0
 17.09376839542101 -2.815344017044894 -147.3942736543119 0 3.21 138.1 8 0
 15.14572184966451 -1.736309338043985  -152.036129192844 -1 2.97 110.05 4 0
14.21957513837062 2.960745229951445 -151.593315829041 0 2.9 102.07 34 0
 9.833568487963648  0.833132283370742 -154.9396071857138 1 3.03 116.08 53 0
 10.43941961356704  3.424906440753928 -157.3987371421049 -1 3.08 122.06 19 0
 5.865838206440813  5.389553030277809 -154.3561790208279 0 2.9 102.07 26 0
 5.673763688699438  8.456761183936962 -158.1540188730892 0 2.95 108.05 3 0
 1.607240280361047   5.90757333271259 -157.2642960566878 -1 2.97 110.05 4 0
 1.359913692023984  7.334406603667941 -153.5218128717117 0 2.9 102.07 6 0
 4.043210033331004  10.56794917212269 -153.5551628108685 0 2.86 98.09999999999999 15 0
 5.728503027823074  13.15852329775069 -156.3819078008319 0 2.7 82.04000000000001 51 0
 9.428485578690132  11.42442607461297 -155.0640208707555 0 2.35 54.03 20 0
  7.48173691547299  9.687291219942928 -152.8657576587343 0 2.86 98.09999999999999 15 0
 12.65614687805836  6.261889480708347 -153.2333151354995 1 3.25 144.09 49 0
 9.746276318362538  2.965848414244596 -150.9459977905629 0 2.35 54.03 20 0
 10.53653434953772 -1.023854164476622 -147.7628924512117 0.5 3.14 130.08 23 0
 10.42012978614679 -2.908875771488403  -152.284116349728 -1 2.97 110.05 4 0
 8.045995040211668 -4.762780513543878 -149.5520564253318 0 2.35 54.03 20 0
 7.127165245376716 -2.714971145116274 -146.1463790164204 0 3.21 138.1 46 0
 5.340964634173883 -1.261202776517197 -151.3129149870353 0 2.82 94.05 55 0
 5.325991133826953  -5.00053440299373 -152.7327772324734 0 2.7 82.04000000000001 51 0
 3.149560774484809 -6.504452119955068  -149.896237367641 0 2.7 82.04000000000001 51 0
-1.314727026209685 -2.232588901404591 -150.0456097512846 0 3.48 176.13 56 0
0.5828145846108015 -1.458340043059128 -154.5817470467133 1 3.25 144.09 49 0
-0.2564312394973314  -7.734528632392077  -153.4314960848104 0 2.7 82.04000000000001 51 0
-3.453785567644451  -6.98829347199601 -151.1441158365142 0 2.78 90.06 58 0
-4.892837526690711 -3.477253773824483 -152.5171780024966 0 2.51 66.04000000000001 1 0
-7.287592669672668 -4.254223091801863 -155.4841420227818 -1 2.97 110.05 4 0
-8.909233874754209 -7.409103775996329 -152.2148074281515 0 2.82 94.05 55 0
-8.188998161952405 -5.185179645775141 -148.6785434395099 0 2.9 102.07 34 0
 -8.909152264862133 -0.3736139700404504  -152.7187441588012 1 3.25 144.09 49 0
-13.78834442726895 -4.590177932146231 -152.5327623492161 0 3.06 120.07 18 0
-13.53901444796191 -6.381696294919545 -148.6155936607337 1 3.03 116.08 53 0
-12.93380824225165  -1.10970751277417 -146.8977575924778 0 2.78 90.06 58 0
-14.60829402042284 0.9843861978097266 -150.5970269701545 -1 3.08 122.06 19 0
-18.13570766155488  -3.16158161414949 -149.5328122669755 -1 2.97 110.05 4 0
-18.06744610093557 -1.383560030662711 -145.2131801498282 0 2.51 66.04000000000001 1 0
-18.08536018164294  2.425924667585908 -145.7763554625303 0 2.78 90.06 58 0
-21.58093374371414  1.138280352519813 -148.3940347035398 1 2.78 90.06 49 0
 -22.96372280231683 -0.7135980282122452  -144.9198571176743 -1 2.65 78.05 19 0
-21.70606412259231 0.2295403504004243  -141.603448569812 0.5 3.14 130.08 23 0
 -21.7759972566641   5.32925776722015 -143.4968248271798 0 2.78 90.06 9 0
-21.79834269322044  6.014570450840735 -139.3494617826639 -1 2.97 110.05 4 0
-19.71401530304005  2.649440531465062 -138.0943104086674 0 3.33 154.1 57 0
-12.98267035958265  6.229068317811177 -136.9159856585688 1 3.25 144.09 49 0
-11.88424080307052  4.071673035395773 -141.2349581205317 0 2.78 90.06 58 0
-9.125021523069448  2.618907214547106 -138.3179251328581 0 2.78 90.06 58 0
-6.324421318630492   1.48877930751483 -141.9382740703158 0 3.21 138.1 46 0
 -3.882427660415301 -0.9010684539783749  -137.0367604589676 0 2.82 94.05 55 0
-0.3329620153798571   -1.75876929292283  -136.3457547297198 0 2.35 54.03 20 0
 3.484890375653451 -4.400517754549508 -133.9359378880742 0.5 3.14 130.08 23 0
 5.914029414806148  -3.73528775035347 -136.7876844726858 0 2.7 82.04000000000001 51 0
 5.128751776296639 -5.365366291128797 -140.9026832575772 0 2.9 102.07 34 0
 1.777784527730701 -3.508168216524289 -139.7947988661062 0 2.35 54.03 20 0
  2.289648502333108 -0.4402694607896764  -139.6296428646085 0 2.35 54.03 20 0
 3.913901522552654 -0.258792706056278 -142.3447904338725 0 2.51 66.04000000000001 1 0
 1.497901879600536 -2.652439879492857  -144.278317767052 0 2.9 102.07 34 0
-0.9764944956236272  0.6843472559020696  -142.4992890406348 0 2.51 66.04000000000001 1 0
 1.334331125065767  3.704531491330517 -143.0408729657459 0 2.82 94.05 55 0
 1.289158106750069  2.365793639505127 -147.1475198192189 0 2.78 90.06 58 0
-2.550120865832413  1.794763836327374   -147.11874572811 0 2.51 66.04000000000001 1 0
-3.476958023116753   4.77828940041218 -146.1821876135209 0 2.35 54.03 20 0
-1.822980107439314  6.704710648086154  -148.264770442787 0 2.51 66.04000000000001 1 0
-2.887328816616289  4.015732908182345  -151.638119158403 -1 2.97 110.05 4 0
-6.776130070127429  3.914004503182296 -149.8405234979073 0 2.9 102.07 34 0
-5.420686160805399  8.785405569648894 -146.4477322441616 1 3.25 144.09 2 0
-9.555926622567313  10.09641782933068 -151.1882700000686 0 2.35 54.03 20 0
-11.66354526313336  7.362766835073113 -152.2014422060631 0 2.95 108.05 3 0
-14.67821813876391  9.755808369964523 -149.1239561074942 0 2.35 54.03 20 0
-12.81373068539855  6.250808995748462 -147.4466010646108 0 3.33 154.1 57 0
-11.54387229050703   10.1974130707791 -143.5062446135342 -1 2.97 110.05 4 0
-8.064603716513041   6.60840735653171 -143.5109558214508 0 2.9 102.07 26 0
-7.485588929282902  7.539270460326862 -138.9076872242364 -1 2.97 110.05 4 0
-3.131404019730312  5.406079957525328 -138.9914014607871 0 2.78 90.06 58 0
-3.991188261685167  4.549394891113086 -134.6726990199728 0 3.21 138.1 46 0
 1.598566280205459  3.009074938627446 -135.5880899944507 0 2.7 82.04000000000001 51 0
0.8540829636686444 0.7074501982917267 -132.2163574781908 0 3.33 154.1 57 0
  6.640091734247681 -0.1331615611378245  -133.8930248304023 0 2.35 54.03 20 0
 7.100992549570389    1.2098782306056 -136.7595426771016 0 2.51 66.04000000000001 1 0
 9.186107941987981   0.75751511867215 -139.3749561101238 0 2.78 90.06 48 0
 12.86480087299043  4.797975320715081 -140.3558178245434 1 3.25 144.09 2 0
 8.129072880042118  3.573913104393471 -144.9237081589803 0 2.78 90.06 58 0
 10.89484661688067  6.152046733381475 -146.3419604786366 0 2.35 54.03 20 0
 11.58239580655016   9.04464694861926 -149.0419910564723 0 2.95 108.05 3 0
 12.53372354463792  14.58216514785012 -145.7491502212995 1 3.25 144.09 49 0
 9.260909731684553  12.60527803470384 -149.4862170006982 0 2.51 66.04000000000001 5 0
  6.17631091498864  8.630504598130276 -148.1180228287622 0 3.21 138.1 46 0
 7.892604549060643  11.83695939793335 -144.7070269623265 0 2.51 66.04000000000001 1 0
 8.016145068828163  15.89301708178414 -146.1638813895013 -1 3.08 122.06 19 0
 2.522045360373319  12.64125094229433 -148.4775545317446 0 3.21 138.1 8 0
  2.91996171218441  10.52676311304575 -144.3701680370918 0 2.9 102.07 34 0
 3.599229954158657  14.88517530311171 -142.1345621104904 0 2.82 94.05 55 0
0.8550390526231944  16.89807647628337 -144.8831061215238 0 2.78 90.06 12 0
 -1.97139407423157  12.70397603637645 -146.3323129060194 0 3.06 120.07 18 0
-5.445176542844051  15.28581047779511 -146.0151374108256 0 2.82 94.05 55 0
-7.965251798838523  12.19152837966559 -144.6126335721615 0 2.35 54.03 20 0
-6.508823651469521  11.88773259197684 -141.8474199855128 0 2.35 54.03 20 0
-4.714805889007196  11.15556903180783 -138.5671963952274 0 2.82 94.05 55 0
-0.293187514377844  9.091516104541853 -138.7010077718928 0 2.9 102.07 34 0
-2.626735278243997  8.954287445816821 -134.5829457095481 0 3.33 154.1 57 0
 5.463540018393691  7.859899350706752 -135.4127344672816 1 3.25 144.09 2 0
 2.915421092438101  4.892817088843554 -131.3549451899737 0 2.9 102.07 26 0
 7.273967033748729  5.181816326700381 -130.1711737862807 0 2.82 94.05 55 0
  8.53625176510363  1.759811457741786 -125.8901886236985 0.5 3.14 130.08 23 0
 11.48696310636809  3.633490453891303 -125.2295059378746 0 2.82 94.05 55 0
 14.87345937342456  1.807083037657877 -126.6287914691574 0 2.95 108.05 3 0
  11.72955493144658 -0.1789027591964314  -130.3222281207254 -1 2.97 110.05 4 0
 15.40230511231281 -1.511749572766212 -132.7220163404281 0 2.9 102.07 6 0
 11.92381071546539 -1.328150733929092 -135.1367919436585 0 2.78 90.06 58 0
11.55739581538705 2.596007234764884 -134.672411310924 0 2.78 90.06 48 0
 16.34141773979671  3.279888890104276 -133.2719302754172 1 3.25 144.09 49 0
 15.26456419517819  0.108720026005348 -138.4133992788089 0 2.9 102.07 7 0
  15.7072564229003  1.450277368959312 -141.9508807981824 0 2.78 90.06 48 0
 19.23060819145411  2.799854759573665 -141.4446178281948 0 2.78 90.06 9 0
 18.57801980601641  9.051525349923434 -141.3802418670466 1 3.25 144.09 49 0
 22.54175809293435  5.772340465806216 -143.1049967236677 -1 3.08 122.06 19 0
 20.40968680592464  2.361063479822902 -145.8081325643221 0 3.21 138.1 8 0
 17.15438833544433  6.936233550140755 -146.9632861147252 0 2.35 54.03 20 0
 14.64452651284227    4.4643691067783 -145.3364745649945 0 3.33 154.1 57 0
  12.7050040442878   9.21831462321521 -143.1133028106891 0 2.7 82.04000000000001 51 0
 10.23366839683954  8.296890963708709 -139.2014971435848 0.5 3.14 130.08 23 0
 6.672815417135796  10.82556448132289 -139.9052558495873 0 2.7 82.04000000000001 51 0
5.627660269741732 14.39607810300931 -138.084329104603 0 2.7 82.04000000000001 51 0
 4.093894980449615  13.49877008336618 -135.2824487779107 0 2.78 90.06 48 0
 7.454003473553818  10.51611016402848 -132.0723676656642 -1 3.08 122.06 19 0
 1.987901491910785  10.81746858759956 -130.5396255948776 0 3.33 154.1 57 0
9.072078246200935 8.776124334617329 -126.165224330678 0 3.48 176.13 11 0
  5.45071911121352  5.265366257212556 -124.9263132114226 0 2.9 102.07 26 0
 8.027076618299544  8.014269945608206 -120.6189964669058 1 3.03 116.08 53 0
 6.783932950435967  3.793636205719573 -119.9864826940546 0 2.7 82.04000000000001 51 0
 8.347522703981484 0.7376996587995563 -119.3137450671668 0 2.35 54.03 20 0
 9.118820210061983 -2.870771523860782 -120.3188261058308 0 2.82 94.05 55 0
 6.337176347841362 -5.173302815349085 -117.9336862582927 0 2.9 102.07 7 0
   5.16899717677093 -0.5262226574488915  -116.8873094370299 0 2.78 90.06 12 0
 1.707990631272153 0.3567915302792519 -116.6084552676418 0 2.78 90.06 9 0
0.6549873242753677  3.284031067307432 -119.9173151539546 0 2.78 90.06 58 0
-0.1097302800716307   6.848406366189077   -117.968606933185 0 2.82 94.05 55 0
-3.094540714833795  11.34735283958943 -119.5728074589424 1 3.25 144.09 49 0
 1.376964966973785  11.96974593826731 -117.8800786592541 0 2.95 108.05 3 0
 3.740499225462562  8.182649142135514 -119.6118019876575 -1 2.97 110.05 4 0
 2.108962963090546  9.530046464150278 -124.0050539611691 0 2.9 102.07 26 0
 5.535207266380342  12.49394681344946 -125.2814060730798 0 2.78 90.06 12 0
 3.491099343857659  15.68111686464923 -129.4714071344811 1 3.03 116.08 53 0
 8.014954031854884  14.25452984686601 -130.4320122892421 0 2.9 102.07 26 0
 6.289354584626809  18.02764442918482 -133.4715102610107 -1 3.08 122.06 19 0
 9.708217346293681  16.42314409764201 -136.5064839221778 0 2.35 54.03 20 0
 10.68820334307777  15.34959656235394 -140.1669647853586 0 2.9 102.07 6 0
 14.09783050024682   12.6521594556402 -138.9533084406805 -1 2.97 110.05 4 0
 13.26984232124509  13.73336094527432 -134.5375765723375 0 2.51 66.04000000000001 1 0
 15.87411116743998  13.88095147763713 -131.8458076698317 0 2.82 94.05 55 0
  14.1055937975927  12.50056190361755 -128.0953549033774 0 2.35 54.03 20 0
 12.73541763230104  10.21007604357352 -128.6497850681834 0 2.35 54.03 20 0
 12.96114341219723  6.135627676704408 -130.4898503920365 0 2.95 108.05 3 0
  15.8367561071569  9.272944440980563 -132.9537434845406 0 2.95 108.05 3 0
  17.5151965868423  8.983017657991073 -128.3667905702169 0 3.06 120.07 18 0
 21.86943097864962  8.530932051758072 -129.1520048618467 0 2.78 90.06 9 0
 20.52213131058042  4.972113240364344 -127.4370205214764 0 2.95 108.05 3 0
 21.75927501011793 0.9582051651786214 -126.5482469580575 0 2.9 102.07 6 0
  19.11760232145981 -0.5691002264545348  -128.8652721326348 0 2.78 90.06 9 0
 15.48530534710748 -3.012486786226241 -126.2108330518794 -1 2.97 110.05 4 0
 14.51448818324165 -6.214827935191503 -128.6382304679436 0 2.9 102.07 6 0
 12.09286593059789 -6.217489185411989   -125.22954030906 0 2.78 90.06 9 0
 10.36180222139922  -2.79660342241307 -126.0546148784046 0 2.51 66.04000000000001 1 0
  8.85497445140868 -4.149331477496982 -130.7295914456279 0.5 3.14 130.08 23 0
 7.283366753454287 -7.057991483207787 -127.2404432350354 0 2.9 102.07 7 0
  4.72301474955789 -3.525136106322543 -122.5814218207371 0 3.48 176.13 11 0
  4.223319336780621 -0.6632610466929036  -128.0155861237446 0 3.33 154.1 57 0
-0.2692583188586841  0.7098304942344216   -124.270818619467 0 3.21 138.1 46 0
 1.198988386765381 -4.469349876531751 -124.0043166040306 0 2.35 54.03 20 0
 2.579721312475996 -8.266951961077748 -124.2441186268048 0 2.9 102.07 7 0
 2.384240350162472 -6.528241813740258 -128.8907861680633 0 2.9 102.07 26 0
 3.270726418633362 -10.51645262184385 -130.6700573724395 0 2.35 54.03 20 0
  3.11154955411342 -12.53053525840258 -127.7514803441147 0 2.82 94.05 55 0
 -1.05403323423764   -13.985783259982 -129.6121254762978 0 2.86 98.09999999999999 15 0
0.2771766742277677 -18.17735814571266 -129.8547386964769 0 2.9 102.07 7 0
-21.84247809296807 -15.84033485175578 -131.7210496436238 0 2.9 108 39 0
-1.211048597919238 -17.93203406883822 -131.9896325211849 -1 2 16 14 0
2
0 271 0 272 2.303934820702125e-12 1.945110739143274e-12    -187.6077070277955
272 543 1 272 -9.414691248821327e-13 -8.641976023682219e-13     -137.7092910208943
randomstate
3931477021 472478096 663883016 3881437972 1789787190 2569377782 2523076943 1290461082 1486000125 1279966415 1638620463 394515513 3419569237 1596362943 2732378930 491138543 3701083068 1777074229 2388733019 2848793556 1296524255 949317108 1407256646 4010406168 1635865106 1961004811 3016370343 792617844 4115528759 4031992757 3083446274 1466316090 761628791 3614846570 1154504654 375424674 2880682921 1786278738 529506243 4151253895 1643850452 2364014207 3808484086 1005801720 611148568 4044859397 151255399 1441519620 3220398136 2921697879 2110471314 1575333238 3121922831 3617868661 2972621399 376268144 3463700803 2396244686 13248775 1570035096 1018365867 653419436 2003438305 2594486965 3308684324 2676562138 4166977404 1939801959 510790774 433859358 3471792441 283038821 4217927867 2656789652 476220445 299375212 111346357 2504289194 3875048992 4285298908 991813134 163696838 2916246842 3788545320 3811762482 359046356 556817155 3353305197 1256611362 837070067 4156122094 4071501738 86773977 836818576 3689113061 3601588839 849683386 3411956950 539907957 1062450195 324304462 16669048 1071883419 1614797336 1187749195 1882861252 2703998924 4170638227 443156772 2943992600 3886865007 3103412606 1468886999 1393787151 2807648335 4086808610 3226041394 861538039 3220952350 1862317602 1256709738 4118724140 3196070065 437891874 3465846605 3893835651 1518283666 1756629478 1031996355 1301543113 2784220948 790820658 2981937005 254017130 2985487978 2592268151 203443649 3286109785 1795041997 809815190 480203153 3803145182 2226897068 1777611744 3169622602 3861348774 2320216849 1568046566 3700474982 2368576582 2426452898 1169632542 1103231314 2313771321 1844742325 2372682567 2846476405 2975819690 581502381 2173247038 1239888191 3364717244 952077286 3860764996 2311634327 3133674964 2266278888 3190791172 285035706 3827239832 2290444548 2107479275 1195383799 3235724491 114640305 931697770 3563602050 1626451448 1917140285 4246477752 765064158 3319723100 4265764184 1462171201 1263079973 3437506983 3828112370 4232285859 729455563 3662367345 4088611983 3933377822 2391539563 3532923341 2678434756 3412125564 2407095668 3703414002 2826575681 935966440 2729407345 3925592922 1562684923 826788866 2049281594 124734799 2463810487 2735411047 4157586219 3893679718 1832760439 1934599777 1462655900 2371125225 1265211916 1179316515 1022565385 916631092 20521285 1693941387 2086951823 2647805402 353390848 916204030 2486403656 4197185790 3169702028 1404348866 617066561 3892852312 919282179 3407176133 1082114575 3927554907 3879502135 3242710968 503373017 674524713 3120875901 845370324 2001351150 2124871464 3313488686 4153380617 2017229602 1497254274 3141480701 1108984566 1083537246 1220725573 3328824781 3389072589 349387019 2909776178 1833000727 3014397127 2852365912 3997768527 4202726628 2201500468 3221122136 2516066934 1987291085 3100264583 4006189022 4095726453 559311212 2158245480 3528044049 2506280760 1411674797 665233137 1193275443 3324616950 388665383 4210982378 3455753982 3331027432 860556114 1028526618 265804225 723639674 1191849688 2123632777 3439223926 3576893259 2993044944 3926133017 2478218577 774681785 1130637915 1396506422 242968413 48791524 2601721437 777607052 1331573159 2842747802 2874564216 2617060829 3122600310 842599639 2222246649 981655523 732005458 1607321862 3637372254 1907783491 1994706223 3931703630 841440828 2095670002 1989184966 3945657918 2453004635 3344585385 3322671906 1318890370 1295044003 3044555540 556916026 360886426 1420381263 493300965 3635729180 742265027 1200401470 3027369599 1239342775 1551916396 1936067701 799388934 2120999594 3164184510 1802551990 3165739143 2107087057 4046477990 4291410338 1306159818 1707872394 2273369135 813433844 3568761410 1744955000 3026382401 793998920 1028141722 2291170427 1483658771 1406089109 3168264167 1088762916 1502113854 2302170349 85848962 1285903300 3926793253 378545319 2358623443 1808254790 229257409 2661237848 2711266132 1471982070 1840136690 684387520 1496529672 1823089670 3565438327 1713340514 1551479768 2194166382 2106169400 1775564728 3816427574 4264947838 4173678010 1244612880 2273862200 2118909913 1731255291 1902528538 3466000406 3046393392 1450386367 3468200672 1329304139 3617112905 3612778400 3613627213 658559606 3059709254 579306625 3190135859 2023008621 2863485664 3883234744 1987077064 3378625899 2759787261 2221258487 2698067633 1773234908 3847721089 4103587936 3533533156 1604393163 2557954834 1983082237 1365988002 352774845 2235911070 3609846775 2053747598 538700017 3532594240 3146808591 186126775 749964954 1145037070 2143938368 318416560 796071834 4104423358 1902613435 3614888478 3878816055 657338273 1119034884 2958547546 1160678423 2612162639 1657063751 2866440209 1221574260 3316390836 736404550 2374637405 1111705911 1200526994 1694662751 2351878712 2711882522 2005908763 4282341008 1801386444 3781349063 856451205 1172464767 1243656796 3428729725 2910827164 2373392699 3272239447 2932869134 2340422613 3580870842 760677331 260985433 1427904439 1810138958 3942987664 285834835 1348270536 3023745102 2002597457 3523545736 1632159324 1340819709 3693786807 1386857919 1359537621 1075677689 3777519964 3461830481 40821289 3892699278 910678587 136597335 1593852885 2930961534 2204406104 1373040180 1183130157 1858177196 1769544015 1865374416 3434893256 3773988812 3046471747 3884400292 2013643071 3649668024 200953198 3525009248 595927342 4290265841 3476167730 808075118 3765385643 431509794 3687728036 2588294420 1382407907 3256626794 1067855578 3670883011 1259469495 137361816 1381890288 1734862465 2791781551 3217347388 674530663 2308333791 1914097216 287789186 276516691 1613344841 4127513124 32860323 3182844577 655726437 234491292 481351665 716103846 384691861 244940597 2759095082 3019496938 3506180341 3480955107 520768998 4187727566 543832630 3074547728 3668852488 1942481607 3641752923 13402894 2516004138 3075947762 4266812937 1615042183 3555815363 2186047542 2821857535 2915228698 2799555252 2298914552 3532881004 1560172992 2987273389 3089466382 4292577946 1642901901 3318963247 700758453 82489094 218842294 3760916553 4232224496 1926892062 1315389968 1534655295 3912786877 166244198 1174266605 204937406 2362381498 2350443972 2570330323 1249273604 1293612151 649214233 796269633 1351758728 4053856848 2997971692 1603263127 1706361414 1435143152 1558550326 2715530315 3499101197 1547037029 2912941796 2237578924 3136344452 2221842190 3092839441 1122727272 2499793064 1312372925 3613479504 559642280 4224678674 1211533609 1691946723 884337896 2082444316 589453925 685990141 1375107129 742874069 1423886739 3215288725 1054400911 3589960399 4157216307 3688147863 3813535554 2506675219 3797736082 590012835 2441314794 2777992414 418658589 1222954417 791051458 2860842071 618432511 1183787057 32