33.4 430
33.6 4
33.8 1408
34 2649
34.2 1871
34.4 777
34.6 4250
34.8 1188
35 4044
35.2 1745
35.4 4741
35.6 5653
35.8 6825
36 7040
36.2 8733
36.4 11504
36.6 12637
36.8 14632
37 15994
37.2 19664
37.4 17737
37.6 22878
37.8 24774
38 34555
38.2 32369
38.4 26991
38.6 36052
38.8 43148
39 47088
39.2 45894
39.4 56709
39.6 57122
39.8 58772
40 65055
40.2 71916
40.4 75972
40.6 85011
40.8 93431
41 99282
41.2 108850
41.4 118773
41.6 118844
41.8 130647
42 139410
42.2 155540
42.4 151602
42.6 171031
42.8 175974
43 177257
43.2 181060
43.4 188051
43.6 201334
43.8 207913
44 208476
44.2 205206
44.4 204295
44.6 214458
44.8 213016
45 207279
45.2 209235
45.4 200927
45.6 206586
45.8 203144
46 197297
46.2 188441
46.4 191061
46.6 185071
46.8 179348
47 172155
47.2 164650
47.4 164231
47.6 158585
47.8 150524
48 143721
48.2 137759
48.4 135900
48.6 130245
48.8 124463
49 121123
49.2 116750
49.4 110564
49.6 105981
49.8 100649
50 96853
50.2 95019
50.4 91512
50.6 87482
50.8 85097
51 82063
51.2 80282
51.4 77133
51.6 75753
51.8 72282
52 70772
52.2 68818
52.4 67441
52.6 65475
52.8 63487
53 61752
53.2 60728
53.4 60131
53.6 58955
53.8 57507
54 56111
54.2 55317
54.4 54114
54.6 54280
54.8 52759
55 52243
55.2 52353
55.4 51072
55.6 50935
55.8 49823
56 49633
56.2 49109
56.4 48460
56.6 48304
56.8 47972
57 47968
57.2 47148
57.4 46855
57.6 46694
57.8 46366
58 45943
58.2 45547
58.4 45182
58.6 45903
58.8 45054
59 44820
59.2 44920
59.4 44369
59.6 44635
59.8 44199
60 44153
60.2 44259
60.4 44028
60.6 43690
60.8 43825
61 43424
61.2 43809
61.4 43531
61.6 42801
61.8 43123
62 43060
62.2 43222
62.4 42956
62.6 42952
62.8 42584
63 42577
63.2 42679
63.4 42414
63.6 42381
63.8 42774
64 42553
64.2 42257
64.4 42223
64.6 42298
64.8 42124
65 41994
65.2 41972
65.4 41864
65.6 42085
65.8 42194
66 41805
66.2 41302
66.4 42173
66.6 41949
66.8 42219
67 41941
67.2 41449
67.4 41484
67.6 41254
67.8 41968
68 41843
68.2 41328
68.4 41567
68.6 41761
68.8 41249
69 41334
69.2 41412
69.4 41174
69.6 41896
69.8 41524
70 41180
70.2 41277
70.4 41347
70.6 41510
70.8 41757
71 41658
71.2 41321
71.4 41094
71.6 41520
71.8 41337
72 41419
72.2 41057
72.4 41647
72.6 41215
72.8 41466
73 41045
73.2 41063
73.4 41343
73.6 41708
73.8 41196
74 41169
74.2 41279
74.4 40998
74.6 40919
74.8 41056
75 41482
75.2 41130
75.4 40999
75.6 41111
75.8 40864
76 41305
76.2 40995
76.4 40993
76.6 41016
76.8 41034
77 40672
77.2 40801
77.4 40973
77.6 41000
77.8 40804
78 41021
78.2 40886
78.4 41093
78.6 40506
78.8 40948
79 41117
79.2 40599
79.4 40645
79.6 40845
79.8 40836
80 40820
80.2 40823
80.4 41355
80.6 40708
80.8 40926
81 40888
81.2 40575
81.4 40971
81.6 40500
81.8 40873
82 40953
82.2 40465
82.4 41010
82.6 40909
82.8 40655
83 40945
83.2 40895
83.4 40517
83.6 40960
83.8 40765
84 40810
84.2 40464
84.4 40543
84.6 41048
84.8 40832
85 40619
85.2 40890
85.4 40393
85.6 40914
85.8 40852
86 40866
86.2 40739
86.4 40888
86.6 40680
86.8 40441
87 40608
87.2 40374
87.4 40440
87.6 40991
87.8 40141
88 40572
88.2 40877
88.4 40595
88.6 40839
88.8 40793
89 40606
89.2 40758
89.4 40787
89.6 40622
89.8 41101
90 40929
90.2 40649
90.4 40023
90.6 40535
90.8 40311
91 40894
91.2 40511
91.4 40667
91.6 40589
91.8 40404
92 40467
92.2 40863
92.4 40912
92.6 40655
92.8 40901
93 40388
93.2 40191
93.4 40955
93.6 40350
93.8 40552
94 40598
94.2 40859
94.4 40992
94.6 40519
94.8 40491
95 40562
95.2 40304
95.4 40280
95.6 40620
95.8 40703
96 40736
96.2 40705
96.4 40641
96.6 40745
96.8 40749
97 40632
97.2 40333
97.4 40535
97.6 40603
97.8 40888
98 40717
98.2 40972
98.4 40455
98.6 40519
98.8 40861
99 40772
99.2 40323
99.4 40155
99.6 40571
99.8 40500
100 40645
100.2 40798
100.4 40693
100.6 40853
100.8 40192
101 40783
101.2 40257
101.4 40518
101.6 40374
101.8 40462
102 40917
102.2 40363
102.4 40502
102.6 40531
102.8 40456
103 40661
103.2 40747
103.4 40127
103.6 40225
103.8 40685
104 40756
104.2 40847
104.4 40311
104.6 40685
104.8 40462
105 40458
105.2 40768
105.4 40510
105.6 40461
105.8 40576
106 40554
106.2 40679
106.4 40771
106.6 40428
106.8 40787
107 40520
107.2 40773
107.4 40438
107.6 40147
107.8 40410
108 40415
108.2 40378
108.4 40442
108.6 40645
108.8 40571
109 40000
109.2 40213
109.4 40180
109.6 40580
109.8 40732
110 40850
110.2 40193
110.4 40893
110.6 40604
110.8 40309
111 40363
111.2 40270
111.4 40410
111.6 40215
111.8 40076
112 40496
112.2 40431
112.4 40445
112.6 40349
112.8 40734
113 40307
113.2 40704
113.4 40483
113.6 40088
113.8 41036
114 40298
114.2 40532
114.4 40178
114.6 40147
114.8 40723
115 39958
115.2 40251
115.4 40580
115.6 40542
115.8 40715
116 40336
116.2 40225
116.4 40575
116.6 40570
116.8 40668
117 40264
117.2 40833
117.4 40510
117.6 40952
117.8 40301
118 40585
118.2 40486
118.4 40486
118.6 40617
118.8 40425
119 40155
119.2 40355
119.4 40467
119.6 40489
119.8 40097
120 40563
120.2 40498
120.4 40803
120.6 40319
120.8 40485
121 40656
121.2 40491
121.4 40551
121.6 40540
121.8 39907
122 40474
122.2 40472
122.4 40264
122.6 40557
122.8 40458
123 40434
123.2 40669
123.4 40584
123.6 40097
123.8 40672
124 40220
124.2 40658
124.4 40515
124.6 40583
124.8 40537
125 40508
125.2 40472
125.4 40700
125.6 40671
125.8 40360
126 40656
126.2 40474
126.4 40405
126.6 40293
126.8 40311
127 40556
127.2 40066
127.4 40635
127.6 40414
127.8 40498
128 40580
128.2 40246
128.4 40396
128.6 40582
128.8 40062
129 39939
129.2 40399
129.4 40511
129.6 40622
129.8 40689
130 40519
130.2 40785
130.4 40767
130.6 40454
130.8 40556
131 40337
131.2 40169
131.4 40879
131.6 40867
131.8 40386
132 40514
132.2 40176
132.4 40615
132.6 40701
132.8 40571
133 40488
133.2 40163
133.4 40346
133.6 41028
133.8 40748
134 40351
134.2 40375
134.4 40325
134.6 40644
134.8 40632
135 40759
135.2 40625
135.4 40674
135.6 40513
135.8 40663
136 40400
136.2 40122
136.4 40133
136.6 40351
136.8 40324
137 40136
137.2 40522
137.4 40611
137.6 40322
137.8 40304
138 40623
138.2 40299
138.4 40564
138.6 40488
138.8 40459
139 39981
139.2 40634
139.4 40276
139.6 40306
139.8 40657
140 40398
140.2 40393
140.4 40652
140.6 40598
140.8 40243
141 40407
141.2 40815
141.4 40381
141.6 40557
141.8 40318
142 40349
142.2 40197
142.4 40149
142.6 40327
142.8 40568
143 40266
143.2 40520
143.4 40588
143.6 40427
143.8 40349
144 40364
144.2 40738
144.4 40393
144.6 40680
144.8 40213
145 40430
145.2 40318
145.4 40398
145.6 40431
145.8 40615
146 40514
146.2 40324
146.4 40581
146.6 40713
146.8 40189
147 40227
147.2 40620
147.4 40551
147.6 40084
147.8 40360
148 40163
148.2 40815
148.4 40228
148.6 40535
148.8 40333
149 40216
149.2 40497
149.4 40388
149.6 40454
149.8 40277
150 40173
150.2 40142
150.4 40905
150.6 40379
150.8 40355
151 40421
151.2 40254
151.4 40560
151.6 40847
151.8 40518
152 40843
152.2 40205
152.4 40383
152.6 40117
152.8 40239
153 40307
153.2 40120
153.4 40416
153.6 40403
153.8 40475
154 40452
154.2 40542
154.4 40026
154.6 40440
154.8 40408
155 40471
155.2 40567
155.4 40209
155.6 40214
155.8 40568
156 40651
156.2 40376
156.4 40204
156.6 40570
156.8 40543
157 40273
157.2 40778
157.4 40180
157.6 40527
157.8 40734
158 40401
158.2 40933
158.4 40387
158.6 40476
158.8 40863
159 40387
159.2 40567
159.4 40503
159.6 40326
159.8 40406
160 40285
160.2 40527
160.4 40395
160.6 40184
160.8 40540
161 40428
161.2 40310
161.4 40650
161.6 40461
161.8 40292
162 40422
162.2 40523
162.4 40328
162.6 40419
162.8 40863
163 40239
163.2 40610
163.4 40367
163.6 40571
163.8 40546
164 40131
164.2 40495
164.4 40558
164.6 40821
164.8 40386
165 40209
165.2 40889
165.4 40364
165.6 40492
165.8 40236
166 40360
166.2 40733
166.4 40465
166.6 40410
166.8 40891
167 40735
167.2 40333
167.4 40405
167.6 40465
167.8 40501
168 40304
168.2 40694
168.4 40874
168.6 40446
168.8 40585
169 40520
169.2 40457
169.4 40183
169.6 40486
169.8 40227
170 40639
170.2 40301
170.4 40506
170.6 40445
170.8 40425
171 40766
171.2 40656
171.4 40681
171.6 40558
171.8 40171
172 40541
172.2 40517
172.4 40748
172.6 40840
172.8 40663
173 40473
173.2 40523
173.4 40533
173.6 40791
173.8 40251
174 40323
174.2 40778
174.4 41002
174.6 40373
174.8 40824
175 40545
175.2 40367
175.4 40376
175.6 40614
175.8 40658
176 40532
176.2 40353
176.4 40894
176.6 40293
176.8 40640
177 40705
177.2 40405
177.4 40304
177.6 40500
177.8 40391
178 40731
178.2 40287
178.4 40825
178.6 40539
178.8 40785
179 40655
179.2 40498
179.4 40640
179.6 40942
179.8 40746
180 40453
180.2 40664
180.4 40538
180.6 40428
180.8 40748
181 40352
181.2 40870
181.4 40688
181.6 40723
181.8 40460
182 40695
182.2 40722
182.4 40590
182.6 40660
182.8 40394
183 40608
183.2 40789
183.4 40530
183.6 40549
183.8 40374
184 40254
184.2 40677
184.4 40229
184.6 40433
184.8 40664
185 40511
185.2 40594
185.4 40534
185.6 40469
185.8 40291
186 40319
186.2 40555
186.4 40512
186.6 40372
186.8 40531
187 40049
187.2 40238
187.4 40569
187.6 40584
187.8 40371
188 40212
188.2 40557
188.4 40633
188.6 40427
188.8 40361
189 40648
189.2 40682
189.4 40690
189.6 40385
189.8 40735
190 40100
190.2 40659
190.4 40712
190.6 40639
190.8 40722
191 40480
191.2 40388
191.4 40691
191.6 40674
191.8 40822
192 40529
192.2 40772
192.4 40267
192.6 40700
192.8 40370
193 40428
193.2 40794
193.4 40373
193.6 40676
193.8 40806
194 40493
194.2 40416
194.4 40228
194.6 40166
194.8 40365
195 40598
195.2 40468
195.4 40547
195.6 40257
195.8 40246
196 40590
196.2 40017
196.4 40773
196.6 40911
196.8 40522
197 40493
197.2 40695
197.4 40443
197.6 40488
197.8 40248
198 40717
198.2 40508
198.4 40548
198.6 40264
198.8 40775
199 40681
199.2 40558
199.4 41024
199.6 40524
199.8 40553
200 40720
200.2 40530
200.4 40147
200.6 40860
200.8 40522
201 40713
201.2 40369
201.4 40411
201.6 40507
201.8 40397
202 40582
202.2 40514
202.4 40103
202.6 40632
202.8 40683
203 40386
203.2 40797
203.4 40651
203.6 40410
203.8 40557
204 40727
204.2 40661
204.4 40313
204.6 40626
204.8 40748
205 40497
205.2 40676
205.4 40501
205.6 40977
205.8 40521
206 40821
206.2 40990
206.4 41052
206.6 40843
206.8 40636
207 40415
207.2 40442
207.4 40511
207.6 40560
207.8 40957
208 40481
208.2 40593
208.4 40383
208.6 40519
208.8 40267
209 40889
209.2 40272
209.4 40614
209.6 40326
209.8 40644
210 40845
210.2 40589
210.4 40722
210.6 40712
210.8 40691
211 40662
211.2 40353
211.4 40815
211.6 40494
211.8 40748
212 40594
212.2 40704
212.4 40455
212.6 40563
212.8 40256
213 40830
213.2 40695
213.4 40812
213.6 40729
213.8 40463
214 40461
214.2 40702
214.4 40510
214.6 40989
214.8 40707
215 40575
215.2 40679
215.4 40316
215.6 40291
215.8 40570
216 40540
216.2 40334
216.4 40479
216.6 40507
216.8 40586
217 40759
217.2 40749
217.4 40420
217.6 40695
217.8 40133
218 40801
218.2 41105
218.4 40501
218.6 40398
218.8 40757
219 40599
219.2 40679
219.4 40501
219.6 40763
219.8 40860
220 41093
220.2 40766
220.4 40876
220.6 40692
220.8 40401
221 40600
221.2 40861
221.4 40850
221.6 40635
221.8 40907
222 40615
222.2 40509
222.4 40813
222.6 40637
222.8 40874
223 40576
223.2 40282
223.4 41073
223.6 40418
223.8 40520
224 40484
224.2 40780
224.4 40307
224.6 40923
224.8 40678
225 40810
225.2 40566
225.4 40606
225.6 40734
225.8 41090
226 40819
226.2 40102
226.4 40206
226.6 40934
226.8 40674
227 40938
227.2 40932
227.4 40311
227.6 40840
227.8 40503
228 40547
228.2 40696
228.4 40307
228.6 40688
228.8 40408
229 40797
229.2 40570
229.4 40825
229.6 40644
229.8 40978
230 40416
230.2 40298
230.4 40313
230.6 40672
230.8 40420
231 40520
231.2 40453
231.4 40766
231.6 40641
231.8 40558
232 40623
232.2 40697
232.4 40741
232.6 40475
232.8 40991
233 40528
233.2 40564
233.4 40709
233.6 40611
233.8 40916
234 41137
234.2 40651
234.4 40626
234.6 40653
234.8 40385
235 40784
235.2 40840
235.4 40718
235.6 40659
235.8 40465
236 40493
236.2 40490
236.4 40710
236.6 40836
236.8 40477
237 40418
237.2 40641
237.4 40487
237.6 40631
237.8 40537
238 40676
238.2 40842
238.4 40382
238.6 40377
238.8 40818
239 40499
239.2 40862
239.4 40467
239.6 40798
239.8 41059
240 40516
240.2 40987
240.4 40959
240.6 40673
240.8 40777
241 40758
241.2 40873
241.4 40500
241.6 40442
241.8 40515
242 40983
242.2 40725
242.4 40580
242.6 40788
242.8 40460
243 40507
243.2 40745
243.4 40345
243.6 40465
243.8 40719
244 40718
244.2 40877
244.4 40639
244.6 40655
244.8 40589
245 41019
245.2 40535
245.4 40755
245.6 40452
245.8 41016
246 40779
246.2 40571
246.4 40753
246.6 40529
246.8 40642
247 40285
247.2 40646
247.4 40714
247.6 40621
247.8 40520
248 40956
248.2 40687
248.4 40703
248.6 40908
248.8 40402
249 40626
249.2 40737
249.4 40952
249.6 40629
249.8 40911
250 40722
