0.00362553 1.43152
0.00512727 1.42344
0.00627959 1.40832
0.00725105 1.44093
0.0102545 1.43834
0.0108766 1.45174
0.0125592 1.41706
0.0145021 1.3905
0.0153818 1.41002
0.0181276 1.4002
0.0188388 1.39669
0.0205091 1.40354
0.0217532 1.37627
0.0251184 1.34927
0.0253787 1.34734
0.0256363 1.36285
0.0290042 1.31471
0.0307636 1.32397
0.031398 1.31777
0.0326297 1.3091
0.0358909 1.26452
0.0362553 1.27549
0.0376776 1.26204
0.0398808 1.24831
0.0410181 1.22632
0.0435063 1.22305
0.0439572 1.20344
0.0461454 1.18889
0.0471318 1.18785
0.0502368 1.15865
0.0507574 1.15492
0.0512727 1.14737
0.0543829 1.13902
0.0563999 1.11784
0.0565163 1.11035
0.0580084 1.09322
0.0615272 1.0712
0.0616339 1.09503
0.0627959 1.06014
0.0652595 1.03547
0.0666545 1.0273
0.068885 1.03522
0.0690755 1.03086
0.0717817 1.01175
0.0725105 1.01422
0.0753551 0.991823
0.076136 0.995309
0.076909 0.985553
0.0797616 0.976118
0.0816347 0.968435
0.0820363 0.968752
0.0833871 0.963556
0.0870126 0.950459
0.0871635 0.949269
0.0879143 0.955016
0.0906381 0.949789
0.0922908 0.938356
0.0941939 0.9298
0.0942637 0.924196
0.0974181 0.924657
0.0978892 0.922218
0.100474 0.922869
0.101515 0.917356
0.102545 0.933491
0.10514 0.930799
0.106753 0.927063
0.107673 0.92501
0.108766 0.912499
0.112391 0.931762
0.1128 0.930617
0.113033 0.915082
0.116017 0.924199
0.117927 0.927979
0.119312 0.925939
0.119642 0.928336
0.123054 0.935787
0.123268 0.943621
0.125592 0.939401
0.126893 0.939794
0.128182 0.941846
0.130519 0.938214
0.131871 0.954698
0.133309 0.953598
0.134144 0.954428
0.13777 0.959474
0.138151 0.9674
0.138436 0.953885
0.141395 0.979989
0.143563 0.972301
0.144431 0.978017
0.145021 0.975076
0.148647 0.989969
0.148691 0.981014
0.15071 0.997501
0.152272 0.998689
0.153818 1.01141
0.155898 1.00697
0.15699 1.01031
0.158945 1.00635
0.159523 1.0087
0.163149 1.01934
0.163269 1.02496
0.164073 1.02075
0.166774 1.02094
0.1692 1.02426
0.169549 1.02211
0.1704 1.02585
0.174025 1.03317
0.174327 1.02831
0.175829 1.05111
0.177651 1.02512
0.179454 1.0416
0.181276 1.03411
0.182108 1.04457
0.184582 1.03466
0.184902 1.02337
0.188388 1.0372
0.188527 1.04095
0.189709 1.04459
0.192153 1.04378
0.194667 1.0352
0.194836 1.03234
0.195778 1.04502
0.199404 1.02954
0.199963 1.0308
0.200947 1.04206
0.203029 1.03126
0.205091 1.04288
0.206655 1.01529
0.207227 1.03281
0.210218 1.01799
0.21028 1.03702
0.213506 1.01562
0.213906 1.02167
0.215345 1.01466
0.217532 1.01447
0.219786 1.02188
0.220472 1.01171
0.221157 1.00583
0.224783 0.999508
0.2256 1.01072
0.226065 0.999521
0.228408 1.00919
0.230727 0.991352
0.232034 1.01532
0.232345 1.01125
0.235659 1.00891
0.235854 0.995495
0.238625 0.999603
0.239285 0.987797
0.240982 0.983617
0.24291 0.984332
0.244904 0.979903
0.246109 0.991434
0.246536 0.999434
0.250161 0.982893
0.251184 0.99444
0.251236 0.986987
0.253787 0.982945
0.256363 0.989881
0.257412 0.97251
0.257463 0.985406
0.261038 0.988788
0.261491 0.978458
0.263743 0.993723
0.264663 0.978259
0.266618 0.988952
0.268289 0.984828
0.270023 0.97654
0.271745 0.976598
0.271914 0.979041
0.27554 0.968744
0.276302 0.989241
0.276872 0.982914
0.279165 0.981669
0.282 0.990492
0.282582 0.993252
0.282791 0.994499
0.286417 0.991315
0.287127 0.995067
0.288861 0.983356
0.290042 0.97902
0.292254 0.989625
0.293668 0.992948
0.295141 0.997716
0.297293 0.991552
0.297382 0.991623
0.300919 0.979172
0.301421 0.997435
0.302509 0.995077
0.304544 0.983075
0.307636 1.00879
0.3077 0.990983
0.30817 0.990945
0.311795 1.00003
0.312763 1.00539
0.31398 0.988937
0.315421 0.997229
0.317891 0.998487
0.319046 0.992992
0.320259 1.01204
0.322672 1.01666
0.323018 1.00407
0.326297 1.00377
0.326539 0.997108
0.328145 1.00141
0.329923 1.01565
0.332818 1.00021
0.333272 0.994949
0.333548 1.00921
0.337174 0.994043
0.3384 1.00684
0.339098 1.00091
0.340799 0.98693
0.343527 1.00956
0.344425 1.01896
0.345378 1.00713
0.34805 0.997599
0.348654 1.01708
0.351657 1.01451
0.351676 1.00727
0.353781 1.00551
0.355301 0.983976
0.357937 1.0029
0.358909 1.00738
0.358927 1.01195
0.362553 1.00891
0.364036 1.00338
0.364216 1.01788
0.366178 1.00249
0.369163 1.00487
0.369804 1.00368
0.370496 1.00795
0.373429 1.01665
0.374291 1.00875
0.376776 1.00091
0.377055 1.00467
0.379418 1.00031
0.38068 1.00115
0.383055 1.02491
0.384306 1.00517
0.384545 1.00579
0.387931 0.994761
0.389335 1.01108
0.389672 1.0002
0.391557 1.02873
0.3948 0.996376
0.395182 0.991117
0.395614 1.01075
0.398808 0.997697
0.399927 1.0005
0.401894 1.00517
0.402433 0.984493
0.405054 0.990933
0.406059 1.00592
0.408174 1.00601
0.409684 1.00992
0.410181 1.00159
0.41331 0.995169
0.414453 0.988988
0.415309 1.00011
0.416935 0.997739
0.420436 1.00507
0.420561 0.992754
0.420733 0.989119
0.424186 0.992811
0.425563 1.00332
0.427012 0.992905
0.427812 0.991482
0.43069 0.987328
0.431438 0.997526
0.433292 1.00413
0.435063 1.00889
0.435818 1.00715
0.438689 0.990004
0.439572 0.997121
0.440945 0.995274
0.442314 1.00707
0.445851 1.0019
0.44594 0.990439
0.446072 0.996548
0.449565 0.992066
0.4512 0.996358
0.452131 0.998666
0.453191 0.996105
0.456327 0.999649
0.456816 0.99002
0.45841 1.00677
0.460442 1.00162
0.461454 0.998535
0.464067 0.991313
0.46469 0.99007
0.466581 0.996044
0.467693 1.00368
0.47097 1.00176
0.471318 0.995707
0.471709 0.983329
0.474944 0.997292
0.476836 1.00375
0.477249 0.988249
0.478569 1.00419
0.481963 0.998312
0.482195 0.992313
0.483529 0.999517
0.48582 0.999585
0.48709 1.00637
0.489446 0.982807
0.489808 1.00006
0.492218 0.993461
0.493071 0.995387
0.496088 0.99614
0.496697 1.00235
0.497345 0.995654
0.500323 1.00253
0.502368 1.00002
0.502472 0.992203
0.503948 0.990013
0.507574 0.990717
0.507599 1.00195
0.508647 0.998218
0.511199 0.999531
0.512727 1.00015
0.514825 1.00431
0.514927 0.989669
0.517854 1.00018
0.51845 0.996676
0.521206 0.987721
0.522076 1.01397
0.522981 1.00259
0.525701 0.986318
0.527486 0.998869
0.528109 1.00712
0.529327 0.994478
0.532952 1.01099
0.533236 1.00327
0.533766 0.994832
0.536578 1.00623
0.538363 1.0106
0.540045 1.01414
0.540203 0.993958
0.54349 1.00238
0.543829 0.989362
0.546325 1.01878
0.547454 1.00149
0.548618 1.00644
0.55108 1.00751
0.552604 1.01199
0.553745 1.00692
0.554705 1.00924
0.558331 1.00427
0.558872 0.99399
0.558884 1.00249
0.561956 0.994548
0.563999 1.00955
0.565163 1.00413
0.565582 1.00444
0.569127 1.0125
0.569207 1.01604
0.571443 0.995303
0.572833 1.01568
0.574254 1.00314
0.576459 1.00971
0.577723 0.999301
0.579381 1.0044
0.580084 1.00559
0.58371 1.01473
0.584002 0.99727
0.584508 1.00851
0.587335 0.99552
0.589636 1.00099
0.590282 1.00011
0.590961 1.00103
0.594586 1.01133
0.594763 1.00681
0.596561 1.01134
0.598212 1.00438
0.59989 0.994396
0.601837 0.99011
0.602841 0.991033
0.605018 0.997485
0.605463 1.00069
0.609088 1.00658
0.609121 1.00157
0.610145 1.00486
0.612714 1.00123
0.615272 0.993253
0.6154 0.994834
0.616339 1.01159
0.619965 1.01453
0.620399 0.989033
0.62168 0.996432
0.62359 0.98885
0.625527 0.995497
0.627216 0.981348
0.627959 0.982342
0.630654 0.996264
0.630841 0.998851
0.634239 1.00084
0.634467 0.99804
0.635781 0.99017
0.638092 0.993047
0.640519 0.990042
0.640908 0.992506
0.641718 0.996366
0.645344 0.992304
0.646036 0.992516
0.646798 0.994899
0.648969 0.999416
0.651163 0.990613
0.652595 0.994352
0.653078 0.993746
0.65622 0.995761
0.65629 0.996849
0.659357 0.995224
0.659846 1.00016
0.661417 1.00135
0.663471 1.00611
0.665637 0.999649
0.666545 0.995178
0.667097 0.994556
0.670722 0.992226
0.671672 1.01151
0.671917 0.998887
0.674348 0.98473
0.676799 0.999561
0.677973 0.997358
0.678196 1.00294
0.681599 0.987958
0.681927 1.00442
0.684476 0.992558
0.685224 0.992638
0.687054 1.00942
0.68885 0.992766
0.690755 1.00224
0.692181 1.00511
0.692475 1.00365
0.696101 0.995454
0.697035 0.990943
0.697308 0.996113
0.699726 0.989663
0.702436 1.00202
0.703315 0.995803
0.703352 1.0053
0.706977 0.993715
0.707563 1.0082
0.709594 1.00915
0.710603 1.00778
0.71269 1.02017
0.714229 1.01225
0.715874 1.00062
0.717817 1.01296
0.717854 1.00222
0.72148 1.00214
0.722153 1.00387
0.722945 1.00492
0.725105 1.00215
0.728072 1.00528
0.728433 1.009
0.733199 1.00653
0.734713 1.00193
0.738326 1.00663
0.740992 1.01448
0.743454 1.0073
0.747272 0.997685
0.748581 1.00126
0.753551 0.998794
0.753708 1.00485
0.758836 0.996185
0.759831 1.00032
0.763963 1.0024
0.766111 1.00578
0.76909 0.990998
0.77239 1.00051
0.774217 1.00302
0.77867 0.988925
0.779345 0.989483
0.784472 0.994264
0.784949 0.999801
0.789599 1.00403
0.791229 0.98505
0.794726 0.995313
0.797508 1.00682
0.799854 0.99622
0.803788 0.993101
0.804981 0.981815
0.810068 0.997887
0.810108 0.988662
0.815235 1.00273
0.816347 0.995838
0.820363 0.99794
0.822627 0.991495
0.82549 0.989906
0.828906 0.9955
0.830617 1.00558
0.835186 0.995804
0.835745 0.998471
0.840872 0.9948
0.841466 0.999257
0.845999 0.992271
0.847745 1.00747
0.851126 0.991157
0.854025 1.00311
0.856254 1.0043
0.860304 1.00243
0.861381 1.00118
0.866508 1.00915
0.866584 0.986473
0.871635 1.00135
0.872864 0.996017
0.876763 1.00501
0.879143 0.991376
0.88189 1.00956
0.885423 1.00339
0.887017 1.00709
0.891702 0.988351
0.892145 1.00187
0.897272 1.00418
0.897982 0.997107
0.902399 1.00929
0.904262 1.00957
0.907526 1.00029
0.910541 1.0051
0.912654 1.00085
0.916821 1.00841
0.917781 1.00402
0.922908 0.999784
0.9231 0.998255
0.928035 1.00877
0.92938 1.00521
0.933163 1.0016
0.93566 1.01058
0.93829 1.00225
0.941939 1.0058
0.943417 0.997973
0.948219 0.999086
0.948544 0.999948
0.953672 1.00563
0.954498 0.991277
0.958799 0.994997
0.960778 1.01132
0.963926 1.00361
0.967058 0.993228
0.969054 0.998391
0.973337 0.998168
0.974181 0.999473
0.979308 0.989231
0.979617 0.991968
0.984435 0.988858
0.985896 0.984109
0.989563 1.0085
0.992176 0.99758
0.99469 0.997964
0.998455 0.990523
0.999817 0.988914
1.00474 0.995177
1.00494 1.00397
1.01007 1.00268
1.01101 0.989715
1.0152 0.999983
1.01729 0.998381
1.02033 0.993574
1.02357 0.998707
1.02545 1.01497
1.02985 0.999865
1.03613 1.00027
1.04241 1.00564
1.04869 1.00336
1.05497 1.00038
1.06125 0.999146
1.06753 0.990516
1.07381 1.00059
1.08009 0.990595
1.08637 1.00249
1.09265 1.00489
1.09893 0.99072
1.10521 1.00471
1.11149 1.00254
1.11777 1.00177
1.12405 1.00125
1.13033 0.997588
1.13661 0.999075
1.14289 0.995505
1.14917 0.998734
1.15545 1.00279
1.16172 0.999412
1.168 1.00621
1.17428 0.988945
1.18056 1.00588
1.18684 1.00443
1.19312 0.992555
1.1994 0.99803
1.20568 0.995344
1.21196 0.999937
1.21824 1.00414
1.22452 1.00751
1.2308 1.00417
1.23708 1.00105
1.24336 0.994261
1.24964 1.00461
1.25592 0.999804
