0.00174108 1.00472
0.00246225 1.00555
0.00301563 1.02532
0.00348215 1.02082
0.00492451 1.04356
0.00522323 1.02859
0.00603127 1.04247
0.00696431 1.03175
0.00738676 1.02868
0.00870538 1.04307
0.0090469 1.0397
0.00984901 1.0277
0.0104465 1.02116
0.0120625 1.0347
0.0121875 1.0227
0.0123113 1.02196
0.0139286 1.03291
0.0147735 1.02993
0.0150782 1.03283
0.0156697 1.03539
0.0172358 1.05046
0.0174108 1.02475
0.0180938 1.02587
0.0191518 1.02967
0.019698 1.02629
0.0208929 1.01272
0.0211094 1.01411
0.0221603 1.03744
0.022634 1.02876
0.0241251 1.01885
0.0243751 1.0134
0.0246225 1.03335
0.0261161 1.02261
0.0270848 1.02952
0.0271407 1.01659
0.0278572 1.01283
0.029547 1.01722
0.0295983 1.00757
0.0301563 1.01909
0.0313394 1.02659
0.0320093 1.01949
0.0330804 1.00194
0.033172 1.02267
0.0344716 1.02169
0.0348215 1.01957
0.0361876 1.01255
0.0365626 1.04378
0.0369338 1.01043
0.0383037 1.02032
0.0392032 1.01614
0.0393961 1.0056
0.0400448 1.00316
0.0417858 1.03166
0.0418583 1.01001
0.0422189 1.01682
0.0435269 1.02169
0.0443206 1.02327
0.0452345 1.01712
0.045268 1.01921
0.0467828 1.02406
0.0470091 1.01498
0.0482501 1.01885
0.0487501 1.00671
0.0492451 1.00898
0.0504912 1.00991
0.0512658 1.01141
0.0517073 1.01554
0.0522323 1.01315
0.0539734 1.01658
0.0541696 1.01437
0.0542814 1.00268
0.0557144 1.00153
0.0566318 1.01026
0.057297 1.00422
0.0574555 0.988681
0.0590941 1.00614
0.0591966 1.01489
0.0603127 0.997396
0.0609377 1.01005
0.0615563 1.002
0.0626787 1.00066
0.0633283 1.00366
0.0640186 1.00434
0.0644198 1.01114
0.0661609 0.998756
0.0663439 1.00588
0.0664809 0.994589
0.067902 0.993209
0.0689431 1.00536
0.0693596 0.993809
0.0696431 1.01506
0.0713841 1.00142
0.0714054 1.001
0.0723752 0.999018
0.0731252 1.00358
0.0738676 0.99885
0.0748663 1.01259
0.0753908 0.995283
0.0763299 1.00308
0.0766074 1.00123
0.0783484 1.00099
0.0784064 1.00691
0.0787921 0.997934
0.0800895 0.988855
0.0812544 1.00043
0.0814221 1.00018
0.0818306 0.998126
0.0835717 1.00172
0.0837166 1.00283
0.0844377 0.996084
0.0853127 1.00815
0.0861789 0.995056
0.0870538 0.995928
0.0874533 0.992845
0.0886411 0.995848
0.0887949 1.00047
0.090469 0.99618
0.090536 1.01235
0.0911034 0.991286
0.092277 1.00254
0.0934846 0.995647
0.0935656 0.996293
0.0940181 0.998262
0.0957592 0.98547
0.0960279 0.992148
0.0965002 0.98099
0.0975003 1.00056
0.0984901 0.999765
0.0992413 0.986843
0.0995159 0.985561
0.100952 0.986486
0.100982 1.0071
0.102532 0.994099
0.102724 0.996338
0.103415 0.99131
0.104465 0.989582
0.105547 0.99483
0.105877 0.988205
0.106206 0.991923
0.107947 1.00127
0.108339 0.986049
0.108563 1.00218
0.109688 0.989178
0.110801 0.991747
0.111429 0.995626
0.111578 0.992141
0.11317 1.00066
0.113264 0.99161
0.114594 0.980901
0.114911 0.982046
0.115726 1.00127
0.116652 0.991815
0.11761 0.991305
0.118188 0.99256
0.118393 0.998471
0.120134 0.996485
0.120625 1.00492
0.12065 0.981198
0.121875 0.999506
0.123113 0.990054
0.123616 1.00681
0.123641 0.996312
0.125357 1.00232
0.125575 0.993741
0.126657 0.987199
0.127099 1.00248
0.128037 0.99993
0.12884 0.993841
0.129672 0.995969
0.130499 0.991376
0.130581 1.00177
0.132322 1.00042
0.132688 0.997497
0.132962 0.994424
0.134063 0.990559
0.135424 0.994403
0.135703 0.996399
0.135804 0.987546
0.137545 0.980625
0.137886 0.999623
0.138719 0.983518
0.139286 0.999498
0.140348 0.999122
0.141027 1.00087
0.141735 0.999455
0.142768 0.999465
0.142811 0.994029
0.144509 0.995134
0.14475 0.998559
0.145273 1.00308
0.14625 0.988636
0.147735 1.00277
0.147766 0.9915
0.147991 1.01004
0.149733 0.998918
0.150197 0.998807
0.150782 0.994329
0.151474 1.00781
0.15266 1.00558
0.153215 1.01829
0.153797 0.994197
0.154956 1.01455
0.155122 1.01185
0.156697 1.00155
0.156813 0.99638
0.157584 1.00735
0.158438 0.992009
0.159829 1.00218
0.160046 1.00837
0.160179 1.00238
0.16192 1.00056
0.162509 0.996732
0.162844 1.01129
0.163661 1.00406
0.164971 1.00207
0.165402 1.00239
0.16586 1.01033
0.167143 1.0091
0.167433 0.991165
0.168875 0.997337
0.168884 1.00256
0.169896 0.99991
0.170625 0.981979
0.171891 0.99172
0.172358 0.997487
0.172367 0.995578
0.174108 1.00826
0.17482 1.01125
0.174907 1.01315
0.175849 1.01056
0.177282 1.00155
0.17759 1.00698
0.177922 1.00465
0.179331 1.01058
0.179745 1.00796
0.180938 0.987901
0.181072 0.989426
0.182207 1.00347
0.182813 0.997836
0.183954 0.991006
0.184554 1.00406
0.184669 1.00234
0.186295 0.994761
0.186969 0.998976
0.187131 0.993567
0.188036 1.00792
0.189594 0.993523
0.189777 1.02799
0.189985 1.01063
0.191518 1.00225
0.192056 0.999181
0.193 1.00536
0.193259 1.01069
0.194518 1.00666
0.195001 0.985202
0.196016 0.999491
0.196742 1.00174
0.19698 1.0014
0.198483 1.00533
0.199032 1.01017
0.199443 1.00548
0.200224 1.00809
0.201905 1.00697
0.201965 1.0061
0.202047 1.00744
0.203706 1.00613
0.204367 0.997921
0.205063 1.00252
0.205447 0.990494
0.206829 1.00101
0.207188 0.997646
0.208079 1.00394
0.208929 1.00475
0.209292 1.00364
0.21067 1.00587
0.211094 1.00251
0.211754 1.0004
0.212411 1.00477
0.21411 0.995557
0.214152 1.01398
0.214216 1.0046
0.215893 0.999398
0.216678 0.998836
0.217126 0.989519
0.217635 0.995029
0.219141 0.999041
0.219376 1.00274
0.220141 0.989355
0.221117 0.998541
0.221603 1.00119
0.222858 0.99365
0.223157 0.992222
0.224065 0.99763
0.224599 1.00931
0.226172 1.0044
0.22634 1.00866
0.226527 1.00054
0.228081 0.994538
0.22899 0.996473
0.229188 1.00138
0.229822 0.997876
0.231452 0.993083
0.231563 1.00108
0.232204 0.986011
0.233304 1.00209
0.233914 0.994951
0.235045 0.99281
0.235219 0.996866
0.236376 0.998906
0.236786 0.996206
0.238235 0.995167
0.238527 1.00555
0.238839 1.00555
0.240269 0.99223
0.241251 1.00759
0.241301 1.00417
0.24201 0.992962
0.243751 0.998357
0.243763 1.00883
0.244266 0.966386
0.245492 0.995164
0.246225 1.00916
0.247233 0.994863
0.247282 0.997209
0.248688 0.991051
0.248974 0.985391
0.250298 0.994308
0.250715 0.996254
0.25115 0.997918
0.252456 0.996601
0.253313 1.00144
0.253612 1.01211
0.254197 0.99829
0.255938 0.988609
0.256074 0.99514
0.256329 0.984957
0.257679 0.990525
0.258537 0.995248
0.259344 0.99515
0.25942 0.982806
0.260999 0.992915
0.261161 1.00476
0.26236 0.992104
0.262903 1.01191
0.263461 1.00059
0.264644 0.996158
0.265376 0.994654
0.265923 0.993968
0.266385 0.996825
0.268126 0.996893
0.268386 0.996059
0.268391 0.986146
0.269867 1.00031
0.270848 1.00159
0.271407 0.985299
0.271608 1.00466
0.27331 0.996294
0.273349 1.00993
0.274423 0.989714
0.27509 0.994965
0.275772 0.996272
0.276831 1.0077
0.277438 0.995476
0.278235 1.00175
0.278572 0.994571
0.280313 0.999152
0.280454 0.991782
0.280697 1.00462
0.282054 0.986814
0.283159 0.991237
0.283469 0.990856
0.283795 1.00936
0.285537 0.990627
0.285621 0.999372
0.286485 1.01435
0.287278 0.985798
0.288084 0.994583
0.289019 1.00999
0.289501 0.991214
0.290546 0.999655
0.29076 0.999064
0.292501 0.994047
0.292516 0.999762
0.293008 1.01246
0.294242 1.00163
0.29547 1.00026
0.295532 1.0025
0.295983 1.00902
0.297724 0.996258
0.297933 0.994677
0.298548 1.00638
0.299465 0.977679
0.300395 1.0052
0.301206 1.00632
0.301563 1.00644
0.302857 0.997273
0.302947 1.00469
0.304579 1.00331
0.304688 1.00224
0.305319 1.0103
0.306429 1.00547
0.307595 1.01049
0.307782 1.00008
0.308171 0.99537
0.309912 0.997082
0.310244 1.00747
0.31061 0.999731
0.311653 0.997353
0.312706 1.01373
0.313394 1.01105
0.313626 1.00057
0.315135 1.00248
0.315168 1.00414
0.316641 1.00127
0.316876 1.0056
0.317631 0.991235
0.318617 0.989575
0.319657 1.00508
0.320093 1.00124
0.320358 1.00908
0.322099 1.0073
0.322555 1.00098
0.322673 1.00612
0.32384 1.00871
0.325017 1.00232
0.325581 1.00362
0.325688 1.00186
0.327322 1.01022
0.32748 0.995407
0.328704 0.988405
0.329063 1.00214
0.329942 0.998614
0.330804 0.992908
0.33172 1.00819
0.332404 1.00583
0.332546 1.00124
0.334287 1.0055
0.334735 1.00771
0.334867 1.00145
0.336028 1.01404
0.337329 1.00311
0.337751 1.00019
0.337769 0.993986
0.33951 0.991378
0.339791 1.00782
0.340766 1.01215
0.341251 1.00003
0.342253 1.00012
0.342992 1.01539
0.343782 1.00172
0.344716 1.00057
0.344733 1.0038
0.346474 1.01703
0.346798 1.00387
0.347178 1.00414
0.348215 1.01061
0.34964 0.995847
0.349813 1.00959
0.352102 0.997212
0.352829 1.00314
0.354565 1.00618
0.355845 0.992509
0.357027 0.999915
0.35886 1.00258
0.359489 1.01128
0.361876 1.00073
0.361951 0.995933
0.364414 1.00223
0.364892 0.999889
0.366876 0.997706
0.367907 0.992761
0.369338 1.00425
0.370923 1.00148
0.3718 0.998044
0.373938 0.998425
0.374263 0.99071
0.376725 1.00413
0.376954 1.00461
0.379187 0.991445
0.37997 1.004
0.381649 0.990942
0.382985 0.997133
0.384112 1.00647
0.386001 1.01656
0.386574 0.992907
0.389017 1.00452
0.389036 0.989432
0.391498 0.9897
0.392032 0.997817
0.393961 1.00262
0.395048 1.00318
0.396423 1.00704
0.398064 1.00532
0.398885 0.998721
0.401079 1.00616
0.401347 0.994013
0.40381 0.983227
0.404095 0.999915
0.406272 1.00442
0.40711 0.999448
0.408734 0.9985
0.410126 1.00916
0.411196 0.995043
0.413142 0.999549
0.413659 1.00344
0.416121 0.990859
0.416157 0.996348
0.418583 1.00751
0.419173 1.0032
0.421045 0.997379
0.422189 1.01241
0.423508 0.998216
0.425204 1.0047
0.42597 1.00618
0.42822 0.989659
0.428432 1.00461
0.430894 1.00054
0.431235 0.998012
0.433357 1.00578
0.434251 0.989038
0.435819 0.993687
0.437267 1.00077
0.438281 1.0023
0.440282 1.00748
0.440743 1.01091
0.443206 1.00213
0.443298 0.988171
0.445668 0.995905
0.446314 0.998202
0.44813 1.01002
0.449329 1.00961
0.450592 0.999116
0.452345 1.00944
0.453055 0.988916
0.455361 1.00723
0.455517 0.996714
0.457979 0.996145
0.458376 1.00479
0.460441 0.999336
0.461392 1.00351
0.462904 1.00049
0.464407 1.01045
0.465366 0.996293
0.467423 0.993099
0.467828 0.995623
0.47029 0.994495
0.470439 0.99358
0.472753 1.00205
0.473454 1.0059
0.475215 1.00577
0.47647 1.00141
0.477677 1.00175
0.479486 1.0059
0.480139 0.99885
0.482501 1.00253
0.482602 0.999725
0.485064 1.00221
0.485517 0.998822
0.487526 1.01097
0.488532 1.00937
0.489988 1.00781
0.491548 0.99336
0.492451 1.00005
0.494564 1.00448
0.497579 1.00594
0.500595 0.99563
0.503611 1.00321
0.506626 0.99756
0.509642 1.00674
0.512658 0.991749
0.515673 0.996718
0.518689 1.00481
0.521704 1.0073
0.52472 1.00846
0.527736 0.994618
0.530751 0.999296
0.533767 1.0001
0.536783 0.994325
0.539798 0.986071
0.542814 1.00731
0.54583 1.00072
0.548845 0.984834
0.551861 0.994141
0.554876 1.0028
0.557892 0.994299
0.560908 0.995113
0.563923 0.987193
0.566939 0.987056
0.569955 0.9968
0.57297 1.00548
0.575986 0.993256
0.579001 0.996151
0.582017 0.998491
0.585033 1.00293
0.588048 0.999856
0.591064 1.00022
0.59408 0.993042
0.597095 1.00638
0.600111 1.00942
0.603127 1.00251
