37 56
37.2 61
37.4 46
38 282
38.2 101
38.4 30
38.6 436
38.8 4
39 678
39.2 702
39.4 6620
39.6 1044
39.8 2075
40 10274
40.2 2730
40.4 20012
40.6 31750
40.8 25267
41 20316
41.2 38785
41.4 21542
41.6 31999
41.8 27057
42 17827
42.2 20469
42.4 9246
42.6 23194
42.8 11070
43 22527
43.2 34953
43.4 27162
43.6 25402
43.8 22768
44 17018
44.2 9872
44.4 7424
44.6 9738
44.8 7644
45 10119
45.2 7834
45.4 8326
45.6 5683
45.8 5247
46 3851
46.2 4204
46.4 5854
46.6 3243
46.8 8013
47 3622
47.2 3504
47.4 3539
47.6 2479
47.8 3555
48 2513
48.2 2391
48.4 1837
48.6 2538
48.8 2166
49 1927
49.2 1807
49.4 1568
49.6 1554
49.8 1580
50 1533
50.2 2021
50.4 1242
50.6 1218
50.8 1096
51 1082
51.2 1215
51.4 941
51.6 1001
51.8 1077
52 947
52.2 901
52.4 878
52.6 829
52.8 802
53 800
53.2 750
53.4 591
53.6 811
53.8 673
54 689
54.2 641
54.4 674
54.6 637
54.8 552
55 561
55.2 616
55.4 588
55.6 643
55.8 491
56 633
56.2 435
56.4 573
56.6 467
56.8 551
57 494
57.2 516
57.4 530
57.6 537
57.8 465
58 507
58.2 434
58.4 436
58.6 468
58.8 446
59 416
59.2 430
59.4 451
59.6 408
59.8 429
60 435
60.2 449
60.4 406
60.6 414
60.8 401
61 435
61.2 434
61.4 406
61.6 415
61.8 447
62 395
62.2 406
62.4 456
62.6 422
62.8 420
63 372
63.2 392
63.4 401
63.6 379
63.8 402
64 372
64.2 397
64.4 386
64.6 431
64.8 392
65 400
65.2 413
65.4 376
65.6 437
65.8 416
66 360
66.2 399
66.4 379
66.6 359
66.8 387
67 401
67.2 386
67.4 385
67.6 367
67.8 395
68 367
68.2 394
68.4 377
68.6 389
68.8 385
69 409
69.2 403
69.4 378
69.6 388
69.8 412
70 407
70.2 376
70.4 372
70.6 397
70.8 375
71 383
71.2 404
71.4 365
71.6 378
71.8 401
72 391
72.2 404
72.4 384
72.6 359
72.8 408
73 402
73.2 385
73.4 328
73.6 341
73.8 372
74 404
74.2 377
74.4 392
74.6 348
74.8 362
75 392
75.2 388
75.4 372
75.6 375
75.8 371
76 391
76.2 411
76.4 347
76.6 358
76.8 400
77 416
77.2 364
77.4 384
77.6 401
77.8 390
78 361
78.2 373
78.4 397
78.6 418
78.8 393
79 380
79.2 361
79.4 384
79.6 373
79.8 357
80 387
80.2 345
80.4 382
80.6 347
80.8 383
81 415
81.2 375
81.4 360
81.6 406
81.8 410
82 376
82.2 367
82.4 410
82.6 360
82.8 400
83 362
83.2 363
83.4 360
83.6 383
83.8 342
84 343
84.2 359
84.4 385
84.6 330
84.8 379
85 372
85.2 384
85.4 380
85.6 338
85.8 362
86 406
86.2 364
86.4 376
86.6 341
86.8 359
87 402
87.2 343
87.4 368
87.6 344
87.8 352
88 358
88.2 333
88.4 374
88.6 364
88.8 395
89 407
89.2 374
89.4 357
89.6 370
89.8 410
90 374
90.2 392
90.4 391
90.6 338
90.8 377
91 379
91.2 383
91.4 356
91.6 398
91.8 376
92 351
92.2 362
92.4 410
92.6 347
92.8 388
93 356
93.2 380
93.4 367
93.6 402
93.8 370
94 378
94.2 382
94.4 382
94.6 331
94.8 398
95 396
95.2 386
95.4 395
95.6 390
95.8 386
96 392
96.2 368
96.4 396
96.6 391
96.8 364
97 369
97.2 351
97.4 362
97.6 399
97.8 371
98 363
98.2 366
98.4 370
98.6 373
98.8 419
99 373
99.2 359
99.4 350
99.6 387
99.8 378
100 393
100.2 370
100.4 385
100.6 399
100.8 372
101 356
101.2 374
101.4 381
101.6 384
101.8 378
102 365
102.2 374
102.4 371
102.6 388
102.8 387
103 339
103.2 383
103.4 353
103.6 402
103.8 360
104 388
104.2 404
104.4 358
104.6 374
104.8 368
105 361
105.2 407
105.4 362
105.6 425
105.8 369
106 408
106.2 365
106.4 344
106.6 383
106.8 344
107 343
107.2 364
107.4 373
107.6 371
107.8 396
108 366
108.2 415
108.4 341
108.6 390
108.8 376
109 367
109.2 421
109.4 365
109.6 358
109.8 386
110 410
110.2 363
110.4 386
110.6 375
110.8 340
111 375
111.2 406
111.4 373
111.6 374
111.8 359
112 398
112.2 363
112.4 366
112.6 384
112.8 410
113 377
113.2 401
113.4 365
113.6 377
113.8 361
114 386
114.2 358
114.4 361
114.6 378
114.8 431
115 361
115.2 375
115.4 373
115.6 403
115.8 399
116 373
116.2 360
116.4 349
116.6 349
116.8 351
117 358
117.2 392
117.4 392
117.6 360
117.8 397
118 360
118.2 393
118.4 392
118.6 366
118.8 357
119 369
119.2 364
119.4 392
119.6 368
119.8 352
120 410
120.2 351
120.4 359
120.6 362
120.8 368
121 365
121.2 334
121.4 364
121.6 397
121.8 363
122 337
122.2 360
122.4 370
122.6 350
122.8 383
123 360
123.2 393
123.4 393
123.6 415
123.8 407
124 393
124.2 413
124.4 369
124.6 370
124.8 354
125 367
125.2 376
125.4 354
125.6 380
125.8 378
126 388
126.2 366
126.4 380
126.6 381
126.8 349
127 374
127.2 378
127.4 364
127.6 388
127.8 347
128 384
128.2 377
128.4 373
128.6 371
128.8 361
129 409
129.2 394
129.4 380
129.6 358
129.8 370
130 396
130.2 375
130.4 378
130.6 367
130.8 399
131 389
131.2 314
131.4 379
131.6 391
131.8 397
132 395
132.2 376
132.4 384
132.6 344
132.8 385
133 406
133.2 397
133.4 364
133.6 376
133.8 342
134 410
134.2 417
134.4 369
134.6 374
134.8 364
135 361
135.2 372
135.4 376
135.6 385
135.8 365
136 357
136.2 364
136.4 348
136.6 416
136.8 386
137 358
137.2 380
137.4 413
137.6 328
137.8 379
138 403
138.2 366
138.4 380
138.6 353
138.8 378
139 393
139.2 340
139.4 349
139.6 385
139.8 338
140 338
140.2 334
140.4 384
140.6 394
140.8 352
141 372
141.2 351
141.4 379
141.6 366
141.8 378
142 393
142.2 377
142.4 383
142.6 369
142.8 373
143 377
143.2 350
143.4 408
143.6 420
143.8 373
144 392
144.2 364
144.4 389
144.6 394
144.8 341
145 329
145.2 369
145.4 370
145.6 380
145.8 395
146 390
146.2 384
146.4 383
146.6 387
146.8 395
147 392
147.2 388
147.4 386
147.6 387
147.8 400
148 353
148.2 373
148.4 382
148.6 377
148.8 403
149 391
149.2 365
149.4 391
149.6 373
149.8 404
150 365
150.2 392
150.4 394
150.6 363
150.8 364
151 326
151.2 390
151.4 392
151.6 382
151.8 383
152 347
152.2 359
152.4 390
152.6 358
152.8 403
153 379
153.2 363
153.4 399
153.6 386
153.8 364
154 356
154.2 401
154.4 365
154.6 384
154.8 369
155 374
155.2 380
155.4 374
155.6 368
155.8 354
156 370
156.2 363
156.4 378
156.6 355
156.8 382
157 368
157.2 385
157.4 376
157.6 373
157.8 370
158 319
158.2 386
158.4 388
158.6 375
158.8 382
159 361
159.2 385
159.4 390
159.6 383
159.8 367
160 334
160.2 374
160.4 359
160.6 347
160.8 360
161 397
161.2 396
161.4 376
161.6 361
161.8 370
162 382
162.2 396
162.4 397
162.6 392
162.8 382
163 364
163.2 373
163.4 349
163.6 373
163.8 340
164 333
164.2 365
164.4 381
164.6 380
164.8 367
165 394
165.2 387
165.4 354
165.6 357
165.8 338
166 355
166.2 371
166.4 391
166.6 409
166.8 374
167 364
167.2 364
167.4 360
167.6 339
167.8 396
168 329
168.2 360
168.4 408
168.6 326
168.8 407
169 374
169.2 392
169.4 388
169.6 387
169.8 358
170 401
170.2 380
170.4 380
170.6 414
170.8 403
171 401
171.2 368
171.4 344
171.6 377
171.8 362
172 355
172.2 384
172.4 373
172.6 385
172.8 371
173 390
173.2 375
173.4 388
173.6 373
173.8 349
174 373
174.2 377
174.4 387
174.6 393
174.8 373
175 350
175.2 351
175.4 364
175.6 382
175.8 365
176 392
176.2 396
176.4 347
176.6 355
176.8 398
177 383
177.2 359
177.4 344
177.6 371
177.8 389
178 370
178.2 342
178.4 360
178.6 362
178.8 372
179 347
179.2 364
179.4 360
179.6 372
179.8 351
180 364
180.2 360
180.4 376
180.6 367
180.8 400
181 359
181.2 412
181.4 401
181.6 374
181.8 364
182 371
182.2 376
182.4 386
182.6 401
182.8 390
183 380
183.2 382
183.4 356
183.6 368
183.8 417
184 381
184.2 359
184.4 393
184.6 408
184.8 371
185 355
185.2 356
185.4 406
185.6 365
185.8 379
186 356
186.2 365
186.4 342
186.6 391
186.8 389
187 380
187.2 392
187.4 388
187.6 363
187.8 359
188 365
188.2 394
188.4 386
188.6 370
188.8 404
189 371
189.2 366
189.4 361
189.6 381
189.8 362
190 393
190.2 371
190.4 366
190.6 382
190.8 386
191 383
191.2 346
191.4 353
191.6 367
191.8 330
192 388
192.2 355
192.4 379
192.6 370
192.8 363
193 373
193.2 371
193.4 407
193.6 370
193.8 396
194 395
194.2 368
194.4 375
194.6 387
194.8 392
195 376
195.2 358
195.4 400
195.6 351
195.8 356
196 366
196.2 373
196.4 380
196.6 343
196.8 354
197 357
197.2 376
197.4 360
197.6 336
197.8 396
198 387
198.2 368
198.4 342
198.6 367
198.8 358
199 401
199.2 374
199.4 332
199.6 353
199.8 401
200 386
200.2 357
200.4 328
200.6 371
200.8 409
201 372
201.2 375
201.4 376
201.6 392
201.8 360
202 357
202.2 353
202.4 365
202.6 367
202.8 382
203 350
203.2 391
203.4 391
203.6 334
203.8 420
204 347
204.2 329
204.4 370
204.6 368
204.8 366
205 363
205.2 377
205.4 355
205.6 385
205.8 345
206 404
206.2 341
206.4 369
206.6 411
206.8 369
207 404
207.2 369
207.4 394
207.6 396
207.8 369
208 377
208.2 368
208.4 363
208.6 370
208.8 397
209 351
209.2 365
209.4 365
209.6 352
209.8 355
210 401
210.2 356
210.4 435
210.6 343
210.8 425
211 363
211.2 348
211.4 351
211.6 369
211.8 365
212 400
212.2 399
212.4 403
212.6 370
212.8 382
213 327
213.2 373
213.4 378
213.6 367
213.8 354
214 381
214.2 348
214.4 343
214.6 404
214.8 382
215 343
215.2 364
215.4 373
215.6 389
215.8 387
216 367
216.2 354
216.4 344
216.6 353
216.8 347
217 359
217.2 363
217.4 380
217.6 381
217.8 397
218 385
218.2 386
218.4 361
218.6 392
218.8 348
219 399
219.2 333
219.4 379
219.6 393
219.8 380
220 366
220.2 388
220.4 376
220.6 344
220.8 366
221 349
221.2 355
221.4 379
221.6 367
221.8 351
222 364
222.2 370
222.4 392
222.6 348
222.8 371
223 399
223.2 342
223.4 393
223.6 388
223.8 362
224 376
224.2 346
224.4 370
224.6 360
224.8 353
225 378
225.2 395
225.4 369
225.6 358
225.8 361
226 360
226.2 349
226.4 361
226.6 391
226.8 364
227 397
227.2 368
227.4 356
227.6 398
227.8 403
228 398
228.2 376
228.4 352
228.6 354
228.8 343
229 398
229.2 400
229.4 376
229.6 357
229.8 365
230 374
230.2 397
230.4 395
230.6 349
230.8 386
231 359
231.2 338
231.4 387
231.6 385
231.8 395
232 351
232.2 381
232.4 381
232.6 367
232.8 352
233 341
233.2 354
233.4 394
233.6 363
233.8 373
234 359
234.2 378
234.4 347
234.6 360
234.8 383
235 402
235.2 337
235.4 398
235.6 357
235.8 366
236 388
236.2 372
236.4 396
236.6 409
236.8 381
237 375
237.2 354
237.4 368
237.6 387
237.8 339
238 382
238.2 343
238.4 407
238.6 349
238.8 392
239 371
239.2 365
239.4 377
239.6 397
239.8 375
240 394
240.2 358
240.4 364
240.6 398
240.8 387
241 386
241.2 383
241.4 357
241.6 361
241.8 362
242 380
242.2 377
242.4 365
242.6 345
242.8 375
243 373
243.2 381
243.4 384
243.6 362
243.8 330
244 349
244.2 377
244.4 329
244.6 373
244.8 396
245 354
245.2 408
245.4 395
245.6 355
245.8 376
246 378
246.2 397
246.4 358
246.6 379
246.8 403
247 408
247.2 383
247.4 363
247.6 375
247.8 398
248 385
248.2 361
248.4 360
248.6 351
248.8 377
249 338
249.2 369
249.4 354
249.6 388
249.8 388
250 372
