0.5 0
1 0
1.5 0
2 0
2.5 0
3 0
3.5 0
4 0
4.5 0
5 0
5.5 0
6 0
6.5 0
7 0
7.5 0
8 0
8.5 0
9 0
9.5 0
10 0
10.5 0
11 0
11.5 0
12 0
12.5 0
13 0
13.5 0
14 0
14.5 0
15 0
15.5 0
16 0
16.5 0
17 0
17.5 0
18 0
18.5 0
19 0
19.5 0
20 0
20.5 0
21 0
21.5 0
22 0
22.5 0
23 0
23.5 0
24 0
24.5 0
25 0
25.5 0
26 0
26.5 0
27 0
27.5 0
28 0
28.5 0
29 0
29.5 0
30 0
30.5 0
31 0
31.5 0
32 0
32.5 0
33 0
33.5 0
34 0
34.5 0.009662719735002392
35 0
35.5 0
36 0.07986841780962914
36.5 1.139530032445435
37 3.856086883524651
37.5 4.637224232761315
38 4.269088615109706
38.5 6.711695140743738
39 13.6787661839166
39.5 24.16308219549102
40 31.62070529501027
40.5 35.21309798540094
41 35.09155059617171
41.5 36.8354209550644
42 39.01490711614863
42.5 39.5604357639178
43 32.68065336546132
43.5 25.54573774488438
44 18.32683157425085
44.5 14.25834266585537
45 11.38746152592401
45.5 9.049735044613726
46 7.560474272655934
46.5 5.781775327971155
47 4.732664743145865
47.5 3.833259269925372
48 3.114868294575536
48.5 2.464249246870717
49 2.18907989971515
49.5 2.060590511275795
50 1.968980130577225
50.5 1.582930814535789
51 1.60068469188018
51.5 1.465682206289102
52 1.433378172879321
52.5 1.176706289492397
53 1.297911547231738
53.5 1.197419353671694
54 0.9978622076956135
54.5 1.122903838979922
55 0.8858661667268354
55.5 1.026796313695743
56 1.019544802855572
56.5 0.965551563978137
57 0.9840851036488376
57.5 0.998352203020447
58 1.011983186895848
58.5 0.8569707946437525
59 0.9251061781339405
59.5 0.8478990509023661
60 1.15649468988343
60.5 0.9175076106985276
61 1.066343186450518
61.5 0.9517692716017195
62 0.8437296333021385
62.5 0.9657203481560075
63 0.8924978752060144
63.5 1.038225057451676
64 0.9322141891217651
64.5 0.903994725754418
65 0.9445834558843903
65.5 0.9275366351487588
66 0.9505001788914542
66.5 0.9362606770877212
67 1.001762396158022
67.5 1.037461166451598
68 0.9725154403878372
68.5 0.9828806900738931
69 1.000091492572748
69.5 1.026231247437881
70 0.9552914757115805
70.5 0.9626150999382372
71 0.9445418758458344
71.5 0.951625031174166
72 0.9451096107472782
72.5 0.8971094197346976
73 1.005721581665857
73.5 0.9771822747087321
74 0.8842116437711753
74.5 1.038156323491354
75 0.9548429085976782
75.5 0.9644318994206207
76 1.079219230125681
76.5 1.055331712141997
77 1.03585121536334
77.5 0.9976354926534221
78 1.058610981618753
78.5 1.058233044313457
79 1.024609037575733
79.5 0.9517108155656485
80 1.033297655412077
80.5 1.018726737775966
81 1.050012230847031
81.5 1.007732674890195
82 1.005743407611082
82.5 0.9682428488974281
83 1.013374751619112
83.5 0.9798307556046382
84 1.021989754421173
84.5 1.008320248595106
85 1.041064099050468
85.5 1.035216623822439
86 0.9641228153114778
86.5 1.029864673096063
87 0.984632289952717
87.5 1.006459422076476
88 0.998025187836027
88.5 1.024958908472207
89 0.9945992592780987
89.5 1.023719633388501
90 1.047873641662334
90.5 1.019476068677985
91 0.9777491515359212
91.5 0.9794559638508458
92 0.983785653019931
92.5 0.9731788770969403
93 1.001305616826651
93.5 0.9656292474828062
94 0.9736064983149358
94.5 1.038027831769189
95 1.039873525352095
95.5 1.001270296174092
96 0.9833798942810588
96.5 1.048553602806413
97 1.003545948254394
97.5 0.9715024208455528
98 1.008317984442098
98.5 0.9637306201972639
99 1.023254513572035
99.5 0.9804689807743326
100 1.023593642648207
100.5 1.016850036679867
101 1.00906202208656
101.5 1.004726826482364
102 1.008166049029506
102.5 0.9644189846044773
103 1.054814191360426
103.5 1.016732843227474
104 0.9867766650089091
104.5 1.008951990446552
105 0.9638977052224957
105.5 1.011615199041376
106 1.006188525969084
106.5 1.041378965640013
107 1.056782852401528
107.5 1.029061152033103
108 1.008708536040131
108.5 0.9691472528420567
109 1.040622092158117
109.5 1.054161200048428
110 0.9818666847948722
110.5 1.063425228297395
111 1.004393485033291
111.5 1.009282142135492
112 1.023212230203973
112.5 0.9323519621424868
113 1.005182411753359
113.5 1.007951863519049
114 1.046917875554474
114.5 1.022003834537357
115 0.9905254000350951
115.5 1.013004725802684
116 0.9914700141884997
116.5 1.014331407173472
117 1.011561604657919
117.5 1.029627920357014
118 1.061394141876887
118.5 1.039351613655959
119 1.022514276902375
119.5 1.048606986452741
120 0.9991539067984605
120.5 0.990879375899026
121 1.002345643194624
121.5 0.9847638358676662
122 0.9805721040621063
122.5 1.017035983167441
123 1.027028982375338
123.5 1.011943287375647
124 1.021750602030781
124.5 1.01059228387716
125 1.028286071931358
125.5 0.9865190377521939
126 1.034486173534244
126.5 0.9860765560975995
127 0.9662053247575696
127.5 0.9841115608421348
128 0.9785441111714914
128.5 1.028058138347579
129 0.971725217439382
129.5 1.0060698871781
130 1.020803446560941
130.5 1.021775483332277
131 0.9938849927208159
131.5 1.00895465504361
132 0.987464074737233
132.5 0.9983683018201479
133 0.995427150431459
133.5 1.020250724359237
134 1.000481370075978
134.5 0.9828845177071007
135 0.990762792779202
135.5 1.026060290333348
136 1.022260475701793
136.5 1.014785104245615
137 0.9712380883834917
137.5 1.021977792344092
138 0.9481543739971097
138.5 1.004874997867671
139 1.007182871615368
139.5 1.004112877667688
140 1.052111557709376
140.5 0.9939486578328406
141 0.9973247790225487
141.5 1.009244647988046
142 1.034090833881943
142.5 0.973607075207109
143 1.04273806607382
143.5 1.032691689947462
144 0.9772788345872677
144.5 0.9870516626448046
145 1.006513007507222
145.5 1.042525199458754
146 0.9981678787992682
146.5 1.001547670706116
147 0.9766500403543155
147.5 1.005458257606145
148 1.051707792442794
148.5 1.004479201396401
149 1.010700093379057
149.5 1.034311242640197
150 0.9778450129268513
150.5 1.006902195003376
151 1.027987558064448
151.5 1.024219874932305
152 0.99459410599221
152.5 0.9905555489671358
153 1.012096520955547
153.5 0.9601192419120343
154 1.040215757001107
154.5 1.001694052227167
155 1.02731562727171
155.5 1.010255675503021
156 1.03309089545473
156.5 1.051387920526264
157 0.9910436446745072
157.5 1.026488465301878
158 0.9868311863701525
158.5 1.012661182340975
159 0.9862853958634445
159.5 0.9954822325417276
160 1.01038540305294
160.5 1.008564623394615
161 1.016064559889792
161.5 0.9709789940062564
162 0.9983004431842807
162.5 0.9930375928144829
163 1.000806677124627
163.5 0.9959855889802757
164 0.9916322118410291
164.5 0.9881633127064176
165 1.049774642020117
165.5 1.01320867363925
166 0.9762288072640459
166.5 0.9836501251606498
167 0.9864289425110667
167.5 1.024001008942297
168 1.002022649968766
168.5 1.00013552269948
169 0.9676491842548088
169.5 1.015190201595586
170 1.004849713341909
170.5 1.000942956335225
171 0.9884116168942961
171.5 1.001035063327072
172 1.022436695269833
172.5 0.9855974129702439
173 0.9614632134650561
173.5 1.015149884188278
174 1.007804577640647
174.5 1.007702963854715
175 0.9771669463593248
175.5 0.9753410525531511
176 0.9995103443655449
176.5 0.9831489511766921
177 0.9555759451121616
177.5 1.007511334235557
178 0.969189789150556
178.5 0.980732959259995
179 1.019412257651944
179.5 0.9844710041023838
180 1.018056099013406
180.5 1.002186511621653
181 1.030709964751572
181.5 1.005487792546332
182 1.000317935218391
182.5 1.012455168221217
183 1.005899901163789
183.5 0.9748087186846779
184 1.008244412349156
184.5 1.01393666456399
185 1.031314217476005
185.5 0.9746243666330384
186 1.002635371961879
186.5 1.005532983993498
187 0.9952295990745815
187.5 0.9781517076512404
188 0.9862972247301371
188.5 0.9943426675656627
189 0.9813613000100767
189.5 1.005974752305164
190 0.9949525182826575
190.5 1.008434716975346
191 1.009467093309018
191.5 1.039641361672779
192 1.013642536966739
192.5 0.9534486692423011
193 0.9905064657841499
193.5 1.004131416408832
194 1.017297339140949
194.5 1.006297411853785
195 1.023828049365565
195.5 1.016190452961687
196 0.9870618749125887
196.5 1.002299543119966
197 0.9963291344105785
197.5 0.9848040821591214
198 1.015333678747939
198.5 0.9889172505026841
199 1.027517551534239
199.5 0.9680473050135389
200 1.008067222226015
200.5 0.9941768091476652
201 0.9784192542185621
201.5 1.008977281068351
202 1.014699240087044
202.5 0.9917444402738168
203 1.002215009416158
203.5 0.9850764454428016
204 1.011482384717103
204.5 0.9974669257346759
205 1.027363469978776
205.5 0.9747104432736113
206 0.9878719752077987
206.5 1.0084466472428
207 0.9974074037574691
207.5 0.9979487504577275
208 1.010170077325931
208.5 1.015384255650061
209 0.9723537841125044
209.5 0.9823923209604672
210 0.9831965229136387
210.5 0.9933260731743311
211 0.9656326899940409
211.5 0.9950108004169281
212 0.9918582722930235
212.5 0.9759896336541639
213 1.006649433436341
213.5 0.9809978843938745
214 0.9965100661428861
214.5 0.9896200416124306
215 1.004926980914338
215.5 0.9668360452526865
216 0.980853192791711
216.5 0.9910501350535821
217 0.9957694934065184
217.5 1.012834103689634
218 1.000933249573482
218.5 1.031287891052374
219 0.9915733762966906
219.5 1.023106139495294
220 1.000876688372701
220.5 0.9998909404971702
221 0.9927813911651501
221.5 0.9958057283382613
222 1.016061624961652
222.5 1.013358708080833
223 1.015757829573575
223.5 1.007764521606044
224 0.9904345982776364
224.5 0.9794101396402929
225 1.013001315592921
225.5 1.014620773945762
226 1.016441175325865
226.5 0.9902128544260533
227 0.9932209461159803
227.5 1.009081567528322
228 1.008200498499944
228.5 0.9967442706405938
229 0.9682718732794918
229.5 0.9979031501115097
230 0.9907428112291328
230.5 1.007879670777291
231 1.013651324563834
231.5 0.9912507862279619
232 1.00813696701322
232.5 1.016358444957432
233 0.9846725940982242
233.5 1.011046738255732
234 1.002319762754899
234.5 1.000978094475138
235 0.9965148865105814
235.5 0.993739515647675
236 0.9878812402216006
236.5 1.03490911852043
237 0.9984000134331079
237.5 0.9962396166412431
238 1.010331819274467
238.5 0.9931598738173921
239 1.023438808014455
239.5 0.9981169481533305
240 0.9981555515758401
240.5 1.008326131484885
241 0.9974139521189834
241.5 1.014585572175251
242 1.00646971421874
242.5 0.978267835940264
243 0.9888540337618951
243.5 0.9929440362023501
244 1.003560299567108
244.5 1.015043450309406
245 1.000749611922296
245.5 0.997631513333008
246 1.01182500040087
246.5 0.9806574191166908
247 1.021746016687036
247.5 1.027009576007162
248 0.9675215254222661
248.5 0.9984598238015415
249 0.9846225849522694
249.5 1.001557484254665
250 1.017245061853355
250.5 1.010439011531681
251 0.9761134890564362
251.5 1.006238081314455
252 1.005146754747033
252.5 1.008926728854549
253 0.9912872376075904
253.5 0.9934656904422142
254 0.9993629244632721
254.5 1.01159859938243
255 0.9987918734858978
255.5 1.019904044190882
256 0.9973217689719486
256.5 1.016337293296801
257 1.000023355103345
257.5 1.00152059871163
258 0.988657840360623
258.5 1.022185706190375
259 1.034873524029825
259.5 1.002538247275935
260 1.006342064401327
260.5 0.9921442872888021
261 0.9677490202347347
261.5 1.015012665030474
262 0.9851725821305458
262.5 1.00095143518949
263 0.9780275677268482
263.5 1.03196360459836
264 1.003305744385424
264.5 1.02088734591547
265 1.011142699382807
265.5 1.014353634825169
266 0.995427150431459
266.5 0.9730728392440517
267 0.9915339898658871
267.5 1.006153711944269
268 0.9963180353093365
268.5 1.005852000703522
269 1.004818227837046
269.5 0.987950123465853
270 0.9902894984514413
270.5 1.021840708785025
271 1.016350928611634
271.5 1.015887462987812
272 1.00158519539943
272.5 1.007515789319227
273 0.9999707231617375
273.5 0.9953953485828785
274 0.9966679815493686
274.5 0.9919719976728448
275 0.9930825869057913
275.5 1.00114889807904
276 0.9954111127011058
276.5 0.9916638930699206
277 0.9844897055481598
277.5 0.9970752276702232
278 1.00286722396808
278.5 1.024180800593067
279 1.020217689861004
279.5 0.9859485389029917
280 0.9962199649197394
280.5 0.9970567812716046
281 0.9952595514319755
281.5 0.9876632728123166
282 0.9968909080339948
282.5 0.978233435266208
283 1.028056692508028
283.5 1.003255187280643
284 1.018120319072956
284.5 1.004172036127063
285 1.012404099437293
285.5 1.006744638794818
286 1.003368236178908
286.5 0.9990284371286413
287 0.991501310210509
287.5 1.021171681946629
288 0.9829639129383004
288.5 1.002359450836799
289 1.003989072592532
289.5 1.005189784132571
290 0.9992650198172921
290.5 1.019269040427575
291 1.010200942362456
291.5 0.9765551855752
292 0.9952003526731081
292.5 0.9923385734996362
293 0.9834619382896737
293.5 1.004546740842613
294 1.018164319998804
294.5 1.005162275072035
295 1.002815097097191
295.5 1.012990597230717
296 0.9980197635974238
296.5 0.9972730836788232
297 1.004870353733393
297.5 1.020467624020886
298 0.993863725857366
298.5 0.9873100623937429
299 1.002535760434708
299.5 0.9902160347056143
300 1.015415116664501
300.5 1.017388154415051
301 1.012233749742426
301.5 1.002173589715221
302 1.011720335911564
302.5 0.9851266647472685
303 1.021964987732112
303.5 1.016977327994461
304 1.003803310677323
304.5 0.999641172175478
305 0.9950063727018859
305.5 0.9873157946396566
306 1.001042068663556
306.5 0.991657348351263
307 0.9779353844284498
307.5 1.018058633010402
308 0.9971765269620168
308.5 0.9888713344784023
309 1.003500859680679
309.5 0.9913763428218584
310 1.008047475362257
310.5 1.004207095422841
311 1.00478583545204
311.5 0.988406163935059
312 0.9976463313380304
312.5 1.019070508852918
313 1.005838734152415
313.5 1.002164793108823
314 1.005624677582265
314.5 1.001848296309817
315 0.9932226354078363
315.5 1.00024471094684
316 0.9943176507858925
316.5 0.9976080427273316
317 0.9866808378121094
317.5 1.00947420970686
318 0.9940191835616358
318.5 0.9970229636603538
319 1.002941568071672
319.5 1.003973597621785
320 1.005668174626058
320.5 1.013393397520677
321 0.9841206600786098
321.5 0.9887395982045331
322 1.012404065296303
322.5 0.9828385470954453
323 0.9973259489980247
323.5 1.014136909381357
324 0.9931511761924391
324.5 1.004728657928467
325 1.002292877396635
325.5 1.011590865729741
326 1.002754613996193
326.5 0.9962333411142132
327 0.9860902677938623
327.5 1.002704632979889
328 0.9677928432294992
328.5 1.007586693484768
329 1.008032833080192
329.5 1.006882648095547
330 1.001087910634677
330.5 0.9978506079019975
331 1.001976459789333
331.5 0.9985375556722219
332 0.9874978016189536
332.5 1.015322689819573
333 1.011549944189352
333.5 0.998695511065253
334 0.9967386095523614
334.5 1.002086933870956
335 0.9959209172239032
335.5 0.9973482661821538
336 0.9997814443669649
336.5 1.008493136382791
337 1.001857100654714
337.5 0.9931355750090427
338 0.9970451020453209
338.5 0.9884808660752323
339 1.014189422611364
339.5 1.006015585801368
340 1.007137984966351
340.5 0.9963456861711768
341 1.00193203040275
341.5 0.9918997675950513
342 1.005521010183155
342.5 1.01817615625111
343 0.9962449541373237
343.5 1.018592281441619
344 1.000374610685589
344.5 1.011524516454548
345 1.018837168858652
345.5 1.004714088915027
346 1.007192279173426
346.5 0.9886734539016072
347 0.9958555412633594
347.5 1.014992705702598
348 1.020435373798413
348.5 1.012963983825601
349 0.9893845254188255
349.5 1.005669150656257
350 0.9870249910718275
350.5 1.000126090702124
351 1.006613951921959
351.5 0.9931403559544599
352 0.9974682541374577
352.5 1.001397381368441
353 0.9897020468895672
353.5 1.00696819825781
354 1.00091348995325
354.5 1.004315233352152
355 1.002765809835172
355.5 1.010867500612065
356 0.9873394106702293
356.5 1.010091050092477
357 0.9891253189592203
357.5 1.010027361692561
358 1.00532354951362
358.5 0.9967940964411227
359 1.003300172146764
359.5 0.9940150431342579
360 1.009004344994981
360.5 1.002933005909575
361 0.9900077745131823
361.5 1.006544757274817
362 1.003151813446055
362.5 0.9904963222573241
363 0.9946648336682291
363.5 1.007162707033533
364 0.9949361483402636
364.5 0.9914293435471504
365 1.002354788388177
365.5 1.015455171925338
366 0.9982586335636204
366.5 0.9846626295550129
367 1.003926603501731
367.5 1.005965508595578
368 1.002724206250546
368.5 1.000682522931836
369 0.9913840913018623
369.5 0.9979690580941396
370 1.016948403596207
370.5 0.9961918932684586
371 1.012058498684787
371.5 0.9912527003781009
372 0.998064338684533
372.5 1.001686161228982
373 1.001317086082969
373.5 1.011664049229615
374 1.010194221268201
374.5 0.9961820509795739
375 0.9968805321539272
375.5 1.00874652434618
376 0.9848329101437678
376.5 0.9823811587386762
377 1.001787290402255
377.5 1.009627034456231
378 0.9968963009042651
378.5 1.004620315453908
379 0.9986084933739255
379.5 1.001808422112438
380 0.9899347462163905
380.5 0.9855871516040751
381 1.015327694691944
381.5 0.981454305427912
382 1.005368694741555
382.5 1.015633945688983
383 0.9998903684323491
383.5 0.9959553917763201
384 1.013954522973807
384.5 1.004473311896741
385 1.016763619934173
385.5 1.006543522082853
386 1.001699065342964
386.5 0.9981081437834859
387 1.00827818120587
387.5 0.9830060585576983
388 1.006219829815669
388.5 0.9995166787938453
389 0.9991530042469676
389.5 0.9967410498630419
390 0.9934307911790842
390.5 0.9785192875173757
391 0.9950511638528458
391.5 1.001140375899188
392 1.012733866351398
392.5 1.003884285494395
393 0.9858427675605665
393.5 1.003913473593625
394 1.020037144747534
394.5 1.000160572867518
395 1.002568886335794
395.5 0.9996679153096826
396 0.9862906177262559
396.5 1.00275215207459
397 0.9893550828154805
397.5 1.01496410036309
398 0.998475223904667
398.5 1.010021416493309
399 0.9995449635945765
399.5 1.000863805125263
400 0.9946972490846832
400.5 0.9988834662343472
401 0.9888125457889547
401.5 0.9984086697997381
402 1.010587242500988
402.5 0.9962224607115077
403 1.003099606003172
403.5 0.9789286794872072
404 0.9817919800092211
404.5 0.993002784979945
405 1.009273859820512
405.5 1.007485881574135
406 0.9942609220398394
406.5 0.9849260051897436
407 0.9959075650853922
407.5 0.9951273589568608
408 0.9971115967375154
408.5 1.001150782965921
409 0.9992545008704011
409.5 0.9872824801037868
410 1.012927289094019
410.5 1.010051738595825
411 1.013178688624938
411.5 0.9902061745917154
412 1.003455689494341
412.5 0.9990644013649485
413 0.995770265210061
413.5 0.9998882365074723
414 0.9968705859944132
414.5 0.9913877813315998
415 1.00809919278037
415.5 0.9984796120419421
416 1.001331089149329
416.5 1.012983782839726
417 0.9885313369558237
417.5 0.9971839871685452
418 0.9934174999882153
418.5 1.008643895165502
419 1.008268885829725
419.5 1.014036094310161
420 1.002495340604782
420.5 0.9959499024809091
421 0.9833331142463949
421.5 1.010262000399851
422 0.9964383877687304
422.5 1.009930983816504
423 0.9942394742150545
423.5 1.008052812425277
424 1.002094167775924
424.5 1.011287007359172
425 0.9857953750152509
425.5 0.9955495202210499
426 0.9994246767370375
426.5 0.9975253192342741
427 0.9871165054578024
427.5 0.9974579627711642
428 0.9855228394811545
428.5 1.004896894822991
429 0.9945568932976655
429.5 0.9908710052259091
430 0.9852713157763748
430.5 1.005076294116284
431 0.9949446239248637
431.5 1.003326348488619
432 1.00581207335722
432.5 1.021564271253199
433 0.988780460938889
433.5 0.9830123887277313
434 0.999433104493371
434.5 1.015958435082377
435 1.00930887697252
435.5 0.9949858439843714
436 0.9927655761757295
436.5 0.9936313651954456
437 0.9970200324907764
437.5 1.001231841794646
438 1.011177033736172
438.5 0.9995414694929282
439 1.006098133793232
439.5 1.000714089623548
440 1.004856907871809
440.5 0.998428025692923
441 1.015148325323777
441.5 1.007126992415328
442 1.002848137956495
442.5 1.009863525121069
443 0.9955127064078416
443.5 1.011337245055104
444 1.000309636058365
444.5 0.9906678769213992
445 1.001917186674831
445.5 1.003957664947078
446 0.9873110597562826
446.5 0.9937544574620757
447 1.009433768300503
447.5 0.9911558728201266
448 0.9925548297134309
448.5 0.9983476289519335
449 0.9956689869024948
449.5 1.003587229977821
450 1.002494181516632
450.5 0.9981166900502152
451 1.000993733903356
451.5 1.003968429432682
452 0.9931918285486399
452.5 1.005995393389681
453 0.9948646354379032
453.5 1.003073596035197
454 1.004045938450053
454.5 0.9961590564410091
455 0.9953597470493807
455.5 0.9912910547355813
456 1.018101084918174
456.5 1.003123312616117
457 0.9948168645923938
457.5 0.9958305993194321
458 0.9973309951842557
458.5 0.9800025802418141
459 1.006091633290762
459.5 0.996386270237996
460 0.9975912638413157
460.5 1.003344403511983
461 1.015618437579329
461.5 1.001376928547303
462 0.9940917120390271
462.5 1.005492717159662
463 0.9947917340462691
463.5 0.9997132559077608
464 1.003756549924672
464.5 0.9869912640511187
465 1.002156660113197
465.5 1.002871059726332
466 1.008876304054275
466.5 0.9991046006164792
467 1.001501596401763
467.5 0.9950980419563958
468 1.005417880211025
468.5 1.003954169103826
469 1.003958440870096
469.5 1.005995260566071
470 1.00109656414971
470.5 1.00052858315699
471 1.017587605025698
471.5 1.011809192858174
472 0.9911851908577933
472.5 0.99594005318083
473 0.9952749574644373
473.5 1.000458382402194
474 1.002188036453722
474.5 1.001609506732566
475 1.006332506740249
475.5 1.009151356061011
476 1.014951001125048
476.5 1.010542686467554
477 1.00038818519544
477.5 0.9942084401809241
478 1.000032402066849
478.5 0.9970896314438034
479 0.9832795326926341
479.5 0.9954361917894281
480 0.9927644333736901
480.5 1.003750650462393
481 1.004647560506287
481.5 0.9903587694383004
482 1.001720831900319
482.5 1.004981198675659
483 1.005662346297519
483.5 0.9964005971169476
484 1.003573045285135
484.5 1.010615789149614
485 0.9959185101093182
485.5 0.9985523860259141
486 0.9930903101523465
486.5 1.00494760302395
487 0.9913922580641162
487.5 1.000732182349449
488 0.998730846729923
488.5 1.001506979798872
489 1.000325705057574
489.5 0.9989071694437598
490 0.9962948103758295
490.5 1.009274957530145
491 1.013040607575862
491.5 1.004553298952082
492 1.008736691562306
492.5 1.005598966452328
493 1.008244915514347
493.5 0.9925079255986036
494 0.9790947184812344
494.5 1.005570866094732
495 1.010205671609969
495.5 1.011212774005121
496 0.9907558797967764
496.5 1.002617967330086
497 0.9974354759129184
497.5 0.9865097849212834
498 0.9957060814577137
498.5 1.006159397180961
499 1.000218009663105
499.5 1.009786758600178
500 0.9959451132445409
500.5 1.001715392008393
501 0.9923856390238147
501.5 0.9990049217752873
502 0.9988870364212745
502.5 1.00760387509214
503 0.9903281008093926
503.5 0.9905397982211264
504 1.000709620424276
504.5 1.01381955410096
505 0.9992758116377211
505.5 0.9981101368697928
506 1.006559924792046
506.5 0.9917967782583541
507 1.007693851564563
507.5 1.009951405980072
508 1.006315324401565
508.5 0.9913939013040675
509 1.002897821539752
509.5 0.9987594639870936
510 0.9992340515775775
510.5 0.999175289760879
511 0.9939175445332283
511.5 1.008372001553524
512 0.9944261488438407
512.5 0.9883269421796894
513 1.009869374505611
513.5 1.015274980530856
514 0.9928840624759311
514.5 1.001686778863093
515 1.008068468923158
515.5 1.009749362589859
516 0.9936685144903779
516.5 1.002739124088505
517 1.005447608879883
517.5 1.006984232650382
518 0.9977116889845195
518.5 1.008494028479394
519 0.9956639432805596
519.5 0.9925550534556954
520 0.9982607037827198
520.5 1.002244537105384
521 1.002186061976513
521.5 1.014728134839506
522 1.008733157475136
522.5 0.990078901021915
523 1.006813515499366
523.5 1.007828863775237
524 0.9945551781508367
524.5 1.005536369605759
525 1.004206154713618
525.5 1.002004575508401
526 0.9954864073411492
526.5 1.006458365357935
527 1.004673716338716
527.5 1.000951390201635
528 0.9979426791399425
528.5 1.005278814467383
529 0.9907210290112044
529.5 1.001157145342277
530 0.9925952567677921
530.5 0.9992253017445952
531 0.9915115069700099
531.5 0.9901761541950642
532 0.9904288837959647
532.5 0.9896649176871006
533 0.9990230676495867
533.5 0.9981615652663068
534 1.000528135641192
534.5 0.9901628740923847
535 0.9969922484329553
535.5 1.000585853172141
536 1.002482973329171
536.5 0.9999759633291412
537 0.9971574830130633
537.5 0.9918796001569353
538 0.9964341466098385
538.5 1.005293148859203
539 1.002003749601066
539.5 0.9986062689887486
540 1.004843299030085
540.5 1.00432358009815
541 0.9907186567408108
541.5 1.00324553223978
542 1.002530748419034
542.5 0.9994721830116309
543 1.016589581492411
543.5 0.9891008622912684
544 0.9981263609127566
544.5 1.00277235483498
545 0.994466872293839
545.5 1.00559237765944
546 1.002208311971282
546.5 1.005458413366122
547 1.002583289970931
547.5 1.009040414925336
548 0.9897743358116309
548.5 0.9947370457582012
549 1.00341958958321
549.5 1.007536280753683
550 0.997683007771626
550.5 0.9906342748511309
551 0.9971333924336493
551.5 0.9994856550111101
552 1.002393937509604
552.5 0.9985459282751411
553 0.9960641007265189
553.5 0.9962549966381272
554 0.9929211224082518
554.5 1.015706626827098
555 0.9967765232880571
555.5 0.9981882478608345
556 0.9953892483033823
556.5 1.000471743525913
557 0.9936718676667571
557.5 0.9961827515464563
558 0.9911477650992155
558.5 0.9996610574791372
559 1.012374963082936
559.5 0.9945845083739989
560 1.002637962779442
560.5 1.000557061914473
561 0.9937678533169629
561.5 1.013448207872612
562 1.008623383400932
562.5 1.000360949322549
563 1.004426697942342
563.5 1.000363143377459
564 0.9977948059268155
564.5 1.004184784187211
565 1.003200869364598
565.5 1.005024082939903
566 0.9946330027215712
566.5 1.002052427259269
567 1.00017859527857
567.5 1.00341652652465
568 0.9959826188578188
568.5 0.9981814638706653
569 1.010175470190508
569.5 1.009466283115086
570 1.000156133758786
570.5 0.9973083415185491
571 0.9933049153406902
571.5 0.9985398166516477
572 0.9982009460052006
572.5 1.013371630475685
573 0.9978024204631609
573.5 0.9912027803317601
574 0.9977845884754679
574.5 0.9990453440307884
575 1.0022482116176
575.5 1.000090737673338
576 1.001613743138639
576.5 1.009981754224996
577 0.9983867689769207
577.5 1.004624805858171
578 0.994797429389192
578.5 1.001188968014472
579 1.004675181854005
579.5 1.00345595127866
580 1.001624034678637
580.5 1.005257698205558
581 1.013476964719837
581.5 0.9907831676000487
582 1.009555815382593
582.5 0.9962310572509779
583 1.001189010076196
583.5 1.000689980824321
584 1.005755303553654
584.5 0.9942053770793573
585 0.9915656194495652
585.5 1.000071800578197
586 1.007442279789994
586.5 0.9988376794583441
587 1.000140834084531
587.5 0.9941740657531356
588 0.9947792730516283
588.5 1.000329003013268
589 0.9993275600188468
589.5 0.9952170896866596
590 1.002682939071744
590.5 1.006230023308777
591 1.002651270500433
591.5 1.003356554341411
592 1.003532959713574
592.5 1.004886746908408
593 1.002898525446918
593.5 0.9990218183078722
594 1.006630539249859
594.5 0.9962169649220858
595 0.9891505862787447
595.5 1.005165694110904
596 0.9909821168007689
596.5 0.9976609154405596
597 1.005864882823747
597.5 0.9975135707687453
598 0.9985155830301676
598.5 1.002787841797109
599 0.9945753957285317
599.5 1.003509304262507
600 1.004073801335533
600.5 0.9988940738191047
601 0.9997800031446604
601.5 0.9979278199703485
602 1.012424162411677
602.5 0.9938258757218433
603 0.9936334158349306
603.5 1.006829251942182
604 1.002357225486357
604.5 1.000510911094947
605 0.9980094770892683
605.5 1.006211978502264
606 1.000167744796909
606.5 0.9995198637391555
607 1.002493672985578
607.5 0.9916509500362345
608 0.9998520640725618
608.5 1.002589207720876
609 0.997966627464674
609.5 1.00852788280062
610 0.9978190460342626
610.5 1.000073380332542
611 1.004537135416103
611.5 0.9921608546073103
612 0.9952998948341059
612.5 1.001676977061431
613 1.00337971762344
613.5 0.9997892455691226
614 1.004018949242723
614.5 0.9903550345460637
615 0.9987495759028271
615.5 1.004413630455971
616 1.001541068599784
616.5 1.005757381114682
617 0.9958198987864199
617.5 0.994509510323393
618 1.001392917651582
618.5 0.990063578159017
619 0.9890650924162243
619.5 1.001793794261079
620 1.000328246802259
620.5 0.9991947044484586
621 0.9980635143567593
621.5 0.9956245589089966
622 1.00897739766502
622.5 0.997859711489985
623 1.000110817813052
623.5 1.000341674784304
624 1.003465147280522
624.5 1.00097426507435
625 1.005232442888488
625.5 0.9954540105765056
626 1.002492982060522
626.5 1.001303698432947
627 1.004680736949533
627.5 1.004453092206075
628 1.007636860123536
628.5 1.000909896495598
629 1.00245875401126
629.5 1.000547662414623
630 0.9950771764472254
630.5 1.002439327449322
631 0.9929655822891464
631.5 0.9986614192108916
632 0.9905744185780225
632.5 0.993292451595573
633 1.000593174400817
633.5 1.000303934817706
634 1.000586616932185
634.5 0.9913541428673051
635 0.9990634364659301
635.5 0.9953846071971563
636 1.0020088686469
636.5 0.9964608643946615
637 1.002890138821762
637.5 0.9911864103090086
638 0.9967819652477029
638.5 1.004813125904416
639 0.9928477539717844
639.5 1.000266953548703
640 0.9999681902769103
640.5 1.003594029078987
641 1.001861023203515
641.5 1.000719098073925
642 1.001951359346791
642.5 0.9976900253177999
643 0.9988372932908555
643.5 0.9980633772653783
644 0.9982057832367074
644.5 0.9991771863574075
645 1.006392171142625
645.5 0.998153931978058
646 0.9943219551757415
646.5 0.9967745020273597
647 1.003284501513844
647.5 1.000309159807756
648 0.9973691927708626
648.5 1.000672329667451
649 0.9972469845870062
649.5 0.9935856268573834
650 0.9962497209929947
650.5 1.004231653832523
651 0.9977234193195066
651.5 1.007247840279272
652 0.9975330609932449
652.5 0.9980308528009074
653 0.9935091812849807
653.5 1.002303901741687
654 1.001686154446361
654.5 0.9937126649567264
655 1.005117300527964
655.5 0.9939753389454674
656 1.006732260344969
656.5 0.9957261655386709
657 1.003430158574053
657.5 0.993817009724696
658 0.9999043929272843
658.5 1.002895456696118
659 0.9952566227795572
659.5 1.009666672147289
660 1.002408049772026
660.5 0.996277479673869
661 0.99724517991894
661.5 0.9882212094670008
662 1.009219663113111
662.5 1.001958235083911
663 0.9997411173418823
663.5 0.9965367935178663
664 1.001010160590811
664.5 0.9967173521217891
665 1.002267054822405
665.5 0.9982167031374224
666 0.9893545491256259
666.5 0.9968287505655404
667 1.003090267662921
667.5 0.9960641353971975
668 0.9998057354971466
668.5 0.998722469121163
669 1.001470201733996
669.5 1.004003344593786
670 0.9966895328731293
670.5 0.9939500662036311
671 0.9984977557830707
671.5 0.9983886773500011
672 1.003194189260616
672.5 1.000253473091162
673 1.00090074420386
673.5 0.9976403325159625
674 1.007452229009225
674.5 0.9992347271149195
675 1.006084907816577
675.5 1.00205036016374
676 1.000065230585442
676.5 0.997381217525125
677 0.9942272642863216
677.5 1.005514028109334
678 0.9942489013507251
678.5 1.002976984432711
679 0.9970849772981715
679.5 0.9939492247166958
680 0.9961692046796232
680.5 0.9952770916998583
681 0.9958744952104726
681.5 0.9959985748752133
682 1.001116044297042
682.5 1.00569895051417
683 0.9902479162222918
683.5 0.9825465723634389
684 1.003185676329072
684.5 0.9905764981810893
685 1.00192553536535
685.5 1.004331519846207
686 1.006094005175429
686.5 1.006752123590174
687 0.9985372228859626
687.5 1.004312176219287
688 0.9965599110383131
688.5 1.003726071483422
689 0.9983450439274529
689.5 1.000018391121176
690 0.9997532973820223
690.5 0.9973893235050981
691 0.997174879339116
691.5 0.9970321685932383
692 1.008249043296939
692.5 0.9886626947994482
693 1.005149748259816
693.5 0.9958094017269536
694 1.003401348644887
694.5 0.9995726097201453
695 0.9904917323008909
695.5 0.9906373331228132
696 0.9904491039727403
696.5 1.003560594742661
697 0.9935276130973402
697.5 1.000874185160555
698 0.9955221465442525
698.5 1.009018789942308
699 1.001408638619257
699.5 1.009544120341231
700 1.007586055757905
700.5 1.001694960233059
701 0.9929408733042593
701.5 0.9990281000085219
702 0.9966953084654341
702.5 1.001942195690676
703 1.004124568345745
703.5 0.9987471919104907
704 0.9898336213529048
704.5 1.000223979642612
705 1.001975876019847
705.5 0.9961427074511309
706 1.001839118526793
706.5 1.000605922057966
707 1.00179116131859
707.5 1.002466567825121
708 1.003184956015632
708.5 1.006031109279114
709 0.9926009678273594
709.5 1.001186667608976
710 0.995008702642235
710.5 0.9943150314777737
711 1.003746472351091
711.5 0.9995190744583879
712 0.9958924198113753
712.5 0.9921390260510744
713 0.9999783754062346
713.5 0.9949174937374641
714 0.9944720642514687
714.5 0.9958742472566426
715 0.997653986582732
715.5 0.9936316517161926
716 1.003820454855551
716.5 1.006318051240723
717 0.9975547347228131
717.5 1.001347905393729
718 0.9987267367805341
718.5 1.001792884416116
719 0.9978638480237438
719.5 1.005186319521984
720 0.9956485706834824
720.5 0.9994514088957819
721 1.001738300572967
721.5 0.9969700625179221
722 0.9907358511881453
722.5 0.9919208237484763
723 0.9992181112100157
723.5 0.9910922362835812
724 0.9979736894746358
724.5 0.9975826911903035
725 0.9994892971722256
725.5 0.9990735410905437
726 0.994926679447538
726.5 0.9940152710450679
727 0.9964130229683142
727.5 0.9984338262497527
728 1.002965427150373
728.5 0.9970599115442778
729 0.9891137288662907
729.5 0.9914106754337459
730 1.000196587569152
730.5 1.00152192091092
731 0.9961920863197177
731.5 0.9984846132715814
732 1.006436507034588
732.5 1.000926057384544
733 0.996029061213572
733.5 0.9995668380184449
734 0.9962201838397395
734.5 0.9922634802031791
735 0.9981735976469197
735.5 0.995094827325068
736 0.9939343396166059
736.5 0.9991369081609991
737 0.9988403862518728
737.5 1.003639763175985
738 0.9925243899499475
738.5 0.9992997735501385
739 1.004118441165033
739.5 1.00175157492904
740 0.9963237994588366
740.5 1.004039676311853
741 1.002119612061456
741.5 1.007441358276824
742 1.001613707375706
742.5 1.006294148240046
743 0.9989610547105914
743.5 0.994268247960113
744 0.9988746582200626
744.5 0.9996706380670302
745 0.99812203173516
745.5 0.9939071665187722
746 1.000035783776828
746.5 1.00418643846793
747 1.005274678859206
747.5 1.009343689658653
748 0.9905017651397841
748.5 0.9982524205115053
749 1.005509982186269
749.5 1.001363971569092
750 0.9953266122170231
750.5 0.9948992755304011
751 0.9964094246609401
751.5 0.9984848889573805
752 0.9940255517137535
752.5 1.000605882740117
753 0.9986081352622751
753.5 0.9973440525914168
754 1.001362461381688
754.5 1.000682215106338
755 1.003251292192279
755.5 1.002105148700196
756 0.9983250380331347
756.5 0.9917003439516345
757 0.995729337354458
757.5 1.003214347947392
758 0.9934441053188727
758.5 1.005088714596185
759 1.002147815160981
759.5 0.9984362035173568
760 1.001961469740301
760.5 1.003309072350757
761 0.9980589161564922
761.5 0.9941306854930264
762 0.9983527466944603
762.5 0.9998923880907002
763 0.9966660569411868
763.5 1.004278897387796
764 0.9953197367155632
764.5 0.9964976773264996
765 1.00859840094137
765.5 0.9965454607084067
766 0.9950685023883917
766.5 1.004400234225638
767 1.003794943285866
767.5 1.000007876609061
768 0.9958008371874879
768.5 0.9953428583533734
769 1.000894797929327
769.5 0.9999635529335171
770 1.001439229294902
770.5 0.9913253027485555
771 1.000700523780742
771.5 1.005529126110764
772 1.003262169764109
772.5 1.004951123796698
773 0.9953364766146949
773.5 1.000143728477163
774 1.004918533800862
774.5 0.9956645661262655
775 0.9927143348489705
775.5 0.9964259608864813
776 1.003584146562412
776.5 1.002158594938845
777 1.004088684643325
777.5 1.000914139972475
778 0.9933006703562772
778.5 1.001171925984929
779 0.9984846644163466
779.5 0.9979234105863564
780 1.000803260515358
780.5 1.001956874712822
781 0.9979780493625647
781.5 0.9925397439572351
782 0.9923429275257343
782.5 0.9890841468346943
783 0.9900161770738957
783.5 0.9908326117955759
784 0.9809245475132233
784.5 0.9826085048323177
785 0.9843806958769781
785.5 0.9860543799825544
786 0.9729975468185016
786.5 0.9817636353109561
787 0.9707307017433767
787.5 0.9697766003173592
788 0.9576924863145705
788.5 0.9649505637088878
789 0.9724481290352938
789.5 0.966308675109065
790 0.9670392779824487
790.5 0.9547733895513559
791 0.9605149905595791
791.5 0.9591916856577772
792 0.9534154861531006
792.5 0.9511324016417761
793 0.9486165576677034
793.5 0.9442796964474169
794 0.9495305853640461
794.5 0.9440905580178058
795 0.9416659901317624
795.5 0.9430270202574416
796 0.9401545997335338
796.5 0.9345512167153198
797 0.933849752589908
797.5 0.937923287107026
798 0.9280972930976815
798.5 0.9375957981061809
799 0.9259917845676168
799.5 0.9258055485376276
800 0.9244330085166619
800.5 0.9284475598660653
801 0.924922638194671
801.5 0.919794499486577
802 0.9193810970493794
802.5 0.912449620240833
803 0.9151663291188146
803.5 0.9145799481498001
804 0.9157379363430167
804.5 0.9153108172151458
805 0.9088852781924217
805.5 0.9133586402370322
806 0.9087204319897072
806.5 0.9032619710293137
807 0.8916706587528607
807.5 0.9005499454491814
808 0.8965819066706616
808.5 0.8961594911686303
809 0.8930312261962169
809.5 0.8943679784690886
810 0.8901088657420793
810.5 0.8871551559500434
811 0.8871457358334863
811.5 0.8835204774774074
812 0.8801302340941084
812.5 0.8822355035109722
813 0.8740861590117586
813.5 0.8708048921090593
814 0.8725126459520951
814.5 0.8714417498934851
815 0.8744937928750739
815.5 0.8638064456533809
816 0.8724208294002072
816.5 0.8645728546229753
817 0.8631531129126704
817.5 0.8615124763704807
818 0.8654613772503514
818.5 0.8638378067211508
819 0.8585311056143923
819.5 0.8545724864080438
820 0.8581488520961839
820.5 0.8539769794556161
821 0.8540803394724981
821.5 0.8445029173937707
822 0.8475950201392279
822.5 0.847516859613597
823 0.8498154644688622
823.5 0.8448492423803738
824 0.8400977106036691
824.5 0.8413630698091918
825 0.830492138527239
825.5 0.8373174710691942
826 0.8335564031076026
826.5 0.8312854328532787
827 0.8311045461303196
827.5 0.8206612350217551
828 0.8257934751306035
828.5 0.8185138002595667
829 0.8278857789073978
829.5 0.8182129724525635
830 0.8212843085856772
830.5 0.8196787385424712
831 0.8179931636215637
831.5 0.8164108567687092
832 0.8108276334483563
832.5 0.8096714172368327
833 0.811020182572986
833.5 0.8084747300230432
834 0.804992299082653
834.5 0.8053987127338365
835 0.8020756003454532
835.5 0.8047899806407276
836 0.8011781805662975
836.5 0.7963910203234371
837 0.7958666567989643
837.5 0.7936540726152933
838 0.7927564066432952
838.5 0.795442728937265
839 0.7925669776181293
839.5 0.7879840056518914
840 0.7805752368337409
840.5 0.7815190429888658
841 0.7820047472604721
841.5 0.7820177387063887
842 0.7855990616934501
842.5 0.7751232585645641
843 0.7740745783532754
843.5 0.7748221198546145
844 0.7715309611432457
844.5 0.7726334405047088
845 0.7708817696088371
845.5 0.7724639801844613
846 0.7687390452381366
846.5 0.7702226725928998
847 0.7594863547812895
847.5 0.7610563894579913
848 0.7643495015988758
848.5 0.7619313420329228
849 0.7584812114519658
849.5 0.7549908618377958
850 0.7485155361705065
850.5 0.7512926371160386
851 0.7513152796729462
851.5 0.7472448576903877
852 0.747477130613506
852.5 0.743957775814629
853 0.7496930399626416
853.5 0.7507094971275836
854 0.7342502973132585
854.5 0.7433145252069721
855 0.7453402363767176
855.5 0.7365806333900493
856 0.7329735866422079
856.5 0.7330587218059352
857 0.7315772164236817
857.5 0.728221726224716
858 0.7309508854338341
858.5 0.7307082909083571
859 0.7333492857842921
859.5 0.7179864962365388
860 0.715176974177261
860.5 0.7273000375195932
861 0.7151301521562443
861.5 0.7173840507602707
862 0.7207002423644914
862.5 0.7090426439786875
863 0.714629893323398
863.5 0.70732421929369
864 0.7139626446211466
864.5 0.7064890109207789
865 0.7050269098641362
865.5 0.7037212484928574
866 0.7015133290711045
866.5 0.69992275342993
867 0.6925059725782258
867.5 0.6995326405562671
868 0.6972920451514035
868.5 0.6914882351186384
869 0.6983686220648555
869.5 0.6950860438511431
870 0.6922056168024077
870.5 0.6893313470820396
871 0.689313312715221
871.5 0.6854486248012153
872 0.6848896650437748
872.5 0.681899149528974
873 0.6800619262580152
873.5 0.6782887551828742
874 0.6801025655034862
874.5 0.6750389783587961
875 0.6801262208049931
875.5 0.6743380532241846
876 0.6715601548534177
876.5 0.6661533620237029
877 0.6701192539922221
877.5 0.6639936675536038
878 0.6712642110113126
878.5 0.6645095909667529
879 0.67051178329108
879.5 0.6652444793112183
880 0.6589936552776813
880.5 0.6542845709265673
881 0.6570095017987313
881.5 0.6571820478999816
882 0.6545595502065844
882.5 0.6501704674946484
883 0.6524582741888039
883.5 0.6482132678029775
884 0.6500116064130695
884.5 0.646233850428969
885 0.6455625858619433
885.5 0.6388786897415235
886 0.645043826529376
886.5 0.6380967078468877
887 0.6429031573416321
887.5 0.6423395812225561
888 0.6330257614633901
888.5 0.6356351744445621
889 0.6325919943852932
889.5 0.6291337084365027
890 0.6339009410447187
890.5 0.6294474162110546
891 0.6338551185343362
891.5 0.6264443030125344
892 0.6274767671588812
892.5 0.6272215014091049
893 0.6245290443440187
893.5 0.6210498803180318
894 0.61816809914257
894.5 0.6162123058037455
895 0.6128964935547681
895.5 0.6138902675832973
896 0.6112856443604887
896.5 0.6124928850451583
897 0.6100949759310238
897.5 0.6112001489863776
898 0.6037594571498212
898.5 0.6087149600889333
899 0.6079668939133126
899.5 0.6017190566671003
900 0.6018883966133652
900.5 0.5995465867736564
901 0.594701985724151
901.5 0.5951321627687443
902 0.5933840869917694
902.5 0.5925855770796181
903 0.5960903872532174
903.5 0.5882876719445448
904 0.5864408475829199
904.5 0.5871000522840377
905 0.5903552810370686
905.5 0.5837140229636687
906 0.5873013641346283
906.5 0.579529733294153
907 0.5812816242397201
907.5 0.5809066070354134
908 0.5779653123522093
908.5 0.5759776770096001
909 0.5777661283507971
909.5 0.5725984213355632
910 0.569427772911545
910.5 0.5658752913384638
911 0.570672784683935
911.5 0.5717495409619935
912 0.5715652787674896
912.5 0.5645577092865728
913 0.5674026615870542
913.5 0.5612412322087083
914 0.5632018144701112
914.5 0.5603032706364075
915 0.5557347968805886
915.5 0.5529872848615435
916 0.5611151954214223
916.5 0.5548345624672459
917 0.5537372922412506
917.5 0.5543088904621549
918 0.5502797171176994
918.5 0.5473632282644882
919 0.5429411845942065
919.5 0.5454523505375712
920 0.544560688265563
920.5 0.5445664881055472
921 0.5434330228751389
921.5 0.5418005684307771
922 0.5395083981903196
922.5 0.5334232609175702
923 0.5329534941920626
923.5 0.5321472968697118
924 0.5365018512572272
924.5 0.5310370771779291
925 0.5241724239126007
925.5 0.528721964747458
926 0.524851625296146
926.5 0.5242852896208485
927 0.523505729956518
927.5 0.5248800086970246
928 0.5217370560924315
928.5 0.5165461224020341
929 0.5174827819943973
929.5 0.5176982872740962
930 0.5146950226413328
930.5 0.5156164754843779
931 0.5152750974113871
931.5 0.5167633118086944
932 0.5093901145673796
932.5 0.5091217514352083
933 0.5075985142962777
933.5 0.5066721587594067
934 0.5043895539352672
934.5 0.5045874640578787
935 0.5078499433321356
935.5 0.5010517969471227
936 0.5016718584146906
936.5 0.497451391110678
937 0.5060641631108951
937.5 0.5002509917297562
938 0.49488129020495
938.5 0.4965217096034863
939 0.496736573736802
939.5 0.4939538021648911
940 0.4894064750887913
940.5 0.4873649766476985
941 0.4891331643097554
941.5 0.4839558638550421
942 0.4831311845951943
942.5 0.4831495485097375
943 0.4809171825753956
943.5 0.4799812500800323
944 0.475278461439181
944.5 0.4761033050401222
945 0.4763079569497726
945.5 0.4771680319166291
946 0.4714974386583244
946.5 0.4737980991901746
947 0.4706176134314379
947.5 0.4719017634627571
948 0.467692869295098
948.5 0.4661899853926663
949 0.4702834518427871
949.5 0.4681171228996999
950 0.4637377155338574
950.5 0.464497509831267
951 0.461910941909926
951.5 0.4591262984462554
952 0.4610045007360685
952.5 0.4532822146434625
953 0.4554280347884599
953.5 0.4523698882192003
954 0.4548907774048843
954.5 0.4516371194124872
955 0.4524253704765476
955.5 0.4473036084407531
956 0.4486227806624448
956.5 0.4470350645388722
957 0.4442951027768484
957.5 0.4463150572017391
958 0.4468518247445192
958.5 0.4444453750840561
959 0.4429440943867028
959.5 0.4382226487290048
960 0.4360066845988785
960.5 0.4315262018682953
961 0.4333811741450531
961.5 0.4339631211494588
962 0.4355502604287957
962.5 0.4308892761987212
963 0.4321161916892745
963.5 0.434083665350186
964 0.4264306027175364
964.5 0.4243566405178232
965 0.4278938530368786
965.5 0.4270559787822287
966 0.4252336177258323
966.5 0.4220112131933161
967 0.4218700992582741
967.5 0.4181904789096482
968 0.4183354545087478
968.5 0.4171802046849474
969 0.4210735805448719
969.5 0.4149618357932679
970 0.4112338165301167
970.5 0.412666243468465
971 0.4135221828277362
971.5 0.4123289373422698
972 0.4092875999992914
972.5 0.4050119069702754
973 0.4052153213875887
973.5 0.4102602578774235
974 0.4030258783394087
974.5 0.401946316857669
975 0.4031795538565137
975.5 0.3996602491209408
976 0.3976812938780247
976.5 0.3988782954841157
977 0.3926143519820291
977.5 0.3937173789325057
978 0.3923048664920713
978.5 0.3931292698407589
979 0.3924158168174263
979.5 0.3892941274117882
980 0.3896514320401069
980.5 0.3860360687657614
981 0.3844595200083449
981.5 0.3831366952564502
982 0.3840347017181864
982.5 0.3814635895640053
983 0.385015285716848
983.5 0.3804623436291509
984 0.3827483680963235
984.5 0.3790846629636439
985 0.3726069444607699
985.5 0.3753552338032896
986 0.3771395305134157
986.5 0.373696468977309
987 0.3742624274325704
987.5 0.3691776931705966
988 0.3705007523148122
988.5 0.3662536368085703
989 0.364025589843625
989.5 0.3630352334670313
990 0.3686297854283475
990.5 0.3652801416062572
991 0.3611290164450354
991.5 0.3599342478598813
992 0.3607986689615237
992.5 0.3590108209646639
993 0.3540071885346142
993.5 0.3563425753025135
994 0.3578582629538657
994.5 0.3524982115209454
995 0.3509939547999489
995.5 0.3502352785173249
996 0.3497214143166589
996.5 0.3494747904814225
997 0.3479557446115807
997.5 0.3487282052806981
998 0.3468546360454899
998.5 0.342781337826159
999 0.3420003838557641
999.5 0.3440874485218239
1000 0.3435594302605308
1000.5 0.3396084065721768
1001 0.3384083658284838
1001.5 0.335387358066239
1002 0.3356598484933491
1002.5 0.3355997594827559
1003 0.3338019054517399
1003.5 0.3332523523030353
1004 0.330627182133409
1004.5 0.3327373407903477
1005 0.3314042941492817
1005.5 0.328242265955095
1006 0.3264387071485105
1006.5 0.3287029374355075
1007 0.3227737945128588
1007.5 0.3262605368710069
1008 0.3212621080318728
1008.5 0.3170423728879777
1009 0.3203432106396074
1009.5 0.3196422499946263
1010 0.3195626140114131
1010.5 0.3160589415202369
1011 0.3145874279243965
1011.5 0.3160975395587179
1012 0.3144152174929459
1012.5 0.3092357890464648
1013 0.3088745582880032
1013.5 0.3121080305737871
1014 0.3071918151753573
1014.5 0.3060174668171095
1015 0.3083729903102483
1015.5 0.3051697122756633
1016 0.3024962473151293
1016.5 0.3009743564974493
1017 0.3031915531535365
1017.5 0.2977724738663016
1018 0.2973801569801167
1018.5 0.2985850001236155
1019 0.2968300012796669
1019.5 0.2993273752356099
1020 0.290787367540802
1020.5 0.292611823279686
1021 0.2935168434344598
1021.5 0.2916093391193286
1022 0.2905863245616402
1022.5 0.2902031978804134
1023 0.2875348211413575
1023.5 0.2874405994746722
1024 0.2860631384893255
1024.5 0.2838335396921701
1025 0.2869173846365874
1025.5 0.2842973242012667
1026 0.2803930200289076
1026.5 0.2806765919047286
1027 0.2798145301735864
1027.5 0.2801305286256599
1028 0.2775726500947981
1028.5 0.2781508888052855
1029 0.2750891277541389
1029.5 0.2748870943715117
1030 0.2725713588219443
1030.5 0.2755018655535557
1031 0.2714802329169577
1031.5 0.2692822353961519
1032 0.266408040476413
1032.5 0.2694081805289885
1033 0.2667978446804124
1033.5 0.2629326304241299
1034 0.2644640889321684
1034.5 0.2624890285816261
1035 0.2617523412659536
1035.5 0.2583998126360235
1036 0.260368589368753
1036.5 0.2595500691060908
1037 0.2587330060339093
1037.5 0.2562185335757634
1038 0.2523638122029139
1038.5 0.2558319725970756
1039 0.2526879562691832
1039.5 0.2534986451740743
1040 0.2523192185775475
1040.5 0.2511313182479842
1041 0.2509644263726865
1041.5 0.2470443612960531
1042 0.2465637019049096
1042.5 0.2438615402522147
1043 0.2465034506346939
1043.5 0.2438485454587547
1044 0.2422749204530433
1044.5 0.2413788805182672
1045 0.2397788096711549
1045.5 0.2373189020305426
1046 0.2369133745283432
1046.5 0.2357733953550113
1047 0.2335023859273544
1047.5 0.2348412904894027
1048 0.2375179050583019
1048.5 0.2334206128165527
1049 0.2319021387910838
1049.5 0.2297286224893677
1050 0.2280494343492314
1050.5 0.2287495236039421
1051 0.2246586799715779
1051.5 0.2274616704149204
1052 0.2257490315127754
1052.5 0.2245067468651344
1053 0.2239616726936323
1053.5 0.2216973412774114
1054 0.2195924961590672
1054.5 0.2205530555854751
1055 0.2199203910234689
1055.5 0.2182668132891274
1056 0.2192049783220374
1056.5 0.2154118132900917
1057 0.2155168884624511
1057.5 0.2130094439094099
1058 0.2120478366043022
1058.5 0.2116422567736819
1059 0.209545234274141
1059.5 0.2077287051729265
1060 0.2097539702355896
1060.5 0.2062940566417328
1061 0.2078671423387135
1061.5 0.2054768622112149
1062 0.2019998708405558
1062.5 0.2017384835659682
1063 0.2007955590843327
1063.5 0.2015626486392722
1064 0.2012615047068668
1064.5 0.1985147990208351
1065 0.1965133822210657
1065.5 0.1978586972155718
1066 0.1950315527982285
1066.5 0.1944543762680613
1067 0.1934337062962437
1067.5 0.1945948581172664
1068 0.1941707008913052
1068.5 0.1909266193892529
1069 0.1887754617554771
1069.5 0.1897854682603227
1070 0.1900200041447463
1070.5 0.1854366994649874
1071 0.1868578439124982
1071.5 0.1850506661142307
1072 0.1814753589507413
1072.5 0.1846157559821361
1073 0.1835946438706374
1073.5 0.1816571874098694
1074 0.1803813297455137
1074.5 0.1797054576439113
1075 0.1768910340061544
1075.5 0.1767862568425568
1076 0.1753107411110822
1076.5 0.1735203051516119
1077 0.1724767657356475
1077.5 0.1711676232164054
1078 0.1711672281750073
1078.5 0.1706822607637875
1079 0.1715712416883961
1079.5 0.1690042005760913
1080 0.167565912624301
1080.5 0.1646919424012172
1081 0.1661832508521547
1081.5 0.1637090464953726
1082 0.1610625136568459
1082.5 0.1632300549252401
1083 0.1608044362655422
1083.5 0.1577660324241076
1084 0.1569941149357724
1084.5 0.15885400777136
1085 0.1563726908164311
1085.5 0.1568045453428617
1086 0.1552266993917984
1086.5 0.1526579382001782
1087 0.1538802504719991
1087.5 0.1530677752479582
1088 0.1510325339756727
1088.5 0.151815968761936
1089 0.1495527319527101
1089.5 0.1501324889909496
1090 0.1483201088004342
1090.5 0.1450409464022306
1091 0.1451785828496915
1091.5 0.1470728646965521
1092 0.145288956150737
1092.5 0.1420050422839415
1093 0.1406043673612812
1093.5 0.1403219214083586
1094 0.1423366147591288
1094.5 0.138116669513724
1095 0.1387771086651561
1095.5 0.1371746378614081
1096 0.1354888622704534
1096.5 0.1353653255891429
1097 0.1341333388149605
1097.5 0.132206510568846
1098 0.1324200194231493
1098.5 0.1304695529332326
1099 0.1292748426159836
1099.5 0.1297661668321776
1100 0.130018919470562
1100.5 0.1279635421739896
1101 0.1264811086660578
1101.5 0.1250297508727913
1102 0.1251152006633324
1102.5 0.1241974779746
1103 0.1215419478896588
1103.5 0.122007963590848
1104 0.1195572842211722
1104.5 0.1192133703995794
1105 0.1182577833593782
1105.5 0.119788290162217
1106 0.1185423464410039
1106.5 0.1152507879290394
1107 0.1152311670879769
1107.5 0.1144989053553532
1108 0.114002124189399
1108.5 0.1123923773444231
1109 0.1116832165076603
1109.5 0.1112742617418995
1110 0.1086723880367804
1110.5 0.1100294239670751
1111 0.1079830072852962
1111.5 0.1098780760325915
1112 0.1074354439091045
1112.5 0.1077291838861173
1113 0.1067782620851107
1113.5 0.1058011766756679
1114 0.1074021943144007
1114.5 0.1034447262493498
1115 0.1029634302655182
1115.5 0.1020300635978555
1116 0.1019017216475035
1116.5 0.1019857698800372
1117 0.1001062175809921
1117.5 0.1016467628509565
1118 0.09940273691362755
1118.5 0.09894615825120656
1119 0.0964421090643769
1119.5 0.09744801526693256
1120 0.09516057112264371
1120.5 0.09491993659954612
1121 0.09511899989459878
1121.5 0.09472330670836443
1122 0.09332333071295852
1122.5 0.09317631598740084
1123 0.09394149079706082
1123.5 0.09133399991785798
1124 0.08995096981285078
1124.5 0.091571823092212
1125 0.09051810813743967
1125.5 0.09055573053140248
1126 0.08900580485703941
1126.5 0.08848272119522162
1127 0.08781565013645135
1127.5 0.08661595443385395
1128 0.08606011837545033
1128.5 0.08574906939666244
1129 0.08588968623690892
1129.5 0.08556124121415386
1130 0.08433264266350089
1130.5 0.08262023525896162
1131 0.08443532978071777
1131.5 0.08220476876129801
1132 0.08308353822589409
1132.5 0.08179064021027876
1133 0.0812704979048391
1133.5 0.07991875430662033
1134 0.08056378126358604
1134.5 0.08018897052867903
1135 0.07808279006499202
1135.5 0.0799853530150693
1136 0.07743739016478389
1136.5 0.07775215236470764
1137 0.07585111551658905
1137.5 0.07752661908814823
1138 0.07504292579306705
1138.5 0.07511012172341161
1139 0.07427291706131829
1139.5 0.07402174455432901
1140 0.07367363748090443
1140.5 0.07491765937937435
1141 0.07329719829199058
1141.5 0.07205908408063252
1142 0.07092011549744158
1142.5 0.0717920204833552
1143 0.07025907427351977
1143.5 0.06996016450626852
1144 0.06870386833000545
1144.5 0.06981162267362076
1145 0.06811019546221493
1145.5 0.06787545134677349
1146 0.06780747886296519
1146.5 0.0686320608895518
1147 0.06758439193135574
1147.5 0.06676561645034905
1148 0.06659402283319597
1148.5 0.06608265469044294
1149 0.06585092217935759
1149.5 0.06380042866485985
1150 0.0642841418530239
1150.5 0.06426303459639922
1151 0.06311336512921153
1151.5 0.06296315547014163
1152 0.06387913494734988
1152.5 0.06243831877985438
1153 0.06154500616354263
1153.5 0.0616991128004865
1154 0.06133475341055751
1154.5 0.06110043372746723
1155 0.06143550362612701
1155.5 0.06018502106660621
1156 0.06041698060622321
1156.5 0.05771626873255171
1157 0.05854273185091317
1157.5 0.05747924022154088
1158 0.05767833872262407
1158.5 0.0578085177429263
1159 0.05590927783148163
1159.5 0.05679351337531766
1160 0.05546249070749289
1160.5 0.05607227308102952
1161 0.0548977051525647
1161.5 0.05456059766063501
1162 0.05350004047103221
1162.5 0.05593056479179604
1163 0.05439443806331541
1163.5 0.05398237757413494
1164 0.05332483799342016
1164.5 0.05248182062298622
1165 0.05172497000323202
1165.5 0.05110486538418888
1166 0.05071420943800524
1166.5 0.05087359523859238
1167 0.05094824006137866
1167.5 0.05064304212819445
1168 0.04901476391333568
1168.5 0.04937714256749783
1169 0.04869529265382083
1169.5 0.04767823609458516
1170 0.04950266590236264
1170.5 0.04982134645783415
1171 0.04820199132747575
1171.5 0.04711333294300298
1172 0.04719873779235536
1172.5 0.04585341358811726
1173 0.04564715611838068
1173.5 0.04636826467881001
1174 0.04558611480946964
1174.5 0.04615594131296247
1175 0.045600187993805
1175.5 0.04482063591050792
1176 0.0439010180775752
1176.5 0.04385540197957852
1177 0.04239019926124347
1177.5 0.04390536941839018
1178 0.04303931146478463
1178.5 0.04321810262103204
1179 0.04237061218686928
1179.5 0.04182215066280382
1180 0.0423153477730373
1180.5 0.04149548638016462
1181 0.0409903419368336
1181.5 0.04088974446675232
1182 0.03996610770344503
1182.5 0.04054919097401725
1183 0.04021085427704127
1183.5 0.03961031971752545
1184 0.03888772260498972
1184.5 0.037502355084242
1185 0.03861735901014851
1185.5 0.03844567311874083
1186 0.03894473712418203
1186.5 0.0391406703135619
1187 0.03669153081424556
1187.5 0.03667695092947744
1188 0.03737134619681249
1188.5 0.03669667868170217
1189 0.0367471747448313
1189.5 0.03652933352320556
1190 0.03662858926790872
1190.5 0.03536437602196755
1191 0.03621035386941647
1191.5 0.03425998472819111
1192 0.03537256061047604
1192.5 0.03455840505555145
1193 0.03551530636126081
1193.5 0.03381422199832156
1194 0.03426994660289433
1194.5 0.03382211365549991
1195 0.03390656999205866
1195.5 0.03359656623053658
1196 0.03372928842409535
1196.5 0.03261656345020908
1197 0.03197927415567113
1197.5 0.03157562414527652
1198 0.03065175719238779
1198.5 0.03138683783402557
1199 0.03092865660798217
1199.5 0.03110271489903233
1200 0.03035798560944003
1200.5 0.03094717773901775
1201 0.03013203410838785
1201.5 0.03078414817098173
1202 0.02973962619628373
1202.5 0.02930130915709183
1203 0.02926901029648961
1203.5 0.02952261136146354
1204 0.02868884216726714
1204.5 0.02909310194976449
1205 0.028451148826773
1205.5 0.02742245817570378
1206 0.02826955705744156
1206.5 0.02729800899132097
1207 0.02789116600106424
1207.5 0.02681108928920255
1208 0.02724602082486504
1208.5 0.0268297358780672
1209 0.02647707710084067
1209.5 0.025967754792015
1210 0.02717173651888876
1210.5 0.02577573951216296
1211 0.02541723580189111
1211.5 0.02487125262144908
1212 0.02488205389657891
1212.5 0.02511969629111705
1213 0.02398122295695484
1213.5 0.02496116106113513
1214 0.02440995305376516
1214.5 0.02395321134182628
1215 0.02401920020553809
1215.5 0.02369585016314643
1216 0.02397193314148517
1216.5 0.02378125518850359
1217 0.02354429083129141
1217.5 0.02284993308549264
1218 0.02169155602235845
1218.5 0.02313778220807023
1219 0.02205845151324416
1219.5 0.02218730289095686
1220 0.02251684090809281
1220.5 0.02113953594994301
1221 0.02143080510478419
1221.5 0.02122056007321873
1222 0.02091052782113289
1222.5 0.02063947334139369
1223 0.02066873626065201
1223.5 0.02072099339701052
1224 0.02013599191797936
1224.5 0.02045705015919028
1225 0.01883854142144364
1225.5 0.02020925632388717
1226 0.02010860734156728
1226.5 0.0187313273002398
1227 0.01941123256358034
1227.5 0.01831917086456939
1228 0.01869322145022875
1228.5 0.01932575639337118
1229 0.01802320678105035
1229.5 0.01823679604630313
1230 0.01844243013503013
1230.5 0.01791093005644342
1231 0.01831381358841059
1231.5 0.01807144096128004
1232 0.01695048549250784
1232.5 0.01762571296432084
1233 0.01686248159058148
1233.5 0.01687904957257238
1234 0.01693334910714727
1234.5 0.01668568833422718
1235 0.01618204392479984
1235.5 0.01646279290903364
1236 0.01622362525966169
1236.5 0.01577421523362994
1237 0.0161898890661878
1237.5 0.01575624197779177
1238 0.01533829814648086
1238.5 0.01574580418127392
1239 0.01524612141644452
1239.5 0.01535359821341844
1240 0.01486250692705097
1240.5 0.01446188838540912
1241 0.01456972248414755
1241.5 0.01442367670624744
1242 0.01436733096400433
1242.5 0.01416952497571746
1243 0.0141432401902558
1243.5 0.01379716658691663
1244 0.01328071218899996
1244.5 0.01332944982700609
1245 0.01341520447320048
1245.5 0.01341184965400913
1246 0.01338627187185703
1246.5 0.01312386466321474
1247 0.01281010100202892
1247.5 0.01254856748396547
1248 0.01275265879782078
1248.5 0.01255060881673903
1249 0.01206872456711775
1249.5 0.01235373027483052
1250 0.01199789761809674
1250.5 0.01148817944622823
1251 0.01189053706821984
1251.5 0.01126422261833995
1252 0.01140930812038257
1252.5 0.01136354411662693
1253 0.01090762325124852
1253.5 0.01116242979234979
1254 0.0107512716448941
1254.5 0.01058923599965495
1255 0.01046396581124274
1255.5 0.01062344843287739
1256 0.01071705918720225
1256.5 0.01035158053624697
1257 0.009848380384839751
1257.5 0.01015329498745919
1258 0.01012342354891753
1258.5 0.009984672665323756
1259 0.009817115704929694
1259.5 0.009874573281593873
1260 0.00977980626240357
1260.5 0.009337735834423896
1261 0.009243538489424183
1261.5 0.008990491689061962
1262 0.009113353537707286
1262.5 0.009005117522692486
1263 0.008637492637566767
1263.5 0.008738721155027745
1264 0.008890176493691193
1264.5 0.008746483492718034
1265 0.008408961885088856
1265.5 0.008287414923651851
1266 0.008366979642508262
1266.5 0.008604159074167401
1267 0.008253474666308531
1267.5 0.007738687885916295
1268 0.007568062916172802
1268.5 0.007705048752440608
1269 0.007548998105373908
1269.5 0.007214783749806786
1270 0.007394501267701841
1270.5 0.007203430826703099
1271 0.007155047708588261
1271.5 0.006743931984203183
1272 0.006816822061181413
1272.5 0.006861184813083569
1273 0.006614494783737105
1273.5 0.006368189983580775
1274 0.006575771195394647
1274.5 0.00650688910181476
1275 0.00606314599311078
1275.5 0.006348234837261083
1276 0.006060710118080171
1276.5 0.006211244241637767
1277 0.00585374596061447
1277.5 0.006279043035923824
1278 0.006119214007500075
1278.5 0.005832982038122004
1279 0.005940913009929249
1279.5 0.005542861104954768
1280 0.005566610331126202
1280.5 0.005253638977035529
1281 0.005312617143708254
1281.5 0.005238439711991805
1282 0.005059409363657671
1282.5 0.005104411586561163
1283 0.004960695950739288
1283.5 0.004852109931066087
1284 0.004750667528024932
1284.5 0.004879410945463399
1285 0.00465272924401208
1285.5 0.004419438926029346
1286 0.004492500706449249
1286.5 0.004593243315123306
1287 0.004485522065628457
1287.5 0.004260018341592939
1288 0.004249778761001928
1288.5 0.004267263290051945
1289 0.004132435366304848
1289.5 0.004080814859726833
1290 0.003842668711922449
1290.5 0.003998527794488792
1291 0.003753911142885236
1291.5 0.003730319386933055
1292 0.003679203442888148
1292.5 0.003731433929989448
1293 0.003625360000058101
1293.5 0.003828775500513918
1294 0.003399963224315748
1294.5 0.003397337263244108
1295 0.003538732527497613
1295.5 0.003200218409366115
1296 0.003334698171578309
1296.5 0.003099493522376155
1297 0.003165472989505819
1297.5 0.003135707362859655
1298 0.002948980733130625
1298.5 0.002748898545345277
1299 0.002821757007456349
1299.5 0.002683374123292229
1300 0.002694921098920883
1300.5 0.002543246540379443
1301 0.002629625758046352
1301.5 0.002457863718865919
1302 0.002612019015626343
1302.5 0.002637131040350831
1303 0.002181245827414558
1303.5 0.002430020575207193
1304 0.002265829347134178
1304.5 0.002196507888703002
1305 0.00235015114474311
1305.5 0.002280869937988996
1306 0.001928489384060706
1306.5 0.002034818549781137
1307 0.002093855885872862
1307.5 0.001903884568043904
1308 0.002050321305608693
1308.5 0.001947996253139901
1309 0.001899523696252253
1309.5 0.001844417616242752
1310 0.00176258768095465
1310.5 0.001767939705408688
1311 0.001565842394730304
1311.5 0.001705065879997065
1312 0.001783943783430053
1312.5 0.001782584847060823
1313 0.001561075753980068
1313.5 0.001439896148905899
1314 0.001378850523266256
1314.5 0.00129127315491635
1315 0.001456566047821691
1315.5 0.00141558343474354
1316 0.001089104726369976
1316.5 0.00102191921971191
1317 0.001213436664123755
1317.5 0.001166135437619977
1318 0.001105664138821386
1318.5 0.001144520057812378
1319 0.001137041796148376
1319.5 0.0009776434603510184
1320 0.00100990644007217
1320.5 0.0009629719079248194
1321 0.0008897453081155057
1321.5 0.0008759007118311319
1322 0.0007699464567145043
1322.5 0.0009271827103000404
1323 0.0009461944078515924
1323.5 0.0006894122262461586
1324 0.000754500346226907
1324.5 0.0007735985646819685
1325 0.000805769692413899
1325.5 0.0006676952411076141
1326 0.0006410274110148159
1326.5 0.0005686464303617672
1327 0.0005943429558928158
1327.5 0.0006200006132114593
1328 0.000528234110386301
1328.5 0.000508287065738115
1329 0.0004037191041337897
1329.5 0.0004684825148252154
1330 0.0004356212872560924
1330.5 0.0003508339194224458
1331 0.0003700465145605689
1331.5 0.0003697686497199342
1332 0.0003954202975722245
1332.5 0.0004016010386628804
1333 0.0003948272413413457
1333.5 0.0003169185157056398
1334 0.0003360696221745778
1334.5 0.0002906115901338652
1335 0.0002516747517394702
1335.5 0.000283728175284132
1336 0.0001739756313218463
1336.5 0.0002317939774769588
1337 0.000160847667482858
1337.5 0.0001542983328221243
1338 0.0001670316204267416
1338.5 0.00017974584231811
1339 0.0001154646183309576
1339.5 0.000102558608559369
1340 0.0001345077386145681
1340.5 0.0001408077689956053
1341 9.593371807231403e-05
1341.5 0.0001086438483398236
1342 7.02465867226955e-05
1342.5 7.657556864991126e-05
1343 0.0001084012947075468
1343.5 6.371801410552647e-05
1344 4.456942958126627e-05
1344.5 7.634791937071789e-05
1345 3.178798569557247e-05
1345.5 5.717585642013249e-05
1346 3.808892397457415e-05
1346.5 6.343440311873791e-06
1347 2.535492750440853e-05
1347.5 1.266805736131884e-05
1348 1.265866143554425e-05
1348.5 0
1349 6.319950458641685e-06
1349.5 6.315268146923405e-06
1350 0
1350.5 1.261183824120056e-05
