34.2 14
34.4 35
34.6 1
34.8 8
35 21
35.2 11
35.4 61
35.6 85
35.8 93
36 1109
36.2 17033
36.4 23550
36.6 118647
36.8 243959
37 479469
37.2 753475
37.4 1046808
37.6 1276809
37.8 1468828
38 1320005
38.2 1426751
38.4 1363334
38.6 1287581
38.8 1201837
39 1168719
39.2 1080003
39.4 1169759
39.6 1033615
39.8 931299
40 913053
40.2 918144
40.4 842147
40.6 808637
40.8 833560
41 807885
41.2 766311
41.4 728310
41.6 771585
41.8 655216
42 613874
42.2 546580
42.4 528680
42.6 409566
42.8 398804
43 372790
43.2 331187
43.4 289959
43.6 254139
43.8 207675
44 208630
44.2 179744
44.4 150331
44.6 133319
44.8 118954
45 97462
45.2 92548
45.4 84595
45.6 84063
45.8 72686
46 73924
46.2 63792
46.4 64816
46.6 54795
46.8 54213
47 48041
47.2 46259
47.4 45612
47.6 40201
47.8 40228
48 38208
48.2 37055
48.4 34487
48.6 34103
48.8 33207
49 31636
49.2 30439
49.4 29632
49.6 28127
49.8 27631
50 27475
50.2 26923
50.4 26002
50.6 24907
50.8 24868
51 23665
51.2 23403
51.4 23627
51.6 23169
51.8 22488
52 21860
52.2 21563
52.4 21555
52.6 21380
52.8 21180
53 20640
53.2 20542
53.4 20473
53.6 20351
53.8 20063
54 19904
54.2 19860
54.4 19843
54.6 19638
54.8 19286
55 19549
55.2 19314
55.4 19360
55.6 19097
55.8 19229
56 19156
56.2 18968
56.4 19041
56.6 18602
56.8 19062
57 18871
57.2 18850
57.4 18841
57.6 18802
57.8 18601
58 18617
58.2 18667
58.4 18652
58.6 18509
58.8 18397
59 18240
59.2 18694
59.4 18367
59.6 18364
59.8 18476
60 18355
60.2 18128
60.4 18493
60.6 18736
60.8 18144
61 18407
61.2 18108
61.4 18287
61.6 18423
61.8 18524
62 18393
62.2 18541
62.4 18390
62.6 18471
62.8 18613
63 18485
63.2 18570
63.4 18382
63.6 18446
63.8 18632
64 18493
64.2 18577
64.4 18643
64.6 18638
64.8 18350
65 18469
65.2 18308
65.4 18446
65.6 18439
65.8 18452
66 18327
66.2 18481
66.4 18598
66.6 18610
66.8 18612
67 18230
67.2 18435
67.4 18481
67.6 18652
67.8 18508
68 18772
68.2 18326
68.4 18591
68.6 18579
68.8 18616
69 18366
69.2 18595
69.4 18580
69.6 18500
69.8 18651
70 18314
70.2 18607
70.4 18581
70.6 18594
70.8 18329
71 18441
71.2 18625
71.4 18692
71.6 18480
71.8 18435
72 18425
72.2 18563
72.4 18410
72.6 18470
72.8 18446
73 18639
73.2 18509
73.4 18459
73.6 18465
73.8 18639
74 18454
74.2 18649
74.4 18515
74.6 18358
74.8 18344
75 18658
75.2 18625
75.4 18708
75.6 18516
75.8 18532
76 18650
76.2 18647
76.4 18685
76.6 18548
76.8 18479
77 18471
77.2 18740
77.4 18555
77.6 18581
77.8 18480
78 18902
78.2 18611
78.4 18625
78.6 18574
78.8 18594
79 18822
79.2 18684
79.4 18623
79.6 18568
79.8 18657
80 18672
80.2 18582
80.4 18373
80.6 18869
80.8 18473
81 18538
81.2 18494
81.4 18767
81.6 18589
81.8 18516
82 18527
82.2 18458
82.4 18503
82.6 18479
82.8 18419
83 18836
83.2 18768
83.4 18429
83.6 18805
83.8 18448
84 18617
84.2 18633
84.4 18269
84.6 18516
84.8 18618
85 18442
85.2 18471
85.4 18817
85.6 18579
85.8 18606
86 18616
86.2 18738
86.4 18551
86.6 18649
86.8 18344
87 18692
87.2 18624
87.4 18699
87.6 18453
87.8 18874
88 18710
88.2 18811
88.4 18457
88.6 18580
88.8 18531
89 18502
89.2 18641
89.4 18505
89.6 18575
89.8 18522
90 18502
90.2 18493
90.4 18443
90.6 18658
90.8 18719
91 18412
91.2 18463
91.4 18403
91.6 18523
91.8 18476
92 18585
92.2 18615
92.4 18657
92.6 18596
92.8 18560
93 18654
93.2 18607
93.4 18445
93.6 18640
93.8 18743
94 18571
94.2 18494
94.4 18473
94.6 18830
94.8 18655
95 18552
95.2 18450
95.4 18657
95.6 18583
95.8 18485
96 18556
96.2 18715
96.4 18573
96.6 18463
96.8 18297
97 18715
97.2 18441
97.4 18518
97.6 18687
97.8 18562
98 18672
98.2 18424
98.4 18542
98.6 18294
98.8 18531
99 18631
99.2 18594
99.4 18385
99.6 18480
99.8 18597
100 18604
100.2 18476
100.4 18266
100.6 18616
100.8 18634
101 18197
101.2 18663
101.4 18536
101.6 18418
101.8 18574
102 18639
102.2 18481
102.4 18432
102.6 18291
102.8 18501
103 18594
103.2 18798
103.4 18720
103.6 18453
103.8 18171
104 18599
104.2 18839
104.4 18805
104.6 18569
104.8 18723
105 18430
105.2 18596
105.4 18575
105.6 18678
105.8 18590
106 18439
106.2 18573
106.4 18704
106.6 18705
106.8 18563
107 18514
107.2 18594
107.4 18473
107.6 18505
107.8 18571
108 18414
108.2 18438
108.4 18502
108.6 18255
108.8 18358
109 18603
109.2 18611
109.4 18378
109.6 18562
109.8 18445
110 18449
110.2 18564
110.4 18361
110.6 18485
110.8 18516
111 18388
111.2 18572
111.4 18649
111.6 18511
111.8 18411
112 18535
112.2 18582
112.4 18561
112.6 18480
112.8 18587
113 18483
113.2 18410
113.4 18446
113.6 18537
113.8 18407
114 18463
114.2 18432
114.4 18397
114.6 18575
114.8 18353
115 18573
115.2 18624
115.4 18509
115.6 18464
115.8 18633
116 18201
116.2 18827
116.4 18462
116.6 18296
116.8 18486
117 18673
117.2 18582
117.4 18438
117.6 18366
117.8 18322
118 18396
118.2 18542
118.4 18562
118.6 18493
118.8 18507
119 18532
119.2 18187
119.4 18540
119.6 18605
119.8 18190
120 18478
120.2 18293
120.4 18520
120.6 18401
120.8 18571
121 18190
121.2 18389
121.4 18458
121.6 18536
121.8 18417
122 18340
122.2 18461
122.4 18339
122.6 18496
122.8 18361
123 18694
123.2 18552
123.4 18553
123.6 18384
123.8 18414
124 18580
124.2 18431
124.4 18562
124.6 18396
124.8 18623
125 18230
125.2 18651
125.4 18391
125.6 18221
125.8 18692
126 18635
126.2 18378
126.4 18214
126.6 18364
126.8 18355
127 18246
127.2 18378
127.4 18390
127.6 18502
127.8 18588
128 18582
128.2 18639
128.4 18298
128.6 18131
128.8 18667
129 18365
129.2 18629
129.4 18334
129.6 18305
129.8 18421
130 18248
130.2 18449
130.4 18605
130.6 18332
130.8 18416
131 18579
131.2 18381
131.4 18289
131.6 18602
131.8 18367
132 18405
132.2 18630
132.4 18411
132.6 18475
132.8 18534
133 18321
133.2 18623
133.4 18363
133.6 18430
133.8 18404
134 18259
134.2 18517
134.4 18568
134.6 18232
134.8 18305
135 18431
135.2 18470
135.4 18364
135.6 18315
135.8 18139
136 18509
136.2 18400
136.4 18455
136.6 18392
136.8 18445
137 18421
137.2 18327
137.4 18275
137.6 18462
137.8 18421
138 18459
138.2 18396
138.4 18595
138.6 18207
138.8 18171
139 18260
139.2 18337
139.4 18213
139.6 18235
139.8 18438
140 18490
140.2 18268
140.4 18122
140.6 18438
140.8 18415
141 18436
141.2 18450
141.4 18427
141.6 18896
141.8 18274
142 18331
142.2 18575
142.4 18470
142.6 18687
142.8 18413
143 18207
143.2 18495
143.4 18221
143.6 18510
143.8 18496
144 18495
144.2 18357
144.4 18283
144.6 18370
144.8 18440
145 18186
145.2 18388
145.4 18305
145.6 18605
145.8 18337
146 18174
146.2 18423
146.4 18732
146.6 18231
146.8 18339
147 18542
147.2 18353
147.4 18318
147.6 18513
147.8 18611
148 18313
148.2 18270
148.4 18271
148.6 18402
148.8 18447
149 18244
149.2 18503
149.4 18486
149.6 18091
149.8 18358
150 18242
150.2 18561
150.4 18629
150.6 18046
150.8 18320
151 18242
151.2 18343
151.4 18318
151.6 18100
151.8 18505
152 18435
152.2 18679
152.4 18211
152.6 18248
152.8 18325
153 18360
153.2 18300
153.4 18547
153.6 18230
153.8 18258
154 18453
154.2 18208
154.4 18120
154.6 18371
154.8 18462
155 18472
155.2 18586
155.4 18702
155.6 18270
155.8 18361
156 18245
156.2 18542
156.4 17959
156.6 18394
156.8 18325
157 18283
157.2 18112
157.4 18594
157.6 18305
157.8 18485
158 18278
158.2 18426
158.4 18167
158.6 18293
158.8 18551
159 18332
159.2 18366
159.4 18434
159.6 18213
159.8 18223
160 18274
160.2 18162
160.4 18565
160.6 18346
160.8 18346
161 18451
161.2 18547
161.4 18399
161.6 18366
161.8 18368
162 18331
162.2 18094
162.4 18349
162.6 18334
162.8 18390
163 18389
163.2 18333
163.4 18359
163.6 18307
163.8 18113
164 18309
164.2 18201
164.4 18304
164.6 18118
164.8 18353
165 18458
165.2 18312
165.4 18198
165.6 18083
165.8 18032
166 18210
166.2 18362
166.4 18337
166.6 18179
166.8 18407
167 18225
167.2 18487
167.4 18372
167.6 18334
167.8 18129
168 18271
168.2 18570
168.4 18310
168.6 18124
168.8 18358
169 18264
169.2 18121
169.4 18261
169.6 18099
169.8 18226
170 18217
170.2 18109
170.4 18415
170.6 18248
170.8 18204
171 18016
171.2 18352
171.4 18459
171.6 18299
171.8 18366
172 18395
172.2 18196
172.4 18254
172.6 18381
172.8 18220
173 18390
173.2 18406
173.4 18435
173.6 18553
173.8 18184
174 17986
174.2 18259
174.4 18282
174.6 18141
174.8 18268
175 18251
175.2 18263
175.4 18312
175.6 18482
175.8 18264
176 18108
176.2 18218
176.4 18148
176.6 18310
176.8 18295
177 17980
177.2 18510
177.4 18415
177.6 18398
177.8 18258
178 18291
178.2 18157
178.4 18087
178.6 18413
178.8 17853
179 18447
179.2 18213
179.4 18334
179.6 18047
179.8 18237
180 18407
180.2 18133
180.4 18478
180.6 18022
180.8 18379
181 18245
181.2 18339
181.4 18257
181.6 18444
181.8 18313
182 18093
182.2 18309
182.4 18281
182.6 18028
182.8 18455
183 18269
183.2 18286
183.4 18285
183.6 18160
183.8 18398
184 18525
184.2 18084
184.4 18261
184.6 18542
184.8 18168
185 18333
185.2 18177
185.4 18382
185.6 18349
185.8 18164
186 18501
186.2 18361
186.4 18216
186.6 18247
186.8 18124
187 18066
187.2 18190
187.4 18504
187.6 18098
187.8 18189
188 18606
188.2 18435
188.4 18260
188.6 18188
188.8 18382
189 18321
189.2 17995
189.4 18277
189.6 18114
189.8 18188
190 18345
190.2 18430
190.4 18182
190.6 18072
190.8 18322
191 18271
191.2 18241
191.4 18098
191.6 18129
191.8 18174
192 18190
192.2 18186
192.4 18422
192.6 18424
192.8 18235
193 18245
193.2 18175
193.4 18383
193.6 18583
193.8 18227
194 18255
194.2 18172
194.4 18234
194.6 18186
194.8 18231
195 18219
195.2 18083
195.4 18232
195.6 18109
195.8 18175
196 18388
196.2 18198
196.4 18093
196.6 18214
196.8 18282
197 18314
197.2 18351
197.4 18371
197.6 18424
197.8 18430
198 18288
198.2 18058
198.4 18338
198.6 18155
198.8 18114
199 18310
199.2 18292
199.4 18307
199.6 18063
199.8 18380
200 18131
200.2 18298
200.4 18215
200.6 18271
200.8 18353
201 18431
201.2 18425
201.4 18130
201.6 18484
201.8 18129
202 18699
202.2 18195
202.4 18390
202.6 18524
202.8 18210
203 18487
203.2 18270
203.4 18141
203.6 18445
203.8 18274
204 18141
204.2 18215
204.4 18021
204.6 18160
204.8 18403
205 18625
205.2 18309
205.4 18290
205.6 18253
205.8 18323
206 18309
206.2 18207
206.4 18436
206.6 18267
206.8 18268
207 18352
207.2 18377
207.4 18394
207.6 18453
207.8 18344
208 18256
208.2 18302
208.4 18223
208.6 18496
208.8 18454
209 18157
209.2 18185
209.4 18351
209.6 18335
209.8 18386
210 18257
210.2 18345
210.4 18415
210.6 18358
210.8 18272
211 18329
211.2 18394
211.4 18434
211.6 18230
211.8 18522
212 18114
212.2 18425
212.4 18367
212.6 18199
212.8 18128
213 18491
213.2 18157
213.4 18483
213.6 18166
213.8 18371
214 18482
214.2 18424
214.4 18090
214.6 18371
214.8 18172
215 18190
215.2 18521
215.4 18456
215.6 18374
215.8 18294
216 18331
216.2 18359
216.4 18231
216.6 18188
216.8 18272
217 18191
217.2 18463
217.4 18388
217.6 18324
217.8 18415
218 18158
218.2 18473
218.4 18371
218.6 18371
218.8 18449
219 18427
219.2 18582
219.4 18302
219.6 18525
219.8 18004
220 18291
220.2 18300
220.4 18203
220.6 18146
220.8 18771
221 18176
221.2 18199
221.4 18485
221.6 18427
221.8 18255
222 18415
222.2 18248
222.4 18504
222.6 18234
222.8 18247
223 18386
223.2 18259
223.4 18404
223.6 18271
223.8 18284
224 18023
224.2 18066
224.4 18451
224.6 18131
224.8 18363
225 18500
225.2 18192
225.4 18453
225.6 18272
225.8 17985
226 18498
226.2 18308
226.4 18544
226.6 18546
226.8 18431
227 18117
227.2 18434
227.4 18366
227.6 18357
227.8 18442
228 18294
228.2 18623
228.4 18360
228.6 18372
228.8 18198
229 18497
229.2 18584
229.4 18307
229.6 18520
229.8 18321
230 18322
230.2 18384
230.4 18576
230.6 18374
230.8 18272
231 18124
231.2 18405
231.4 18272
231.6 18251
231.8 18083
232 18439
232.2 18172
232.4 18350
232.6 18174
232.8 18193
233 18375
233.2 18430
233.4 18127
233.6 18281
233.8 18271
234 18409
234.2 18198
234.4 18451
234.6 18219
234.8 18249
235 18291
235.2 18402
235.4 18042
235.6 18361
235.8 18172
236 18377
236.2 18308
236.4 18419
236.6 18149
236.8 18269
237 18453
237.2 18398
237.4 18493
237.6 18238
237.8 18281
238 18408
238.2 18338
238.4 18473
238.6 18381
238.8 18274
239 18317
239.2 18177
239.4 18458
239.6 18304
239.8 18379
240 18284
240.2 18355
240.4 18460
240.6 18273
240.8 18400
241 18589
241.2 18305
241.4 18161
241.6 18435
241.8 18301
242 18443
242.2 18222
242.4 18562
242.6 18417
242.8 18456
243 18578
243.2 18323
243.4 18402
243.6 17983
243.8 18221
244 18319
244.2 18559
244.4 18266
244.6 18257
244.8 18741
245 18641
245.2 18235
245.4 18184
245.6 18333
245.8 18348
246 18295
246.2 18486
246.4 18181
246.6 18376
246.8 18342
247 18381
247.2 18387
247.4 18216
247.6 18215
247.8 18290
248 18303
248.2 18351
248.4 18565
248.6 18320
248.8 18471
249 18292
249.2 18196
249.4 18385
249.6 18241
249.8 18256
250 18296
