33.8 26
34 1
35.2 9
35.4 1
35.8 1
36 2
36.4 2
36.6 12
37 898
37.2 7645
37.4 1369
37.6 4038
37.8 5765
38 4304
38.2 6271
38.4 13969
38.6 18743
38.8 14209
39 10865
39.2 8488
39.4 7853
39.6 6940
39.8 9145
40 11890
40.2 4992
40.4 7843
40.6 4453
40.8 9134
41 15164
41.2 12286
41.4 10612
41.6 9194
41.8 5643
42 11409
42.2 13523
42.4 4882
42.6 5020
42.8 14621
43 10917
43.2 5607
43.4 4718
43.6 9408
43.8 5199
44 4313
44.2 5881
44.4 3972
44.6 3761
44.8 2988
45 2756
45.2 2199
45.4 2104
45.6 3249
45.8 1987
46 1721
46.2 2802
46.4 2406
46.6 2126
46.8 1556
47 1893
47.2 1576
47.4 1380
47.6 1175
47.8 1811
48 1341
48.2 1234
48.4 888
48.6 1238
48.8 1447
49 1124
49.2 1037
49.4 1100
49.6 806
49.8 983
50 911
50.2 860
50.4 923
50.6 1046
50.8 823
51 1088
51.2 855
51.4 745
51.6 789
51.8 786
52 792
52.2 787
52.4 719
52.6 691
52.8 759
53 807
53.2 734
53.4 654
53.6 644
53.8 679
54 674
54.2 739
54.4 649
54.6 703
54.8 646
55 627
55.2 646
55.4 656
55.6 672
55.8 643
56 638
56.2 627
56.4 676
56.6 637
56.8 614
57 687
57.2 613
57.4 650
57.6 635
57.8 651
58 592
58.2 664
58.4 660
58.6 597
58.8 643
59 631
59.2 697
59.4 583
59.6 600
59.8 626
60 640
60.2 663
60.4 647
60.6 656
60.8 626
61 606
61.2 593
61.4 649
61.6 645
61.8 627
62 654
62.2 619
62.4 658
62.6 664
62.8 613
63 616
63.2 629
63.4 613
63.6 623
63.8 626
64 636
64.2 653
64.4 645
64.6 602
64.8 678
65 620
65.2 603
65.4 655
65.6 605
65.8 624
66 625
66.2 617
66.4 605
66.6 633
66.8 646
67 603
67.2 626
67.4 643
67.6 628
67.8 669
68 605
68.2 653
68.4 613
68.6 622
68.8 658
69 646
69.2 616
69.4 621
69.6 612
69.8 637
70 595
70.2 692
70.4 634
70.6 657
70.8 627
71 654
71.2 645
71.4 674
71.6 595
71.8 625
72 617
72.2 682
72.4 663
72.6 668
72.8 626
73 663
73.2 624
73.4 661
73.6 628
73.8 574
74 641
74.2 618
74.4 624
74.6 609
74.8 617
75 631
75.2 614
75.4 657
75.6 656
75.8 646
76 647
76.2 660
76.4 655
76.6 649
76.8 681
77 623
77.2 651
77.4 612
77.6 640
77.8 597
78 608
78.2 590
78.4 630
78.6 648
78.8 658
79 674
79.2 656
79.4 664
79.6 672
79.8 617
80 658
80.2 643
80.4 627
80.6 640
80.8 587
81 575
81.2 618
81.4 650
81.6 615
81.8 620
82 604
82.2 690
82.4 636
82.6 631
82.8 661
83 633
83.2 655
83.4 671
83.6 666
83.8 655
84 635
84.2 672
84.4 648
84.6 646
84.8 662
85 608
85.2 637
85.4 623
85.6 632
85.8 652
86 652
86.2 639
86.4 587
86.6 633
86.8 618
87 656
87.2 646
87.4 656
87.6 622
87.8 620
88 622
88.2 650
88.4 612
88.6 640
88.8 613
89 680
89.2 618
89.4 617
89.6 619
89.8 625
90 629
90.2 641
90.4 624
90.6 632
90.8 659
91 634
91.2 630
91.4 647
91.6 605
91.8 621
92 670
92.2 615
92.4 672
92.6 643
92.8 671
93 659
93.2 662
93.4 638
93.6 614
93.8 645
94 644
94.2 653
94.4 658
94.6 618
94.8 642
95 632
95.2 637
95.4 629
95.6 619
95.8 665
96 676
96.2 658
96.4 682
96.6 655
96.8 613
97 664
97.2 660
97.4 609
97.6 630
97.8 627
98 635
98.2 599
98.4 604
98.6 636
98.8 585
99 615
99.2 605
99.4 666
99.6 593
99.8 640
100 667
100.2 664
100.4 645
100.6 634
100.8 624
101 605
101.2 622
101.4 636
101.6 644
101.8 619
102 600
102.2 633
102.4 680
102.6 626
102.8 618
103 617
103.2 661
103.4 599
103.6 623
103.8 648
104 585
104.2 653
104.4 596
104.6 638
104.8 594
105 589
105.2 631
105.4 653
105.6 640
105.8 626
106 635
106.2 643
106.4 655
106.6 657
106.8 623
107 599
107.2 616
107.4 656
107.6 626
107.8 603
108 613
108.2 658
108.4 626
108.6 667
108.8 599
109 649
109.2 607
109.4 647
109.6 663
109.8 663
110 611
110.2 643
110.4 646
110.6 642
110.8 604
111 635
111.2 711
111.4 609
111.6 674
111.8 584
112 659
112.2 666
112.4 670
112.6 600
112.8 638
113 601
113.2 653
113.4 672
113.6 636
113.8 651
114 639
114.2 604
114.4 647
114.6 622
114.8 653
115 641
115.2 651
115.4 630
115.6 588
115.8 693
116 592
116.2 634
116.4 687
116.6 624
116.8 629
117 641
117.2 582
117.4 616
117.6 617
117.8 631
118 621
118.2 648
118.4 653
118.6 685
118.8 611
119 625
119.2 644
119.4 605
119.6 602
119.8 653
120 635
120.2 616
120.4 598
120.6 661
120.8 605
121 597
121.2 621
121.4 651
121.6 640
121.8 655
122 602
122.2 667
122.4 665
122.6 619
122.8 582
123 631
123.2 620
123.4 615
123.6 640
123.8 613
124 653
124.2 615
124.4 647
124.6 609
124.8 621
125 661
125.2 688
125.4 628
125.6 622
125.8 674
126 620
126.2 686
126.4 579
126.6 638
126.8 673
127 647
127.2 665
127.4 625
127.6 634
127.8 649
128 592
128.2 642
128.4 690
128.6 642
128.8 656
129 627
129.2 630
129.4 615
129.6 656
129.8 654
130 664
130.2 629
130.4 605
130.6 634
130.8 641
131 658
131.2 607
131.4 640
131.6 686
131.8 669
132 637
132.2 658
132.4 654
132.6 618
132.8 650
133 600
133.2 596
133.4 679
133.6 620
133.8 650
134 646
134.2 685
134.4 657
134.6 622
134.8 610
135 608
135.2 640
135.4 680
135.6 600
135.8 643
136 582
136.2 683
136.4 637
136.6 637
136.8 602
137 617
137.2 628
137.4 597
137.6 646
137.8 607
138 584
138.2 654
138.4 625
138.6 642
138.8 609
139 702
139.2 602
139.4 642
139.6 595
139.8 636
140 661
140.2 670
140.4 621
140.6 613
140.8 711
141 637
141.2 658
141.4 636
141.6 634
141.8 612
142 613
142.2 609
142.4 646
142.6 630
142.8 686
143 673
143.2 635
143.4 656
143.6 627
143.8 680
144 644
144.2 651
144.4 601
144.6 603
144.8 652
145 682
145.2 624
145.4 655
145.6 628
145.8 652
146 590
146.2 630
146.4 652
146.6 672
146.8 599
147 634
147.2 623
147.4 586
147.6 683
147.8 573
148 714
148.2 620
148.4 656
148.6 633
148.8 660
149 670
149.2 653
149.4 611
149.6 620
149.8 663
150 637
150.2 606
150.4 660
150.6 638
150.8 651
151 657
151.2 659
151.4 608
151.6 694
151.8 658
152 615
152.2 695
152.4 649
152.6 660
152.8 631
153 626
153.2 636
153.4 648
153.6 680
153.8 682
154 631
154.2 682
154.4 610
154.6 646
154.8 647
155 616
155.2 633
155.4 635
155.6 644
155.8 638
156 659
156.2 640
156.4 656
156.6 605
156.8 612
157 613
157.2 595
157.4 639
157.6 620
157.8 587
158 661
158.2 645
158.4 651
158.6 666
158.8 627
159 607
159.2 702
159.4 650
159.6 667
159.8 614
160 636
160.2 662
160.4 645
160.6 652
160.8 651
161 654
161.2 609
161.4 600
161.6 658
161.8 653
162 604
162.2 619
162.4 664
162.6 602
162.8 638
163 616
163.2 665
163.4 634
163.6 617
163.8 641
164 619
164.2 695
164.4 635
164.6 621
164.8 658
165 658
165.2 678
165.4 631
165.6 659
165.8 596
166 685
166.2 662
166.4 585
166.6 650
166.8 635
167 662
167.2 683
167.4 661
167.6 615
167.8 622
168 595
168.2 667
168.4 696
168.6 664
168.8 633
169 649
169.2 662
169.4 627
169.6 645
169.8 630
170 607
170.2 664
170.4 643
170.6 677
170.8 687
171 614
171.2 613
171.4 636
171.6 648
171.8 681
172 671
172.2 660
172.4 630
172.6 652
172.8 655
173 639
173.2 644
173.4 644
173.6 652
173.8 628
174 652
174.2 634
174.4 650
174.6 642
174.8 655
175 668
175.2 678
175.4 632
175.6 655
175.8 647
176 632
176.2 663
176.4 613
176.6 619
176.8 664
177 646
177.2 632
177.4 666
177.6 658
177.8 652
178 656
178.2 652
178.4 619
178.6 643
178.8 647
179 638
179.2 693
179.4 642
179.6 630
179.8 664
180 626
180.2 628
180.4 668
180.6 636
180.8 623
181 636
181.2 651
181.4 617
181.6 649
181.8 689
182 647
182.2 628
182.4 671
182.6 648
182.8 650
183 686
183.2 650
183.4 631
183.6 646
183.8 676
184 642
184.2 677
184.4 629
184.6 699
184.8 617
185 600
185.2 684
185.4 612
185.6 633
185.8 662
186 675
186.2 631
186.4 608
186.6 638
186.8 622
187 628
187.2 678
187.4 646
187.6 630
187.8 645
188 651
188.2 680
188.4 627
188.6 638
188.8 663
189 654
189.2 641
189.4 659
189.6 617
189.8 673
190 641
190.2 651
190.4 657
190.6 618
190.8 623
191 612
191.2 637
191.4 666
191.6 634
191.8 665
192 625
192.2 622
192.4 671
192.6 592
192.8 601
193 632
193.2 633
193.4 706
193.6 642
193.8 662
194 632
194.2 654
194.4 601
194.6 660
194.8 697
195 627
195.2 657
195.4 603
195.6 682
195.8 608
196 646
196.2 667
196.4 713
196.6 667
196.8 690
197 643
197.2 668
197.4 682
197.6 648
197.8 660
198 698
198.2 621
198.4 657
198.6 588
198.8 640
199 605
199.2 666
199.4 673
199.6 628
199.8 693
200 663
200.2 671
200.4 676
200.6 623
200.8 665
201 601
201.2 630
201.4 639
201.6 653
201.8 619
202 660
202.2 672
202.4 645
202.6 646
202.8 634
203 677
203.2 612
203.4 656
203.6 677
203.8 675
204 599
204.2 668
204.4 601
204.6 666
204.8 622
205 613
205.2 670
205.4 650
205.6 637
205.8 643
206 642
206.2 714
206.4 695
206.6 657
206.8 679
207 617
207.2 682
207.4 631
207.6 659
207.8 587
208 643
208.2 633
208.4 636
208.6 639
208.8 682
209 645
209.2 641
209.4 606
209.6 635
209.8 634
210 603
210.2 649
210.4 620
210.6 644
210.8 685
211 676
211.2 627
211.4 671
211.6 658
211.8 643
212 607
212.2 628
212.4 616
212.6 662
212.8 642
213 656
213.2 600
213.4 637
213.6 666
213.8 599
214 656
214.2 665
214.4 622
214.6 638
214.8 672
215 659
215.2 642
215.4 636
215.6 675
215.8 632
216 648
216.2 609
216.4 625
216.6 666
216.8 661
217 609
217.2 651
217.4 612
217.6 600
217.8 623
218 661
218.2 622
218.4 628
218.6 610
218.8 653
219 640
219.2 625
219.4 649
219.6 633
219.8 636
220 644
220.2 670
220.4 603
220.6 639
220.8 570
221 623
221.2 643
221.4 610
221.6 652
221.8 623
222 683
222.2 624
222.4 622
222.6 599
222.8 653
223 591
223.2 614
223.4 630
223.6 628
223.8 607
224 635
224.2 631
224.4 618
224.6 625
224.8 659
225 670
225.2 640
225.4 634
225.6 599
225.8 639
226 636
226.2 673
226.4 647
226.6 615
226.8 668
227 608
227.2 637
227.4 643
227.6 579
227.8 621
228 635
228.2 623
228.4 624
228.6 584
228.8 631
229 660
229.2 617
229.4 647
229.6 610
229.8 587
230 584
230.2 615
230.4 612
230.6 641
230.8 672
231 662
231.2 614
231.4 606
231.6 586
231.8 563
232 617
232.2 586
232.4 623
232.6 614
232.8 612
233 638
233.2 625
233.4 663
233.6 627
233.8 621
234 618
234.2 631
234.4 627
234.6 628
234.8 565
235 631
235.2 601
235.4 657
235.6 620
235.8 630
236 612
236.2 613
236.4 633
236.6 612
236.8 596
237 632
237.2 593
237.4 620
237.6 642
237.8 614
238 604
238.2 583
238.4 620
238.6 590
238.8 585
239 603
239.2 655
239.4 596
239.6 595
239.8 667
240 612
240.2 598
240.4 644
240.6 575
240.8 580
241 590
241.2 682
241.4 594
241.6 638
241.8 572
242 657
242.2 635
242.4 567
242.6 629
242.8 645
243 629
243.2 546
243.4 632
243.6 609
243.8 590
244 631
244.2 640
244.4 602
244.6 601
244.8 609
245 627
245.2 588
245.4 618
245.6 592
245.8 639
246 628
246.2 590
246.4 630
246.6 604
246.8 586
247 554
247.2 630
247.4 597
247.6 600
247.8 589
248 613
248.2 619
248.4 590
248.6 655
248.8 578
249 636
249.2 588
249.4 619
249.6 607
249.8 618
250 596
