#total particle-self-energy nonbondedEM
100 -1796.907109829597 0 -1796.907109829597
200 -1800.802388976328 0 -1800.802388976328
300 -1866.431860756478 0 -1866.431860756478
400 -1860.812061250093 0 -1860.812061250093
500 -1825.393086040975 0 -1825.393086040975
600 -1837.311535216257 0 -1837.311535216257
700 -1805.100643870828 0 -1805.100643870828
800 -1789.255257216108 0 -1789.255257216108
900 -1817.688485031176 0 -1817.688485031176
1000 -1788.927534029703 0 -1788.927534029703
1100 -1824.327952705175 0 -1824.327952705175
1200 -1789.417070114054 0 -1789.417070114054
1300 -1772.271988032851 0 -1772.271988032851
1400 -1813.372711492004 0 -1813.372711492004
1500 -1801.462692346191 0 -1801.462692346191
1600 -1781.603178979363 0 -1781.603178979363
1700 -1711.93446642207 0 -1711.93446642207
1800 -1723.996818359097 0 -1723.996818359097
1900 -1750.709621287708 0 -1750.709621287708
2000 -1743.213848106607 0 -1743.213848106607
2100 -1775.591160868702 0 -1775.591160868702
2200 -1808.729262948968 0 -1808.729262948968
2300 -1758.273599565728 0 -1758.273599565728
2400 -1748.69880119327 0 -1748.69880119327
2500 -1822.274996015825 0 -1822.274996015825
2600 -1752.524366571102 0 -1752.524366571102
2700 -1822.021748337196 0 -1822.021748337196
2800 -1799.000553128077 0 -1799.000553128077
2900 -1793.453570354497 0 -1793.453570354497
3000 -1754.016617406625 0 -1754.016617406625
3100 -1779.447350034839 0 -1779.447350034839
3200 -1758.170115540337 0 -1758.170115540337
3300 -1755.020642779535 0 -1755.020642779535
3400 -1830.33989289531 0 -1830.33989289531
3500 -1865.119472916704 0 -1865.119472916704
3600 -1859.437675996451 0 -1859.437675996451
3700 -1845.325240441132 0 -1845.325240441132
3800 -1887.018901653588 0 -1887.018901653588
3900 -1824.081595801093 0 -1824.081595801093
4000 -1830.099678660739 0 -1830.099678660739
4100 -1793.787109612174 0 -1793.787109612174
4200 -1830.501187298913 0 -1830.501187298913
4300 -1824.406857818598 0 -1824.406857818598
4400 -1814.36531023006 0 -1814.36531023006
4500 -1773.621342950326 0 -1773.621342950326
4600 -1741.825507529487 0 -1741.825507529487
4700 -1686.145932461834 0 -1686.145932461834
4800 -1754.419884129777 0 -1754.419884129777
4900 -1773.260043677059 0 -1773.260043677059
5000 -1783.695094565861 0 -1783.695094565861
5100 -1773.672632482732 0 -1773.672632482732
5200 -1832.503251518574 0 -1832.503251518574
5300 -1798.8892039411 0 -1798.8892039411
5400 -1847.604300031555 0 -1847.604300031555
5500 -1831.56900071376 0 -1831.56900071376
5600 -1784.662944667536 0 -1784.662944667536
5700 -1845.524642808537 0 -1845.524642808537
5800 -1836.411688008055 0 -1836.411688008055
5900 -1829.05650797789 0 -1829.05650797789
6000 -1851.870028179423 0 -1851.870028179423
6100 -1830.524743029382 0 -1830.524743029382
6200 -1806.566739290254 0 -1806.566739290254
6300 -1781.801723805707 0 -1781.801723805707
6400 -1777.677561300225 0 -1777.677561300225
6500 -1787.890969964908 0 -1787.890969964908
6600 -1847.503264998319 0 -1847.503264998319
6700 -1786.712155554211 0 -1786.712155554211
6800 -1805.132283074083 0 -1805.132283074083
6900 -1827.239788099192 0 -1827.239788099192
7000 -1818.374852237093 0 -1818.374852237093
7100 -1807.018025802914 0 -1807.018025802914
7200 -1733.81711785082 0 -1733.81711785082
7300 -1767.085249805939 0 -1767.085249805939
7400 -1762.497352318373 0 -1762.497352318373
7500 -1663.892428711522 0 -1663.892428711522
7600 -1708.806528317131 0 -1708.806528317131
7700 -1694.27879465092 0 -1694.27879465092
7800 -1666.657906785491 0 -1666.657906785491
7900 -1739.558141537244 0 -1739.558141537244
8000 -1785.685577459866 0 -1785.685577459866
8100 -1811.646847281372 0 -1811.646847281372
8200 -1813.427686249837 0 -1813.427686249837
8300 -1786.261091583467 0 -1786.261091583467
8400 -1789.292634584708 0 -1789.292634584708
8500 -1812.489363701316 0 -1812.489363701316
8600 -1716.249783331063 0 -1716.249783331063
8700 -1716.904826513841 0 -1716.904826513841
8800 -1748.123959038407 0 -1748.123959038407
8900 -1756.877715605078 0 -1756.877715605078
9000 -1789.780889529502 0 -1789.780889529502
9100 -1837.449899281724 0 -1837.449899281724
9200 -1858.354314108146 0 -1858.354314108146
9300 -1893.302665099574 0 -1893.302665099574
9400 -1891.979235311126 0 -1891.979235311126
9500 -1871.989483438898 0 -1871.989483438898
9600 -1888.001466557616 0 -1888.001466557616
9700 -1826.40144041949 0 -1826.40144041949
9800 -1831.903211652883 0 -1831.903211652883
9900 -1837.092872203793 0 -1837.092872203793
10000 -1774.763858001214 0 -1774.763858001214
10100 -1743.691619228921 0 -1743.691619228921
10200 -1729.6572125167 0 -1729.6572125167
10300 -1738.400211993605 0 -1738.400211993605
10400 -1754.653802176705 0 -1754.653802176705
10500 -1738.13607353915 0 -1738.13607353915
10600 -1786.131545460434 0 -1786.131545460434
10700 -1807.629890500742 0 -1807.629890500742
10800 -1867.064564058848 0 -1867.064564058848
10900 -1824.839200532297 0 -1824.839200532297
11000 -1813.823468275164 0 -1813.823468275164
11100 -1819.640093154041 0 -1819.640093154041
11200 -1840.618088973395 0 -1840.618088973395
11300 -1847.108671636262 0 -1847.108671636262
11400 -1795.442852474691 0 -1795.442852474691
11500 -1859.357559705561 0 -1859.357559705561
11600 -1778.257073071014 0 -1778.257073071014
11700 -1767.106774228974 0 -1767.106774228974
11800 -1828.702111218823 0 -1828.702111218823
11900 -1784.443293160235 0 -1784.443293160235
12000 -1789.90651902862 0 -1789.90651902862
12100 -1827.703146949614 0 -1827.703146949614
12200 -1841.85831114115 0 -1841.85831114115
12300 -1804.925188046182 0 -1804.925188046182
12400 -1817.386163026909 0 -1817.386163026909
12500 -1824.115304666106 0 -1824.115304666106
12600 -1840.934480183059 0 -1840.934480183059
12700 -1767.839377875265 0 -1767.839377875265
12800 -1777.106982107274 0 -1777.106982107274
12900 -1801.661338414531 0 -1801.661338414531
13000 -1807.921443234693 0 -1807.921443234693
13100 -1848.06875697861 0 -1848.06875697861
13200 -1905.801870901952 0 -1905.801870901952
13300 -1866.185334119014 0 -1866.185334119014
13400 -1826.041097542737 0 -1826.041097542737
13500 -1885.596612775349 0 -1885.596612775349
13600 -1889.341184346471 0 -1889.341184346471
13700 -1893.225635122042 0 -1893.225635122042
13800 -1895.610152106849 0 -1895.610152106849
13900 -1797.760311053949 0 -1797.760311053949
14000 -1786.949876592727 0 -1786.949876592727
14100 -1797.208220736356 0 -1797.208220736356
14200 -1795.154872759129 0 -1795.154872759129
14300 -1808.864356001493 0 -1808.864356001493
14400 -1802.678058990627 0 -1802.678058990627
14500 -1779.36414197355 0 -1779.36414197355
14600 -1744.508655290818 0 -1744.508655290818
14700 -1781.093440196244 0 -1781.093440196244
14800 -1780.634249407041 0 -1780.634249407041
14900 -1736.41805762169 0 -1736.41805762169
15000 -1732.64403012814 0 -1732.64403012814
15100 -1719.178788277553 0 -1719.178788277553
15200 -1731.099023788527 0 -1731.099023788527
15300 -1698.069174425676 0 -1698.069174425676
15400 -1732.141688741744 0 -1732.141688741744
15500 -1742.090902430937 0 -1742.090902430937
15600 -1725.467658573529 0 -1725.467658573529
15700 -1733.920160875889 0 -1733.920160875889
15800 -1733.587649467867 0 -1733.587649467867
15900 -1676.502309988835 0 -1676.502309988835
16000 -1726.702999129251 0 -1726.702999129251
16100 -1734.090621151088 0 -1734.090621151088
16200 -1726.378041372634 0 -1726.378041372634
16300 -1693.891161302803 0 -1693.891161302803
16400 -1711.669520000345 0 -1711.669520000345
16500 -1622.210253797472 0 -1622.210253797472
16600 -1636.832203954691 0 -1636.832203954691
16700 -1644.010843270458 0 -1644.010843270458
16800 -1617.936199324206 0 -1617.936199324206
16900 -1713.457193653332 0 -1713.457193653332
17000 -1708.738725828094 0 -1708.738725828094
17100 -1774.343685522093 0 -1774.343685522093
17200 -1706.058911729255 0 -1706.058911729255
17300 -1710.527584533243 0 -1710.527584533243
17400 -1697.543889758468 0 -1697.543889758468
17500 -1678.942722016945 0 -1678.942722016945
17600 -1694.944034748361 0 -1694.944034748361
17700 -1672.602565174224 0 -1672.602565174224
17800 -1604.402342685033 0 -1604.402342685033
17900 -1626.771295449595 0 -1626.771295449595
18000 -1605.90306797126 0 -1605.90306797126
18100 -1587.471803733613 0 -1587.471803733613
18200 -1597.196618559537 0 -1597.196618559537
18300 -1592.468118116725 0 -1592.468118116725
18400 -1637.951218022499 0 -1637.951218022499
18500 -1637.175591872481 0 -1637.175591872481
18600 -1640.979176308945 0 -1640.979176308945
18700 -1674.129651250783 0 -1674.129651250783
18800 -1643.22486254049 0 -1643.22486254049
18900 -1662.910808449611 0 -1662.910808449611
19000 -1630.808450232435 0 -1630.808450232435
19100 -1604.771571978461 0 -1604.771571978461
19200 -1536.08824759 0 -1536.08824759
19300 -1565.373243984301 0 -1565.373243984301
19400 -1558.938757867174 0 -1558.938757867174
19500 -1545.20184181584 0 -1545.20184181584
19600 -1539.804899592418 0 -1539.804899592418
19700 -1623.924855511403 0 -1623.924855511403
19800 -1613.856673600851 0 -1613.856673600851
19900 -1644.502957913559 0 -1644.502957913559
20000 -1643.806928610196 0 -1643.806928610196
20100 -1660.757914244547 0 -1660.757914244547
20200 -1600.59984622593 0 -1600.59984622593
20300 -1590.237280555535 0 -1590.237280555535
20400 -1641.690200447687 0 -1641.690200447687
20500 -1660.798641434405 0 -1660.798641434405
20600 -1600.579270444112 0 -1600.579270444112
20700 -1556.332625753479 0 -1556.332625753479
20800 -1616.222243395285 0 -1616.222243395285
20900 -1590.045763970877 0 -1590.045763970877
21000 -1571.107928617392 0 -1571.107928617392
21100 -1656.143134145823 0 -1656.143134145823
21200 -1627.642188461614 0 -1627.642188461614
21300 -1647.623453108361 0 -1647.623453108361
21400 -1719.034670455148 0 -1719.034670455148
21500 -1697.541631734814 0 -1697.541631734814
21600 -1678.82759791537 0 -1678.82759791537
21700 -1644.477548219264 0 -1644.477548219264
21800 -1631.952280341757 0 -1631.952280341757
21900 -1634.353532328561 0 -1634.353532328561
22000 -1695.940464558662 0 -1695.940464558662
22100 -1659.727712948457 0 -1659.727712948457
22200 -1702.235244300915 0 -1702.235244300915
22300 -1727.12691441871 0 -1727.12691441871
22400 -1731.186166042055 0 -1731.186166042055
22500 -1773.504521697992 0 -1773.504521697992
22600 -1760.273541511153 0 -1760.273541511153
22700 -1710.63347630098 0 -1710.63347630098
22800 -1736.934805893543 0 -1736.934805893543
22900 -1688.503090997459 0 -1688.503090997459
23000 -1745.379009063123 0 -1745.379009063123
23100 -1732.720169826876 0 -1732.720169826876
23200 -1763.131387245376 0 -1763.131387245376
23300 -1781.896301017841 0 -1781.896301017841
23400 -1811.262514132191 0 -1811.262514132191
23500 -1827.608584113885 0 -1827.608584113885
23600 -1831.09674557281 0 -1831.09674557281
23700 -1899.074334385077 0 -1899.074334385077
23800 -1884.253563267892 0 -1884.253563267892
23900 -1874.517998437164 0 -1874.517998437164
24000 -1895.161623997614 0 -1895.161623997614
24100 -1835.167046395567 0 -1835.167046395567
24200 -1803.012331051374 0 -1803.012331051374
24300 -1723.041244005988 0 -1723.041244005988
24400 -1779.203654980025 0 -1779.203654980025
24500 -1751.460544625297 0 -1751.460544625297
24600 -1742.352730126237 0 -1742.352730126237
24700 -1737.048645301023 0 -1737.048645301023
24800 -1741.24650670297 0 -1741.24650670297
24900 -1791.692134015379 0 -1791.692134015379
25000 -1755.182082104759 0 -1755.182082104759
25100 -1763.829105528654 0 -1763.829105528654
25200 -1821.802751946379 0 -1821.802751946379
25300 -1812.57081880566 0 -1812.57081880566
25400 -1834.236549295718 0 -1834.236549295718
25500 -1769.363411514554 0 -1769.363411514554
25600 -1773.792178563119 0 -1773.792178563119
25700 -1802.927724782377 0 -1802.927724782377
25800 -1845.685868794339 0 -1845.685868794339
25900 -1839.869116011192 0 -1839.869116011192
26000 -1819.769363930682 0 -1819.769363930682
26100 -1771.359217149671 0 -1771.359217149671
26200 -1806.670608634275 0 -1806.670608634275
26300 -1760.400991571369 0 -1760.400991571369
26400 -1774.40637398028 0 -1774.40637398028
26500 -1785.246376981493 0 -1785.246376981493
26600 -1737.366315282765 0 -1737.366315282765
26700 -1789.156687434064 0 -1789.156687434064
26800 -1765.016836272553 0 -1765.016836272553
26900 -1801.143741572974 0 -1801.143741572974
27000 -1810.912926685007 0 -1810.912926685007
27100 -1800.597752657486 0 -1800.597752657486
27200 -1807.618659659754 0 -1807.618659659754
27300 -1791.886312273564 0 -1791.886312273564
27400 -1771.313462278107 0 -1771.313462278107
27500 -1737.963680573041 0 -1737.963680573041
27600 -1715.814276201883 0 -1715.814276201883
27700 -1779.571886074264 0 -1779.571886074264
27800 -1778.537415290833 0 -1778.537415290833
27900 -1706.619473113446 0 -1706.619473113446
28000 -1743.852571006864 0 -1743.852571006864
28100 -1739.596231314586 0 -1739.596231314586
28200 -1708.672315745731 0 -1708.672315745731
28300 -1652.049601080347 0 -1652.049601080347
28400 -1645.512831840548 0 -1645.512831840548
28500 -1679.808139751898 0 -1679.808139751898
28600 -1600.608056367608 0 -1600.608056367608
28700 -1664.15694819286 0 -1664.15694819286
28800 -1652.612565630814 0 -1652.612565630814
28900 -1665.381443330552 0 -1665.381443330552
29000 -1673.115704159951 0 -1673.115704159951
29100 -1686.315798881638 0 -1686.315798881638
29200 -1747.021676434902 0 -1747.021676434902
29300 -1780.879553613187 0 -1780.879553613187
29400 -1758.003157518106 0 -1758.003157518106
29500 -1750.217522785068 0 -1750.217522785068
29600 -1772.399972999789 0 -1772.399972999789
29700 -1742.569984082831 0 -1742.569984082831
29800 -1717.106395531911 0 -1717.106395531911
29900 -1721.681297397241 0 -1721.681297397241
30000 -1689.080834597999 0 -1689.080834597999
30100 -1681.735156624869 0 -1681.735156624869
30200 -1643.971348035018 0 -1643.971348035018
30300 -1598.680208978811 0 -1598.680208978811
30400 -1600.89387589004 0 -1600.89387589004
30500 -1608.038153740257 0 -1608.038153740257
30600 -1598.716178989969 0 -1598.716178989969
30700 -1616.913271272788 0 -1616.913271272788
30800 -1643.383989023743 0 -1643.383989023743
30900 -1619.094240174396 0 -1619.094240174396
31000 -1622.000096122967 0 -1622.000096122967
31100 -1651.18455222348 0 -1651.18455222348
31200 -1656.92977637914 0 -1656.92977637914
31300 -1661.855715267928 0 -1661.855715267928
31400 -1650.311857290879 0 -1650.311857290879
31500 -1661.213136553997 0 -1661.213136553997
31600 -1668.047826540191 0 -1668.047826540191
31700 -1695.50639978447 0 -1695.50639978447
31800 -1728.57990832557 0 -1728.57990832557
31900 -1718.314698512666 0 -1718.314698512666
32000 -1731.360096003191 0 -1731.360096003191
32100 -1746.257791241631 0 -1746.257791241631
32200 -1728.44363545801 0 -1728.44363545801
32300 -1745.366292188759 0 -1745.366292188759
32400 -1705.353534485854 0 -1705.353534485854
32500 -1692.41247733857 0 -1692.41247733857
32600 -1736.62012158276 0 -1736.62012158276
32700 -1725.331013221177 0 -1725.331013221177
32800 -1762.300294646295 0 -1762.300294646295
32900 -1807.675795515534 0 -1807.675795515534
33000 -1832.037920299801 0 -1832.037920299801
33100 -1760.070369099965 0 -1760.070369099965
33200 -1816.391907658894 0 -1816.391907658894
33300 -1795.245873762062 0 -1795.245873762062
33400 -1721.780891300179 0 -1721.780891300179
33500 -1778.119824265596 0 -1778.119824265596
33600 -1723.516028272454 0 -1723.516028272454
33700 -1722.325438550906 0 -1722.325438550906
33800 -1637.89697619807 0 -1637.89697619807
33900 -1685.608417714247 0 -1685.608417714247
34000 -1695.538138404721 0 -1695.538138404721
34100 -1669.10105483915 0 -1669.10105483915
34200 -1696.636495256738 0 -1696.636495256738
34300 -1673.6621417196 0 -1673.6621417196
34400 -1733.710485837655 0 -1733.710485837655
34500 -1706.67817692575 0 -1706.67817692575
34600 -1777.355298949406 0 -1777.355298949406
34700 -1766.645943968091 0 -1766.645943968091
34800 -1790.497957326472 0 -1790.497957326472
34900 -1725.231338492595 0 -1725.231338492595
35000 -1714.14699779643 0 -1714.14699779643
35100 -1715.459686009213 0 -1715.459686009213
35200 -1689.139847458398 0 -1689.139847458398
35300 -1750.301450212253 0 -1750.301450212253
35400 -1758.084033009887 0 -1758.084033009887
35500 -1726.605575323454 0 -1726.605575323454
35600 -1742.700123244082 0 -1742.700123244082
35700 -1762.406201129925 0 -1762.406201129925
35800 -1699.115772857738 0 -1699.115772857738
35900 -1615.04504766938 0 -1615.04504766938
36000 -1713.60169441672 0 -1713.60169441672
36100 -1679.448538175435 0 -1679.448538175435
36200 -1678.447797758272 0 -1678.447797758272
36300 -1710.141212286951 0 -1710.141212286951
36400 -1670.066065954161 0 -1670.066065954161
36500 -1638.849950890988 0 -1638.849950890988
36600 -1665.613249536022 0 -1665.613249536022
36700 -1702.335366951069 0 -1702.335366951069
36800 -1663.198495335324 0 -1663.198495335324
36900 -1686.881278858986 0 -1686.881278858986
37000 -1642.993947696406 0 -1642.993947696406
37100 -1602.627020746469 0 -1602.627020746469
37200 -1655.958080592609 0 -1655.958080592609
37300 -1664.404037820874 0 -1664.404037820874
37400 -1661.085864535067 0 -1661.085864535067
37500 -1701.414091684157 0 -1701.414091684157
37600 -1696.016145461472 0 -1696.016145461472
37700 -1687.46084517389 0 -1687.46084517389
37800 -1746.651319076074 0 -1746.651319076074
37900 -1801.629867234689 0 -1801.629867234689
38000 -1800.113341256976 0 -1800.113341256976
38100 -1791.016462618718 0 -1791.016462618718
38200 -1788.906740439357 0 -1788.906740439357
38300 -1799.753443765861 0 -1799.753443765861
38400 -1742.472319851979 0 -1742.472319851979
38500 -1779.655184200034 0 -1779.655184200034
38600 -1723.131638014456 0 -1723.131638014456
38700 -1696.838487642817 0 -1696.838487642817
38800 -1744.664755478268 0 -1744.664755478268
38900 -1783.023486660095 0 -1783.023486660095
39000 -1807.431279003387 0 -1807.431279003387
39100 -1777.270927426405 0 -1777.270927426405
39200 -1774.827209872194 0 -1774.827209872194
39300 -1752.110146492487 0 -1752.110146492487
39400 -1766.677679845801 0 -1766.677679845801
39500 -1723.932581938221 0 -1723.932581938221
39600 -1732.495729482966 0 -1732.495729482966
39700 -1758.619660386845 0 -1758.619660386845
39800 -1736.394899669103 0 -1736.394899669103
39900 -1718.710725682788 0 -1718.710725682788
40000 -1672.038047197042 0 -1672.038047197042
40100 -1765.683392014118 0 -1765.683392014118
40200 -1740.761036878219 0 -1740.761036878219
40300 -1773.796250926331 0 -1773.796250926331
40400 -1713.970682139276 0 -1713.970682139276
40500 -1666.779287655298 0 -1666.779287655298
40600 -1640.776148149278 0 -1640.776148149278
40700 -1667.917151978938 0 -1667.917151978938
40800 -1662.305860418128 0 -1662.305860418128
40900 -1659.925226549851 0 -1659.925226549851
41000 -1621.648921691114 0 -1621.648921691114
41100 -1675.292365153349 0 -1675.292365153349
41200 -1674.999162002001 0 -1674.999162002001
41300 -1644.461248205043 0 -1644.461248205043
41400 -1636.467448632466 0 -1636.467448632466
41500 -1698.329186652903 0 -1698.329186652903
41600 -1663.187673609937 0 -1663.187673609937
41700 -1653.149379312061 0 -1653.149379312061
41800 -1709.356435759459 0 -1709.356435759459
41900 -1662.470196360024 0 -1662.470196360024
42000 -1695.272566428182 0 -1695.272566428182
42100 -1695.01299728197 0 -1695.01299728197
42200 -1727.215599648654 0 -1727.215599648654
42300 -1701.725670990068 0 -1701.725670990068
42400 -1739.423234938527 0 -1739.423234938527
42500 -1660.867013419978 0 -1660.867013419978
42600 -1680.31138057448 0 -1680.31138057448
42700 -1676.902082304121 0 -1676.902082304121
42800 -1653.504311972298 0 -1653.504311972298
42900 -1657.430934803211 0 -1657.430934803211
43000 -1692.158900239854 0 -1692.158900239854
43100 -1702.043174682003 0 -1702.043174682003
43200 -1698.949973029252 0 -1698.949973029252
43300 -1744.355342829069 0 -1744.355342829069
43400 -1738.845361410989 0 -1738.845361410989
43500 -1733.384955250076 0 -1733.384955250076
43600 -1724.175415851525 0 -1724.175415851525
43700 -1725.291440308662 0 -1725.291440308662
43800 -1706.280108193572 0 -1706.280108193572
43900 -1741.654955561578 0 -1741.654955561578
44000 -1683.018413799815 0 -1683.018413799815
44100 -1679.788291463163 0 -1679.788291463163
44200 -1677.083757375251 0 -1677.083757375251
44300 -1676.006435105577 0 -1676.006435105577
44400 -1686.757271436043 0 -1686.757271436043
44500 -1564.942571416206 0 -1564.942571416206
44600 -1561.720139094628 0 -1561.720139094628
44700 -1554.02118673618 0 -1554.02118673618
44800 -1530.247423435794 0 -1530.247423435794
44900 -1480.343071457464 0 -1480.343071457464
45000 -1470.40273329732 0 -1470.40273329732
45100 -1430.817718496546 0 -1430.817718496546
45200 -1442.520770862466 0 -1442.520770862466
45300 -1418.422403068282 0 -1418.422403068282
45400 -1410.953307180433 0 -1410.953307180433
45500 -1400.036809615791 0 -1400.036809615791
45600 -1368.540177163901 0 -1368.540177163901
45700 -1369.81501480483 0 -1369.81501480483
45800 -1385.225982546108 0 -1385.225982546108
45900 -1324.705791977758 0 -1324.705791977758
46000 -1341.993975362508 0 -1341.993975362508
46100 -1305.357018378563 0 -1305.357018378563
46200 -1389.728682572721 0 -1389.728682572721
46300 -1419.309315380699 0 -1419.309315380699
46400 -1444.120252307039 0 -1444.120252307039
46500 -1447.813989062852 0 -1447.813989062852
46600 -1439.139658322325 0 -1439.139658322325
46700 -1432.329273654657 0 -1432.329273654657
46800 -1426.822322040796 0 -1426.822322040796
46900 -1441.385730671813 0 -1441.385730671813
47000 -1414.411475330591 0 -1414.411475330591
47100 -1423.938696010504 0 -1423.938696010504
47200 -1412.173275413341 0 -1412.173275413341
47300 -1404.276322996477 0 -1404.276322996477
47400 -1465.993489226326 0 -1465.993489226326
47500 -1475.203290467616 0 -1475.203290467616
47600 -1448.210103971651 0 -1448.210103971651
47700 -1456.210898220772 0 -1456.210898220772
47800 -1495.458107891522 0 -1495.458107891522
47900 -1446.762129020295 0 -1446.762129020295
48000 -1473.579163565999 0 -1473.579163565999
48100 -1424.770338889328 0 -1424.770338889328
48200 -1439.120918246452 0 -1439.120918246452
48300 -1436.453842898132 0 -1436.453842898132
48400 -1378.366601094138 0 -1378.366601094138
48500 -1366.880655078217 0 -1366.880655078217
48600 -1408.665253417712 0 -1408.665253417712
48700 -1402.278653166475 0 -1402.278653166475
48800 -1414.16831098916 0 -1414.16831098916
48900 -1415.898672995856 0 -1415.898672995856
49000 -1466.411956392927 0 -1466.411956392927
49100 -1431.117489254422 0 -1431.117489254422
49200 -1496.509666769532 0 -1496.509666769532
49300 -1497.670543084569 0 -1497.670543084569
49400 -1466.010832575266 0 -1466.010832575266
49500 -1489.309785590624 0 -1489.309785590624
49600 -1463.896883531241 0 -1463.896883531241
49700 -1488.282407440012 0 -1488.282407440012
49800 -1501.282033636468 0 -1501.282033636468
49900 -1494.948528889334 0 -1494.948528889334
50000 -1435.96830687928 0 -1435.96830687928
50100 -1487.599092224147 0 -1487.599092224147
50200 -1496.26163171255 0 -1496.26163171255
50300 -1507.356479434529 0 -1507.356479434529
50400 -1400.083323533181 0 -1400.083323533181
50500 -1467.21150650084 0 -1467.21150650084
50600 -1471.99414247286 0 -1471.99414247286
50700 -1475.884637229407 0 -1475.884637229407
50800 -1435.035913115134 0 -1435.035913115134
50900 -1408.946698921034 0 -1408.946698921034
51000 -1453.317395302583 0 -1453.317395302583
51100 -1512.633147530491 0 -1512.633147530491
51200 -1505.387123147841 0 -1505.387123147841
51300 -1525.060114691732 0 -1525.060114691732
51400 -1483.848687001271 0 -1483.848687001271
51500 -1491.212563358975 0 -1491.212563358975
51600 -1457.148790671956 0 -1457.148790671956
51700 -1513.111695732106 0 -1513.111695732106
51800 -1499.394926028093 0 -1499.394926028093
51900 -1474.27803476667 0 -1474.27803476667
52000 -1516.101918844273 0 -1516.101918844273
52100 -1451.165229550097 0 -1451.165229550097
52200 -1441.204993114807 0 -1441.204993114807
52300 -1455.305199635215 0 -1455.305199635215
52400 -1463.474517642288 0 -1463.474517642288
52500 -1430.945257997373 0 -1430.945257997373
52600 -1487.218110906542 0 -1487.218110906542
52700 -1493.803547420655 0 -1493.803547420655
52800 -1469.376400553389 0 -1469.376400553389
52900 -1494.126045635203 0 -1494.126045635203
53000 -1474.785360793117 0 -1474.785360793117
53100 -1516.25917729619 0 -1516.25917729619
53200 -1525.189943727339 0 -1525.189943727339
53300 -1487.174165579956 0 -1487.174165579956
53400 -1474.06100059743 0 -1474.06100059743
53500 -1461.706918941112 0 -1461.706918941112
53600 -1399.414983968018 0 -1399.414983968018
53700 -1448.853122609667 0 -1448.853122609667
53800 -1462.440790418535 0 -1462.440790418535
53900 -1471.928230649093 0 -1471.928230649093
54000 -1431.027567443904 0 -1431.027567443904
54100 -1396.637893358944 0 -1396.637893358944
54200 -1394.394611390308 0 -1394.394611390308
54300 -1438.223806920461 0 -1438.223806920461
54400 -1459.164259833087 0 -1459.164259833087
54500 -1510.308419159381 0 -1510.308419159381
54600 -1468.053438959178 0 -1468.053438959178
54700 -1499.967132251943 0 -1499.967132251943
54800 -1456.936586680822 0 -1456.936586680822
54900 -1413.623519847868 0 -1413.623519847868
55000 -1423.265789950732 0 -1423.265789950732
55100 -1438.418315251125 0 -1438.418315251125
55200 -1398.68999334285 0 -1398.68999334285
55300 -1406.755464296904 0 -1406.755464296904
55400 -1457.946577345487 0 -1457.946577345487
55500 -1459.026028346503 0 -1459.026028346503
55600 -1432.903872226831 0 -1432.903872226831
55700 -1397.006017042557 0 -1397.006017042557
55800 -1438.743848257698 0 -1438.743848257698
55900 -1394.986747685121 0 -1394.986747685121
56000 -1382.265275377664 0 -1382.265275377664
56100 -1329.126579235657 0 -1329.126579235657
56200 -1322.215010009473 0 -1322.215010009473
56300 -1326.311602639464 0 -1326.311602639464
56400 -1289.364656773309 0 -1289.364656773309
56500 -1254.574908012524 0 -1254.574908012524
56600 -1270.163762306052 0 -1270.163762306052
56700 -1319.534699594136 0 -1319.534699594136
56800 -1278.518017822877 0 -1278.518017822877
56900 -1253.855270196917 0 -1253.855270196917
57000 -1340.911412757589 0 -1340.911412757589
57100 -1331.808644079603 0 -1331.808644079603
57200 -1315.723284634762 0 -1315.723284634762
57300 -1312.191225371091 0 -1312.191225371091
57400 -1317.792653331999 0 -1317.792653331999
57500 -1314.208783076378 0 -1314.208783076378
57600 -1312.317558714421 0 -1312.317558714421
57700 -1273.668373106513 0 -1273.668373106513
57800 -1273.765707207378 0 -1273.765707207378
57900 -1303.617925036699 0 -1303.617925036699
58000 -1285.968571904115 0 -1285.968571904115
58100 -1266.465248540044 0 -1266.465248540044
58200 -1285.677884268982 0 -1285.677884268982
58300 -1271.379137006123 0 -1271.379137006123
58400 -1293.75260742777 0 -1293.75260742777
58500 -1336.626428411604 0 -1336.626428411604
58600 -1364.82105929649 0 -1364.82105929649
58700 -1397.820003528148 0 -1397.820003528148
58800 -1364.458180245012 0 -1364.458180245012
58900 -1371.702835404081 0 -1371.702835404081
59000 -1403.39996825112 0 -1403.39996825112
59100 -1418.743667652365 0 -1418.743667652365
59200 -1409.475446642144 0 -1409.475446642144
59300 -1380.755772856064 0 -1380.755772856064
59400 -1319.036132833455 0 -1319.036132833455
59500 -1383.99324053654 0 -1383.99324053654
59600 -1375.465670617064 0 -1375.465670617064
59700 -1387.643673755229 0 -1387.643673755229
59800 -1379.155481786689 0 -1379.155481786689
59900 -1351.143125201172 0 -1351.143125201172
60000 -1394.154019781916 0 -1394.154019781916
60100 -1464.755963238887 0 -1464.755963238887
60200 -1445.608599206433 0 -1445.608599206433
60300 -1393.174345787382 0 -1393.174345787382
60400 -1380.158644028008 0 -1380.158644028008
60500 -1395.008079511346 0 -1395.008079511346
60600 -1456.868539371528 0 -1456.868539371528
60700 -1441.36473064241 0 -1441.36473064241
60800 -1411.161288493313 0 -1411.161288493313
60900 -1353.491428828798 0 -1353.491428828798
61000 -1380.174639791017 0 -1380.174639791017
61100 -1344.387451706803 0 -1344.387451706803
61200 -1329.370266939746 0 -1329.370266939746
61300 -1365.117630442619 0 -1365.117630442619
61400 -1370.275764959282 0 -1370.275764959282
61500 -1319.072471737163 0 -1319.072471737163
61600 -1336.645838452037 0 -1336.645838452037
61700 -1257.304837389849 0 -1257.304837389849
61800 -1309.419659987325 0 -1309.419659987325
61900 -1255.165677004494 0 -1255.165677004494
62000 -1285.757299966586 0 -1285.757299966586
62100 -1351.224701023195 0 -1351.224701023195
62200 -1265.014429499162 0 -1265.014429499162
62300 -1265.759542134299 0 -1265.759542134299
62400 -1249.911454671586 0 -1249.911454671586
62500 -1260.543857366079 0 -1260.543857366079
62600 -1221.037393318722 0 -1221.037393318722
62700 -1248.683922796277 0 -1248.683922796277
62800 -1252.981831425568 0 -1252.981831425568
62900 -1214.373305018991 0 -1214.373305018991
63000 -1185.44849150395 0 -1185.44849150395
63100 -1217.236519224476 0 -1217.236519224476
63200 -1265.032752592582 0 -1265.032752592582
63300 -1253.664139738306 0 -1253.664139738306
63400 -1260.606632486742 0 -1260.606632486742
63500 -1288.787809780333 0 -1288.787809780333
63600 -1304.277864136908 0 -1304.277864136908
63700 -1353.423381383764 0 -1353.423381383764
63800 -1325.344323284691 0 -1325.344323284691
63900 -1282.428444733261 0 -1282.428444733261
64000 -1298.213156158978 0 -1298.213156158978
64100 -1350.578814393841 0 -1350.578814393841
64200 -1364.706656544644 0 -1364.706656544644
64300 -1391.18183360761 0 -1391.18183360761
64400 -1412.307166987099 0 -1412.307166987099
64500 -1402.190039783483 0 -1402.190039783483
64600 -1432.741705782479 0 -1432.741705782479
64700 -1374.228348168836 0 -1374.228348168836
64800 -1413.420165373245 0 -1413.420165373245
64900 -1391.1315499302 0 -1391.1315499302
65000 -1488.942956912098 0 -1488.942956912098
65100 -1408.487699631136 0 -1408.487699631136
65200 -1425.616775105475 0 -1425.616775105475
65300 -1421.117336774711 0 -1421.117336774711
65400 -1421.346819055034 0 -1421.346819055034
65500 -1407.264003790326 0 -1407.264003790326
65600 -1428.162502289983 0 -1428.162502289983
65700 -1432.999466683948 0 -1432.999466683948
65800 -1406.612347317627 0 -1406.612347317627
65900 -1381.797695659887 0 -1381.797695659887
66000 -1424.724187500251 0 -1424.724187500251
66100 -1418.57520778419 0 -1418.57520778419
66200 -1340.196901925374 0 -1340.196901925374
66300 -1351.884745648538 0 -1351.884745648538
66400 -1439.371730148559 0 -1439.371730148559
66500 -1407.081851874245 0 -1407.081851874245
66600 -1391.548265825026 0 -1391.548265825026
66700 -1389.825930926716 0 -1389.825930926716
66800 -1395.244802148547 0 -1395.244802148547
66900 -1407.572859480046 0 -1407.572859480046
67000 -1416.008383877575 0 -1416.008383877575
67100 -1402.500868406147 0 -1402.500868406147
67200 -1475.805811706348 0 -1475.805811706348
67300 -1441.105692793382 0 -1441.105692793382
67400 -1457.553849891876 0 -1457.553849891876
67500 -1464.171047544805 0 -1464.171047544805
67600 -1456.191708931699 0 -1456.191708931699
67700 -1400.193970873486 0 -1400.193970873486
67800 -1398.273358567385 0 -1398.273358567385
67900 -1382.617553990567 0 -1382.617553990567
68000 -1365.572531455895 0 -1365.572531455895
68100 -1386.590571399312 0 -1386.590571399312
68200 -1412.532933009788 0 -1412.532933009788
68300 -1482.408796000993 0 -1482.408796000993
68400 -1479.248788767494 0 -1479.248788767494
68500 -1478.464357664983 0 -1478.464357664983
68600 -1507.82291442249 0 -1507.82291442249
68700 -1522.071240095189 0 -1522.071240095189
68800 -1494.603540475655 0 -1494.603540475655
68900 -1544.03588045924 0 -1544.03588045924
69000 -1533.82771571679 0 -1533.82771571679
69100 -1530.194313864922 0 -1530.194313864922
69200 -1494.20409193146 0 -1494.20409193146
69300 -1440.254733455135 0 -1440.254733455135
69400 -1476.764762171544 0 -1476.764762171544
69500 -1468.234076547669 0 -1468.234076547669
69600 -1460.534272697289 0 -1460.534272697289
69700 -1422.822131124791 0 -1422.822131124791
69800 -1492.699230158469 0 -1492.699230158469
69900 -1470.707856410183 0 -1470.707856410183
70000 -1477.409589686897 0 -1477.409589686897
70100 -1453.348851509421 0 -1453.348851509421
70200 -1480.669370576274 0 -1480.669370576274
70300 -1519.177993852412 0 -1519.177993852412
70400 -1505.333875983488 0 -1505.333875983488
70500 -1524.328310811892 0 -1524.328310811892
70600 -1490.74053286924 0 -1490.74053286924
70700 -1487.147469895193 0 -1487.147469895193
70800 -1504.98569481913 0 -1504.98569481913
70900 -1533.372151477495 0 -1533.372151477495
71000 -1501.082440526225 0 -1501.082440526225
71100 -1512.317217352567 0 -1512.317217352567
71200 -1461.721758737986 0 -1461.721758737986
71300 -1434.576372374548 0 -1434.576372374548
71400 -1471.570124140009 0 -1471.570124140009
71500 -1474.937524624169 0 -1474.937524624169
71600 -1457.523070903029 0 -1457.523070903029
71700 -1432.836904209806 0 -1432.836904209806
71800 -1439.114865054609 0 -1439.114865054609
71900 -1415.054899845738 0 -1415.054899845738
72000 -1461.381782969227 0 -1461.381782969227
72100 -1427.23362700874 0 -1427.23362700874
72200 -1431.711035070475 0 -1431.711035070475
72300 -1420.743382338493 0 -1420.743382338493
72400 -1490.810934967827 0 -1490.810934967827
72500 -1467.5769904966 0 -1467.5769904966
72600 -1456.828241722309 0 -1456.828241722309
72700 -1534.09443802177 0 -1534.09443802177
72800 -1548.935926845646 0 -1548.935926845646
72900 -1506.02335415245 0 -1506.02335415245
73000 -1532.027102642693 0 -1532.027102642693
73100 -1471.603857077658 0 -1471.603857077658
73200 -1468.947910041548 0 -1468.947910041548
73300 -1446.493676594459 0 -1446.493676594459
73400 -1422.173872210784 0 -1422.173872210784
73500 -1386.511179412832 0 -1386.511179412832
73600 -1450.174244698836 0 -1450.174244698836
73700 -1491.483335172758 0 -1491.483335172758
73800 -1471.715049192775 0 -1471.715049192775
73900 -1507.687881902908 0 -1507.687881902908
74000 -1574.963283007499 0 -1574.963283007499
74100 -1506.022820910206 0 -1506.022820910206
74200 -1570.72493743035 0 -1570.72493743035
74300 -1599.899783078581 0 -1599.899783078581
74400 -1565.394066646753 0 -1565.394066646753
74500 -1499.151884748135 0 -1499.151884748135
74600 -1535.740409612074 0 -1535.740409612074
74700 -1595.426393726113 0 -1595.426393726113
74800 -1611.326403203304 0 -1611.326403203304
74900 -1634.608050473267 0 -1634.608050473267
75000 -1607.407051154878 0 -1607.407051154878
75100 -1595.708979611518 0 -1595.708979611518
75200 -1583.326604648726 0 -1583.326604648726
75300 -1525.474335436185 0 -1525.474335436185
75400 -1486.651595456991 0 -1486.651595456991
75500 -1469.880253066309 0 -1469.880253066309
75600 -1538.405060314806 0 -1538.405060314806
75700 -1512.088512489558 0 -1512.088512489558
75800 -1472.276987815028 0 -1472.276987815028
75900 -1518.836089493459 0 -1518.836089493459
76000 -1545.360726345796 0 -1545.360726345796
76100 -1587.770456923754 0 -1587.770456923754
76200 -1523.920517339691 0 -1523.920517339691
76300 -1516.723898125347 0 -1516.723898125347
76400 -1549.055797844819 0 -1549.055797844819
76500 -1521.842767557624 0 -1521.842767557624
76600 -1545.913448176812 0 -1545.913448176812
76700 -1510.372183436761 0 -1510.372183436761
76800 -1461.31882209453 0 -1461.31882209453
76900 -1446.486345613841 0 -1446.486345613841
77000 -1457.569141724147 0 -1457.569141724147
77100 -1488.264859295683 0 -1488.264859295683
77200 -1545.412590462249 0 -1545.412590462249
77300 -1474.248191451639 0 -1474.248191451639
77400 -1477.953302349546 0 -1477.953302349546
77500 -1477.244354314113 0 -1477.244354314113
77600 -1489.060792941484 0 -1489.060792941484
77700 -1507.213479263417 0 -1507.213479263417
77800 -1523.029586329765 0 -1523.029586329765
77900 -1523.208060281526 0 -1523.208060281526
78000 -1478.881300753506 0 -1478.881300753506
78100 -1549.893304294441 0 -1549.893304294441
78200 -1564.413911417825 0 -1564.413911417825
78300 -1532.598228455056 0 -1532.598228455056
78400 -1493.753041254124 0 -1493.753041254124
78500 -1519.150968803093 0 -1519.150968803093
78600 -1538.361013904359 0 -1538.361013904359
78700 -1535.87374315504 0 -1535.87374315504
78800 -1474.912687499425 0 -1474.912687499425
78900 -1444.779794940492 0 -1444.779794940492
79000 -1484.079462539637 0 -1484.079462539637
79100 -1438.378443334019 0 -1438.378443334019
79200 -1419.197472592001 0 -1419.197472592001
79300 -1365.181085196557 0 -1365.181085196557
79400 -1377.092757100472 0 -1377.092757100472
79500 -1438.719763674424 0 -1438.719763674424
79600 -1417.152748487424 0 -1417.152748487424
79700 -1379.394237055909 0 -1379.394237055909
79800 -1429.535737934522 0 -1429.535737934522
79900 -1468.705430908478 0 -1468.705430908478
80000 -1479.853111906676 0 -1479.853111906676
80100 -1470.702041407814 0 -1470.702041407814
80200 -1450.929313552217 0 -1450.929313552217
80300 -1402.502034628531 0 -1402.502034628531
80400 -1443.638806236209 0 -1443.638806236209
80500 -1430.171733500203 0 -1430.171733500203
80600 -1415.244579646271 0 -1415.244579646271
80700 -1425.149008689215 0 -1425.149008689215
80800 -1428.630214449076 0 -1428.630214449076
80900 -1381.773301976733 0 -1381.773301976733
81000 -1397.927067091689 0 -1397.927067091689
81100 -1370.889187578941 0 -1370.889187578941
81200 -1319.327007185726 0 -1319.327007185726
81300 -1288.149262404302 0 -1288.149262404302
81400 -1282.429969504912 0 -1282.429969504912
81500 -1337.366668398259 0 -1337.366668398259
81600 -1301.94268752262 0 -1301.94268752262
81700 -1339.588565161452 0 -1339.588565161452
81800 -1376.100713555468 0 -1376.100713555468
81900 -1391.026736102067 0 -1391.026736102067
82000 -1422.325389278587 0 -1422.325389278587
82100 -1467.760374340462 0 -1467.760374340462
82200 -1481.767089344561 0 -1481.767089344561
82300 -1453.604841885855 0 -1453.604841885855
82400 -1495.414537708857 0 -1495.414537708857
82500 -1361.788174395682 0 -1361.788174395682
82600 -1293.014890672639 0 -1293.014890672639
82700 -1372.893802873325 0 -1372.893802873325
82800 -1367.543213945813 0 -1367.543213945813
82900 -1383.762594063533 0 -1383.762594063533
83000 -1336.837331717834 0 -1336.837331717834
83100 -1345.24313720892 0 -1345.24313720892
83200 -1327.538875838276 0 -1327.538875838276
83300 -1354.874827316962 0 -1354.874827316962
83400 -1353.070740825264 0 -1353.070740825264
83500 -1357.898694887059 0 -1357.898694887059
83600 -1391.945090044406 0 -1391.945090044406
83700 -1408.565314786509 0 -1408.565314786509
83800 -1344.847680759151 0 -1344.847680759151
83900 -1374.022439315042 0 -1374.022439315042
84000 -1373.135680525796 0 -1373.135680525796
84100 -1383.418294095434 0 -1383.418294095434
84200 -1311.435252454132 0 -1311.435252454132
84300 -1335.587551759789 0 -1335.587551759789
84400 -1325.56192677631 0 -1325.56192677631
84500 -1368.097036374733 0 -1368.097036374733
84600 -1332.788689387729 0 -1332.788689387729
84700 -1338.072778757662 0 -1338.072778757662
84800 -1346.474617579021 0 -1346.474617579021
84900 -1409.459156729048 0 -1409.459156729048
85000 -1468.427007997641 0 -1468.427007997641
85100 -1584.176401037024 0 -1584.176401037024
85200 -1626.004179007823 0 -1626.004179007823
85300 -1558.865480357548 0 -1558.865480357548
85400 -1562.248616915196 0 -1562.248616915196
85500 -1548.636030341266 0 -1548.636030341266
85600 -1509.352416166104 0 -1509.352416166104
85700 -1527.405616989126 0 -1527.405616989126
85800 -1579.078670496354 0 -1579.078670496354
85900 -1561.811221287353 0 -1561.811221287353
86000 -1538.800881659146 0 -1538.800881659146
86100 -1549.683210681425 0 -1549.683210681425
86200 -1537.614375557052 0 -1537.614375557052
86300 -1560.733753162785 0 -1560.733753162785
86400 -1515.73580576689 0 -1515.73580576689
86500 -1558.53040595795 0 -1558.53040595795
86600 -1572.073849526845 0 -1572.073849526845
86700 -1548.274264820851 0 -1548.274264820851
86800 -1522.156302923569 0 -1522.156302923569
86900 -1571.240290272515 0 -1571.240290272515
87000 -1579.609244856983 0 -1579.609244856983
87100 -1574.233487446581 0 -1574.233487446581
87200 -1602.127922422806 0 -1602.127922422806
87300 -1626.441300538601 0 -1626.441300538601
87400 -1611.441734326538 0 -1611.441734326538
87500 -1650.319665243616 0 -1650.319665243616
87600 -1638.496430445346 0 -1638.496430445346
87700 -1609.31566939794 0 -1609.31566939794
87800 -1626.701202461496 0 -1626.701202461496
87900 -1730.770664236858 0 -1730.770664236858
88000 -1765.018552156631 0 -1765.018552156631
88100 -1729.776780632092 0 -1729.776780632092
88200 -1702.874782121289 0 -1702.874782121289
88300 -1701.053253000136 0 -1701.053253000136
88400 -1727.33023954113 0 -1727.33023954113
88500 -1738.15376706807 0 -1738.15376706807
88600 -1723.656428146438 0 -1723.656428146438
88700 -1678.792070545649 0 -1678.792070545649
88800 -1713.097989058006 0 -1713.097989058006
88900 -1621.510220037191 0 -1621.510220037191
89000 -1645.529727500849 0 -1645.529727500849
89100 -1670.225734864551 0 -1670.225734864551
89200 -1654.451310137054 0 -1654.451310137054
89300 -1684.277898182161 0 -1684.277898182161
89400 -1738.677733469172 0 -1738.677733469172
89500 -1714.898914393503 0 -1714.898914393503
89600 -1736.330110125011 0 -1736.330110125011
89700 -1690.357429250143 0 -1690.357429250143
89800 -1674.907264852547 0 -1674.907264852547
89900 -1657.583377203671 0 -1657.583377203671
90000 -1667.110883971647 0 -1667.110883971647
90100 -1672.891074682542 0 -1672.891074682542
90200 -1644.917914632708 0 -1644.917914632708
90300 -1600.106086983811 0 -1600.106086983811
90400 -1591.345841108123 0 -1591.345841108123
90500 -1634.190546131518 0 -1634.190546131518
90600 -1627.063179414719 0 -1627.063179414719
90700 -1693.717062278185 0 -1693.717062278185
90800 -1670.258053002879 0 -1670.258053002879
90900 -1629.729617545847 0 -1629.729617545847
91000 -1612.796944640577 0 -1612.796944640577
91100 -1575.872996948194 0 -1575.872996948194
91200 -1566.783436944475 0 -1566.783436944475
91300 -1565.082191605004 0 -1565.082191605004
91400 -1594.937906709034 0 -1594.937906709034
91500 -1585.387530799722 0 -1585.387530799722
91600 -1595.19435155415 0 -1595.19435155415
91700 -1575.690925472474 0 -1575.690925472474
91800 -1623.34006590466 0 -1623.34006590466
91900 -1591.685161906062 0 -1591.685161906062
92000 -1583.041569920024 0 -1583.041569920024
92100 -1634.45898932172 0 -1634.45898932172
92200 -1686.507692763116 0 -1686.507692763116
92300 -1658.408994290512 0 -1658.408994290512
92400 -1679.042542428244 0 -1679.042542428244
92500 -1647.415286843665 0 -1647.415286843665
92600 -1589.07984603988 0 -1589.07984603988
92700 -1625.002790159546 0 -1625.002790159546
92800 -1513.286519481335 0 -1513.286519481335
92900 -1584.597592139849 0 -1584.597592139849
93000 -1583.428214398678 0 -1583.428214398678
93100 -1611.781544028781 0 -1611.781544028781
93200 -1551.128161986358 0 -1551.128161986358
93300 -1536.231811476406 0 -1536.231811476406
93400 -1551.352782767615 0 -1551.352782767615
93500 -1497.155066326028 0 -1497.155066326028
93600 -1514.604235245381 0 -1514.604235245381
93700 -1502.327033799607 0 -1502.327033799607
93800 -1469.829826476751 0 -1469.829826476751
93900 -1476.797385067213 0 -1476.797385067213
94000 -1469.757207248127 0 -1469.757207248127
94100 -1487.985534062027 0 -1487.985534062027
94200 -1482.8496107338 0 -1482.8496107338
94300 -1572.326575962594 0 -1572.326575962594
94400 -1491.171060711844 0 -1491.171060711844
94500 -1507.575057469076 0 -1507.575057469076
94600 -1490.74681307259 0 -1490.74681307259
94700 -1497.287385103758 0 -1497.287385103758
94800 -1483.814071229659 0 -1483.814071229659
94900 -1443.827816546662 0 -1443.827816546662
95000 -1514.608275347855 0 -1514.608275347855
95100 -1479.554817517754 0 -1479.554817517754
95200 -1417.840907139238 0 -1417.840907139238
95300 -1435.768895586487 0 -1435.768895586487
95400 -1451.024773240089 0 -1451.024773240089
95500 -1459.078893220285 0 -1459.078893220285
95600 -1439.054820641875 0 -1439.054820641875
95700 -1463.045638913987 0 -1463.045638913987
95800 -1436.943595796591 0 -1436.943595796591
95900 -1501.396937131882 0 -1501.396937131882
96000 -1458.659946015861 0 -1458.659946015861
96100 -1453.146836849861 0 -1453.146836849861
96200 -1472.826554961037 0 -1472.826554961037
96300 -1464.692273168534 0 -1464.692273168534
96400 -1382.477500320878 0 -1382.477500320878
96500 -1444.116198440781 0 -1444.116198440781
96600 -1446.212790363541 0 -1446.212790363541
96700 -1419.283814543189 0 -1419.283814543189
96800 -1430.487056927988 0 -1430.487056927988
96900 -1428.583110143663 0 -1428.583110143663
97000 -1445.243300545859 0 -1445.243300545859
97100 -1457.914530304261 0 -1457.914530304261
97200 -1510.353744837223 0 -1510.353744837223
97300 -1449.904064567527 0 -1449.904064567527
97400 -1447.809423713945 0 -1447.809423713945
97500 -1411.860922821797 0 -1411.860922821797
97600 -1390.250204275595 0 -1390.250204275595
97700 -1438.948399563931 0 -1438.948399563931
97800 -1418.196895847796 0 -1418.196895847796
97900 -1396.370623413706 0 -1396.370623413706
98000 -1455.181541098049 0 -1455.181541098049
98100 -1437.143265272025 0 -1437.143265272025
98200 -1490.393773050746 0 -1490.393773050746
98300 -1491.712016513105 0 -1491.712016513105
98400 -1511.197259491542 0 -1511.197259491542
98500 -1483.558538149809 0 -1483.558538149809
98600 -1459.404460080201 0 -1459.404460080201
98700 -1492.855541179422 0 -1492.855541179422
98800 -1450.424586845795 0 -1450.424586845795
98900 -1440.352032568539 0 -1440.352032568539
99000 -1499.784131029097 0 -1499.784131029097
99100 -1463.811579187401 0 -1463.811579187401
99200 -1517.925305917975 0 -1517.925305917975
99300 -1527.379704640713 0 -1527.379704640713
99400 -1506.399424907722 0 -1506.399424907722
99500 -1499.384333287599 0 -1499.384333287599
99600 -1498.897126974887 0 -1498.897126974887
99700 -1459.97272534552 0 -1459.97272534552
99800 -1445.013619609876 0 -1445.013619609876
99900 -1440.070612623356 0 -1440.070612623356
100000 -1445.21410768223 0 -1445.21410768223
100100 -1448.4988257566 0 -1448.4988257566
100200 -1427.529187569395 0 -1427.529187569395
100300 -1467.716967660701 0 -1467.716967660701
100400 -1442.464863238158 0 -1442.464863238158
100500 -1421.250629252056 0 -1421.250629252056
100600 -1420.818771628139 0 -1420.818771628139
100700 -1380.046339591034 0 -1380.046339591034
100800 -1396.888756976841 0 -1396.888756976841
100900 -1388.774834024196 0 -1388.774834024196
101000 -1442.435115996981 0 -1442.435115996981
101100 -1475.34377339331 0 -1475.34377339331
101200 -1457.144569665776 0 -1457.144569665776
101300 -1453.372639538487 0 -1453.372639538487
101400 -1527.870284479111 0 -1527.870284479111
101500 -1527.996233492158 0 -1527.996233492158
101600 -1562.616333117679 0 -1562.616333117679
101700 -1485.327088788457 0 -1485.327088788457
101800 -1501.890674233204 0 -1501.890674233204
101900 -1430.76366926753 0 -1430.76366926753
102000 -1459.094388963596 0 -1459.094388963596
102100 -1498.797549159965 0 -1498.797549159965
102200 -1476.287675275467 0 -1476.287675275467
102300 -1480.952487999108 0 -1480.952487999108
102400 -1475.730376487365 0 -1475.730376487365
102500 -1421.079300035723 0 -1421.079300035723
102600 -1435.053418196738 0 -1435.053418196738
102700 -1467.077641489683 0 -1467.077641489683
102800 -1429.296002413845 0 -1429.296002413845
102900 -1424.369194682222 0 -1424.369194682222
103000 -1430.169306763855 0 -1430.169306763855
103100 -1455.188668561634 0 -1455.188668561634
103200 -1419.03899733373 0 -1419.03899733373
103300 -1391.058736872626 0 -1391.058736872626
103400 -1393.411179688759 0 -1393.411179688759
103500 -1405.64646701701 0 -1405.64646701701
103600 -1386.049162360374 0 -1386.049162360374
103700 -1394.274831522256 0 -1394.274831522256
103800 -1396.517046103952 0 -1396.517046103952
103900 -1348.425659900066 0 -1348.425659900066
104000 -1338.847982334846 0 -1338.847982334846
104100 -1349.413065618137 0 -1349.413065618137
104200 -1394.945826142837 0 -1394.945826142837
104300 -1397.727808223804 0 -1397.727808223804
104400 -1456.678343563792 0 -1456.678343563792
104500 -1453.778782850131 0 -1453.778782850131
104600 -1406.574006831506 0 -1406.574006831506
104700 -1403.594170907047 0 -1403.594170907047
104800 -1427.222155673197 0 -1427.222155673197
104900 -1411.703419427271 0 -1411.703419427271
105000 -1425.899933032459 0 -1425.899933032459
105100 -1416.352169132791 0 -1416.352169132791
105200 -1411.74698931654 0 -1411.74698931654
105300 -1433.923919473775 0 -1433.923919473775
105400 -1437.31543599625 0 -1437.31543599625
105500 -1436.645524923922 0 -1436.645524923922
105600 -1377.541486997798 0 -1377.541486997798
105700 -1357.121408744715 0 -1357.121408744715
105800 -1455.124655442312 0 -1455.124655442312
105900 -1443.500123637379 0 -1443.500123637379
106000 -1430.839538933709 0 -1430.839538933709
106100 -1457.708530196508 0 -1457.708530196508
106200 -1416.735863909416 0 -1416.735863909416
106300 -1441.277420334518 0 -1441.277420334518
106400 -1359.288816029672 0 -1359.288816029672
106500 -1337.46058545803 0 -1337.46058545803
106600 -1334.424538360268 0 -1334.424538360268
106700 -1289.76608864055 0 -1289.76608864055
106800 -1320.855957047199 0 -1320.855957047199
106900 -1372.184717755939 0 -1372.184717755939
107000 -1402.798478938174 0 -1402.798478938174
107100 -1432.492083320045 0 -1432.492083320045
107200 -1438.997878384544 0 -1438.997878384544
107300 -1481.220077779144 0 -1481.220077779144
107400 -1476.697835411615 0 -1476.697835411615
107500 -1477.672592408257 0 -1477.672592408257
107600 -1441.383428020868 0 -1441.383428020868
107700 -1491.382112480351 0 -1491.382112480351
107800 -1472.191811236087 0 -1472.191811236087
107900 -1516.254461084027 0 -1516.254461084027
108000 -1570.148187937681 0 -1570.148187937681
108100 -1489.664381300623 0 -1489.664381300623
108200 -1475.980179282371 0 -1475.980179282371
108300 -1507.898210255429 0 -1507.898210255429
108400 -1481.790378147911 0 -1481.790378147911
108500 -1451.14728868939 0 -1451.14728868939
108600 -1431.395561218262 0 -1431.395561218262
108700 -1462.547943235753 0 -1462.547943235753
108800 -1502.633964097477 0 -1502.633964097477
108900 -1489.021119501907 0 -1489.021119501907
109000 -1522.411486687721 0 -1522.411486687721
109100 -1518.503751055687 0 -1518.503751055687
109200 -1561.990298972582 0 -1561.990298972582
109300 -1539.178623482585 0 -1539.178623482585
109400 -1548.981423398363 0 -1548.981423398363
109500 -1559.642099994118 0 -1559.642099994118
109600 -1464.300718970713 0 -1464.300718970713
109700 -1479.213732531411 0 -1479.213732531411
109800 -1500.663396643708 0 -1500.663396643708
109900 -1500.168533507735 0 -1500.168533507735
110000 -1545.889004787547 0 -1545.889004787547
110100 -1513.054747003713 0 -1513.054747003713
110200 -1526.631227340549 0 -1526.631227340549
110300 -1508.733222127659 0 -1508.733222127659
110400 -1478.171623665672 0 -1478.171623665672
110500 -1478.60287298396 0 -1478.60287298396
110600 -1488.23316712823 0 -1488.23316712823
110700 -1485.158666733361 0 -1485.158666733361
110800 -1496.391505639614 0 -1496.391505639614
110900 -1455.524171259487 0 -1455.524171259487
111000 -1465.60749418207 0 -1465.60749418207
111100 -1477.833289144328 0 -1477.833289144328
111200 -1405.30867105769 0 -1405.30867105769
111300 -1451.024500603555 0 -1451.024500603555
111400 -1432.09358693962 0 -1432.09358693962
111500 -1445.083286926849 0 -1445.083286926849
111600 -1461.21344032092 0 -1461.21344032092
111700 -1453.262889268342 0 -1453.262889268342
111800 -1461.347903725924 0 -1461.347903725924
111900 -1407.096003629267 0 -1407.096003629267
112000 -1399.384664840298 0 -1399.384664840298
112100 -1412.17706269573 0 -1412.17706269573
112200 -1410.040623869747 0 -1410.040623869747
112300 -1434.525038400898 0 -1434.525038400898
112400 -1386.390991501277 0 -1386.390991501277
112500 -1365.067437693942 0 -1365.067437693942
112600 -1359.901992754312 0 -1359.901992754312
112700 -1371.41418682551 0 -1371.41418682551
112800 -1373.460538292013 0 -1373.460538292013
112900 -1361.765189113561 0 -1361.765189113561
113000 -1356.257028151181 0 -1356.257028151181
113100 -1307.297667981824 0 -1307.297667981824
113200 -1335.864222617005 0 -1335.864222617005
113300 -1389.95019624097 0 -1389.95019624097
113400 -1398.279259424424 0 -1398.279259424424
113500 -1379.058007399319 0 -1379.058007399319
113600 -1355.606260317378 0 -1355.606260317378
113700 -1370.735176214483 0 -1370.735176214483
113800 -1297.032543295762 0 -1297.032543295762
113900 -1330.155338246841 0 -1330.155338246841
114000 -1349.713514460949 0 -1349.713514460949
114100 -1365.639011768362 0 -1365.639011768362
114200 -1385.944111091259 0 -1385.944111091259
114300 -1377.479222657683 0 -1377.479222657683
114400 -1437.490541334788 0 -1437.490541334788
114500 -1406.657386301667 0 -1406.657386301667
114600 -1430.445525867399 0 -1430.445525867399
114700 -1386.722765869228 0 -1386.722765869228
114800 -1371.863272632239 0 -1371.863272632239
114900 -1384.18072731552 0 -1384.18072731552
115000 -1357.955621464876 0 -1357.955621464876
115100 -1380.876833526418 0 -1380.876833526418
115200 -1342.55502101453 0 -1342.55502101453
115300 -1370.539868742693 0 -1370.539868742693
115400 -1401.478982447647 0 -1401.478982447647
115500 -1319.440011367842 0 -1319.440011367842
115600 -1307.075013814727 0 -1307.075013814727
115700 -1363.604525549803 0 -1363.604525549803
115800 -1302.697624656837 0 -1302.697624656837
115900 -1359.299624194391 0 -1359.299624194391
116000 -1251.325563862454 0 -1251.325563862454
116100 -1275.636961082229 0 -1275.636961082229
116200 -1334.827911397908 0 -1334.827911397908
116300 -1325.858260207635 0 -1325.858260207635
116400 -1325.410873236833 0 -1325.410873236833
116500 -1314.931176767452 0 -1314.931176767452
116600 -1366.156021191506 0 -1366.156021191506
116700 -1353.998939520854 0 -1353.998939520854
116800 -1323.963671384146 0 -1323.963671384146
116900 -1327.754276449559 0 -1327.754276449559
117000 -1304.141287733335 0 -1304.141287733335
117100 -1330.139385094226 0 -1330.139385094226
117200 -1368.213738352468 0 -1368.213738352468
117300 -1401.262903545983 0 -1401.262903545983
117400 -1400.741473950795 0 -1400.741473950795
117500 -1395.03630121774 0 -1395.03630121774
117600 -1415.446714113932 0 -1415.446714113932
117700 -1339.525568394922 0 -1339.525568394922
117800 -1310.591067189118 0 -1310.591067189118
117900 -1349.201291712656 0 -1349.201291712656
118000 -1340.746906166896 0 -1340.746906166896
118100 -1293.899030146422 0 -1293.899030146422
118200 -1296.282076367643 0 -1296.282076367643
118300 -1298.533378410852 0 -1298.533378410852
118400 -1377.337388077995 0 -1377.337388077995
118500 -1365.477163354168 0 -1365.477163354168
118600 -1392.595555717358 0 -1392.595555717358
118700 -1373.905578024569 0 -1373.905578024569
118800 -1404.788739797194 0 -1404.788739797194
118900 -1368.52152700584 0 -1368.52152700584
119000 -1295.347188084968 0 -1295.347188084968
119100 -1326.991260526935 0 -1326.991260526935
119200 -1282.302067614393 0 -1282.302067614393
119300 -1243.695729152299 0 -1243.695729152299
119400 -1249.671272382606 0 -1249.671272382606
119500 -1258.219734735438 0 -1258.219734735438
119600 -1180.850429948885 0 -1180.850429948885
119700 -1174.110745310783 0 -1174.110745310783
119800 -1199.503561079735 0 -1199.503561079735
119900 -1228.447059743106 0 -1228.447059743106
120000 -1281.084420552943 0 -1281.084420552943
120100 -1255.513023677486 0 -1255.513023677486
120200 -1293.057148300577 0 -1293.057148300577
120300 -1306.791841378232 0 -1306.791841378232
120400 -1259.522004229715 0 -1259.522004229715
120500 -1287.684525663208 0 -1287.684525663208
120600 -1239.399186197086 0 -1239.399186197086
120700 -1239.501131451951 0 -1239.501131451951
120800 -1221.559255842119 0 -1221.559255842119
120900 -1200.894901540945 0 -1200.894901540945
121000 -1193.814483214635 0 -1193.814483214635
121100 -1188.139677091967 0 -1188.139677091967
121200 -1161.97003158764 0 -1161.97003158764
121300 -1182.924140468473 0 -1182.924140468473
121400 -1236.292875783518 0 -1236.292875783518
121500 -1222.502680962905 0 -1222.502680962905
121600 -1261.032904234249 0 -1261.032904234249
121700 -1286.287885332596 0 -1286.287885332596
121800 -1279.156802848913 0 -1279.156802848913
121900 -1266.998050505063 0 -1266.998050505063
122000 -1322.646719495067 0 -1322.646719495067
122100 -1305.819336823479 0 -1305.819336823479
122200 -1294.910954870284 0 -1294.910954870284
122300 -1267.638595227385 0 -1267.638595227385
122400 -1290.195944542997 0 -1290.195944542997
122500 -1254.053002279717 0 -1254.053002279717
122600 -1226.324229530757 0 -1226.324229530757
122700 -1300.723857578589 0 -1300.723857578589
122800 -1222.857165943598 0 -1222.857165943598
122900 -1287.060932724038 0 -1287.060932724038
123000 -1348.354170460487 0 -1348.354170460487
123100 -1369.487764577381 0 -1369.487764577381
123200 -1374.214207266406 0 -1374.214207266406
123300 -1375.110279904678 0 -1375.110279904678
123400 -1281.718303458067 0 -1281.718303458067
123500 -1276.109529850073 0 -1276.109529850073
123600 -1294.195208647056 0 -1294.195208647056
123700 -1334.513935734427 0 -1334.513935734427
123800 -1319.996939581353 0 -1319.996939581353
123900 -1318.687050911249 0 -1318.687050911249
124000 -1280.725776839769 0 -1280.725776839769
124100 -1259.766123835405 0 -1259.766123835405
124200 -1216.46821130265 0 -1216.46821130265
124300 -1257.701797047048 0 -1257.701797047048
124400 -1262.676521281479 0 -1262.676521281479
124500 -1256.642162506469 0 -1256.642162506469
124600 -1266.119535529171 0 -1266.119535529171
124700 -1286.855887090554 0 -1286.855887090554
124800 -1325.40774285869 0 -1325.40774285869
124900 -1322.945745005738 0 -1322.945745005738
125000 -1328.026636838651 0 -1328.026636838651
125100 -1167.009268300142 0 -1167.009268300142
125200 -1207.126073120278 0 -1207.126073120278
125300 -1168.885344809853 0 -1168.885344809853
125400 -1202.017943958112 0 -1202.017943958112
125500 -1224.564326121996 0 -1224.564326121996
125600 -1247.777958307415 0 -1247.777958307415
125700 -1219.574087588582 0 -1219.574087588582
125800 -1228.897996104568 0 -1228.897996104568
125900 -1204.304932749597 0 -1204.304932749597
126000 -1256.543930983869 0 -1256.543930983869
126100 -1263.359267860651 0 -1263.359267860651
126200 -1264.278669671272 0 -1264.278669671272
126300 -1293.330938948086 0 -1293.330938948086
126400 -1278.952541920822 0 -1278.952541920822
126500 -1340.256619693013 0 -1340.256619693013
126600 -1354.488510999596 0 -1354.488510999596
126700 -1331.136063899728 0 -1331.136063899728
126800 -1357.896080006612 0 -1357.896080006612
126900 -1379.913743188838 0 -1379.913743188838
127000 -1393.060735274339 0 -1393.060735274339
127100 -1345.939314922085 0 -1345.939314922085
127200 -1320.228951656725 0 -1320.228951656725
127300 -1377.83969008131 0 -1377.83969008131
127400 -1405.130965363525 0 -1405.130965363525
127500 -1394.261399007082 0 -1394.261399007082
127600 -1412.631966606834 0 -1412.631966606834
127700 -1411.189293373842 0 -1411.189293373842
127800 -1354.994050139794 0 -1354.994050139794
127900 -1371.566060366575 0 -1371.566060366575
128000 -1373.322597877472 0 -1373.322597877472
128100 -1307.796594569925 0 -1307.796594569925
128200 -1362.89162219601 0 -1362.89162219601
128300 -1373.005220614024 0 -1373.005220614024
128400 -1429.48828217492 0 -1429.48828217492
128500 -1400.776383457473 0 -1400.776383457473
128600 -1383.18847147515 0 -1383.18847147515
128700 -1367.176128439605 0 -1367.176128439605
128800 -1372.500827240292 0 -1372.500827240292
128900 -1398.503966078395 0 -1398.503966078395
129000 -1434.983060734347 0 -1434.983060734347
129100 -1485.25935358752 0 -1485.25935358752
129200 -1459.80012510682 0 -1459.80012510682
129300 -1440.36731905397 0 -1440.36731905397
129400 -1446.521448572399 0 -1446.521448572399
129500 -1498.007872047718 0 -1498.007872047718
129600 -1529.929618325084 0 -1529.929618325084
129700 -1488.228880806593 0 -1488.228880806593
129800 -1470.946108194068 0 -1470.946108194068
129900 -1480.392775197048 0 -1480.392775197048
130000 -1421.895850207424 0 -1421.895850207424
130100 -1404.927136109676 0 -1404.927136109676
130200 -1449.742383314297 0 -1449.742383314297
130300 -1444.716217249545 0 -1444.716217249545
130400 -1446.394574382808 0 -1446.394574382808
130500 -1459.60633560596 0 -1459.60633560596
130600 -1489.515543385874 0 -1489.515543385874
130700 -1472.754845358664 0 -1472.754845358664
130800 -1469.825405865791 0 -1469.825405865791
130900 -1438.439763185452 0 -1438.439763185452
131000 -1481.025841915514 0 -1481.025841915514
131100 -1514.884824033361 0 -1514.884824033361
131200 -1503.961958280299 0 -1503.961958280299
131300 -1481.185637783026 0 -1481.185637783026
131400 -1455.43140973628 0 -1455.43140973628
131500 -1471.898136811331 0 -1471.898136811331
131600 -1453.910904244753 0 -1453.910904244753
131700 -1443.866168111068 0 -1443.866168111068
131800 -1469.893778896425 0 -1469.893778896425
131900 -1457.288834389299 0 -1457.288834389299
132000 -1470.855507185333 0 -1470.855507185333
132100 -1477.057835060754 0 -1477.057835060754
132200 -1460.20032162522 0 -1460.20032162522
132300 -1469.156832545705 0 -1469.156832545705
132400 -1478.550983975641 0 -1478.550983975641
132500 -1407.670858469559 0 -1407.670858469559
132600 -1353.583492503967 0 -1353.583492503967
132700 -1374.773110821377 0 -1374.773110821377
132800 -1345.734976597101 0 -1345.734976597101
132900 -1322.799826594302 0 -1322.799826594302
133000 -1331.582889980171 0 -1331.582889980171
133100 -1357.814186686242 0 -1357.814186686242
133200 -1356.530942956684 0 -1356.530942956684
133300 -1385.401050904242 0 -1385.401050904242
133400 -1465.559707358771 0 -1465.559707358771
133500 -1446.705013207858 0 -1446.705013207858
133600 -1412.92523514654 0 -1412.92523514654
133700 -1355.963622876559 0 -1355.963622876559
133800 -1402.353107789968 0 -1402.353107789968
133900 -1408.368368123192 0 -1408.368368123192
134000 -1432.828458785545 0 -1432.828458785545
134100 -1460.667994504329 0 -1460.667994504329
134200 -1449.56702154479 0 -1449.56702154479
134300 -1399.971568039153 0 -1399.971568039153
134400 -1436.863729321267 0 -1436.863729321267
134500 -1417.434073294047 0 -1417.434073294047
134600 -1390.509503800102 0 -1390.509503800102
134700 -1441.926591856405 0 -1441.926591856405
134800 -1461.172010108363 0 -1461.172010108363
134900 -1433.733704880346 0 -1433.733704880346
135000 -1352.248333165655 0 -1352.248333165655
135100 -1402.485232627485 0 -1402.485232627485
135200 -1392.410947207216 0 -1392.410947207216
135300 -1362.702965148259 0 -1362.702965148259
135400 -1406.612728310283 0 -1406.612728310283
135500 -1459.910865817918 0 -1459.910865817918
135600 -1519.902469986875 0 -1519.902469986875
135700 -1474.611077337526 0 -1474.611077337526
135800 -1505.460640692618 0 -1505.460640692618
135900 -1571.632144800387 0 -1571.632144800387
136000 -1531.505598838907 0 -1531.505598838907
136100 -1554.549714826979 0 -1554.549714826979
136200 -1568.444796664815 0 -1568.444796664815
136300 -1554.546888242709 0 -1554.546888242709
136400 -1553.746094663511 0 -1553.746094663511
136500 -1595.53430442122 0 -1595.53430442122
136600 -1557.945379697951 0 -1557.945379697951
136700 -1571.302346993652 0 -1571.302346993652
136800 -1528.538152299123 0 -1528.538152299123
136900 -1489.798101407243 0 -1489.798101407243
137000 -1518.584484371357 0 -1518.584484371357
137100 -1543.557282075752 0 -1543.557282075752
137200 -1594.480932169827 0 -1594.480932169827
137300 -1575.614455179079 0 -1575.614455179079
137400 -1527.661682786304 0 -1527.661682786304
137500 -1500.706264946144 0 -1500.706264946144
137600 -1568.616582909191 0 -1568.616582909191
137700 -1531.978432910691 0 -1531.978432910691
137800 -1522.331529534888 0 -1522.331529534888
137900 -1473.766495762393 0 -1473.766495762393
138000 -1459.524360742915 0 -1459.524360742915
138100 -1486.082422715874 0 -1486.082422715874
138200 -1463.008053597063 0 -1463.008053597063
138300 -1499.752047120011 0 -1499.752047120011
138400 -1502.353630571568 0 -1502.353630571568
138500 -1514.811397504352 0 -1514.811397504352
138600 -1454.823031995969 0 -1454.823031995969
138700 -1452.244359152508 0 -1452.244359152508
138800 -1472.627103845705 0 -1472.627103845705
138900 -1500.012423481094 0 -1500.012423481094
139000 -1516.902269213228 0 -1516.902269213228
139100 -1541.741781053715 0 -1541.741781053715
139200 -1527.5003828872 0 -1527.5003828872
139300 -1555.243427114561 0 -1555.243427114561
139400 -1551.543990694685 0 -1551.543990694685
139500 -1552.818431706401 0 -1552.818431706401
139600 -1542.16402900184 0 -1542.16402900184
139700 -1608.385446825763 0 -1608.385446825763
139800 -1626.957614052109 0 -1626.957614052109
139900 -1597.480681496905 0 -1597.480681496905
140000 -1569.874826299667 0 -1569.874826299667
140100 -1523.966643994747 0 -1523.966643994747
140200 -1533.805007012561 0 -1533.805007012561
140300 -1502.90335624502 0 -1502.90335624502
140400 -1540.15330538759 0 -1540.15330538759
140500 -1531.260822774842 0 -1531.260822774842
140600 -1556.948821066413 0 -1556.948821066413
140700 -1543.159556038212 0 -1543.159556038212
140800 -1524.070550536737 0 -1524.070550536737
140900 -1470.379215332679 0 -1470.379215332679
141000 -1521.507137427776 0 -1521.507137427776
141100 -1495.528217193671 0 -1495.528217193671
141200 -1420.685119649046 0 -1420.685119649046
141300 -1456.3927159796 0 -1456.3927159796
141400 -1472.243646495976 0 -1472.243646495976
141500 -1457.818793679588 0 -1457.818793679588
141600 -1375.953247929923 0 -1375.953247929923
141700 -1403.033714324469 0 -1403.033714324469
141800 -1354.069060780574 0 -1354.069060780574
141900 -1397.052811126254 0 -1397.052811126254
142000 -1422.9415750443 0 -1422.9415750443
142100 -1430.974807405146 0 -1430.974807405146
142200 -1441.584595415276 0 -1441.584595415276
142300 -1422.230329840677 0 -1422.230329840677
142400 -1487.473535237601 0 -1487.473535237601
142500 -1488.626445487142 0 -1488.626445487142
142600 -1465.716733745998 0 -1465.716733745998
142700 -1391.95163896773 0 -1391.95163896773
142800 -1397.119628596352 0 -1397.119628596352
142900 -1360.390519370791 0 -1360.390519370791
143000 -1332.280324550811 0 -1332.280324550811
143100 -1340.951351821772 0 -1340.951351821772
143200 -1379.735963412328 0 -1379.735963412328
143300 -1395.046902587987 0 -1395.046902587987
143400 -1412.989607273368 0 -1412.989607273368
143500 -1368.535137932748 0 -1368.535137932748
143600 -1315.279847204918 0 -1315.279847204918
143700 -1353.51310588792 0 -1353.51310588792
143800 -1376.822953836061 0 -1376.822953836061
143900 -1437.619021288818 0 -1437.619021288818
144000 -1427.494138221722 0 -1427.494138221722
144100 -1447.47695856099 0 -1447.47695856099
144200 -1527.468890147909 0 -1527.468890147909
144300 -1542.546370786615 0 -1542.546370786615
144400 -1550.84866996354 0 -1550.84866996354
144500 -1559.327126145829 0 -1559.327126145829
144600 -1577.069510210014 0 -1577.069510210014
144700 -1496.418457112362 0 -1496.418457112362
144800 -1438.725058502052 0 -1438.725058502052
144900 -1510.874698975906 0 -1510.874698975906
145000 -1564.115927012954 0 -1564.115927012954
145100 -1549.098817106304 0 -1549.098817106304
145200 -1555.937321313973 0 -1555.937321313973
145300 -1523.829018348595 0 -1523.829018348595
145400 -1560.473296020646 0 -1560.473296020646
145500 -1558.751988061005 0 -1558.751988061005
145600 -1555.237608854892 0 -1555.237608854892
145700 -1546.676987160186 0 -1546.676987160186
145800 -1531.197850027587 0 -1531.197850027587
145900 -1600.333690806292 0 -1600.333690806292
146000 -1578.956113430671 0 -1578.956113430671
146100 -1608.760954337835 0 -1608.760954337835
146200 -1607.119106605882 0 -1607.119106605882
146300 -1578.503278660355 0 -1578.503278660355
146400 -1604.293174531078 0 -1604.293174531078
146500 -1587.092344358607 0 -1587.092344358607
146600 -1559.419632918318 0 -1559.419632918318
146700 -1601.390089470893 0 -1601.390089470893
146800 -1510.731680795085 0 -1510.731680795085
146900 -1447.301063042949 0 -1447.301063042949
147000 -1489.82552057365 0 -1489.82552057365
147100 -1459.545658646151 0 -1459.545658646151
147200 -1384.82037532283 0 -1384.82037532283
147300 -1397.052665140247 0 -1397.052665140247
147400 -1377.898830023361 0 -1377.898830023361
147500 -1428.726859142305 0 -1428.726859142305
147600 -1370.314504943555 0 -1370.314504943555
147700 -1403.010371093289 0 -1403.010371093289
147800 -1403.144462468335 0 -1403.144462468335
147900 -1419.247370127356 0 -1419.247370127356
148000 -1396.136188847129 0 -1396.136188847129
148100 -1388.523236261681 0 -1388.523236261681
148200 -1401.11531804956 0 -1401.11531804956
148300 -1346.871056360949 0 -1346.871056360949
148400 -1365.577953050146 0 -1365.577953050146
148500 -1346.469826241489 0 -1346.469826241489
148600 -1364.192244220641 0 -1364.192244220641
148700 -1362.246365954551 0 -1362.246365954551
148800 -1374.450382736279 0 -1374.450382736279
148900 -1370.658759871498 0 -1370.658759871498
149000 -1410.094200728927 0 -1410.094200728927
149100 -1405.155581871513 0 -1405.155581871513
149200 -1407.561658143299 0 -1407.561658143299
149300 -1433.50563172088 0 -1433.50563172088
149400 -1440.987387245987 0 -1440.987387245987
149500 -1516.865544754226 0 -1516.865544754226
149600 -1590.875837927058 0 -1590.875837927058
149700 -1535.471506808186 0 -1535.471506808186
149800 -1481.740363682882 0 -1481.740363682882
149900 -1541.108664441272 0 -1541.108664441272
150000 -1523.965964470757 0 -1523.965964470757
150100 -1508.817255472299 0 -1508.817255472299
150200 -1494.930892484263 0 -1494.930892484263
150300 -1461.610122309998 0 -1461.610122309998
150400 -1412.252115566516 0 -1412.252115566516
150500 -1465.813014455838 0 -1465.813014455838
150600 -1459.39090365055 0 -1459.39090365055
150700 -1446.732635975117 0 -1446.732635975117
150800 -1439.263964968442 0 -1439.263964968442
150900 -1513.739288965007 0 -1513.739288965007
151000 -1517.452339972602 0 -1517.452339972602
151100 -1488.958541011903 0 -1488.958541011903
151200 -1450.538110136913 0 -1450.538110136913
151300 -1452.46652800322 0 -1452.46652800322
151400 -1455.10988087533 0 -1455.10988087533
151500 -1439.061679975362 0 -1439.061679975362
151600 -1339.537503634579 0 -1339.537503634579
151700 -1313.499054117943 0 -1313.499054117943
151800 -1434.775534355082 0 -1434.775534355082
151900 -1508.358040806139 0 -1508.358040806139
152000 -1452.686951440061 0 -1452.686951440061
152100 -1460.788434833288 0 -1460.788434833288
152200 -1432.18917590694 0 -1432.18917590694
152300 -1404.845529044513 0 -1404.845529044513
152400 -1406.551241635345 0 -1406.551241635345
152500 -1398.673603183837 0 -1398.673603183837
152600 -1380.956185608171 0 -1380.956185608171
152700 -1390.625126211205 0 -1390.625126211205
152800 -1415.250572834862 0 -1415.250572834862
152900 -1386.40630855714 0 -1386.40630855714
153000 -1384.039389106416 0 -1384.039389106416
153100 -1427.110143113416 0 -1427.110143113416
153200 -1392.719271870796 0 -1392.719271870796
153300 -1367.00387824839 0 -1367.00387824839
153400 -1428.631977467798 0 -1428.631977467798
153500 -1411.32087697048 0 -1411.32087697048
153600 -1339.393098198576 0 -1339.393098198576
153700 -1378.706880697748 0 -1378.706880697748
153800 -1422.808133871527 0 -1422.808133871527
153900 -1406.622069704812 0 -1406.622069704812
154000 -1451.491034942388 0 -1451.491034942388
154100 -1495.99313786719 0 -1495.99313786719
154200 -1482.019084936066 0 -1482.019084936066
154300 -1520.596541996492 0 -1520.596541996492
154400 -1540.086506681982 0 -1540.086506681982
154500 -1544.979602580192 0 -1544.979602580192
154600 -1508.892353156582 0 -1508.892353156582
154700 -1453.194332891842 0 -1453.194332891842
154800 -1464.378985303338 0 -1464.378985303338
154900 -1486.504053368233 0 -1486.504053368233
155000 -1495.119169141515 0 -1495.119169141515
155100 -1459.821160441963 0 -1459.821160441963
155200 -1449.011534227058 0 -1449.011534227058
155300 -1406.496450812439 0 -1406.496450812439
155400 -1439.989793434041 0 -1439.989793434041
155500 -1423.827343527286 0 -1423.827343527286
155600 -1403.721560155042 0 -1403.721560155042
155700 -1397.332370304503 0 -1397.332370304503
155800 -1409.230487831286 0 -1409.230487831286
155900 -1451.893041568575 0 -1451.893041568575
156000 -1348.394937725738 0 -1348.394937725738
156100 -1346.44828888512 0 -1346.44828888512
156200 -1404.716496992158 0 -1404.716496992158
156300 -1442.294715957949 0 -1442.294715957949
156400 -1479.318414980778 0 -1479.318414980778
156500 -1456.20344768092 0 -1456.20344768092
156600 -1500.213852115674 0 -1500.213852115674
156700 -1412.734666002129 0 -1412.734666002129
156800 -1454.989892557962 0 -1454.989892557962
156900 -1399.25331451674 0 -1399.25331451674
157000 -1438.087773845065 0 -1438.087773845065
157100 -1430.863909891574 0 -1430.863909891574
157200 -1408.188687082846 0 -1408.188687082846
157300 -1410.223612240748 0 -1410.223612240748
157400 -1471.381274068495 0 -1471.381274068495
157500 -1482.078728240915 0 -1482.078728240915
157600 -1508.985245182062 0 -1508.985245182062
157700 -1509.655216128333 0 -1509.655216128333
157800 -1518.395638499409 0 -1518.395638499409
157900 -1514.487200124189 0 -1514.487200124189
158000 -1546.951987704961 0 -1546.951987704961
158100 -1491.447887959657 0 -1491.447887959657
158200 -1491.137322680792 0 -1491.137322680792
158300 -1506.965232091257 0 -1506.965232091257
158400 -1488.660652824095 0 -1488.660652824095
158500 -1503.177395534818 0 -1503.177395534818
158600 -1563.540846979944 0 -1563.540846979944
158700 -1632.128802998457 0 -1632.128802998457
158800 -1552.530998646747 0 -1552.530998646747
158900 -1640.734724680078 0 -1640.734724680078
159000 -1617.77535988309 0 -1617.77535988309
159100 -1655.438165936386 0 -1655.438165936386
159200 -1607.047544263885 0 -1607.047544263885
159300 -1570.90892777429 0 -1570.90892777429
159400 -1597.384286840213 0 -1597.384286840213
159500 -1573.866475743707 0 -1573.866475743707
159600 -1560.220308455871 0 -1560.220308455871
159700 -1528.758799178991 0 -1528.758799178991
159800 -1557.47606791812 0 -1557.47606791812
159900 -1457.181188940653 0 -1457.181188940653
160000 -1456.046446262859 0 -1456.046446262859
160100 -1418.287502744235 0 -1418.287502744235
160200 -1396.806716816034 0 -1396.806716816034
160300 -1401.86098773079 0 -1401.86098773079
160400 -1466.984490556875 0 -1466.984490556875
160500 -1528.030673554458 0 -1528.030673554458
160600 -1504.742933528847 0 -1504.742933528847
160700 -1518.162644758471 0 -1518.162644758471
160800 -1509.189633909846 0 -1509.189633909846
160900 -1563.617091121618 0 -1563.617091121618
161000 -1526.731415017857 0 -1526.731415017857
161100 -1559.899367435602 0 -1559.899367435602
161200 -1527.904398367071 0 -1527.904398367071
161300 -1507.344658431859 0 -1507.344658431859
161400 -1572.333983126329 0 -1572.333983126329
161500 -1574.363604449201 0 -1574.363604449201
161600 -1587.81212436012 0 -1587.81212436012
161700 -1559.481864183967 0 -1559.481864183967
161800 -1649.426268154581 0 -1649.426268154581
161900 -1604.445083957922 0 -1604.445083957922
162000 -1582.817519621458 0 -1582.817519621458
162100 -1621.325166529743 0 -1621.325166529743
162200 -1608.902623212081 0 -1608.902623212081
162300 -1620.610996857518 0 -1620.610996857518
162400 -1676.116062739864 0 -1676.116062739864
162500 -1665.7064210315 0 -1665.7064210315
162600 -1670.324489390012 0 -1670.324489390012
162700 -1638.371273415862 0 -1638.371273415862
162800 -1618.275438839803 0 -1618.275438839803
162900 -1674.336574586574 0 -1674.336574586574
163000 -1694.081789223477 0 -1694.081789223477
163100 -1698.826926245121 0 -1698.826926245121
163200 -1680.817426535301 0 -1680.817426535301
163300 -1582.936837591929 0 -1582.936837591929
163400 -1573.280928879278 0 -1573.280928879278
163500 -1610.183856916497 0 -1610.183856916497
163600 -1599.257076825714 0 -1599.257076825714
163700 -1577.3648217062 0 -1577.3648217062
163800 -1614.300802332582 0 -1614.300802332582
163900 -1591.920706885867 0 -1591.920706885867
164000 -1629.178579822415 0 -1629.178579822415
164100 -1631.776187978976 0 -1631.776187978976
164200 -1618.853794045513 0 -1618.853794045513
164300 -1630.758721144171 0 -1630.758721144171
164400 -1725.071575688489 0 -1725.071575688489
164500 -1729.44007924301 0 -1729.44007924301
164600 -1704.436495918198 0 -1704.436495918198
164700 -1690.669859665446 0 -1690.669859665446
164800 -1671.7077867724 0 -1671.7077867724
164900 -1629.421472679096 0 -1629.421472679096
165000 -1617.289499905448 0 -1617.289499905448
165100 -1651.848172289785 0 -1651.848172289785
165200 -1656.589615263278 0 -1656.589615263278
165300 -1671.772472941084 0 -1671.772472941084
165400 -1579.551224027062 0 -1579.551224027062
165500 -1632.866248953156 0 -1632.866248953156
165600 -1671.966839171539 0 -1671.966839171539
165700 -1679.673755700584 0 -1679.673755700584
165800 -1620.943552602548 0 -1620.943552602548
165900 -1587.88762352481 0 -1587.88762352481
166000 -1631.086335193017 0 -1631.086335193017
166100 -1608.215360766742 0 -1608.215360766742
166200 -1603.311687534209 0 -1603.311687534209
166300 -1630.843086713459 0 -1630.843086713459
166400 -1621.278478011955 0 -1621.278478011955
166500 -1680.976666786592 0 -1680.976666786592
166600 -1641.994386130245 0 -1641.994386130245
166700 -1603.660458044906 0 -1603.660458044906
166800 -1614.031036233995 0 -1614.031036233995
166900 -1594.142734750698 0 -1594.142734750698
167000 -1647.447411248228 0 -1647.447411248228
167100 -1645.251705170376 0 -1645.251705170376
167200 -1644.190961583517 0 -1644.190961583517
167300 -1678.757584497798 0 -1678.757584497798
167400 -1689.86066039931 0 -1689.86066039931
167500 -1671.424736671848 0 -1671.424736671848
167600 -1713.759686750593 0 -1713.759686750593
167700 -1726.984773968346 0 -1726.984773968346
167800 -1680.281564720848 0 -1680.281564720848
167900 -1631.562899534358 0 -1631.562899534358
168000 -1680.855241618076 0 -1680.855241618076
168100 -1662.635695931036 0 -1662.635695931036
168200 -1671.647421006113 0 -1671.647421006113
168300 -1688.41516107996 0 -1688.41516107996
168400 -1644.655911461916 0 -1644.655911461916
168500 -1644.894688096247 0 -1644.894688096247
168600 -1612.274090854917 0 -1612.274090854917
168700 -1601.210761114256 0 -1601.210761114256
168800 -1573.194085064577 0 -1573.194085064577
168900 -1601.466022510314 0 -1601.466022510314
169000 -1572.065728247166 0 -1572.065728247166
169100 -1596.076243133983 0 -1596.076243133983
169200 -1662.750310786301 0 -1662.750310786301
169300 -1727.338939726353 0 -1727.338939726353
169400 -1664.132746332907 0 -1664.132746332907
169500 -1649.809231521795 0 -1649.809231521795
169600 -1680.678796540946 0 -1680.678796540946
169700 -1683.849067999283 0 -1683.849067999283
169800 -1677.552034862805 0 -1677.552034862805
169900 -1664.586253337562 0 -1664.586253337562
170000 -1664.042593134422 0 -1664.042593134422
170100 -1704.417730589863 0 -1704.417730589863
170200 -1677.302521228208 0 -1677.302521228208
170300 -1695.549658735865 0 -1695.549658735865
170400 -1694.9098981102 0 -1694.9098981102
170500 -1730.769861743785 0 -1730.769861743785
170600 -1682.324818820693 0 -1682.324818820693
170700 -1672.204723425908 0 -1672.204723425908
170800 -1693.861506440211 0 -1693.861506440211
170900 -1695.654834108194 0 -1695.654834108194
171000 -1694.584239744116 0 -1694.584239744116
171100 -1695.480182371335 0 -1695.480182371335
171200 -1680.242520681641 0 -1680.242520681641
171300 -1666.133173011709 0 -1666.133173011709
171400 -1704.281862296164 0 -1704.281862296164
171500 -1698.184241100214 0 -1698.184241100214
171600 -1741.71079105977 0 -1741.71079105977
171700 -1737.381931715645 0 -1737.381931715645
171800 -1725.118364526599 0 -1725.118364526599
171900 -1729.372352591134 0 -1729.372352591134
172000 -1764.871090400964 0 -1764.871090400964
172100 -1731.26140638697 0 -1731.26140638697
172200 -1786.687414926128 0 -1786.687414926128
172300 -1721.367509046104 0 -1721.367509046104
172400 -1718.604357791832 0 -1718.604357791832
172500 -1743.917151596746 0 -1743.917151596746
172600 -1778.533923146955 0 -1778.533923146955
172700 -1772.620118874824 0 -1772.620118874824
172800 -1753.609414772596 0 -1753.609414772596
172900 -1813.95703781693 0 -1813.95703781693
173000 -1791.542910644959 0 -1791.542910644959
173100 -1822.603032571496 0 -1822.603032571496
173200 -1780.364611247802 0 -1780.364611247802
173300 -1816.737506806603 0 -1816.737506806603
173400 -1805.466091679351 0 -1805.466091679351
173500 -1752.285855079768 0 -1752.285855079768
173600 -1742.465285790036 0 -1742.465285790036
173700 -1819.529024193995 0 -1819.529024193995
173800 -1768.690682919289 0 -1768.690682919289
173900 -1777.634929003951 0 -1777.634929003951
174000 -1796.509579118574 0 -1796.509579118574
174100 -1835.482958603359 0 -1835.482958603359
174200 -1831.898186933366 0 -1831.898186933366
174300 -1772.606973014539 0 -1772.606973014539
174400 -1812.923961282475 0 -1812.923961282475
174500 -1827.036634764401 0 -1827.036634764401
174600 -1793.059153645998 0 -1793.059153645998
174700 -1844.031656069244 0 -1844.031656069244
174800 -1920.388518929598 0 -1920.388518929598
174900 -1912.219299862118 0 -1912.219299862118
175000 -1869.187159727211 0 -1869.187159727211
175100 -1848.756445996463 0 -1848.756445996463
175200 -1861.154437164689 0 -1861.154437164689
175300 -1849.700536743054 0 -1849.700536743054
175400 -1813.445221287897 0 -1813.445221287897
175500 -1836.596838683996 0 -1836.596838683996
175600 -1838.494453624473 0 -1838.494453624473
175700 -1818.412850024179 0 -1818.412850024179
175800 -1853.451850653393 0 -1853.451850653393
175900 -1885.212704335689 0 -1885.212704335689
176000 -1817.068671492161 0 -1817.068671492161
176100 -1873.768908907776 0 -1873.768908907776
176200 -1912.752323523833 0 -1912.752323523833
176300 -1926.987206885475 0 -1926.987206885475
176400 -1883.896384086227 0 -1883.896384086227
176500 -1889.31093737355 0 -1889.31093737355
176600 -1861.82550839975 0 -1861.82550839975
176700 -1899.570820444264 0 -1899.570820444264
176800 -1829.270646070363 0 -1829.270646070363
176900 -1833.920292273397 0 -1833.920292273397
177000 -1796.763411007123 0 -1796.763411007123
177100 -1808.307329756673 0 -1808.307329756673
177200 -1812.577077540584 0 -1812.577077540584
177300 -1829.233057632344 0 -1829.233057632344
177400 -1766.936940376787 0 -1766.936940376787
177500 -1736.847202994395 0 -1736.847202994395
177600 -1750.402695879915 0 -1750.402695879915
177700 -1693.417950766627 0 -1693.417950766627
177800 -1687.859009196749 0 -1687.859009196749
177900 -1762.241601472488 0 -1762.241601472488
178000 -1785.3546892046 0 -1785.3546892046
178100 -1797.1823587541 0 -1797.1823587541
178200 -1782.803348294459 0 -1782.803348294459
178300 -1754.923555227811 0 -1754.923555227811
178400 -1785.021882813307 0 -1785.021882813307
178500 -1790.807708703913 0 -1790.807708703913
178600 -1783.347183458507 0 -1783.347183458507
178700 -1789.171348679345 0 -1789.171348679345
178800 -1853.356543383328 0 -1853.356543383328
178900 -1810.776262674714 0 -1810.776262674714
179000 -1738.329520916566 0 -1738.329520916566
179100 -1735.752323894529 0 -1735.752323894529
179200 -1722.857496113982 0 -1722.857496113982
179300 -1719.050475041149 0 -1719.050475041149
179400 -1737.097982311388 0 -1737.097982311388
179500 -1779.239847557154 0 -1779.239847557154
179600 -1771.324048265582 0 -1771.324048265582
179700 -1720.078590858728 0 -1720.078590858728
179800 -1713.006209504558 0 -1713.006209504558
179900 -1741.149262254126 0 -1741.149262254126
180000 -1747.646680846403 0 -1747.646680846403
180100 -1763.462245511386 0 -1763.462245511386
180200 -1748.42227633798 0 -1748.42227633798
180300 -1706.866128152818 0 -1706.866128152818
180400 -1813.873404904407 0 -1813.873404904407
180500 -1813.233863410307 0 -1813.233863410307
180600 -1794.856451449683 0 -1794.856451449683
180700 -1810.129583106609 0 -1810.129583106609
180800 -1812.559282647388 0 -1812.559282647388
180900 -1857.984418339678 0 -1857.984418339678
181000 -1859.662941631163 0 -1859.662941631163
181100 -1951.560353345296 0 -1951.560353345296
181200 -1957.768542956212 0 -1957.768542956212
181300 -1934.306011637324 0 -1934.306011637324
181400 -1914.93485856615 0 -1914.93485856615
181500 -1864.518890556647 0 -1864.518890556647
181600 -1786.212477708177 0 -1786.212477708177
181700 -1773.062222815468 0 -1773.062222815468
181800 -1766.006970612565 0 -1766.006970612565
181900 -1834.236356730573 0 -1834.236356730573
182000 -1816.420337804593 0 -1816.420337804593
182100 -1822.060152433114 0 -1822.060152433114
182200 -1862.06002069058 0 -1862.06002069058
182300 -1829.873612057883 0 -1829.873612057883
182400 -1828.9597352657 0 -1828.9597352657
182500 -1821.809094324824 0 -1821.809094324824
182600 -1847.057613127537 0 -1847.057613127537
182700 -1830.107613591594 0 -1830.107613591594
182800 -1891.095288882032 0 -1891.095288882032
182900 -1876.347713917261 0 -1876.347713917261
183000 -1821.568760811817 0 -1821.568760811817
183100 -1857.521417998243 0 -1857.521417998243
183200 -1829.117439454654 0 -1829.117439454654
183300 -1876.096209232055 0 -1876.096209232055
183400 -1875.947143767686 0 -1875.947143767686
183500 -1847.456327734981 0 -1847.456327734981
183600 -1842.817921890994 0 -1842.817921890994
183700 -1879.523617690546 0 -1879.523617690546
183800 -1828.974909270182 0 -1828.974909270182
183900 -1827.181850568566 0 -1827.181850568566
184000 -1793.364580076654 0 -1793.364580076654
184100 -1789.334503546706 0 -1789.334503546706
184200 -1779.319464761997 0 -1779.319464761997
184300 -1755.526502453256 0 -1755.526502453256
184400 -1741.65917920036 0 -1741.65917920036
184500 -1772.315849560546 0 -1772.315849560546
184600 -1735.307406811713 0 -1735.307406811713
184700 -1772.231306099799 0 -1772.231306099799
184800 -1736.604622662067 0 -1736.604622662067
184900 -1754.347685037181 0 -1754.347685037181
185000 -1778.097694356489 0 -1778.097694356489
185100 -1783.047060206882 0 -1783.047060206882
185200 -1753.355687915813 0 -1753.355687915813
185300 -1785.174628474284 0 -1785.174628474284
185400 -1769.932575423969 0 -1769.932575423969
185500 -1756.493298273534 0 -1756.493298273534
185600 -1704.069767899113 0 -1704.069767899113
185700 -1768.503033417393 0 -1768.503033417393
185800 -1820.708498816588 0 -1820.708498816588
185900 -1809.14690917416 0 -1809.14690917416
186000 -1865.016325958539 0 -1865.016325958539
186100 -1818.402924527181 0 -1818.402924527181
186200 -1790.767137650982 0 -1790.767137650982
186300 -1784.384649394313 0 -1784.384649394313
186400 -1841.442977384897 0 -1841.442977384897
186500 -1788.301076718373 0 -1788.301076718373
186600 -1771.626275102608 0 -1771.626275102608
186700 -1803.148439987097 0 -1803.148439987097
186800 -1739.591145554848 0 -1739.591145554848
186900 -1774.604781473987 0 -1774.604781473987
187000 -1812.372656562016 0 -1812.372656562016
187100 -1767.478074013197 0 -1767.478074013197
187200 -1755.342802453553 0 -1755.342802453553
187300 -1765.031466374872 0 -1765.031466374872
187400 -1734.898222082469 0 -1734.898222082469
187500 -1721.66795534594 0 -1721.66795534594
187600 -1732.553332087817 0 -1732.553332087817
187700 -1755.547022867133 0 -1755.547022867133
187800 -1715.490883081337 0 -1715.490883081337
187900 -1697.209446436726 0 -1697.209446436726
188000 -1673.493816375965 0 -1673.493816375965
188100 -1691.783184049535 0 -1691.783184049535
188200 -1690.431507530622 0 -1690.431507530622
188300 -1706.459293201566 0 -1706.459293201566
188400 -1740.532576213242 0 -1740.532576213242
188500 -1772.91477518389 0 -1772.91477518389
188600 -1796.767954603303 0 -1796.767954603303
188700 -1820.555977534965 0 -1820.555977534965
188800 -1839.057800243492 0 -1839.057800243492
188900 -1862.130956700275 0 -1862.130956700275
189000 -1876.62103356747 0 -1876.62103356747
189100 -1773.52948264603 0 -1773.52948264603
189200 -1779.94940854772 0 -1779.94940854772
189300 -1770.337978347205 0 -1770.337978347205
189400 -1755.556818182115 0 -1755.556818182115
189500 -1757.732057656627 0 -1757.732057656627
189600 -1812.574491754174 0 -1812.574491754174
189700 -1794.840238193516 0 -1794.840238193516
189800 -1726.759438348177 0 -1726.759438348177
189900 -1752.777664602268 0 -1752.777664602268
190000 -1716.522384174867 0 -1716.522384174867
190100 -1732.990568073466 0 -1732.990568073466
190200 -1814.429528030567 0 -1814.429528030567
190300 -1900.384723755997 0 -1900.384723755997
190400 -1870.950726815136 0 -1870.950726815136
190500 -1890.956659703515 0 -1890.956659703515
190600 -1893.849573632004 0 -1893.849573632004
190700 -1769.553560878849 0 -1769.553560878849
190800 -1713.146197972095 0 -1713.146197972095
190900 -1680.845081825741 0 -1680.845081825741
191000 -1660.34764907707 0 -1660.34764907707
191100 -1694.82661790101 0 -1694.82661790101
191200 -1769.293970964383 0 -1769.293970964383
191300 -1735.905689024599 0 -1735.905689024599
191400 -1766.52114372002 0 -1766.52114372002
191500 -1786.733611800941 0 -1786.733611800941
191600 -1696.457231727894 0 -1696.457231727894
191700 -1708.018071746454 0 -1708.018071746454
191800 -1683.007652576314 0 -1683.007652576314
191900 -1663.19374424452 0 -1663.19374424452
192000 -1721.362550809921 0 -1721.362550809921
192100 -1703.479629562702 0 -1703.479629562702
192200 -1711.728380402783 0 -1711.728380402783
192300 -1735.95158071199 0 -1735.95158071199
192400 -1750.566921727033 0 -1750.566921727033
192500 -1774.251589836262 0 -1774.251589836262
192600 -1741.039313339104 0 -1741.039313339104
192700 -1785.266355670348 0 -1785.266355670348
192800 -1798.963563064463 0 -1798.963563064463
192900 -1722.179343311092 0 -1722.179343311092
193000 -1714.993049899116 0 -1714.993049899116
193100 -1688.70412327419 0 -1688.70412327419
193200 -1708.94255937211 0 -1708.94255937211
193300 -1731.736272195572 0 -1731.736272195572
193400 -1754.861372248619 0 -1754.861372248619
193500 -1738.122280300871 0 -1738.122280300871
193600 -1792.565220253469 0 -1792.565220253469
193700 -1766.077242641477 0 -1766.077242641477
193800 -1720.024614296854 0 -1720.024614296854
193900 -1714.46746129205 0 -1714.46746129205
194000 -1700.362047967268 0 -1700.362047967268
194100 -1708.516712790821 0 -1708.516712790821
194200 -1792.377647192625 0 -1792.377647192625
194300 -1793.809158457094 0 -1793.809158457094
194400 -1722.106082723942 0 -1722.106082723942
194500 -1719.205958591308 0 -1719.205958591308
194600 -1683.17309695459 0 -1683.17309695459
194700 -1697.524949539744 0 -1697.524949539744
194800 -1757.600185739691 0 -1757.600185739691
194900 -1702.216708990221 0 -1702.216708990221
195000 -1667.904436526063 0 -1667.904436526063
195100 -1704.355429637362 0 -1704.355429637362
195200 -1736.148554841056 0 -1736.148554841056
195300 -1764.765694911126 0 -1764.765694911126
195400 -1752.061189954635 0 -1752.061189954635
195500 -1851.929962742375 0 -1851.929962742375
195600 -1814.319029632723 0 -1814.319029632723
195700 -1784.821145595051 0 -1784.821145595051
195800 -1784.004280413152 0 -1784.004280413152
195900 -1728.619687137398 0 -1728.619687137398
196000 -1750.91189662856 0 -1750.91189662856
196100 -1688.150158960765 0 -1688.150158960765
196200 -1676.461974220816 0 -1676.461974220816
196300 -1686.561888289929 0 -1686.561888289929
196400 -1687.561978528043 0 -1687.561978528043
196500 -1742.935395655571 0 -1742.935395655571
196600 -1775.140139350813 0 -1775.140139350813
196700 -1678.165370535105 0 -1678.165370535105
196800 -1683.911203084863 0 -1683.911203084863
196900 -1725.777522366727 0 -1725.777522366727
197000 -1753.65217837604 0 -1753.65217837604
197100 -1828.088986029848 0 -1828.088986029848
197200 -1705.674079149285 0 -1705.674079149285
197300 -1766.321623576339 0 -1766.321623576339
197400 -1710.793704600539 0 -1710.793704600539
197500 -1746.651702958974 0 -1746.651702958974
197600 -1722.112516069552 0 -1722.112516069552
197700 -1708.532103767036 0 -1708.532103767036
197800 -1656.761616531992 0 -1656.761616531992
197900 -1653.039477045531 0 -1653.039477045531
198000 -1674.20862921176 0 -1674.20862921176
198100 -1754.699808286852 0 -1754.699808286852
198200 -1731.973077605246 0 -1731.973077605246
198300 -1777.857223089552 0 -1777.857223089552
198400 -1697.535575795686 0 -1697.535575795686
198500 -1687.526978967711 0 -1687.526978967711
198600 -1697.912271912443 0 -1697.912271912443
198700 -1686.856459845323 0 -1686.856459845323
198800 -1754.248407157254 0 -1754.248407157254
198900 -1716.02199520194 0 -1716.02199520194
199000 -1687.461647294462 0 -1687.461647294462
199100 -1698.445256618317 0 -1698.445256618317
199200 -1672.334378445987 0 -1672.334378445987
199300 -1697.063221953809 0 -1697.063221953809
199400 -1702.246022522275 0 -1702.246022522275
199500 -1735.029147048423 0 -1735.029147048423
199600 -1752.377174132911 0 -1752.377174132911
199700 -1765.399104974815 0 -1765.399104974815
199800 -1696.092672903731 0 -1696.092672903731
199900 -1679.270649951039 0 -1679.270649951039
200000 -1630.545512807024 0 -1630.545512807024
