0.00267998 1.09746
0.00379007 1.10795
0.00464187 1.08962
0.00535997 1.09832
0.00758014 1.1023
0.00803995 1.09477
0.00928373 1.10205
0.0107199 1.10783
0.0113702 1.09886
0.0133999 1.0906
0.0139256 1.09942
0.0151603 1.08791
0.0160799 1.11328
0.0185675 1.09074
0.0187599 1.11732
0.0189503 1.10401
0.0214399 1.09019
0.0227404 1.08238
0.0232093 1.07572
0.0241198 1.09622
0.0265305 1.09267
0.0267998 1.0893
0.0278512 1.07104
0.0294798 1.08181
0.0303205 1.08823
0.0321598 1.06601
0.0324931 1.07597
0.0341106 1.06554
0.0348398 1.0791
0.0371349 1.07973
0.0375198 1.06416
0.0379007 1.05675
0.0401997 1.07884
0.0416908 1.05648
0.0417768 1.05422
0.0428797 1.04863
0.0454808 1.05887
0.0455597 1.05595
0.0464187 1.05493
0.0482397 1.03075
0.0492709 1.03342
0.0509197 1.02758
0.0510605 1.03757
0.053061 1.03748
0.0535997 1.03651
0.0557024 1.02775
0.0562796 1.03071
0.056851 1.0354
0.0589596 1.02165
0.0603443 1.02432
0.0606411 1.01448
0.0616396 1.01735
0.0643196 1.00301
0.0644312 1.0106
0.0649861 1.02069
0.0669996 1.01315
0.0682212 1.01091
0.069628 1.0092
0.0696796 1.00874
0.0720113 0.999774
0.0723595 1.02076
0.0742699 1.00478
0.0750395 0.996679
0.0758014 0.988835
0.0777195 0.98511
0.0789117 0.982955
0.0795914 0.989943
0.0803995 0.971825
0.0830795 0.993364
0.0833815 0.995126
0.0835536 0.982403
0.0857595 0.976612
0.0871716 0.966477
0.0881955 0.979348
0.0884394 0.972752
0.0909616 0.984835
0.0911194 0.976848
0.0928373 0.977655
0.0937994 0.975141
0.0947517 0.986153
0.0964794 0.984579
0.0974792 0.977924
0.0985418 0.97957
0.0991594 0.981553
0.101839 0.977488
0.102121 0.978155
0.102332 0.979737
0.104519 0.973256
0.106122 0.973759
0.106763 0.974567
0.107199 0.977558
0.109879 0.973241
0.109912 0.971481
0.111405 0.967373
0.112559 0.982863
0.113702 0.978381
0.115239 0.990151
0.116047 0.966176
0.117492 0.974762
0.117919 1.00139
0.120599 0.975243
0.120689 0.978684
0.121282 0.984909
0.123279 0.992862
0.125072 0.983021
0.12533 0.986807
0.125959 1.00124
0.128639 0.979799
0.128862 0.984985
0.129972 0.979941
0.131319 0.974226
0.132652 0.986339
0.133999 0.989758
0.134614 0.977348
0.136442 0.988522
0.136679 0.983779
0.139256 0.997718
0.139359 0.995769
0.140233 0.996534
0.142039 0.998392
0.143898 0.994172
0.144023 0.98923
0.144719 1.01149
0.147399 1.00501
0.147813 0.987824
0.14854 1.00613
0.150079 0.991085
0.151603 1.00091
0.152759 1.01057
0.153182 1.01173
0.155393 1.01781
0.155439 1.01951
0.157823 0.993978
0.158119 1.00747
0.159183 1.01508
0.160799 1.00555
0.162465 1.00338
0.162973 1.00925
0.163479 1.00676
0.166159 1.02706
0.166763 1.01278
0.167107 1.0097
0.168839 1.01889
0.170553 1.01118
0.171519 1.01228
0.171749 1.01415
0.174199 1.00983
0.174343 1.01593
0.176391 1.00873
0.176879 1.00555
0.178133 1.01185
0.179559 1.01403
0.181033 1.01934
0.181923 1.01755
0.182239 1.01962
0.184919 1.02056
0.185675 1.0024
0.185713 1.01335
0.187599 1.00949
0.189503 1.00348
0.190279 1.00356
0.190317 0.99163
0.192959 1.02422
0.193293 1.00679
0.194958 1.01011
0.195639 1.01005
0.197084 1.01336
0.198319 1.017
0.1996 1.00339
0.200874 1.00991
0.200999 0.996653
0.203679 1.00721
0.204242 1.01296
0.204664 1.00558
0.206359 1.00362
0.208454 1.0028
0.208884 1.01256
0.209039 1.01437
0.211719 1.00509
0.212244 1.00792
0.213526 0.999012
0.214399 0.995348
0.216034 1.00504
0.217079 1.00248
0.218168 1.00413
0.219759 0.995629
0.219824 1.01121
0.222439 0.991708
0.22281 1.00253
0.223614 1.00661
0.225119 1.00412
0.227404 0.997256
0.227451 1.00081
0.227799 1.00378
0.230479 0.988652
0.231194 1.00313
0.232093 1.01643
0.233159 0.996617
0.234984 0.996986
0.235839 1.01613
0.236735 0.98918
0.238518 0.993027
0.238774 1.00567
0.241198 0.996016
0.241377 0.98751
0.242564 0.989193
0.243878 1.00326
0.246019 0.999321
0.246354 1.00431
0.246558 0.999747
0.249238 0.987188
0.250145 0.998998
0.250661 0.986718
0.251918 0.981369
0.253935 0.983481
0.254598 0.978697
0.255303 0.997817
0.257278 0.999243
0.257725 0.993134
0.259945 0.991199
0.259958 1.01179
0.261515 0.987752
0.262638 1.00019
0.264586 0.994784
0.265305 0.98807
0.265318 0.995322
0.267998 0.986729
0.269095 0.989411
0.269228 1.00071
0.270678 0.993444
0.272885 0.985836
0.273358 1.00447
0.27387 0.990677
0.276038 0.986433
0.276675 1.00199
0.278512 0.99826
0.278718 0.998382
0.280465 0.993358
0.281398 0.98898
0.283154 0.987401
0.284078 1.00766
0.284255 0.997366
0.286758 1.00838
0.287796 0.990345
0.288045 0.99931
0.289438 1.00865
0.291835 0.999001
0.292118 0.994075
0.292438 1.00998
0.294798 0.981554
0.295625 0.994636
0.297079 0.9949
0.297478 1.00121
0.299415 1.00551
0.300158 1.00389
0.301721 0.983001
0.302838 1.00368
0.303205 1.00962
0.305518 1.00171
0.306363 0.994362
0.306996 1.00535
0.308198 1.00408
0.310786 0.998808
0.310878 0.994027
0.311005 1.01315
0.313558 1.01484
0.314576 1.00322
0.315647 1.00098
0.316238 0.989209
0.318366 0.997782
0.318918 1.01535
0.320289 1.01209
0.321598 1.00389
0.322156 0.995326
0.324278 0.993079
0.324931 1.00626
0.325946 1.01528
0.326958 1.00381
0.329573 1.01239
0.329638 1.01298
0.329736 0.995791
0.332318 1.01914
0.333526 1.0087
0.334214 1.0037
0.334998 1.01077
0.337316 1.00699
0.337678 0.996342
0.338856 1.00334
0.340358 0.992497
0.341106 1.00929
0.343038 1.01185
0.343498 1.00606
0.344896 1.00468
0.345718 1.00112
0.34814 1.00614
0.348398 1.00501
0.348686 0.995551
0.351078 0.997688
0.352476 1.00465
0.352782 0.998913
0.353758 1.01614
0.356266 1.00212
0.356438 1.01203
0.357424 1.01676
0.359118 1.00571
0.360057 0.998525
0.361798 0.997602
0.362066 1.00368
0.363847 1.00108
0.364478 0.994644
0.366707 0.995583
0.367158 0.996943
0.367637 1.00527
0.369838 1.00491
0.371349 0.999445
0.371427 1.01037
0.372518 0.999161
0.375198 1.01594
0.375217 1.00108
0.375991 0.999366
0.377878 1.00258
0.379007 1.00703
0.380558 0.992997
0.380633 0.993891
0.382797 0.999836
0.383238 0.989297
0.385275 0.995226
0.385918 0.97282
0.386587 0.999415
0.388598 1.00565
0.389917 0.990787
0.390377 0.986407
0.391278 1.01669
0.393958 0.989256
0.394167 0.997467
0.394559 0.99384
0.396638 1.00373
0.397957 0.997284
0.399201 1.00646
0.399317 0.996717
0.401747 0.989434
0.401997 0.986354
0.403842 0.99089
0.404677 1.00387
0.405537 0.997186
0.407357 1.00346
0.408484 0.993106
0.409327 0.998793
0.410037 1.00337
0.412717 0.997289
0.413117 1.00065
0.413126 0.994632
0.415397 0.996021
0.416908 0.991844
0.417768 0.989861
0.418077 0.983098
0.420698 0.994379
0.420757 0.994798
0.42241 1.00311
0.423437 0.993408
0.424488 0.993595
0.426117 0.997279
0.427052 0.989287
0.428278 0.99469
0.428797 0.995784
0.431477 0.999837
0.431694 0.989668
0.432068 1.00509
0.434157 1.00013
0.435858 0.991286
0.436335 1.0041
0.436837 0.980979
0.439517 1.01309
0.439648 1.00391
0.440977 0.986471
0.442197 1.00553
0.443438 0.994497
0.444877 1.00494
0.445619 1.00744
0.447228 0.990431
0.447557 0.991398
0.450237 0.98688
0.450261 0.98439
0.451018 1.0034
0.452917 1.00467
0.454808 0.998852
0.454903 1.0018
0.455597 1.01485
0.458277 1.00408
0.458598 0.999171
0.459545 1.00161
0.460957 0.990202
0.462388 0.992111
0.463637 0.999635
0.464187 0.981268
0.466178 0.996316
0.466317 1.00139
0.468829 1.00766
0.468997 1.00403
0.469968 1.00081
0.471677 1.02268
0.47347 0.997616
0.473759 1.01216
0.474357 1.00918
0.477037 0.994484
0.477549 1.00297
0.478112 0.99859
0.479717 1.01665
0.481339 0.998837
0.482397 0.982122
0.482754 1.0104
0.485077 0.996001
0.485129 1.00518
0.487396 1.00269
0.487757 1.00655
0.488919 1.01315
0.490437 0.993114
0.492038 1.00621
0.492709 1.01099
0.493117 1.0067
0.495797 1.00945
0.496499 1.00113
0.49668 1.01494
0.498477 0.988668
0.500289 1.00099
0.501157 1.01101
0.501322 1.00703
0.503837 0.987483
0.504079 0.99547
0.505963 0.997121
0.506517 0.9887
0.507869 0.996355
0.509197 1.00515
0.510605 1.00187
0.511659 0.995018
0.511877 1.00296
0.514557 0.999648
0.515247 0.989566
0.515449 1.00007
0.517237 1.00397
0.519239 0.996741
0.519889 1.0072
0.519917 0.991107
0.522597 1.00854
0.523029 1.00348
0.524531 1.00589
0.525277 1.00125
0.52682 1.00894
0.527957 0.998496
0.529173 1.00148
0.53061 1.00487
0.530637 1.00148
0.533317 0.99617
0.533815 0.998741
0.5344 0.992078
0.535997 0.989676
0.53819 0.997328
0.538457 1.00832
0.54198 0.998135
0.543098 1.00524
0.54577 1.00777
0.54774 1.00023
0.54956 1.00908
0.552382 0.993315
0.55335 1.00998
0.557024 0.98633
0.55714 0.998458
0.56093 0.98309
0.561666 0.992573
0.56472 1.00121
0.566308 0.998459
0.56851 0.990076
0.57095 0.996409
0.5723 0.991165
0.575592 1.00096
0.57609 0.993626
0.57988 1.00463
0.580233 0.999198
0.583671 0.996334
0.584875 1.01184
0.587461 0.990795
0.589517 0.998882
0.591251 0.995843
0.594159 0.99688
0.595041 0.996789
0.598801 0.998755
0.598831 0.999798
0.602621 0.997344
0.603443 0.995757
0.606411 1.00122
0.608085 1.00765
0.610201 0.994249
0.612726 0.990435
0.613991 1.00036
0.617368 0.998542
0.617781 1.00255
0.621571 0.9916
0.62201 0.995345
0.625361 1.01279
0.626652 1.00081
0.629151 1.006
0.631294 1.00264
0.632941 1.01102
0.635936 0.997552
0.636732 1.00298
0.640522 1.00406
0.640578 1.00393
0.644312 1.00232
0.64522 0.994618
0.648102 1.00727
0.649861 0.994473
0.651892 1.00191
0.654503 1.00903
0.655682 0.996702
0.659145 0.98524
0.659472 0.993874
0.663262 1.00318
0.663787 0.995356
0.667052 1.00092
0.668429 0.998239
0.670842 1.0025
0.673071 1.00566
0.674632 1.00269
0.677713 0.993314
0.678422 1.0025
0.682212 1.00185
0.682354 1.00132
0.686002 0.999733
0.686996 1.00162
0.689792 1.00017
0.691638 0.991013
0.693583 0.989463
0.69628 0.994067
0.697373 1.004
0.700922 1.00378
0.701163 1.00851
0.704953 1.00784
0.705564 1.00572
0.708743 0.993786
0.710206 1.00077
0.712533 0.99612
0.714848 0.989818
0.716323 0.998141
0.719489 0.991576
0.720113 1.00275
0.723903 0.994792
0.724131 1.01295
0.727693 1.00478
0.728773 1.00464
0.731483 0.998589
0.733415 0.997944
0.735273 0.994281
0.738057 0.992025
0.739063 0.994931
0.742699 1.00746
0.742853 0.995593
0.746643 1.00489
0.747341 0.9936
0.750434 0.997814
0.751982 0.978003
0.754224 1.00788
0.756624 0.98482
0.758014 0.996753
0.761266 0.992936
0.765908 0.99448
0.77055 1.00016
0.775192 1.00235
0.779834 0.9889
0.784476 1.00478
0.789117 1.00225
0.793759 0.996098
0.798401 1.00542
0.803043 0.993367
0.807685 0.993931
0.812327 1.00982
0.816969 1.0046
0.82161 0.99758
0.826252 1.00208
0.830894 0.988681
0.835536 1.00219
0.840178 1.00613
0.84482 0.998634
0.849462 1.01195
0.854104 0.999308
0.858745 0.999254
0.863387 1.00725
0.868029 1.00634
0.872671 1.00496
0.877313 1.00126
0.881955 0.987837
0.886597 0.99
0.891238 0.99015
0.89588 0.983956
0.900522 1.00605
0.905164 1.00206
0.909806 0.994434
0.914448 1.01111
0.91909 1.01653
0.923732 0.987812
0.928373 0.994912
