34.92809	3.5481062430346153
35.62418	5.038674597462096
36.32027	0.15666716582629558
37.01636	-1.5219011375003992
37.71245	-0.9239536445193847
38.40854	-0.964071562167281
39.10463	-0.7702420000820576
39.80072	-0.4717094864759789
40.496809999999996	-0.430505916788054
41.1929	-0.20900037825701975
41.88899	-0.28032933528287585
42.58508	-0.4112226031739859
43.28117	-0.3914926223772053
43.97726	-0.4313620271244122
44.67335	-0.357543356493621
45.36944	-0.22511136657773392
46.065529999999995	-0.15829436435602043
46.76162	-0.18967277650353415
47.45771	-0.1062012699267604
48.1538	-0.11453307417032603
48.84989	-0.09926985024697789
49.54598	-0.08022324713691531
50.24207	-0.0724285359020273
50.938159999999996	-0.0869400203691271
51.634249999999994	-0.061232160538033424
52.33034	-0.0656921660345882
53.02643	-0.04889854061656007
53.72252	-0.03693662166246567
54.41861	-0.034874673216216207
55.1147	-0.028939506499962474
55.81079	-0.023002368760883338
56.506879999999995	-0.017096070874302396
57.20297	-0.011355857291826525
57.89906	-0.00828231012893804
58.595150000000004	-0.005433133451804725
59.29124	-0.004167375382178666
59.98733	-0.002715059984932617
60.68342	-0.0017106858267493513
61.379509999999996	-0.000928384909111473
62.075599999999994	-0.0005014610006436956
62.77169	-0.00021257409172193242
63.46778	0.00011987787327324043
64.16387	0.0003339250846703567
64.85996	0.0004062711951523978
65.55605	0.00048605191611829563
66.25214	0.0005574354517910319
66.94823	0.0006053061076404323
67.64432	0.0006689335984883425
68.34040999999999	0.0006220626206474329
69.03649999999999	0.0006676562987951199
69.73259	0.0006061902936671613
70.42868	0.0005780630355919045
71.12477	0.0005544079120628805
71.82086	0.0005343759994700961
72.51695000000001	0.0005216987650780563
73.21304	0.00046878038601720433
73.90913	0.000476290577253975
74.60522	0.0004393561398531704
75.30131	0.00036509862289088206
75.9974	0.0003882457837476585
76.69349	0.0003367045363988396
77.38958	0.0003131723143899746
78.08567	0.0002788090171783919
78.78175999999999	0.0002556994895563599
79.47784999999999	0.0002566404954194078
80.17394	0.00022824542524269378
80.87003	0.000212460580893797
81.56612	0.00018935717792010166
82.26221	0.00017338221497762815
82.95830000000001	0.00015406961466398204
83.65439	0.0001387751269058036
84.35048	0.0001293733886835634
85.04657	0.00012606065370785922
85.74266	0.00010381153414153398
86.43875	9.426611456775922e-05
87.13484	9.163769764645984e-05
87.83093	7.893260308531668e-05
88.52702	7.18246518517663e-05
89.22310999999999	6.305287078952635e-05
89.91919999999999	5.960741125357352e-05
90.61529	4.886309029091437e-05
91.31138	4.974238611974602e-05
92.00747	4.0532302792156316e-05
92.70356	3.3193182320088374e-05
93.39965000000001	2.9448964667583193e-05
94.09574	3.138964457471808e-05
94.79183	2.6127861757354253e-05
95.48792	2.4469297628803407e-05
96.18401	2.761093018363826e-05
96.8801	2.4605449657533724e-05
97.57619	2.4226381804081262e-05
98.27228	1.8538007031695976e-05
98.96837	1.8468034344311625e-05
99.66445999999999	1.0354519967922288e-05
100.36055	4.2126205308151725e-06
101.05664	2.1151622142954714e-06
101.75273	-1.917776960317251e-06
102.44882	1.568051029490109e-05
103.14491	2.22976605095737e-05
103.841	1.7345330077651773e-05
