0.5 0
1 0
1.5 0
2 0
2.5 0
3 0
3.5 0
4 0
4.5 0
5 0
5.5 0
6 0
6.5 0
7 0
7.5 0
8 0
8.5 0
9 0
9.5 0
10 0
10.5 0
11 0
11.5 0
12 0
12.5 0
13 0
13.5 0
14 0
14.5 0
15 0
15.5 0
16 0
16.5 0
17 0
17.5 0
18 0
18.5 0
19 0
19.5 0
20 0
20.5 0
21 0
21.5 0
22 0
22.5 0
23 0
23.5 0
24 0
24.5 0
25 0
25.5 0
26 0
26.5 0
27 0
27.5 0
28 0
28.5 0
29 0
29.5 0
30 0
30.5 0
31 0
31.5 0
32 0
32.5 0
33 0
33.5 0.01742610378812211
34 0
34.5 0.06572214232714151
35 0.3671822322065804
35.5 8.395188837242646
36 45.36008765317705
36.5 51.9352241139925
37 36.78440161706838
37.5 24.96271554297953
38 22.07548844268606
38.5 17.89073326885099
39 16.29060866855411
39.5 17.14675002561706
40 16.24407210837277
40.5 16.1792993950499
41 15.50787695020899
41.5 17.35070281530801
42 17.49437084607439
42.5 16.25147344459863
43 15.10362543322997
43.5 14.53104063235058
44 14.38449258581474
44.5 13.4606410819785
45 12.74790487338788
45.5 12.04418178706946
46 10.46214353170184
46.5 8.881687578516861
47 8.08285842611539
47.5 6.916805802115721
48 5.831283723378112
48.5 5.121381700648972
49 4.830059088254263
49.5 4.230146245238903
50 3.51233751772912
50.5 3.197740439205473
51 3.255648087160045
51.5 2.551241384398958
52 2.473485274359192
52.5 1.993781782609644
53 2.276595766188663
53.5 1.967772260687002
54 1.710182945451341
54.5 2.014736861450495
55 1.726139110297769
55.5 1.650734743549131
56 1.646333378100157
56.5 1.580566310240354
57 1.522862597409563
57.5 1.526068144836226
58 1.464989338289968
58.5 1.411481308824998
59 1.353950944920721
59.5 1.303670931258507
60 1.320060035894853
60.5 1.271616393508741
61 1.219321481989532
61.5 1.359863845262971
62 1.256618602790414
62.5 1.321702777272856
63 1.359934193357705
63.5 1.256152086016738
64 1.29389565150284
64.5 1.306818509317751
65 1.184958559505877
65.5 1.157819946147635
66 1.297477639606885
66.5 1.189594369066243
67 1.15447937596309
67.5 1.150315995309075
68 1.188443131124099
68.5 1.300359280213257
69 1.125491687352298
69.5 1.093160839206959
70 1.149440031255382
70.5 1.204018341677649
71 1.307383843877436
71.5 1.097892260389291
72 1.158145950559327
72.5 1.246403627497496
73 1.144982329251389
73.5 1.223578768469133
74 1.157101565430112
74.5 1.374174774240046
75 1.213368763857919
75.5 1.135596383865415
76 1.245978488789643
76.5 1.10944333070273
77 1.131364585401159
77.5 1.175421708456264
78 1.102541194418717
78.5 1.148838992477043
79 1.159411094568405
79.5 1.058234117616749
80 1.164219614990599
80.5 1.23430207095004
81 1.207187961495064
81.5 1.065818522547579
82 1.000508190336064
82.5 1.094729922635789
83 1.010610307959694
83.5 0.93403079021568
84 1.122500030522834
84.5 0.9668324045524562
85 1.085416530860102
85.5 1.070083511574572
86 1.078830388087855
86.5 1.011506459393519
87 1.18335999459754
87.5 1.047267584032681
88 1.025299155519801
88.5 0.9613114131756157
89 0.9653541201492283
89.5 1.142588090118408
90 1.021281015424824
90.5 1.055394973229054
91 0.963534542965557
91.5 1.002086045543121
92 0.9889128603287073
92.5 1.01710656121758
93 1.110210947314608
93.5 0.9596745568701878
94 1.011463937769642
94.5 0.989839380672597
95 1.055289607027054
95.5 1.052845534204001
96 1.090713185522689
96.5 1.035338116274422
97 1.001828725532794
97.5 1.022438201518092
98 1.032394585895831
98.5 1.104582117237608
99 0.9617596651911091
99.5 1.06471289534937
100 0.9797778933086241
100.5 1.002969084694139
101 1.01990282593364
101.5 1.017472348977548
102 1.024438918881192
102.5 1.070311087336254
103 1.067318469340315
103.5 1.080764118268549
104 0.990840592360261
104.5 1.022570919294123
105 1.028819781061916
105.5 0.983949972973044
106 0.9799108687799826
106.5 0.8862450323152021
107 0.9855942659864585
107.5 1.077984246607002
108 0.9875468185008235
108.5 0.9900946043302805
109 0.9810320011638033
109.5 1.022655157322822
110 0.9859034244210103
110.5 0.9978227489351231
111 0.9840918663465974
111.5 0.9910161342491203
112 1.042989611694133
112.5 0.9518435638796284
113 0.9771330483850251
113.5 0.9305906010536114
114 1.065401896211433
114.5 1.063575848518899
115 1.052868720080807
115.5 1.09068383743241
116 1.026073881778489
116.5 0.9927897429398669
117 0.9943228653261121
117.5 0.9802125793422738
118 0.9831593998386978
118.5 0.9957704896293207
119 1.063375653674842
119.5 1.04901782894449
120 0.9764641623543201
120.5 0.9549091433095166
121 1.005805823857229
121.5 1.058483600806098
122 1.010407564277964
122.5 1.056911411959314
123 0.9940449591323426
123.5 0.9706258976215688
124 0.9679015756310779
124.5 1.040890766625153
125 0.968748058342036
125.5 0.9958107884591341
126 1.118496601058692
126.5 1.038790059509571
127 0.9881891410266809
127.5 0.9600026507357844
128 0.9668408466026754
128.5 1.043420976792978
129 0.9483835764563172
129.5 0.9970489679443142
130 1.020638134261898
130.5 1.011683799359954
131 1.038163357224897
131.5 1.021236092094823
132 1.000045481738525
132.5 1.02036047551257
133 1.018230867946105
133.5 1.004034123258362
134 1.033585780932993
134.5 0.9383504506216884
135 0.9775539848195588
135.5 1.015089231483106
136 0.9886070530258294
136.5 0.9561873296749699
137 1.000276369394813
137.5 0.9299170397948729
138 1.005343395910493
138.5 1.02358538524547
139 0.9808081973995767
139.5 1.01097281104186
140 0.9897955824699123
140.5 1.064990481348339
141 0.9384260604252261
141.5 1.065618572790574
142 1.019332655723431
142.5 0.9794474381442059
143 0.9802609467761526
143.5 1.018077626995976
144 0.9648072536011335
144.5 0.9628249391436502
145 0.9692183431734261
145.5 0.9902815986824853
146 0.9706661092531808
146.5 0.9640517086904125
147 0.9692698676260663
147.5 1.018440777158624
148 1.021392122571025
148.5 0.9950155318989622
149 0.9768973234821867
149.5 1.023748755480473
150 0.9639154434945788
150.5 1.016233186698204
151 0.9503329254704533
151.5 1.005417990477607
152 1.026747219362661
152.5 1.052821031345444
153 0.9883068224558208
153.5 1.026698317672726
154 0.9466520000295416
154.5 0.9864144594785951
155 1.008550898045229
155.5 0.9778121390907881
156 1.039860281033397
156.5 1.013264550003501
157 1.010787898077177
157.5 1.0012269133706
158 1.056004159106898
158.5 0.9699501613259233
159 0.9978962074017584
159.5 1.003949141181528
160 1.031296903042854
160.5 0.9474459032937419
161 0.9740122087998175
161.5 1.007729856436455
162 1.004499612404535
162.5 1.002771180981848
163 1.012085958910857
163.5 0.9985896208714328
164 1.036863865856997
164.5 0.9626365132740864
165 0.9819526274561174
165.5 0.9967341366655352
166 1.018416988709383
166.5 0.995378941516164
167 0.974000576283468
167.5 1.02744307934768
168 1.017179040004642
168.5 0.965002048505641
169 0.97162548304528
169.5 0.9543298737971474
170 1.002183218331553
170.5 1.040714145155697
171 0.9630751604171149
171.5 0.9986920536267203
172 0.9677743187258703
172.5 1.014749877531065
173 1.001705040213349
173.5 0.9907425055846513
174 0.9999133578804539
174.5 0.9620792792958227
175 1.001289982782466
175.5 1.021625472739281
176 0.9779485171799085
176.5 1.016987243665432
177 1.058066782683551
177.5 0.9981119149934324
178 1.014115613430423
178.5 1.039131302552096
179 1.04615170217038
179.5 1.006341843113347
180 0.9639395872538088
180.5 0.982016527838061
181 0.9801801731007389
181.5 1.023467162655962
182 0.9877409867532947
182.5 1.023438051223165
183 1.033620221801471
183.5 0.9914054324973119
184 1.010863028957499
184.5 1.038138558677731
185 0.9971072749015039
185.5 0.9877609540375449
186 0.9943284400847222
186.5 0.9428992726209778
187 0.9982628694716114
187.5 1.020759510225459
188 1.024743551832263
188.5 1.005554812080688
189 1.005168751612217
189.5 1.005861943903994
190 1.000033169698122
190.5 1.04490729077068
191 1.024969786862551
191.5 0.9817618281185664
192 1.007424289546491
192.5 1.061305740520924
193 1.015912401111057
193.5 1.025293658589426
194 0.9992306219914747
194.5 1.008057512272033
195 0.9668932690412538
195.5 0.9783275304199403
196 0.9784331331813547
196.5 1.041328875450366
197 0.9770915717717712
197.5 1.027802267617397
198 0.9827108612170564
198.5 0.9663508649556922
199 1.025699760501225
199.5 1.005823904782569
200 1.039913961610501
200.5 1.006031758778193
201 1.044598110410209
201.5 0.995107791338426
202 0.9925840002389891
202.5 1.01534940050291
203 1.039777013344126
203.5 1.020506676010396
204 1.021619362223721
204.5 1.029255812498976
205 1.054954449996212
205.5 1.010001278541707
206 0.9995741623485077
206.5 0.9731844881435415
207 1.011390745812122
207.5 0.9869915502006364
208 1.034235070857791
208.5 1.004538334958493
209 1.05704463242269
209.5 0.9798217714118255
210 1.027932867457553
210.5 1.000987744507581
211 1.018651780055575
211.5 1.015589908394037
212 1.001232197629991
212.5 0.9675094383806356
213 0.999180926511011
213.5 0.9962225479168522
214 0.9855942659864585
214.5 0.9457260082718436
215 0.9980238766663729
215.5 0.9917136087552975
216 1.031139717110368
216.5 1.000097042663824
217 0.9684985810814656
217.5 1.034742381302233
218 0.9991382964872962
218.5 1.002763323927688
219 0.9822871905863949
219.5 1.008665703600683
220 1.000853599299526
220.5 1.014017776236254
221 0.9717960720969278
221.5 0.9833578720163637
222 0.9959962034394998
222.5 1.020757052262141
223 1.019330880941952
223.5 0.9822804867715885
224 1.016486138751233
224.5 0.9700569429824277
225 0.9900872784997921
225.5 1.002238840674912
226 0.9890026112768495
226.5 0.9903589812965254
227 1.012947110200689
227.5 1.013411625189656
228 0.9852710332548532
228.5 1.009430147348812
229 0.9878725184875745
229.5 1.031470405854145
230 0.9881734862275269
230.5 0.9820506245793135
231 0.9803693767243609
231.5 0.9713952395485868
232 1.012993619829472
232.5 1.003938208976957
233 1.004677283403225
233.5 1.008270326851048
234 1.01468076881878
234.5 1.024583775787343
235 0.9996893466341181
235.5 1.01272731319646
236 0.9821060147674422
236.5 0.9922931911824123
237 0.9929851176303577
237.5 0.9843013369527083
238 1.007790108141839
238.5 1.024884959264304
239 1.001428573649684
239.5 1.014639584890771
240 0.989026462078628
240.5 1.002162039574798
241 1.030332150397433
241.5 0.9710781845887848
242 0.9874395156526646
242.5 1.006650805705483
243 1.003837232178749
243.5 1.000378592697619
244 0.9975968051730091
244.5 1.008242076885095
245 1.016185787269143
245.5 0.9929064775280231
246 1.010526198701832
246.5 1.016730119109795
247 0.9863328556742296
247.5 0.9817131852158211
248 1.03276751565366
248.5 0.9716111265102582
249 0.9863228567384408
249.5 0.9864576804965591
250 0.9990996609451295
250.5 0.9938685985978655
251 0.9359007254377459
251.5 0.9856716019460097
252 0.974681096462214
252.5 0.9981244498009216
253 1.007626357724284
253.5 1.009133224266901
254 1.021532946398747
254.5 0.9803849273051515
255 1.031581795746786
255.5 0.9853079227911614
256 0.9850437143936517
256.5 1.017471072255489
257 0.9969348549551528
257.5 1.018431965356023
258 1.002148816385532
258.5 1.025200838817891
259 0.9961743635864684
259.5 0.9624267603876316
260 1.021795320355166
260.5 1.012112904925708
261 1.007090456343564
261.5 1.025835916918518
262 1.017935695764149
262.5 0.9947622986543492
263 1.005685708632692
263.5 0.9875079100364379
264 0.9952753433576171
264.5 1.000461212901491
265 0.9947400705597433
265.5 1.001539452110815
266 0.9941846992405379
266.5 0.9959648065076493
267 1.036130296051047
267.5 1.001650741030259
268 0.9886591071042404
268.5 1.005596877984079
269 0.9899705358949438
269.5 1.007841409687996
270 1.015379207613071
270.5 0.981961642096787
271 1.002041127510737
271.5 0.9864149096193119
272 1.010282394830139
272.5 1.008421887907705
273 1.029921863055504
273.5 1.007858659108894
274 1.004444187600624
274.5 1.009872261903208
275 1.026891147114972
275.5 1.001523731773839
276 1.01330193658292
276.5 1.002989719096021
277 1.005234252840671
277.5 0.9914566828947398
278 1.024585240265967
278.5 0.968969028665538
279 0.994893720607795
279.5 1.018373829618609
280 0.9927889158846398
280.5 1.017090983349601
281 1.020904828864617
281.5 0.9975379370712142
282 1.00113534905427
282.5 0.99097831916465
283 0.9952936074001786
283.5 0.9993289912542664
284 1.002117475286618
284.5 0.9959404152072548
285 0.9765582126629545
285.5 0.9990527189032086
286 0.9993879896400776
286.5 1.021157718850045
287 1.018789901455162
287.5 1.02778915056877
288 1.00441810858769
288.5 0.9849621671925777
289 0.9820252419184019
289.5 1.004070298473932
290 1.003168889743321
290.5 0.9929982044501928
291 0.9981336449406953
291.5 0.9887285274644524
292 0.975024014753136
292.5 0.9824367069360068
293 0.990704366988328
293.5 0.9866506838009491
294 1.035788387953345
294.5 0.9982259005332756
295 1.005406892543619
295.5 1.004470964276292
296 0.9883575871382208
296.5 0.9870290700043319
297 0.976170540764512
297.5 0.9969768206505735
298 1.000460897335341
298.5 1.008964168196466
299 0.9968425381889994
299.5 0.9909007212011124
300 0.9915117602943561
300.5 1.018751522483482
301 1.007814942373388
301.5 0.987694351744057
302 0.9842121227232357
302.5 0.9719851021307152
303 0.9945543638855817
303.5 0.9838492276521709
304 1.023149795057392
304.5 1.004395382634967
305 1.018764120986426
305.5 1.003697851833613
306 1.008565859179873
306.5 1.002155325378339
307 0.9822938229310197
307.5 1.011159595359797
308 0.9783994756402885
308.5 1.009135554515278
309 1.003414542563463
309.5 0.9965002485005523
310 1.017911943507312
310.5 0.9907004417461699
311 1.004501800455549
311.5 1.005109034330435
312 1.008921625067565
312.5 1.005895916703266
313 0.9974946722552192
313.5 0.995708285687447
314 1.014159835727748
314.5 1.021021399270554
315 0.98447410084373
315.5 0.9927513389291255
316 1.025256263524595
316.5 0.9937113814350783
317 0.9886329894734531
317.5 0.9876556401407277
318 1.004471492489289
318.5 0.9922593622736539
319 0.9958775745793798
319.5 1.017859891199885
320 1.020601972196483
320.5 0.994764177469873
321 1.002675622416033
321.5 0.9970996667030722
322 1.00173873759408
322.5 1.010104896698555
323 0.9996695171829643
323.5 0.9876119404917039
324 1.000401134757484
324.5 0.9861773625772817
325 1.013509867927371
325.5 1.002461557814645
326 1.019998630953251
326.5 0.9990820957390145
327 1.012306511268018
327.5 0.9990071629831326
328 0.9937823903646915
328.5 1.011781630929172
329 1.023704670460017
329.5 1.025823871084143
330 0.9916500381881275
330.5 1.002258797145294
331 1.013155974160741
331.5 0.996399067467051
332 0.983819199023263
332.5 1.000320618151614
333 0.9923808121742479
333.5 0.9586367656683054
334 0.9943360814758514
334.5 0.9950361291499545
335 0.997644441869991
335.5 1.004402605782486
336 1.014234209677653
336.5 1.002414123555622
337 1.002369187071973
337.5 1.007299096190797
338 1.014934370855438
338.5 1.014157044818892
339 0.9880241168449069
339.5 0.9969930715946649
340 0.9861117453839675
340.5 0.9911456175078885
341 1.007077618162947
341.5 0.9984293167762939
342 0.9836408279051889
342.5 0.9917740202549569
343 1.004343772971479
343.5 0.9976099473640718
344 1.016691873087697
344.5 0.9980884538157342
345 1.030194580977943
345.5 0.9962510918792084
346 0.9889631952791285
346.5 0.9996306317686233
347 0.9912297559972338
347.5 1.006841620348098
348 1.024459034624289
348.5 1.000266657820492
349 1.024537363348906
349.5 1.002075633133467
350 1.027790961280854
350.5 1.016264474253726
351 1.008132905122308
351.5 0.9894383756374447
352 1.01361933139596
352.5 1.005237274286947
353 0.9742988902276242
353.5 1.017711842419282
354 1.025138745641334
354.5 0.9954828490663431
355 1.022940569595259
355.5 0.9819983725233365
356 1.007788963985711
356.5 1.005887304769177
357 1.02301955022369
357.5 0.9999618009259951
358 0.9996119896321705
358.5 1.003216499308242
359 1.008921428658119
359.5 0.9811493650454156
360 1.023091797367067
360.5 1.012581295011241
361 1.000624420480469
361.5 1.012523940390564
362 0.9885373731149962
362.5 0.9862587270956307
363 0.9836920467058751
363.5 0.9916442151002066
364 1.000582209982155
364.5 1.011822593789614
365 1.017125969151651
365.5 1.005122388847441
366 0.9998961721918471
366.5 0.9951314946888098
367 1.008829078059655
367.5 0.9842206969567692
368 0.9828476821549623
368.5 0.9853669596556323
369 0.9946194685726735
369.5 1.027309503714013
370 1.014392372360398
370.5 1.008094650164424
371 1.006089659887781
371.5 0.9958731583093127
372 0.9970135225693172
372.5 0.993634067527418
373 0.9901285742907228
373.5 1.000937383663784
374 0.9947675513011927
374.5 0.9884876386061621
375 0.9923896273799553
375.5 0.9921064034631283
376 1.018242074114105
376.5 0.9924996968931851
377 1.007343565851494
377.5 1.005637498606134
378 1.00434753531188
378.5 1.025038663893917
379 1.004636611270652
379.5 1.001583722737594
380 1.012763819474886
380.5 1.007267290860962
381 1.008128063026946
381.5 1.005218518107987
382 1.005001102468916
382.5 1.009727098810654
383 1.019624451582129
383.5 0.9857191047850234
384 0.9980078697784818
384.5 0.9970013293793163
385 0.9866290810063988
385.5 0.9870980889045442
386 0.9869050831981966
386.5 1.008703567805247
387 0.9786775307090867
387.5 0.9885264007959051
388 1.000789484116266
388.5 0.9941984055928165
389 0.9844069321764202
389.5 0.9941273160950495
390 0.9877226187200681
390.5 0.9887857798558041
391 1.009923620902907
391.5 0.990758570063065
392 1.00554112711575
392.5 0.9873668158548549
393 1.011826245588993
393.5 0.9958688189915544
394 1.000397649747245
394.5 0.994973222247669
395 1.014516043182343
395.5 1.012327591679809
396 1.0091492752498
396.5 0.9936686388627204
397 0.9885615486777092
397.5 1.011572800383823
398 1.004217844477247
398.5 1.003792975232842
399 0.9913286408885356
399.5 0.9962008058049343
400 0.982344676711753
400.5 1.012324872545741
401 1.006518234483598
401.5 0.9983110391406741
402 0.9943770474097181
402.5 0.9972195020164577
403 1.021839873825978
403.5 0.9966069750138438
404 1.00672269073008
404.5 1.018817273395558
405 1.003188099557479
405.5 1.00547305516451
406 1.001574343524773
406.5 1.01284057864433
407 1.009409079117178
407.5 1.003282651224621
408 0.986492385532726
408.5 1.001072095491441
409 1.006575709406654
409.5 0.9964220691234227
410 1.001089881144399
410.5 1.015248512490919
411 1.016947642218059
411.5 0.9961146675833923
412 0.9996893737549564
412.5 1.015311720374232
413 0.9979497861453093
413.5 1.006861151526928
414 1.006256203442814
414.5 1.005651242372932
415 0.9958485843602831
415.5 1.014409819043071
416 0.990840592360261
416.5 0.9993983747497982
417 1.020508380140323
417.5 0.9915872821532947
418 0.9901119036860563
418.5 1.002933265824828
419 0.9872851705346758
419.5 0.997601756739903
420 1.015294348595369
420.5 1.016641715083055
421 0.9951398222788663
421.5 1.002577085697227
422 0.9936137673504578
422.5 0.9890722887591586
423 0.9975558646052923
423.5 0.9900769038809271
424 0.9974248174782038
424.5 0.9971385524798646
425 1.002372692538935
425.5 0.9833837570702458
426 0.9950859227138347
426.5 1.015653933309515
427 0.9830296782577467
427.5 0.9980668912456035
428 0.9911457068260704
428.5 0.997248246303546
429 0.9874867185247463
429.5 0.9927159027394632
430 0.9965431290748797
430.5 1.003304527101756
431 0.9980302559448216
431.5 0.9935129578705094
432 0.9982354619098944
432.5 1.0050244541757
433 1.01668188098084
433.5 1.002370278191919
434 1.007329892115392
434.5 0.9982796263887174
435 0.9942290958976711
435.5 1.011848263152913
436 1.005825280555632
436.5 1.027129763475915
437 1.015973747619137
437.5 1.014163711132527
438 0.9942140898494302
438.5 0.9817773785955388
439 0.9875588156380127
439.5 0.9985761397619762
440 0.9910551738723906
440.5 0.9871940411439138
441 1.02035287341028
441.5 1.014130227922324
442 1.005430546780134
442.5 0.9902756012089591
443 0.9915292690071766
443.5 0.9911839432816372
444 0.9988730849036179
444.5 1.008900655012892
445 0.9904385136548962
445.5 1.01393442495943
446 0.9873784758198328
446.5 0.9952721276406569
447 0.9920680563886829
447.5 1.000692321319943
448 0.9856953393028637
448.5 1.011012659851989
449 0.9961514747486551
449.5 1.005744955761759
450 0.9873831774660432
450.5 1.005910212511495
451 1.010507503404962
451.5 1.000883681376603
452 0.9988620062595747
452.5 1.002672979996254
453 1.005988203095277
453.5 1.005102411349899
454 1.001087013837342
454.5 1.008826187055497
455 1.005854491519338
455.5 0.9958241383156456
456 1.007937157635764
456.5 1.009859552786171
457 1.01317571375827
457.5 1.008065859707668
458 1.003908199233126
458.5 1.025813960000801
459 0.9955471654774751
459.5 1.006904715403568
460 1.010447131025585
460.5 0.9876887615444981
461 1.008736782855925
461.5 1.007562229829305
462 1.001076243933679
462.5 0.9955301883234363
463 1.015275884761103
463.5 0.9955175829510808
464 1.009451048884946
464.5 1.018608982158488
465 0.9879294645635405
465.5 0.9947431253962618
466 1.009270196764068
466.5 0.995964703386013
467 0.9887218626698374
467.5 1.000656463354714
468 0.991644193813919
468.5 1.001022401965592
469 1.006357493764052
469.5 1.011224003234384
470 1.00066318499871
470.5 1.003042984592565
471 1.008231396329031
471.5 1.013835397513794
472 1.00133029231786
472.5 0.9910657303477665
473 1.007939815673396
473.5 1.006510053224725
474 0.9908090457561677
474.5 1.004443609123279
475 0.999989831315903
475.5 1.004461496653999
476 0.9980367437858925
476.5 1.011188675826041
477 1.016805523993351
477.5 0.9948639797337848
478 1.005109037638312
478.5 0.9967744153129519
479 0.9905180288991642
479.5 1.000531541938026
480 0.9970901004151771
480.5 1.005858162803501
481 0.9857636391296639
481.5 1.01146935776311
482 1.01879983792975
482.5 1.003668950364851
483 0.9915325248028439
483.5 0.9962589795059273
484 1.004887508447001
484.5 1.008562966436816
485 0.9935979335138939
485.5 0.9924650913803883
486 0.9866981438365351
486.5 1.00474949393474
487 0.9986469779229198
487.5 0.9962703666623371
488 1.010653925029982
488.5 1.008668043683602
489 1.007260660197666
489.5 1.006754714298217
490 0.9972076461635235
490.5 1.029071599530512
491 1.00045061988179
491.5 0.9882158394630097
492 1.005113242568715
492.5 1.003154065888344
493 0.9920279865863133
493.5 0.996362517242648
494 0.9992349997889152
494.5 0.9947360811769703
495 1.004460198043992
495.5 1.011753466721979
496 1.003911711452438
496.5 0.9988761154692578
497 0.9921169349983741
497.5 1.001343712264384
498 0.9898713479882993
498.5 1.001422571917961
499 0.993918944799678
499.5 1.005882192021178
500 1.003402078839898
500.5 1.007799985022069
501 1.000179617450674
501.5 1.012882597512516
502 1.013737245140404
502.5 1.016677619674129
503 0.9937103289380412
503.5 1.011254632441898
504 0.9960070572615847
504.5 0.989193090230961
505 1.010777379596339
505.5 0.9926303885413721
506 0.9939540473822095
506.5 0.9976337051842012
507 0.99909058361527
507.5 1.013296156500401
508 1.002057132806426
508.5 1.005003595103542
509 1.001520420040403
509.5 1.012814796627771
510 0.9866192655823122
510.5 1.006599521358103
511 1.001410172973595
511.5 0.9928755289882297
512 1.000187903580407
512.5 1.001736721323267
513 0.9968868269286726
513.5 0.9927214137724676
514 0.987163886670769
514.5 0.9862065559892802
515 1.000145610924493
515.5 0.9943796038375263
516 0.9874588601207194
516.5 1.002921869571016
517 1.0082263459114
517.5 1.001678473668222
518 0.9888859939377526
518.5 1.002037550077903
519 1.00678725756603
519.5 1.013183490298044
520 0.998868570882304
520.5 1.010376892580573
521 1.008438520091482
521.5 1.002263108495958
522 1.009387127851759
522.5 0.989905956828405
523 0.9941628397513234
523.5 0.9986871023397892
524 1.010243486476258
524.5 1.017559792801401
525 0.9998709210154841
525.5 1.016523472959602
526 1.003423834674564
526.5 0.9974270377451805
527 1.01271668298232
527.5 1.005175179532891
528 0.9966081761405178
528.5 0.9971038968263999
529 1.003955419428808
529.5 0.997944889926018
530 0.988961555312231
530.5 0.9966877771452217
531 1.007434940575456
531.5 1.006232658521989
532 0.9992979649997678
532.5 0.987490768302651
533 0.9909395486368269
533.5 0.9981527311007786
534 0.9965587325865612
534.5 0.9971594549292366
535 0.9901720695095847
535.5 0.9995765243490238
536 0.9973040882803791
536.5 0.9874966105583448
537 0.9990864045361104
537.5 1.00345610497345
538 1.004902523912469
538.5 1.022594918049034
539 0.9832040896274964
539.5 1.006175743746853
540 1.000222292096522
540.5 1.001384986831755
541 1.004212133850885
541.5 0.9982234020749973
542 1.00410485824106
542.5 0.9910248945625371
543 1.010756912835442
543.5 0.9879772688015063
544 1.007110393590484
544.5 1.010076866573263
545 0.9853116709675378
545.5 1.005719750113109
546 1.01522743647433
546.5 0.9965422014100972
547 1.004852076857337
547.5 0.9987768933623656
548 1.009979571155218
548.5 0.9879229779687279
549 1.004032599633143
549.5 0.9939808331009793
550 0.9956008351530203
550.5 0.985468486601995
551 1.001974636463986
551.5 0.9909639990284579
552 1.011569028533279
552.5 0.9989118652581983
553 1.004908215115715
553.5 0.9908372814238292
554 1.004023587855632
554.5 1.00234093015585
555 0.9922820502665143
555.5 1.008621976929962
556 1.000798870153593
556.5 1.001842957154178
557 1.000234227612852
557.5 1.003789231090553
558 1.008648880002562
558.5 0.9917965232644509
559 0.99740804588445
559.5 0.988816649244341
560 1.018855861037892
560.5 0.9950024438161771
561 1.002239764812177
561.5 1.019932535827774
562 0.9851781132984546
562.5 1.000053822309895
563 0.9955018935331544
563.5 1.005499506528135
564 1.008512912422393
564.5 1.007095369001219
565 0.9889566645817843
565.5 1.013504828839825
566 1.012691710817073
566.5 0.9971328231242568
567 1.000728100506692
567.5 0.9970223216116962
568 1.01096753283512
568.5 1.019476750941136
569 1.005242624325518
569.5 1.004744523949754
570 1.01032603547508
570.5 1.001585801800969
571 1.000732202340366
571.5 1.002035614637976
572 0.9995075336579771
572.5 0.9990154519916925
573 0.9948901877013707
573.5 0.9940480708552364
574 0.9917234720061081
574.5 1.00575926552505
575 0.991885144215452
575.5 0.9961851876434524
576 0.9881493645753545
576.5 1.014268572140266
577 0.995417991725037
577.5 1.010172605776781
578 1.001108469676234
578.5 0.9855877110995556
579 1.006928737041514
579.5 0.9970390244122067
580 1.008342860025377
580.5 1.003472726024213
581 0.9839604144913696
581.5 1.002395602229079
582 0.9877412307754174
582.5 0.9960750268497406
583 1.003285575733104
583.5 1.015639483304506
584 0.9995085627594633
584.5 1.002149723865043
585 0.9917513406744066
585.5 0.9878333603158782
586 1.005739199874331
586.5 0.9995905764669566
587 0.9984559842053784
587.5 1.001743260275804
588 0.9839763432086279
588.5 0.9969865425473401
589 0.9988459866472278
589.5 0.9869663757916409
590 0.9857437045468453
590.5 0.991366180728212
591 0.999767755747908
591.5 0.9969044305482484
592 0.9985692763007259
592.5 1.004349435386127
593 1.007161170710979
593.5 0.9945274845905896
594 0.9990616623484175
594.5 1.006843847653957
595 1.012775544648028
595.5 0.9962408477671962
596 0.9986991348042643
596.5 0.9955415752388334
597 1.004355021463352
597.5 1.0059615358087
598 0.9959675392526913
598.5 1.004404406246806
599 0.9949885954634933
599.5 0.9928398631779217
600 0.9999318963257841
600.5 1.001358706880893
601 1.008626812943495
601.5 0.9849511448772958
602 0.9932449041189005
602.5 1.009536949871765
603 1.002861516152237
603.5 1.002166975537398
604 1.007691692971208
604.5 0.9877223511316549
605 0.9948528255097798
605.5 0.9925170431859518
606 0.9825191697199069
606.5 0.983823947045104
607 1.005558028586015
607.5 1.005705144415466
608 1.000136860163391
608.5 1.002032623532675
609 0.9976459806517001
609.5 0.9915351509954958
610 0.9965325267242897
610.5 0.9961077041175048
611 0.9924874478517548
611.5 0.9928001529249886
612 1.016293532981831
612.5 0.9992048307983296
613 1.002519631946559
613.5 0.9946511191210009
614 1.008905395130197
614.5 0.9929183942546332
615 0.9972507218093885
615.5 1.007917158117957
616 0.979172547286654
616.5 1.007480005799919
617 1.007080707122658
617.5 1.010066389841964
618 0.9899988143458864
618.5 0.9988277685546818
619 1.00788211468656
619.5 1.002077335812271
620 0.9994442288185295
620.5 1.000526214248685
621 1.010477938279801
621.5 1.005814924698407
622 0.9904998379592636
622.5 1.001728040084493
623 1.001985074027222
623.5 1.007773619853303
624 1.007013071615128
624.5 0.9996345658777055
625 1.0061963036981
625.5 0.9980903354954068
626 0.9891605912933108
626.5 0.9993410659124768
627 1.00371733015166
627.5 1.009121376554248
628 0.9948207815553533
628.5 1.012447841209228
629 0.9963559423458828
629.5 1.003755730770451
630 0.9993052672278122
630.5 1.002886415021805
631 0.9978594993906645
631.5 1.005352231537817
632 0.9957813699886917
632.5 0.9887325997007335
633 1.003521596939423
633.5 1.001304640775261
634 0.9987528547200317
634.5 0.9997539534441897
635 0.9977921569738357
635.5 1.004696848394001
636 0.9896287533578777
636.5 1.005983387657797
637 1.008646004160823
637.5 0.9956598920488277
638 1.002411699923976
638.5 0.9940786218733044
639 0.9995640847610392
639.5 0.9992927935369518
640 1.001312900491423
640.5 0.9963655600540783
641 1.005140186593722
641.5 1.005332259609134
642 0.9985950761578571
642.5 0.9950990972774807
643 1.008782950274024
643.5 0.9967786831753074
644 0.9895730157761896
644.5 1.009365813240233
645 1.000656316829027
645.5 1.002532973477372
646 0.9950301358684549
646.5 1.004206533196801
647 0.9967218898008753
647.5 0.9848744752830996
648 1.012929435746765
648.5 0.9879776649982754
649 0.998992096667269
649.5 0.9952757339706876
650 1.00485411594973
650.5 0.9838991164456324
651 0.9968318252583296
651.5 0.9955327285959409
652 0.9892680209281395
652.5 0.9924836255514426
653 1.003118049853274
653.5 1.005705010376695
654 0.9915482838011854
654.5 0.9963796776410184
655 1.011314697843757
655.5 0.9973016500500861
656 1.010187888943512
656.5 1.007923720801884
657 0.9979178847772672
657.5 1.001512551179946
658 0.9910024916119301
658.5 0.9976161575518491
659 1.010287908155081
659.5 0.9985948333750921
660 0.9993271550176352
660.5 1.006511271771995
661 0.9987227822750514
661.5 0.9979733325997422
662 1.001464339857089
662.5 0.9899724473772177
663 0.9995133706784588
663.5 1.001339239024347
664 0.9937993306634899
664.5 0.9917728607873906
665 1.006511815611438
665.5 1.004602561591686
666 1.000184766490706
666.5 1.002866958056001
667 0.9925723665072602
667.5 1.007106577406038
668 0.9966588870258436
668.5 1.013110559971604
669 1.003731552902846
669.5 1.002101996047393
670 0.9937235685176635
670.5 1.00546615168675
671 0.9855515968346569
671.5 0.9966186305840222
672 1.000852554221189
672.5 0.9982405600277269
673 1.001982346279797
673.5 0.9901479001126414
674 1.004736920506476
674.5 0.9912118186695315
675 0.9971265256352655
675.5 1.008637133269952
676 0.9878877136459322
676.5 1.001811519603591
677 0.996492074415197
677.5 0.9962999617628944
678 0.9950012075770187
678.5 0.9964239538802698
679 0.9903334429254868
679.5 0.9965852566472478
680 0.9925826279128639
680.5 0.9900265441627589
681 1.00139274076582
681.5 0.9965552945542741
682 1.000896906328029
682.5 1.008121631620434
683 1.001280055504073
683.5 0.9894759157953262
684 1.007759507052788
684.5 0.9950182333067641
685 0.9943163893605019
685.5 0.9919508374380099
686 0.9927078802028584
686.5 0.9971133356573294
687 0.995040923575379
687.5 0.9974006745848814
688 0.9909523153449451
688.5 1.001106346230569
689 1.003361498313357
689.5 1.007501311462219
690 1.00513801421572
690.5 1.000237457016166
691 1.000674505706003
691.5 0.9973465988252181
692 1.003420288569879
692.5 1.003847722836753
693 1.002358970220982
693.5 0.994448747928545
694 0.9982542827786333
694.5 0.9884650031285999
695 0.9980558461959531
695.5 0.9998152532624418
696 1.004192702839083
696.5 1.006742460927637
697 0.9910079113902481
697.5 1.001566543137932
698 0.9914217339505811
698.5 1.009964073881226
699 0.9976728403692599
699.5 0.9998442214675356
700 0.9916714047431415
700.5 0.9947597675086822
701 1.009339739819196
701.5 0.9990790058411069
702 1.009839318085631
702.5 1.004281070467384
703 0.9975900435858257
703.5 1.007908456516169
704 0.9953498767698189
704.5 0.9969321508508737
705 0.9960300752035293
705.5 0.9964654570260026
706 0.9990173301778257
706.5 0.9921185787976152
707 1.010473771880778
707.5 1.001271229458362
708 0.9957219921699703
708.5 1.013173353809057
709 0.9975836804658109
709.5 1.001189720067416
710 0.993029799754621
710.5 1.002247454325242
711 0.9954223181294505
711.5 1.005110965157382
712 0.9984532983416852
712.5 0.9983237112883814
713 0.9988474785196449
713.5 0.9973712124467137
714 0.9939416734024222
714.5 0.9978758216618684
715 1.004552291213337
715.5 1.003607203018815
716 0.9911814351477899
716.5 0.9967316753151292
717 0.9901304051264571
717.5 0.9978300383695261
718 0.9967442674835344
718.5 0.9889553839291542
719 1.007251811910057
719.5 1.006910123374745
720 0.9907240701494805
720.5 1.006075990167851
721 1.003702962955116
721.5 0.9914927481053407
722 1.002425184284574
722.5 1.000888368644426
723 1.009306490683441
723.5 1.003055072781817
724 1.003722107069472
724.5 1.012545726771386
725 0.9964531925862072
725.5 1.001396513061564
726 1.006733415180692
726.5 1.001531743578637
727 1.005741843680549
727.5 1.002770971083779
728 0.9911726929610073
728.5 1.002488797984343
729 0.998758983781056
729.5 0.9959204132522239
730 1.007400958983329
730.5 0.9965305598649541
731 1.006366714554578
731.5 0.9937347044428749
732 0.9967208558324994
732.5 1.007680060119616
733 0.9962962425977359
733.5 1.001881042799909
734 0.9974311099209556
734.5 0.9940073573024347
735 0.9980855096290672
735.5 1.004609949518802
736 0.9785515142818929
736.5 0.9973049739063241
737 1.001892954777013
737.5 1.010926068511628
738 1.001693116056746
738.5 1.001520508204706
739 0.9868087002874742
739.5 0.9997077302843482
740 1.008428299476854
740.5 0.9981864034136588
741 0.9991548622478301
741.5 0.999479566044814
742 1.003922894273703
742.5 0.9989175535926836
743 1.000903536385576
743.5 1.000300712795126
744 0.9971901727327774
744.5 0.9953219743607452
745 0.9938102437805257
745.5 1.006095369012795
746 0.9828544184531951
746.5 1.007297085263615
747 1.011907040564581
747.5 1.003168780498507
748 0.9964802572046978
748.5 0.9994428983714607
749 0.9921827891807231
749.5 0.9994931649203137
750 1.000872778622973
750.5 0.9995048941930277
751 0.9982437875471829
751.5 0.9988550826297143
752 1.006760741122464
752.5 0.9965819825102249
753 0.9937758467675613
753.5 0.995695213846276
754 0.9963702494498192
754.5 0.9990007731977542
755 0.9957910888729209
755.5 0.9967005416852475
756 0.990113119439376
756.5 0.9915385145089781
757 1.005586272150025
757.5 0.9978517940746906
758 1.007563794783637
758.5 0.998315696127877
759 1.005962935733566
759.5 0.9899589935092518
760 1.005890622919878
760.5 1.00240431689426
761 1.000040684979098
761.5 1.009688443029687
762 0.9965756132869277
762.5 1.004586355340672
763 0.9989703345640727
763.5 0.9981320315225289
764 0.9926044359829346
764.5 1.000508180383449
765 0.9985658315680418
765.5 0.9963940888266068
766 1.005425967783293
766.5 1.002117506960937
767 0.9964898113124196
767.5 0.9961214655926426
768 0.9944601341616613
768.5 1.002504471833252
769 0.9980265065456543
769.5 1.005812446342346
770 1.001439072226373
770.5 0.9991515198441056
771 0.997362540435614
771.5 0.995117370307443
772 1.001999388899459
772.5 1.006372147379674
773 0.995513835883589
773.5 0.9987379727360267
774 0.9964034112686275
774.5 1.007277939761289
775 0.9965361996956347
775.5 0.9909591893341075
776 0.9910465958363183
776.5 0.9994686178585793
777 0.9943603693627879
777.5 0.9964140242844096
778 0.9986877469336073
778.5 0.9868859397738661
779 1.003601947543829
779.5 0.9947835038825797
780 1.003408919095471
780.5 0.9994912965245258
781 0.9979554534303423
781.5 0.9943413704333718
782 0.9991783917508045
782.5 0.9940372762729377
783 1.005112766989285
783.5 0.9999755671616868
784 1.01066364709631
784.5 0.984971530425403
785 1.00050547173567
785.5 0.9997709825483593
786 0.9884647210850297
786.5 0.9998226951597121
787 0.9911641755537061
787.5 0.9981049774832401
788 1.005405307041976
788.5 1.003186982220378
789 0.9989629165904783
789.5 1.002153275973633
790 0.9976889145936066
790.5 1.000495670151324
791 0.9911358506905876
791.5 0.9990305373844892
792 1.001354931490147
792.5 0.9961683968262901
793 1.002531794911665
793.5 0.9970446554081139
794 1.001962408130099
794.5 0.9923986461014509
795 0.9976177247392276
795.5 1.002668383721063
796 0.99900168958062
796.5 0.9929389748212204
797 1.001360769213844
797.5 1.004318127083341
798 0.9922806603392029
798.5 0.9921118835462288
799 0.9983145160017528
799.5 1.001349557711696
800 0.9992121105037427
800.5 0.9941494172331673
801 0.9979379840764651
801.5 0.9899350099361005
802 1.007278352773294
802.5 1.009394289278333
803 0.9969159027996706
803.5 1.006671319967551
804 0.9969183542121526
804.5 0.998640735459177
805 0.9909121882553683
805.5 1.0127101730476
806 1.002121952621759
806.5 0.9947462392522013
807 0.9978681987377978
807.5 0.9924939407498565
808 1.006902419846492
808.5 1.005896751759724
809 0.999544128705855
809.5 1.000219755105489
810 0.9974651344066872
810.5 0.9982294483875601
811 0.9909630347327538
811.5 1.006461683067266
812 0.999824376506651
812.5 1.001023367106577
813 1.002307415346907
813.5 1.000248268301388
814 1.000702187937658
814.5 1.000387794299234
815 1.00666853879625
815.5 1.003993584415537
816 0.9992685016368922
816.5 1.001711835235323
817 0.9927513136160144
817.5 0.9924151912742497
818 1.003419200213393
818.5 0.9948958401705991
819 0.9932441078191609
819.5 1.007524327483182
820 1.002805869028987
820.5 0.9959194774143052
821 1.005383843588115
821.5 0.9958435689769309
822 1.00062368757863
822.5 1.003338982063573
823 0.9961146675833923
823.5 0.9945882075667418
824 0.9962042287098847
824.5 0.9928387478811697
825 0.9998820624095225
825.5 0.9978102368855167
826 0.9971472070434002
826.5 0.9963132775765761
827 1.004773770405109
827.5 0.9997329069907468
828 0.9976986328273008
828.5 0.9956400488758549
829 0.9896302562536352
829.5 1.000687523872388
830 1.002888791000002
830.5 0.9956422316405099
831 0.9902531586398395
831.5 1.006486522793447
832 0.9995138377370459
832.5 1.005593744544622
833 0.9928315439174038
833.5 0.9932171426724447
834 1.000714521323407
834.5 0.9939553482954884
835 0.9950934037381884
835.5 1.000206212201608
836 1.000325300838595
836.5 0.9940152422933801
837 0.9891432125706118
837.5 0.9980278161533298
838 0.9989536937901771
838.5 1.000321698748335
839 0.9957403521030094
839.5 0.995886549718945
840 1.000272249421459
840.5 1.001518622912113
841 0.9988073507926787
841.5 0.9895012719244283
842 0.9974569235393006
842.5 1.003243956951774
843 0.9926701974986376
843.5 1.001993549702229
844 0.9947119258024367
844.5 1.000417190559379
845 0.9960838778686608
845.5 0.998243635376167
846 1.002911429124374
846.5 0.9977696590709718
847 0.9949836726776938
847.5 0.9958792999715967
848 0.9999812012944038
848.5 0.9996722532846449
849 1.006933040329376
849.5 1.000788834995632
850 1.006730599308723
850.5 0.9990315960508522
851 0.9960757157099376
851.5 0.9997343405852419
852 1.003841687411745
852.5 1.002045593724831
853 1.006058600024041
853.5 1.006732588556582
854 1.001853650820129
854.5 0.9998244806088638
855 0.9973445848752908
855.5 0.9960722391109127
856 1.008547338688699
856.5 0.997239943129769
857 1.001748271766146
857.5 0.997122870373352
858 0.9914183884467753
858.5 0.9975343246910336
859 1.000587448636346
859.5 0.9960086590453178
860 0.9945335430578532
860.5 1.001433532945672
861 0.9980811810677278
861.5 0.9940508368771972
862 1.005031206579878
862.5 1.004760111897339
863 0.9983445041293152
863.5 1.006604531580211
864 0.9978424970786786
864.5 1.003125759181593
865 0.9968696734177985
865.5 1.004803432222962
866 0.9951163758107584
866.5 0.9993078494379436
867 1.002500361544052
867.5 0.9946664955739831
868 0.9967135778019725
868.5 1.009877919690606
869 0.9918830541225035
869.5 1.003495199309129
870 0.9982597543945535
870.5 0.997887554242891
871 1.003831224279975
871.5 1.005331826644712
872 1.002353192673996
872.5 0.9973512379199392
873 1.004369093439862
873.5 0.9931210209322423
874 1.002072080827554
874.5 1.00527382431086
875 1.003818750851228
875.5 0.9969318744525156
876 0.9943415139868558
876.5 0.987683492078725
877 0.9997795122339321
877.5 0.9946784341668417
878 1.003896358724503
878.5 1.004401043873853
879 1.006447912535625
879.5 0.9993372514488789
880 0.9946917028968943
880.5 0.9976235591768609
881 0.9940474556204616
881.5 0.9975006380766364
882 0.9895824014221514
882.5 0.9904451321455716
883 1.002416762933213
883.5 1.001658296396365
884 1.002777827794703
884.5 1.00344423572151
885 1.007154731476666
885.5 0.9960911739902343
886 0.9960135722338422
886.5 0.9918046513612261
887 0.988201144776426
887.5 0.9904895180306715
888 1.006759708227666
888.5 0.9886823334123249
889 0.9990769142093961
889.5 0.997731586402095
890 1.000536463402749
890.5 1.007526893374154
891 0.9949908979236231
891.5 1.006719639886887
892 0.994604635132066
892.5 0.9973205380335795
893 1.000127831397626
893.5 0.9973185614526182
894 0.9942213217044437
894.5 1.002715689288622
895 0.9989833220398511
895.5 0.9976973650710754
896 0.9990445150130745
896.5 0.9986604219532835
897 1.002262670488908
897.5 0.9975773218741695
898 1.001171519428589
898.5 1.002334656915742
899 0.9937429949769979
899.5 1.003611985415415
900 1.004983977944641
900.5 0.9949208685642675
901 1.000754910627276
901.5 0.9933886137368461
902 1.0018061780902
902.5 1.008019557169323
903 1.004840975717329
903.5 0.9987220921512094
904 0.9954399347000366
904.5 0.9931922994412699
905 0.9875583868276118
905.5 1.000373403948227
906 0.9948619125769584
906.5 0.9922416188209164
907 1.003390789457345
907.5 1.000077019843522
908 1.003079510026385
908.5 0.9994641351062067
909 1.000660716087635
909.5 1.000530109480416
910 1.003776279760001
910.5 1.001353091051152
911 0.9953999822699836
911.5 1.0096081825423
912 1.010194365042991
912.5 1.005141820772153
913 0.9985278418857961
913.5 0.9947399881311266
914 1.003554290043976
914.5 1.006830054870343
915 0.9995633114424535
915.5 0.999428446094115
916 0.9929302840715639
916.5 0.9999494093806963
917 0.999301129802177
917.5 0.9987465951609125
918 0.9936906672667946
918.5 0.9936058809474273
919 1.010887504729513
919.5 1.000027312408418
920 0.9997724174397935
920.5 1.008703463939072
921 0.9986861364104347
921.5 0.997879032392971
922 1.005147954673898
922.5 0.9977390548336698
923 1.009260935857907
923.5 1.002779666999857
924 0.9947771416299594
924.5 1.002899601062127
925 1.002021385253454
925.5 1.00059652201706
926 1.001591691867387
926.5 0.9973214018008557
927 1.001184277312704
927.5 0.9951720028526484
928 1.005045543992395
928.5 1.003577761704408
929 1.001138179407905
929.5 1.004656414760289
930 1.003757319209573
930.5 1.000578295805178
931 1.005528083070445
931.5 0.9989495172234449
932 0.9995215130128672
932.5 1.005241950825041
933 1.002210263873726
933.5 0.9926314341218494
934 0.9937883224232246
934.5 0.9886718525199825
935 0.9886437538666185
935.5 0.9893078804564234
936 0.984880548245631
936.5 0.9807073873271291
937 0.9897291585789306
937.5 0.9863596365947542
938 0.9814186054346222
938.5 0.9725575224164544
939 0.968971377199959
939.5 0.9758057527147996
940 0.9808101619750919
940.5 0.9728916289943694
941 0.9762309759767609
941.5 0.9718409044927437
942 0.963051839573009
942.5 0.9605332556339443
943 0.9746894754405936
943.5 0.9674395249091442
944 0.9623769902037146
944.5 0.9598676164883088
945 0.9530488904175093
945.5 0.9540100080656554
946 0.960235093237896
946.5 0.9409711824557458
947 0.9587097664436217
947.5 0.9508799071652034
948 0.94959424445901
948.5 0.9417242153952313
949 0.9423824746785727
949.5 0.9435594339590271
950 0.9460552146446436
950.5 0.9375055592934862
951 0.9441747780483126
951.5 0.9376096990290875
952 0.9455800430130934
952.5 0.9258342041442283
953 0.9404097751139419
953.5 0.9213120042945917
954 0.9363549770400306
954.5 0.925950953770254
955 0.928112286292297
955.5 0.9230070574093161
956 0.9196024440420693
956.5 0.9247760913989682
957 0.9157811557310747
957.5 0.9111347034493524
958 0.9224790463185982
958.5 0.9075103151917666
959 0.9173878216078021
959.5 0.916814320440212
960 0.9044006997466343
960.5 0.9089072407416066
961 0.9067334878543812
961.5 0.9040349152228069
962 0.8971573336316643
962.5 0.90253735714036
963 0.9014105933113201
963.5 0.90062274107504
964 0.8952904549501227
964.5 0.8941522269424789
965 0.8870096555189196
965.5 0.8919233580956196
966 0.8987964024184049
966.5 0.8853053106372499
967 0.885916751445778
967.5 0.8858996842621994
968 0.8904111442401428
968.5 0.8819862763567998
969 0.8860541408837568
969.5 0.8837880398624247
970 0.8769534769228142
970.5 0.8869716571833197
971 0.8775541942426323
971.5 0.8649439362991455
972 0.8825388533316797
972.5 0.8774132586815777
973 0.8771520921248125
973.5 0.8605269344389042
974 0.8632924230339367
974.5 0.8656605113518222
975 0.8652871870030677
975.5 0.8691271513320028
976 0.8628785339443029
976.5 0.86642506948664
977 0.8540241861575251
977.5 0.8597616018901764
978 0.8599050338164427
978.5 0.8592102867446444
979 0.8537010638735929
979.5 0.8527685672937814
980 0.8567449666071242
980.5 0.852718387920043
981 0.8506707390984748
981.5 0.8488298253198057
982 0.844801983953939
982.5 0.8367300366726768
983 0.8470305831327495
983.5 0.8420652787409011
984 0.8367864649067976
984.5 0.8346857404820638
985 0.8338990286904576
985.5 0.8331940279934575
986 0.831846324302535
986.5 0.8236885980301051
987 0.8302217976927577
987.5 0.8334323246369517
988 0.8371768573297658
988.5 0.8239213989058803
989 0.8225686829816236
989.5 0.8211583586857132
990 0.8251578671019322
990.5 0.8242652051752374
991 0.8166830652102387
991.5 0.8228023125069772
992 0.8103274216975442
992.5 0.8191399422305466
993 0.814467606978408
993.5 0.813231940222368
994 0.8235180192630746
994.5 0.806396911540578
995 0.8040063871337675
995.5 0.8047579073941522
996 0.809056004967733
996.5 0.7997167820934408
997 0.8031251632271723
997.5 0.8081969509459546
998 0.7963328851094537
998.5 0.7888271412814654
999 0.7978747216653606
999.5 0.7979184161672922
1000 0.791703561972316
1000.5 0.7919283707582285
1001 0.7894003833411303
1001.5 0.7933893493532739
1002 0.7910979002715136
1002.5 0.7934807935725023
1003 0.7822119215167479
1003.5 0.7818987183448576
1004 0.7849227104013334
1004.5 0.7794705285732783
1005 0.7734285731294864
1005.5 0.7789654123972625
1006 0.7793120693789333
1006.5 0.7798506999134154
1007 0.7745250837878378
1007.5 0.7683426663809571
1008 0.7735857549172452
1008.5 0.7746840125142823
1009 0.7633129918150479
1009.5 0.7703290402743279
1010 0.7695090137246311
1010.5 0.7643235449952535
1011 0.7611760745439747
1011.5 0.7635775960634984
1012 0.7626704958972844
1012.5 0.7598571596210789
1013 0.7626900909580449
1013.5 0.7567781972086944
1014 0.7558798904099613
1014.5 0.7525698075083987
1015 0.7569728518689864
1015.5 0.7498746749360228
1016 0.7523574993951602
1016.5 0.7443875328256752
1017 0.7546224691560501
1017.5 0.7462496389165515
1018 0.751064831127676
1018.5 0.7371685781237157
1019 0.7376507052351101
1019.5 0.7439643329375755
1020 0.7482539457596993
1020.5 0.7349767780339169
1021 0.7363019609039592
1021.5 0.7355251070096265
1022 0.7381758295842494
1022.5 0.7340123096460214
1023 0.7343788190489431
1023.5 0.7336988145559554
1024 0.7325908266696198
1024.5 0.7276277699165421
1025 0.7218364114054368
1025.5 0.7273065541181035
1026 0.7221949032803806
1026.5 0.7221039954026796
1027 0.7137247923112364
1027.5 0.7172907750384322
1028 0.7207569559473064
1028.5 0.7112747158771451
1029 0.7173620240209687
1029.5 0.7157981554463899
1030 0.714347587631708
1030.5 0.7100818583829703
1031 0.7076638743710518
1031.5 0.7114627687744205
1032 0.7047690142497272
1032.5 0.7001241468425684
1033 0.709617988264559
1033.5 0.7036584935161575
1034 0.7005636619812522
1034.5 0.703285552596657
1035 0.7045413657469567
1035.5 0.6959091456693017
1036 0.6985902308294044
1036.5 0.6964965425548113
1037 0.6982619559490229
1037.5 0.6901219334444764
1038 0.6905099812429593
1038.5 0.6916041607481554
1039 0.6925147561797905
1039.5 0.6865639747278389
1040 0.6863198395038465
1040.5 0.6878280313377475
1041 0.679678232929594
1041.5 0.6743382570474222
1042 0.6807878606826059
1042.5 0.6829061236007126
1043 0.6746112320530085
1043.5 0.6752220941291195
1044 0.6758494195248899
1044.5 0.6748619330778282
1045 0.6746102719756497
1045.5 0.6720686974023213
1046 0.6749118062957608
1046.5 0.67342775277655
1047 0.6702335789175338
1047.5 0.6699147052670538
1048 0.6598918430768848
1048.5 0.6670008674502376
1049 0.6651033548588731
1049.5 0.6651799793854581
1050 0.6598814599186954
1050.5 0.658154723785198
1051 0.6534743170359991
1051.5 0.6534897533030171
1052 0.6596543348196936
1052.5 0.6562736933743356
1053 0.6496715400930776
1053.5 0.6486321126965405
1054 0.6535620840703935
1054.5 0.6509023317574403
1055 0.6459982983272667
1055.5 0.6407521850620581
1056 0.6470727788248167
1056.5 0.6444280567889173
1057 0.6436959957498426
1057.5 0.6318779192423889
1058 0.6374480967784961
1058.5 0.6408954718962849
1059 0.6374305847898871
1059.5 0.6354527871117549
1060 0.6327300144362115
1060.5 0.6377327015006264
1061 0.6323891177515227
1061.5 0.629224817987576
1062 0.6298115647432307
1062.5 0.6339482166076876
1063 0.6334731298111771
1063.5 0.6237480815177124
1064 0.631574693997312
1064.5 0.6255969303044299
1065 0.624509631720946
1065.5 0.6227350603383855
1066 0.6201891023658446
1066.5 0.615309306956134
1067 0.6141830883958893
1067.5 0.6196830315715697
1068 0.6168226027722478
1068.5 0.6142070663195989
1069 0.6133588251547808
1069.5 0.6164613849498995
1070 0.6204290282350113
1070.5 0.6082792504712816
1071 0.611496411651465
1071.5 0.606650427976948
1072 0.6079225640850451
1072.5 0.6061317379038111
1073 0.600369266894604
1073.5 0.6074467035479983
1074 0.5955387769097105
1074.5 0.600557452247645
1075 0.591029824375974
1075.5 0.5997455024682961
1076 0.5980565246023815
1076.5 0.5961172896199638
1077 0.5947040583054735
1077.5 0.5917603531071313
1078 0.5907235032538748
1078.5 0.5887299706359289
1079 0.5908552885859026
1079.5 0.5899388689495983
1080 0.5871460447721619
1080.5 0.5896849497007544
1081 0.5821776110855716
1081.5 0.5860200757723452
1082 0.5802166520922325
1082.5 0.5730718773632107
1083 0.5789122155415899
1083.5 0.5775784395376478
1084 0.5806739127499602
1084.5 0.574202536103842
1085 0.5707828944661762
1085.5 0.5734936106244576
1086 0.5682398557313105
1086.5 0.5695061564437045
1087 0.57717522143078
1087.5 0.5680624055113962
1088 0.5720505985640435
1088.5 0.5685706648311201
1089 0.5688567163408749
1089.5 0.5674285638443261
1090 0.5596162076437412
1090.5 0.5674408564184515
1091 0.5563234453837461
1091.5 0.5634468771693758
1092 0.5555674049819785
1092.5 0.5576642112725304
1093 0.5582836460491812
1093.5 0.5577077950445453
1094 0.5587831155244301
1094.5 0.5472205377591023
1095 0.5536201595695143
1095.5 0.5552985006749535
1096 0.5468958951938566
1096.5 0.5483165959162253
1097 0.5513758178625636
1097.5 0.5489901559090525
1098 0.5405418495149157
1098.5 0.5419622582536615
1099 0.5429588726848104
1099.5 0.5430313584282528
1100 0.5402912389339337
1100.5 0.5426908323739535
1101 0.5394392932111667
1101.5 0.5341625192831647
1102 0.5373334570056868
1102.5 0.5331295998947166
1103 0.5380474139547194
1103.5 0.5337376644931484
1104 0.5268682288706099
1104.5 0.5237943079910459
1105 0.5261713153774745
1105.5 0.5257114671727969
1106 0.5268509819416329
1106.5 0.5220782048873606
1107 0.5246867049776552
1107.5 0.5223316398420118
1108 0.5224497304515638
1108.5 0.5203392345917138
1109 0.5145432793786588
1109.5 0.5177335769556541
1110 0.5153625614259302
1110.5 0.5128053072831883
1111 0.5220403003120535
1111.5 0.5162044868705148
1112 0.509540739548174
1112.5 0.5060015957366955
1113 0.5114987679135733
1113.5 0.5113707390956117
1114 0.5093674524062611
1114.5 0.5072101086911799
1115 0.5057642975932971
1115.5 0.5087528755299999
1116 0.5057062368354585
1116.5 0.5029629256849049
1117 0.5027165100616463
1117.5 0.4979602218949856
1118 0.5031005790834926
1118.5 0.5000090516602251
1119 0.4920187468591179
1119.5 0.4992254079837353
1120 0.494585985670922
1120.5 0.4948144703835577
1121 0.4932215411015093
1121.5 0.4902474295918946
1122 0.4896863083019628
1122.5 0.491873193280898
1123 0.4908925432427782
1123.5 0.4858851872906044
1124 0.4833787465271014
1124.5 0.4902333493854374
1125 0.4796920713811555
1125.5 0.4803775186782579
1126 0.4805833978433916
1126.5 0.4806962569989577
1127 0.4784067617195835
1127.5 0.4812130955510654
1128 0.4766828131228374
1128.5 0.4790707069548304
1129 0.4723713013529791
1129.5 0.4764906029442399
1130 0.4773555305966217
1130.5 0.474668673266807
1131 0.4702740682904876
1131.5 0.4634888713209384
1132 0.4708476198403813
1132.5 0.4700964956639241
1133 0.4687218964900081
1133.5 0.4671060011843978
1134 0.4665573125561486
1134.5 0.4657814949231613
1135 0.4631396094118038
1135.5 0.4623223023357227
1136 0.4619002638328107
1136.5 0.4573150477326268
1137 0.4534335845903015
1137.5 0.4543499905268645
1138 0.4531504727610884
1138.5 0.4517567459961595
1139 0.4525510915425726
1139.5 0.4483284702840476
1140 0.4497711479641742
1140.5 0.4513314028232381
1141 0.449013156182626
1141.5 0.4429016398210034
1142 0.4466976081203122
1142.5 0.4473854342112486
1143 0.4442248117716849
1143.5 0.4450777725604692
1144 0.4419841201790403
1144.5 0.4362680318678947
1145 0.4374682876509641
1145.5 0.4426754292620852
1146 0.4379559856086483
1146.5 0.4337504533406867
1147 0.4343385958595399
1147.5 0.4379702058780832
1148 0.4345764544106249
1148.5 0.4330417122334881
1149 0.4315983557254897
1149.5 0.4349526591917279
1150 0.4307889263117143
1150.5 0.4274448704308574
1151 0.4285792862434407
1151.5 0.4250508928731674
1152 0.4219410754576194
1152.5 0.42479946957065
1153 0.4262405273215208
1153.5 0.4192717397413409
1154 0.4248706676588689
1154.5 0.4213775071294925
1155 0.4206316041323676
1155.5 0.4163129551677403
1156 0.4076259401584879
1156.5 0.4186346321738732
1157 0.41286751902325
1157.5 0.4140143437198515
1158 0.4102588537992415
1158.5 0.4101379414175314
1159 0.4102063482249626
1159.5 0.407379798398641
1160 0.4072902898436314
1160.5 0.4133432110489624
1161 0.4110866378342786
1161.5 0.4050358153333974
1162 0.4063239735654275
1162.5 0.4065967835333413
1163 0.4056544399973898
1163.5 0.4035578604341493
1164 0.3974376722790671
1164.5 0.4008027805395131
1165 0.3977210810540814
1165.5 0.3932912238293664
1166 0.3998441410313283
1166.5 0.3932495756862451
1167 0.3936306627692446
1167.5 0.393637918000503
1168 0.3920108019795233
1168.5 0.3899136688286009
1169 0.390796605062355
1169.5 0.3903338333021668
1170 0.3854858315387138
1170.5 0.3842573026892916
1171 0.3846137973694647
1171.5 0.3866225072639815
1172 0.3833740010619497
1172.5 0.3872578150400394
1173 0.3810292369173896
1173.5 0.3795117142133087
1174 0.3785074442170116
1174.5 0.3820839124528821
1175 0.3742655602800804
1175.5 0.3734801947513547
1176 0.3764150707040478
1176.5 0.3726336317430596
1177 0.3721477009887996
1177.5 0.3708584853185866
1178 0.3751239132086449
1178.5 0.3680749992869285
1179 0.3723212191947484
1179.5 0.3642039661864361
1180 0.3687409554766454
1180.5 0.3702108830242542
1181 0.3673315682665436
1181.5 0.366460351556781
1182 0.3653805125488301
1182.5 0.3643163542933144
1183 0.3639805116693332
1183.5 0.3592190937945613
1184 0.360394505224266
1184.5 0.3587103872914714
1185 0.3594383296061978
1185.5 0.3577993469690049
1186 0.3566635217041516
1186.5 0.3504729160387237
1187 0.353092512148998
1187.5 0.356553538190266
1188 0.3513620883795954
1188.5 0.3519387478024049
1189 0.3530953123126958
1189.5 0.3521903770497548
1190 0.3500853613072368
1190.5 0.3446307273517699
1191 0.3451962129310138
1191.5 0.345168289208404
1192 0.343337237013401
1192.5 0.3455247849918234
1193 0.3425008185336935
1193.5 0.3407586122285978
1194 0.3381275530491989
1194.5 0.3408736158758847
1195 0.3392326454410438
1195.5 0.3416035064094099
1196 0.3341675625194141
1196.5 0.3345986758967268
1197 0.3369807629753139
1197.5 0.3300851681814008
1198 0.332943732423377
1198.5 0.3335918018837296
1199 0.3299399600120206
1199.5 0.3246494350115769
1200 0.3276111959453861
1200.5 0.3205671495812065
1201 0.330428307048774
1201.5 0.3240572119336609
1202 0.326535418372549
1202.5 0.3255471316410926
1203 0.3218712451958115
1203.5 0.322751523754072
1204 0.3220248269765044
1204.5 0.3167026891968802
1205 0.3195107137761871
1205.5 0.3169579965218248
1206 0.3143959558440365
1206.5 0.3167283653070577
1207 0.3141839646170811
1207.5 0.3140579515489833
1208 0.3126320860414984
1208.5 0.3112754247245787
1209 0.3112989805995369
1209.5 0.3102662906209752
1210 0.3149521317493971
1210.5 0.308125630845749
1211 0.3089380655061125
1211.5 0.3107350494549858
1212 0.3080290789947085
1212.5 0.3031724943882876
1213 0.3013808159855139
1213.5 0.3047978940729635
1214 0.3018133723962644
1214.5 0.2999871519753539
1215 0.301184288664914
1215.5 0.3015586785646628
1216 0.2969329892558622
1216.5 0.2979047273161101
1217 0.2957453971890794
1217.5 0.2985369837858453
1218 0.2939021820643453
1218.5 0.2980076626680344
1219 0.2914328959867834
1219.5 0.2910493174305389
1220 0.2905217380201568
1220.5 0.2873823583758724
1221 0.2887867560333289
1221.5 0.2876328953454515
1222 0.286520114854068
1222.5 0.2864166460591947
1223 0.2873200147569749
1223.5 0.2846552918350325
1224 0.2830782670088881
1224.5 0.283147120983047
1225 0.2779246950856268
1225.5 0.2785183153888814
1226 0.2807502546091323
1226.5 0.2803263925333042
1227 0.2766816700266065
1227.5 0.2779359386900011
1228 0.277152002665014
1228.5 0.2725725424470869
1229 0.2752510450586695
1229.5 0.2717282888120116
1230 0.2725415333985217
1230.5 0.2681094871569838
1231 0.2709890459175526
1231.5 0.2676742445547745
1232 0.2679079790479946
1232.5 0.2673044313146776
1233 0.2664445015338832
1233.5 0.2665627218805558
1234 0.2673099601873471
1234.5 0.2650402878488552
1235 0.2615945781146004
1235.5 0.262689675536861
1236 0.2620035395316186
1236.5 0.2601672447005521
1237 0.2609027288780232
1237.5 0.2583932954752119
1238 0.2552370732272657
1238.5 0.2562804938038752
1239 0.257729806519426
1239.5 0.2555616404339866
1240 0.2559660868538166
1240.5 0.2578185742363939
1241 0.2508680562582118
1241.5 0.2490927045094898
1242 0.2479286680844096
1242.5 0.2543670328595304
1243 0.2479476059588883
1243.5 0.2476344252739988
1244 0.2494194348277875
1244.5 0.2467189121183354
1245 0.244401152003586
1245.5 0.2438645823446949
1246 0.2463771756876501
1246.5 0.2432972492350959
1247 0.242033186667958
1247.5 0.2383709011635571
1248 0.23983736509876
1248.5 0.2387670679175883
1249 0.2344515381370059
1249.5 0.2361178086611982
1250 0.2365547584323576
1250.5 0.2335892699399012
1251 0.2314906783985929
1251.5 0.2348268362696815
1252 0.2328427440001395
1252.5 0.2306248864730074
1253 0.229818051878212
1253.5 0.2286514874637499
1254 0.230757484524013
1254.5 0.2259757749853014
1255 0.2267021617916068
1255.5 0.2249956057266787
1256 0.2240974886374255
1256.5 0.2277219719331846
1257 0.222614753936298
1257.5 0.2227964104022254
1258 0.2226811291495858
1258.5 0.2220350128067646
1259 0.2180833164990719
1259.5 0.2200676048347786
1260 0.2202009387723038
1260.5 0.2157306226889424
1261 0.2160023313429309
1261.5 0.2156959600514673
1262 0.2143339924427059
1262.5 0.2146673063763605
1263 0.2114201652708363
1263.5 0.2106648648923599
1264 0.2104247901892467
1264.5 0.2119340230927823
1265 0.2067681060804992
1265.5 0.2114160431968272
1266 0.2050871917873379
1266.5 0.2068028792534794
1267 0.2073706394208255
1267.5 0.2054298225902078
1268 0.206812582677376
1268.5 0.2014356349276252
1269 0.2009976153181913
1269.5 0.2019921027631237
1270 0.1999658320713131
1270.5 0.1979063414695905
1271 0.1976659213005742
1271.5 0.1971596965801493
1272 0.198213419394155
1272.5 0.1969948697169612
1273 0.1948368737252296
1273.5 0.1959018154547947
1274 0.1939045793310413
1274.5 0.1923318006662142
1275 0.1926140656758226
1275.5 0.1915014303526977
1276 0.1916756842813796
1276.5 0.1888251397430455
1277 0.1892289554424899
1277.5 0.1872714164473125
1278 0.1873883316544114
1278.5 0.1853035696815438
1279 0.1849196168161646
1279.5 0.1855754778585008
1280 0.1832581175048256
1280.5 0.1844985614342478
1281 0.1798735155960983
1281.5 0.1797808148012231
1282 0.1785577900372358
1282.5 0.1789774122192448
1283 0.1771152602960644
1283.5 0.1763243718787883
1284 0.1766734185153369
1284.5 0.1750424473909389
1285 0.172584908897018
1285.5 0.1730423992482282
1286 0.1736646786669986
1286.5 0.1725844351981117
1287 0.1707501814185693
1287.5 0.1702754538775961
1288 0.1696363730227219
1288.5 0.169104246757413
1289 0.1657245049958311
1289.5 0.1662663930709007
1290 0.1668308953082265
1290.5 0.1636485005172826
1291 0.166290932819772
1291.5 0.1625744469311567
1292 0.1615582533512221
1292.5 0.160391398146091
1293 0.1622325553176129
1293.5 0.1600967442184225
1294 0.159494189443646
1294.5 0.1607714523219995
1295 0.1562976294427795
1295.5 0.1573189405442417
1296 0.1584783501534464
1296.5 0.1589145905327239
1297 0.1516075582373448
1297.5 0.155626207711685
1298 0.1514088690849584
1298.5 0.1543775192954571
1299 0.1500748227582379
1299.5 0.1488012816362473
1300 0.1500754644358566
1300.5 0.1496941401517233
1301 0.1494866688028277
1301.5 0.1455157359170385
1302 0.1425199098375313
1302.5 0.143874500756011
1303 0.144478259531389
1303.5 0.1420079327405255
1304 0.1450158165443977
1304.5 0.1404342209651727
1305 0.1427840676644911
1305.5 0.1369259613277613
1306 0.1396646507551062
1306.5 0.1375642525864446
1307 0.1365546098234816
1307.5 0.1364501903206476
1308 0.1391807145573554
1308.5 0.1365044164866039
1309 0.1353044797071509
1309.5 0.1337756029176519
1310 0.1330923144789196
1310.5 0.131863445454939
1311 0.1332989780752186
1311.5 0.1320831172140803
1312 0.1310508491043616
1312.5 0.1297817129611015
1313 0.1291724149008582
1313.5 0.1270224175803824
1314 0.1261102529863581
1314.5 0.1250975774477639
1315 0.1236792680304427
1315.5 0.1245232332463626
1316 0.1223282815819512
1316.5 0.1243679827714166
1317 0.1208459536238779
1317.5 0.1209345111960197
1318 0.1201335220405936
1318.5 0.1200536749415865
1319 0.1192882206737863
1319.5 0.118815933360025
1320 0.1178168060809124
1320.5 0.1172004798370034
1321 0.1137160944491876
1321.5 0.11408919393312
1322 0.1157037777161748
1322.5 0.1124966779882861
1323 0.1113502265191338
1323.5 0.1108976784340577
1324 0.1135137204576896
1324.5 0.1113434102414828
1325 0.1114599008512967
1325.5 0.1099288102125539
1326 0.1111806246472656
1326.5 0.108996255194485
1327 0.1069150975343528
1327.5 0.1075004174249026
1328 0.1058781076676523
1328.5 0.1060311196647026
1329 0.1052870108206504
1329.5 0.1045329271271266
1330 0.1045870142320321
1330.5 0.1037792931776028
1331 0.1042201747614073
1331.5 0.1016048294395572
1332 0.1019474201594946
1332.5 0.1033798802751539
1333 0.09980243169064773
1333.5 0.1002884885385674
1334 0.09965285894029934
1334.5 0.09874362175107119
1335 0.09673841344967997
1335.5 0.09751028325144881
1336 0.09716339442136648
1336.5 0.09450687783446493
1337 0.09736819126330698
1337.5 0.09367689167681624
1338 0.09521270531432245
1338.5 0.09457396626583593
1339 0.09371800276514282
1339.5 0.09370254814515547
1340 0.09390491678824305
1340.5 0.09284450726290605
1341 0.09153552607453679
1341.5 0.09063054821736906
1342 0.09353835891509184
1342.5 0.09261148479734675
1343 0.09055832284518205
1343.5 0.08989502529315441
1344 0.08953583383896449
1344.5 0.0892420629195009
1345 0.08783522363250251
1345.5 0.08743507889478687
1346 0.08863308029500362
1346.5 0.08713267430167139
1347 0.087240454405553
1347.5 0.08706801983347866
1348 0.08606711034416946
1348.5 0.08542255780767177
1349 0.08415564152826555
1349.5 0.08242882301307378
1350 0.08352667637580072
1350.5 0.08240330018445925
1351 0.08106727022946013
1351.5 0.08157475608695043
1352 0.08227404823619409
1352.5 0.08042784358730679
1353 0.08114827144374764
1353.5 0.07896397618952009
1354 0.07878832814111764
1354.5 0.07867687415189741
1355 0.07969462360919834
1355.5 0.07770933902842514
1356 0.07847099911817218
1356.5 0.0779030190881424
1357 0.07659244495421753
1357.5 0.07666338146411951
1358 0.07579039187677704
1358.5 0.07608430346979554
1359 0.07564712773054462
1359.5 0.07411013834021046
1360 0.07334724199829068
1360.5 0.07317711869031224
1361 0.07308113017419506
1361.5 0.07201465807188799
1362 0.07206721665763195
1362.5 0.07302565188797298
1363 0.07295103087908396
1363.5 0.07252936853257061
1364 0.0697747706805866
1364.5 0.07122567517285365
1365 0.07182425792498155
1365.5 0.07107943828615602
1366 0.06984309883058891
1366.5 0.07101733692925691
1367 0.0700130502672794
1367.5 0.06818405662661467
1368 0.06877167568039316
1368.5 0.06929576351151401
1369 0.06538428887432551
1369.5 0.06827701216991239
1370 0.06681012583916186
1370.5 0.06547030493107774
1371 0.06516245117342413
1371.5 0.0661338311293484
1372 0.0646727075755902
1372.5 0.06412727794167171
1373 0.06401833611824649
1373.5 0.06383697033150265
1374 0.06230918584269493
1374.5 0.0631954906872837
1375 0.06327366554421844
1375.5 0.06254547194225131
1376 0.06210752837366224
1376.5 0.06127799232000828
1377 0.0615429156840621
1377.5 0.06146732736093825
1378 0.0610622672390776
1378.5 0.06135759679919122
1379 0.05925631386417303
1379.5 0.05981968200631436
1380 0.05858512843380348
1380.5 0.05937389194394745
1381 0.05822345076004459
1381.5 0.05830427485411551
1382 0.05702312870699012
1382.5 0.05773905620871051
1383 0.05725765760499078
1383.5 0.05644998954120761
1384 0.05615396405305589
1384.5 0.05706223914694962
1385 0.05513495780286358
1385.5 0.05621581952835593
1386 0.05609382415110308
1386.5 0.05436465195874541
1387 0.05499639890306499
1387.5 0.05556627105977691
1388 0.05390207689195182
1388.5 0.05398498840581304
1389 0.05351026243401984
1389.5 0.0519726453894286
1390 0.05318025045549407
1390.5 0.05236318913006732
1391 0.05153718132213092
1391.5 0.05116684921220697
1392 0.05105944845685175
1392.5 0.05088158989974124
1393 0.0496961425823307
1393.5 0.05114093464041447
1394 0.05092310536634429
1394.5 0.04962951489500171
1395 0.05059888770969947
1395.5 0.04922701880779489
1396 0.04861976498026808
1396.5 0.04923676632286584
1397 0.04891092833089519
1397.5 0.04718365275479729
1398 0.04784034592198338
1398.5 0.04692621468934328
1399 0.04632313130320091
1399.5 0.04780774358940348
1400 0.04648646793071896
1400.5 0.04717116824192157
1401 0.04595184342698359
1401.5 0.04634718821053397
1402 0.04625444020995428
1402.5 0.04450145886092681
1403 0.04554274227103853
1403.5 0.04491461410721731
1404 0.04541836364007565
1404.5 0.04459291620018487
1405 0.04376863206136707
1405.5 0.04316330586530169
1406 0.0429941127471638
1406.5 0.04280537772713771
1407 0.04402956042157611
1407.5 0.04255701184279073
1408 0.04292138071184819
1408.5 0.04202343418716908
1409 0.0424960011340527
1409.5 0.04107789067055936
1410 0.0417963556682053
1410.5 0.04097051656852994
1411 0.04058786392917711
1411.5 0.0401075845521424
1412 0.0400988025858824
1412.5 0.04139368389547297
1413 0.04052202196198695
1413.5 0.03910344933244481
1414 0.03807811973837331
1414.5 0.03866698320139378
1415 0.03825873464363591
1415.5 0.03911015214418542
1416 0.03869239423769955
1416.5 0.03785610904294273
1417 0.03652426436960667
1417.5 0.03739393215874255
1418 0.03761071769325024
1418.5 0.03781746911903082
1419 0.0361397205033842
1419.5 0.03683247450428116
1420 0.03684533548138264
1420.5 0.03658679695836666
1421 0.03457561953481806
1421.5 0.03579979284862571
1422 0.03508795004249394
1422.5 0.03611673296098507
1423 0.03392800004417982
1423.5 0.03447358249537216
1424 0.03399609648263697
1424.5 0.03423244825419945
1425 0.03389061489507827
1425.5 0.03437691634597028
1426 0.03506448976201257
1426.5 0.0332427482316387
1427 0.03277768312676341
1427.5 0.03210212627023278
1428 0.0323577692595501
1428.5 0.03352349008334029
1429 0.03162296022042583
1429.5 0.03207935303207354
1430 0.03244902821864864
1430.5 0.0321874275571644
1431 0.03100936917823247
1431.5 0.03064414518386089
1432 0.03149060057400995
1432.5 0.03137331974292439
1433 0.02961814934292043
1433.5 0.03104405702572435
1434 0.03009040842381388
1434.5 0.02927113223845712
1435 0.02945967163191714
1435.5 0.02910698973402669
1436 0.03008251966182465
1436.5 0.02968249498670117
1437 0.02931143140715479
1437.5 0.02875159704813925
1438 0.02744539884101052
1438.5 0.02810678309316112
1439 0.02797392310193588
1439.5 0.02942677596284075
1440 0.02773702964653894
1440.5 0.02792511926674193
1441 0.02817886769435905
1441.5 0.02695464587854247
1442 0.02702060169199822
1442.5 0.02709585809175765
1443 0.02715221975193752
1443.5 0.02583821724130988
1444 0.02619548596282572
1444.5 0.02652413645854394
1445 0.02601875176012704
1445.5 0.02484017418620245
1446 0.0260669544585843
1446.5 0.02467498863412438
1447 0.02465793906570318
1447.5 0.02439823156133728
1448 0.02434407593438764
1448.5 0.02523138945261368
1449 0.02472963263585043
1449.5 0.02384693656378554
1450 0.02483505735386802
1450.5 0.02380477180204214
1451 0.02356543998253551
1451.5 0.02353992524140885
1452 0.0224848136807393
1452.5 0.02358167964640644
1453 0.02388966302894289
1453.5 0.02353998589908423
1454 0.02291327164928369
1454.5 0.02262944343341312
1455 0.02243837689552012
1455.5 0.02174907430171908
1456 0.02189096459920024
1456.5 0.02097250629670236
1457 0.0218793502592613
1457.5 0.02105420989116576
1458 0.02151815761268827
1458.5 0.02137469865676311
1459 0.02099256618096502
1459.5 0.02039061244544096
1460 0.02056931395978857
1460.5 0.0206652517088535
1461 0.02045870789366765
1461.5 0.01977634465297419
1462 0.02058627089013565
1462.5 0.01933786538082508
1463 0.02055813796429265
1463.5 0.0202884332968471
1464 0.01965411332768687
1464.5 0.01968628647591687
1465 0.01911701781505185
1465.5 0.01884901284101629
1466 0.0187451616592808
1466.5 0.01845957992005648
1467 0.0178199826300713
1467.5 0.01864329363868705
1468 0.01771403965504863
1468.5 0.01761129266465916
1469 0.0181249290197738
1469.5 0.01828466671104022
1470 0.01804597680715571
1470.5 0.01811510276159633
1471 0.01758763325203848
1471.5 0.01679895712767028
1472 0.01728395268262152
1472.5 0.01682124512757677
1473 0.01644028154512631
1473.5 0.01622196062212643
1474 0.0165439972947151
1474.5 0.0162899145778607
1475 0.01546987270511908
1475.5 0.01636665226907806
1476 0.01643635601946358
1476.5 0.01643419656406635
1477 0.01613620582499526
1477.5 0.0156146523142348
1478 0.01535342128128078
1478.5 0.01543250236090745
1479 0.01501975484598198
1479.5 0.01477731314819165
1480 0.01477625841656509
1480.5 0.01506071288331533
1481 0.01422133872949823
1481.5 0.01459487891261817
1482 0.01413982391588738
1482.5 0.01434384368579656
1483 0.01442309480537979
1483.5 0.01439560175364646
1484 0.01419053873482448
1484.5 0.01357753519890408
1485 0.01309837736733304
1485.5 0.01363902162433996
1486 0.01439148657381752
1486.5 0.0133286159737163
1487 0.01267401345212569
1487.5 0.01231195665927526
1488 0.01352257001287761
1488.5 0.01324868958253622
1489 0.01286932613073668
1489.5 0.01264913408782627
1490 0.01261421972251119
1490.5 0.01285223936559915
1491 0.01281722993015216
1491.5 0.01236029157361168
1492 0.01141199086104884
1492.5 0.01195744352476473
1493 0.01124756003996058
1493.5 0.0119589713880399
1494 0.01172316368471764
1494.5 0.01155771557990336
1495 0.01161123588480844
1495.5 0.01076403567807037
1496 0.01127240109960065
1496.5 0.01116008036107381
1497 0.01108281364322921
1497.5 0.01079634845189859
1498 0.01090243719050914
1498.5 0.01083419869671372
1499 0.01066160855997374
1499.5 0.0104631535203933
1500 0.01065608957370923
1500.5 0.01057081540899664
1501 0.01025128773441107
1501.5 0.01025313590256656
1502 0.009795542394042142
1502.5 0.01030013231490528
1503 0.009851768799034624
1503.5 0.009784657998692494
1504 0.009380456548140572
1504.5 0.009685256766906621
1505 0.009661554255864827
1505.5 0.009258233133876817
1506 0.009329690297803953
1506.5 0.008677229996953608
1507 0.008972864814991348
1507.5 0.008949702686245429
1508 0.008780373076888188
1508.5 0.008576889653258693
1509 0.008605560305572127
1509.5 0.008419623722023678
1510 0.008422625747400589
1510.5 0.008117053906327946
1511 0.00838578403497643
1511.5 0.008251837011000839
1512 0.007844326535508603
1512.5 0.007736556881515367
1513 0.00784250375929868
1513.5 0.007700724693942374
1514 0.007456750168491838
1514.5 0.007878133324829202
1515 0.00735318411679809
1515.5 0.007501600594168129
1516 0.006849949790561685
1516.5 0.007049521049437141
1517 0.00669645517849405
1517.5 0.007099680227166292
1518 0.00706105661365983
1518.5 0.00710729491146777
1519 0.006983957282976229
1519.5 0.006920071123468519
1520 0.006839338443899668
1520.5 0.007004020333448005
1521 0.006728907372641512
1521.5 0.006910338166658222
1522 0.006095338138675194
1522.5 0.006361311369229445
1523 0.00618007973496744
1523.5 0.006504625443758051
1524 0.005750964411394196
1524.5 0.005915485280070294
1525 0.005642515271827422
1525.5 0.005874117942482575
1526 0.005668714908793035
1526.5 0.005941957631859547
1527 0.005988389608321169
1527.5 0.005146308818587374
1528 0.005235078752525941
1528.5 0.005214913040919545
1529 0.005512649166187524
1529.5 0.005291693211002956
1530 0.005004190926889575
1530.5 0.004842294914099417
1531 0.005089432561162163
1531.5 0.004760932414686786
1532 0.004774490150664877
1532.5 0.004413313855010551
1533 0.004859800571856004
1533.5 0.004540618271925324
1534 0.004288336858129908
1534.5 0.004709113778985055
1535 0.004299351079664285
1535.5 0.004288257066300851
1536 0.004724788087821716
1536.5 0.004324095571630242
1537 0.004188829585034066
1537.5 0.00438465604860456
1538 0.004042835760800763
1538.5 0.004089781519582126
1539 0.004161435878345559
1539.5 0.003977201203445381
1540 0.003537575853768931
1540.5 0.003716576247137201
1541 0.003862402021091338
1541.5 0.003588304927972095
1542 0.003808045720260665
1542.5 0.003641189579721181
1543 0.003293839481405262
1543.5 0.003472298159524771
1544 0.003584897604049839
1544.5 0.003672756187919216
1545 0.00337543818359785
1545.5 0.003659817375842456
1546 0.003051966505445793
1546.5 0.003090877987061583
1547 0.003432089253388408
1547.5 0.003046052798120926
1548 0.003386851027720739
1548.5 0.003139989678615401
1549 0.00292604852063619
1549.5 0.003062630436036205
1550 0.002702493124705538
1550.5 0.002961063717925237
1551 0.002877859429548747
1551.5 0.002656648538630639
1552 0.002695532424118968
1552.5 0.002661341072012643
1553 0.002821800089362207
1553.5 0.002479641074489888
1554 0.002421358361073343
1554.5 0.002549288644256768
1555 0.002183699566207716
1555.5 0.002513681613827205
1556 0.002197048424182636
1556.5 0.002284431267846864
1557 0.002266830279528972
1557.5 0.00199127276101558
1558 0.00236865786219483
1558.5 0.002125593552334618
1559 0.002027674412598762
1559.5 0.002187197779120576
1560 0.002081327764974108
1560.5 0.001967562101579931
1561 0.001869993191448373
1561.5 0.002021186896638997
1562 0.001763398764334281
1562.5 0.001810332288870699
1563 0.001496971599129235
1563.5 0.001840017592130605
1564 0.001686937017182657
1564.5 0.001757767604702658
1565 0.001676797127665367
1565.5 0.001619868664881733
1566 0.00159491076957995
1566.5 0.001729373683228859
1567 0.001282265015714355
1567.5 0.001480429585434574
1568 0.001511302478736809
1568.5 0.001375203495127695
1569 0.001318718537686041
1569.5 0.001397268724246263
1570 0.001459850653423866
1570.5 0.001030759583217598
1571 0.001275743653031464
1571.5 0.001314526143143535
1572 0.001068362401095874
1572.5 0.0009727779404359265
1573 0.001011678300240657
1573.5 0.001097921314015764
1574 0.0009867121304212453
1574.5 0.0008993100189433776
1575 0.001032761619303533
1575.5 0.00100059151632909
1576 0.001031451423914566
1576.5 0.0009206357216437811
1577 0.0007470507894438899
1577.5 0.000895892757869941
1578 0.0008089340891916355
1578.5 0.0007299341565207981
1579 0.0006588778934737892
1579.5 0.0008230760202075097
1580 0.0007677181572142141
1580.5 0.0007907191990802266
1581 0.0007902191395201893
1581.5 0.0007271675102799387
1582 0.0007267079321525122
1582.5 0.0005778753809524226
1583 0.0006009229711168145
1583.5 0.0005303501398202763
1584 0.0005923701257336318
1584.5 0.0005141020775200759
1585 0.0005527003326977572
1585.5 0.0004978945719861245
1586 0.0007308216391234954
1586.5 0.0005594254938777748
1587 0.0004037749764899997
1587.5 0.0004578407603088032
1588 0.0004420422388809262
1588.5 0.0004340137604424951
1589 0.0003717777145734706
1589.5 0.0003560628613741511
1590 0.0003558389576781464
1590.5 0.0003556152651124468
1591 0.0002781327000613213
1591.5 0.0002625158569254653
1592 0.0002546347804566415
1592.5 0.0003238771572993469
1593 0.0002697282304084219
1593.5 0.0002618573037651218
1594 0.0001847245077719621
1594.5 0.0002230688154809286
1595 0.0002152417760572955
1595.5 0.0002535188366038734
1596 0.0002149721340216775
1596.5 0.0001381098233390713
1597 0.0002070350341290127
1597.5 0.0001226106400090206
1598 0.0001914592569582054
1598.5 0.0001301108609292046
1599 9.94343262110976e-05
1599.5 0.0001070161831273588
1600 0.0001298670174202112
1600.5 0.0001297858885654546
1601 0.0001144454432731965
1601.5 0.0001143739930216065
1602 9.906226170581893e-05
1602.5 8.376961494483142e-05
1603 0.0001217707128281076
1603.5 6.845331605198302e-05
1604 4.560709738174835e-05
1604.5 5.317512353841231e-05
1605 3.795856984349928e-05
1605.5 3.034794455290093e-05
1606 3.791131361422539e-05
1606.5 3.03101748682548e-05
1607 7.57282911539397e-06
1607.5 1.513623782471457e-05
1608 7.563413102483556e-06
1608.5 7.558711680311202e-06
1609 0
1609.5 1.509864395453335e-05
1610 1.508926737102738e-05
1610.5 0
1611 7.535270194407568e-06
