33.4 32
33.6 1
33.8 6
34 23
34.2 7
34.4 7
34.6 35
34.8 16
35 60
35.2 52
35.4 91
35.6 82
35.8 245
36 147
36.2 275
36.4 270
36.6 339
36.8 387
37 584
37.2 667
37.4 932
37.6 1166
37.8 1332
38 1316
38.2 1856
38.4 3401
38.6 2800
38.8 3047
39 6094
39.2 5548
39.4 6596
39.6 8696
39.8 11899
40 18124
40.2 12297
40.4 16446
40.6 19409
40.8 22541
41 22953
41.2 32660
41.4 36884
41.6 33704
41.8 36626
42 41534
42.2 40939
42.4 47134
42.6 47486
42.8 52111
43 52986
43.2 53922
43.4 58494
43.6 57058
43.8 60804
44 59515
44.2 60368
44.4 62163
44.6 62986
44.8 59561
45 63955
45.2 65032
45.4 63677
45.6 61039
45.8 61747
46 62823
46.2 62940
46.4 62692
46.6 62583
46.8 63686
47 63180
47.2 61746
47.4 61604
47.6 60578
47.8 59983
48 59532
48.2 60017
48.4 59842
48.6 58058
48.8 58290
49 57163
49.2 57649
49.4 56877
49.6 56573
49.8 55108
50 54800
50.2 54851
50.4 53767
50.6 54271
50.8 53568
51 53258
51.2 52691
51.4 52147
51.6 51787
51.8 50639
52 51632
52.2 50378
52.4 50165
52.6 50219
52.8 49675
53 49799
53.2 48665
53.4 48996
53.6 49057
53.8 47950
54 48172
54.2 48465
54.4 48330
54.6 48273
54.8 47354
55 47629
55.2 47495
55.4 46654
55.6 47368
55.8 46935
56 47376
56.2 46740
56.4 46905
56.6 46682
56.8 47080
57 46733
57.2 46478
57.4 47212
57.6 46638
57.8 46777
58 46887
58.2 46442
58.4 47101
58.6 46902
58.8 46545
59 46771
59.2 46754
59.4 46256
59.6 47054
59.8 46857
60 46494
60.2 46315
60.4 46438
60.6 46646
60.8 46819
61 46756
61.2 46184
61.4 46841
61.6 46725
61.8 46850
62 46791
62.2 46240
62.4 46247
62.6 46633
62.8 46774
63 46669
63.2 46487
63.4 46543
63.6 46741
63.8 46920
64 46579
64.2 46679
64.4 46607
64.6 46442
64.8 46992
65 47017
65.2 46854
65.4 47010
65.6 46737
65.8 46828
66 46922
66.2 46834
66.4 47318
66.6 46754
66.8 46846
67 47015
67.2 46883
67.4 46722
67.6 46853
67.8 46759
68 46927
68.2 46810
68.4 47072
68.6 47288
68.8 46659
69 47032
69.2 47004
69.4 46899
69.6 46704
69.8 46404
70 47261
70.2 46722
70.4 46915
70.6 47112
70.8 46564
71 47091
71.2 46960
71.4 47079
71.6 47035
71.8 47401
72 47306
72.2 47415
72.4 47048
72.6 47437
72.8 47032
73 47347
73.2 46915
73.4 47140
73.6 46864
73.8 46878
74 47168
74.2 46698
74.4 47257
74.6 47176
74.8 47362
75 47391
75.2 47240
75.4 47312
75.6 47261
75.8 47120
76 47189
76.2 47263
76.4 46951
76.6 47272
76.8 47274
77 46910
77.2 47147
77.4 46932
77.6 47060
77.8 47129
78 47153
78.2 46850
78.4 46909
78.6 47296
78.8 46837
79 47012
79.2 47132
79.4 47117
79.6 46858
79.8 46938
80 46955
80.2 46949
80.4 47116
80.6 47425
80.8 46969
81 47095
81.2 47051
81.4 47261
81.6 46895
81.8 47519
82 47407
82.2 46921
82.4 47095
82.6 47134
82.8 47469
83 47234
83.2 46874
83.4 47210
83.6 47178
83.8 47142
84 47194
84.2 47043
84.4 47369
84.6 46992
84.8 46942
85 46928
85.2 47131
85.4 47012
85.6 46879
85.8 47553
86 47128
86.2 47284
86.4 46980
86.6 47338
86.8 47759
87 47074
87.2 47157
87.4 47111
87.6 47672
87.8 47236
88 47190
88.2 47250
88.4 47112
88.6 47808
88.8 47485
89 47078
89.2 47341
89.4 47278
89.6 47534
89.8 47371
90 47283
90.2 46831
90.4 47231
90.6 47443
90.8 47356
91 46998
91.2 47064
91.4 47358
91.6 47178
91.8 46993
92 46934
92.2 46992
92.4 47036
92.6 47207
92.8 47013
93 47307
93.2 47324
93.4 47218
93.6 47077
93.8 47440
94 47650
94.2 47409
94.4 47222
94.6 47613
94.8 47214
95 47214
95.2 47146
95.4 47174
95.6 47054
95.8 47171
96 46735
96.2 46992
96.4 47239
96.6 47077
96.8 46934
97 47049
97.2 47483
97.4 47414
97.6 47428
97.8 47407
98 47624
98.2 46996
98.4 47439
98.6 47101
98.8 47420
99 46868
99.2 47150
99.4 47055
99.6 47051
99.8 47262
100 47151
100.2 47026
100.4 47142
100.6 47246
100.8 47203
101 47191
101.2 47252
101.4 47211
101.6 47164
101.8 47504
102 47372
102.2 46980
102.4 47415
102.6 46967
102.8 47256
103 47352
103.2 47015
103.4 47058
103.6 47482
103.8 47085
104 46927
104.2 46940
104.4 47312
104.6 46736
104.8 47013
105 47149
105.2 47409
105.4 47088
105.6 47225
105.8 47540
106 47084
106.2 47159
106.4 47069
106.6 47309
106.8 47162
107 47277
107.2 47232
107.4 46810
107.6 47092
107.8 46531
108 46913
108.2 47458
108.4 47504
108.6 47241
108.8 47157
109 46717
109.2 46991
109.4 47232
109.6 47281
109.8 47206
110 47338
110.2 47256
110.4 46930
110.6 47226
110.8 47254
111 47370
111.2 46870
111.4 47372
111.6 46874
111.8 46812
112 47244
112.2 47152
112.4 47288
112.6 47061
112.8 47153
113 47338
113.2 47180
113.4 47364
113.6 47147
113.8 47327
114 47039
114.2 47268
114.4 47175
114.6 47363
114.8 47208
115 46974
115.2 47126
115.4 47617
115.6 47411
115.8 47096
116 47406
116.2 47244
116.4 47199
116.6 47363
116.8 47264
117 47260
117.2 47409
117.4 46811
117.6 47781
117.8 47112
118 47511
118.2 47225
118.4 47440
118.6 47547
118.8 47236
119 47018
119.2 46984
119.4 47406
119.6 47261
119.8 47054
120 46895
120.2 47127
120.4 46875
120.6 47182
120.8 47154
121 47459
121.2 46953
121.4 47118
121.6 46958
121.8 47450
122 47298
122.2 47198
122.4 47394
122.6 46999
122.8 46919
123 47341
123.2 47398
123.4 47386
123.6 47336
123.8 47721
124 46995
124.2 46951
124.4 47638
124.6 47146
124.8 47443
125 47431
125.2 47104
125.4 47296
125.6 47543
125.8 47326
126 47265
126.2 47119
126.4 47149
126.6 46900
126.8 47321
127 46795
127.2 46963
127.4 47005
127.6 47530
127.8 47285
128 47428
128.2 47480
128.4 47561
128.6 47194
128.8 47562
129 47194
129.2 47707
129.4 47630
129.6 47324
129.8 47556
130 46813
130.2 47130
130.4 47076
130.6 47390
130.8 47115
131 47327
131.2 47281
131.4 47608
131.6 47474
131.8 47543
132 47499
132.2 47404
132.4 47394
132.6 47628
132.8 47434
133 47235
133.2 47295
133.4 47245
133.6 47236
133.8 47379
134 47644
134.2 47193
134.4 47601
134.6 47087
134.8 46911
135 47396
135.2 47414
135.4 47408
135.6 47263
135.8 47050
136 47298
136.2 47529
136.4 47527
136.6 47650
136.8 47360
137 47134
137.2 46849
137.4 47410
137.6 47481
137.8 47698
138 47634
138.2 47659
138.4 47070
138.6 47341
138.8 47418
139 47092
139.2 47839
139.4 47259
139.6 47191
139.8 47388
140 47707
140.2 47406
140.4 47327
140.6 46588
140.8 47140
141 47204
141.2 47484
141.4 47315
141.6 47307
141.8 47277
142 47663
142.2 47429
142.4 47405
142.6 47241
142.8 47265
143 47383
143.2 47328
143.4 47329
143.6 47537
143.8 47362
144 47489
144.2 47312
144.4 47228
144.6 47243
144.8 47369
145 47164
145.2 47437
145.4 47235
145.6 47155
145.8 47316
146 47083
146.2 47524
146.4 47119
146.6 47327
146.8 47347
147 47263
147.2 47654
147.4 47119
147.6 47160
147.8 47531
148 47083
148.2 47444
148.4 46992
148.6 47537
148.8 47275
149 47156
149.2 46938
149.4 47431
149.6 47248
149.8 47421
150 47376
150.2 47584
150.4 47288
150.6 47628
150.8 47625
151 47625
151.2 47271
151.4 47438
151.6 47283
151.8 47446
152 47173
152.2 47371
152.4 47409
152.6 47279
152.8 47297
153 47290
153.2 46919
153.4 47136
153.6 47414
153.8 47388
154 47161
154.2 47350
154.4 47321
154.6 47416
154.8 47165
155 47203
155.2 47015
155.4 47337
155.6 47471
155.8 47054
156 47676
156.2 47070
156.4 47552
156.6 47307
156.8 47442
157 47372
157.2 47045
157.4 47202
157.6 47130
157.8 47166
158 47069
158.2 47220
158.4 47512
158.6 47164
158.8 47576
159 46858
159.2 47579
159.4 47288
159.6 47160
159.8 47234
160 47487
160.2 47251
160.4 47129
160.6 47503
160.8 47645
161 47308
161.2 47237
161.4 47156
161.6 47317
161.8 47578
162 47159
162.2 47369
162.4 46972
162.6 47059
162.8 47124
163 47279
163.2 47081
163.4 47455
163.6 47387
163.8 47436
164 47660
164.2 46916
164.4 47323
164.6 47084
164.8 47470
165 47179
165.2 47235
165.4 47300
165.6 47476
165.8 47371
166 46868
166.2 47400
166.4 46999
166.6 47077
166.8 47497
167 47483
167.2 47624
167.4 47731
167.6 47471
167.8 47509
168 47158
168.2 47196
168.4 47060
168.6 47213
168.8 46962
169 47104
169.2 47450
169.4 47102
169.6 47580
169.8 47231
170 47269
170.2 47449
170.4 47685
170.6 47274
170.8 47250
171 47224
171.2 47725
171.4 47361
171.6 47308
171.8 46896
172 47129
172.2 47368
172.4 47055
172.6 47082
172.8 47212
173 47900
173.2 47249
173.4 47414
173.6 47058
173.8 47354
174 47229
174.2 47321
174.4 47507
174.6 47542
174.8 47007
175 46852
175.2 47724
175.4 47246
175.6 47188
175.8 47149
176 47292
176.2 47663
176.4 47579
176.6 47158
176.8 47264
177 47136
177.2 47115
177.4 47170
177.6 47288
177.8 47248
178 47394
178.2 47191
178.4 47160
178.6 47643
178.8 47301
179 47446
179.2 47233
179.4 47532
179.6 47399
179.8 47010
180 47142
180.2 47438
180.4 47554
180.6 47175
180.8 47440
181 47851
181.2 47402
181.4 47500
181.6 47599
181.8 47022
182 47310
182.2 46962
182.4 46827
182.6 47310
182.8 47131
183 47270
183.2 47133
183.4 47554
183.6 47474
183.8 47369
184 47253
184.2 47130
184.4 47139
184.6 47078
184.8 47224
185 47417
185.2 47550
185.4 47413
185.6 46901
185.8 47244
186 47757
186.2 47237
186.4 47596
186.6 47096
186.8 47293
187 47055
187.2 47672
187.4 47312
187.6 47471
187.8 47568
188 47169
188.2 47365
188.4 46934
188.6 47399
188.8 47212
189 47431
189.2 47003
189.4 47374
189.6 47132
189.8 47349
190 47567
190.2 47419
190.4 47234
190.6 46990
190.8 47323
191 47499
191.2 47284
191.4 47442
191.6 47761
191.8 47550
192 47484
192.2 47477
192.4 47594
192.6 47553
192.8 47468
193 47110
193.2 47243
193.4 47535
193.6 47277
193.8 47413
194 47600
194.2 47502
194.4 47475
194.6 47149
194.8 47195
195 47232
195.2 47581
195.4 47425
195.6 47255
195.8 47589
196 47205
196.2 47033
196.4 47601
196.6 47374
196.8 47548
197 47488
197.2 47476
197.4 47222
197.6 47340
197.8 47269
198 47584
198.2 47509
198.4 47190
198.6 47186
198.8 46916
199 47214
199.2 47311
199.4 47352
199.6 47467
199.8 47573
200 47094
200.2 47574
200.4 47270
200.6 47356
200.8 47133
201 46996
201.2 47435
201.4 47229
201.6 47091
201.8 47225
202 47252
202.2 47733
202.4 47496
202.6 47125
202.8 47358
203 46815
203.2 47346
203.4 47320
203.6 47115
203.8 47060
204 47340
204.2 47385
204.4 47358
204.6 47312
204.8 46599
205 47271
205.2 47165
205.4 47024
205.6 47207
205.8 47364
206 47859
206.2 47377
206.4 47533
206.6 47098
206.8 47515
207 47654
207.2 47380
207.4 47025
207.6 47398
207.8 47387
208 47365
208.2 47182
208.4 47154
208.6 47473
208.8 47595
209 47102
209.2 47326
209.4 47215
209.6 47459
209.8 47341
210 47575
210.2 47546
210.4 47159
210.6 47749
210.8 47157
211 47598
211.2 47368
211.4 47118
211.6 47139
211.8 47239
212 47359
212.2 47519
212.4 47445
212.6 47473
212.8 47389
213 47696
213.2 47611
213.4 47248
213.6 47341
213.8 47340
214 47290
214.2 47588
214.4 46807
214.6 47558
214.8 47187
215 47354
215.2 47154
215.4 47657
215.6 47203
215.8 47175
216 47254
216.2 47265
216.4 47068
216.6 47297
216.8 47172
217 47573
217.2 47614
217.4 47321
217.6 47380
217.8 47330
218 47182
218.2 47203
218.4 47434
218.6 47635
218.8 47202
219 47484
219.2 47464
219.4 46833
219.6 47096
219.8 47258
220 47521
220.2 47051
220.4 47514
220.6 47397
220.8 46955
221 46944
221.2 47259
221.4 47431
221.6 47135
221.8 47292
222 46817
222.2 47223
222.4 46914
222.6 47383
222.8 47585
223 47475
223.2 47432
223.4 46960
223.6 47538
223.8 47287
224 47094
224.2 47814
224.4 47176
224.6 47220
224.8 47693
225 47025
225.2 47093
225.4 47625
225.6 47363
225.8 47511
226 47482
226.2 47575
226.4 47213
226.6 47227
226.8 47388
227 47385
227.2 47156
227.4 47546
227.6 46903
227.8 47270
228 47324
228.2 47088
228.4 47339
228.6 47052
228.8 47617
229 47269
229.2 47157
229.4 47197
229.6 47385
229.8 47133
230 47255
230.2 47591
230.4 47811
230.6 47331
230.8 47033
231 47617
231.2 47272
231.4 47339
231.6 47300
231.8 47225
232 47381
232.2 47413
232.4 47683
232.6 47421
232.8 47597
233 47383
233.2 47017
233.4 47559
233.6 47140
233.8 47704
234 47309
234.2 47338
234.4 47607
234.6 47208
234.8 47741
235 46914
235.2 47352
235.4 47448
235.6 47026
235.8 47316
236 47331
236.2 47185
236.4 47336
236.6 47390
236.8 47514
237 47327
237.2 47173
237.4 47336
237.6 47330
237.8 47334
238 47420
238.2 47396
238.4 47296
238.6 47335
238.8 47707
239 47359
239.2 47272
239.4 47510
239.6 47241
239.8 47379
240 47296
240.2 47530
240.4 48054
240.6 47346
240.8 47629
241 47389
241.2 47433
241.4 47355
241.6 47221
241.8 47245
242 47246
242.2 47370
242.4 47281
242.6 47557
242.8 47503
243 47735
243.2 47480
243.4 47599
243.6 47556
243.8 47293
244 47633
244.2 47551
244.4 47390
244.6 47216
244.8 47383
245 47410
245.2 47116
245.4 47454
245.6 47268
245.8 47517
246 47422
246.2 47381
246.4 47361
246.6 47114
246.8 47116
247 47140
247.2 47359
247.4 47118
247.6 47579
247.8 47309
248 47550
248.2 47679
248.4 47467
248.6 47614
248.8 47568
249 47543
249.2 46857
249.4 47386
249.6 47495
249.8 47743
250 47354
