0.00402477 1.85933
0.00569189 1.8859
0.00697111 1.87762
0.00804954 1.87266
0.0113838 1.82003
0.0120743 1.83169
0.0139422 1.79632
0.0160991 1.7809
0.0170757 1.7672
0.0201239 1.72108
0.0209133 1.71147
0.0227675 1.66923
0.0241486 1.65466
0.0278844 1.58012
0.0281734 1.59418
0.0284594 1.5799
0.0321982 1.50508
0.0341513 1.47356
0.0348555 1.47004
0.0362229 1.4401
0.0398432 1.394
0.0402477 1.38025
0.0418267 1.35548
0.0442725 1.32653
0.0455351 1.29832
0.0482973 1.26168
0.0487978 1.2412
0.051227 1.21417
0.052322 1.20822
0.0557689 1.15946
0.0563468 1.15674
0.0569189 1.1357
0.0603716 1.11042
0.0626108 1.0735
0.06274 1.08027
0.0643963 1.05618
0.0683026 1.02534
0.0684211 1.02505
0.0697111 1.01319
0.0724459 0.999055
0.0739945 0.977654
0.0764707 0.972932
0.0766822 0.962491
0.0796864 0.944435
0.0804954 0.936044
0.0836533 0.921272
0.0845202 0.91404
0.0853783 0.913029
0.088545 0.903763
0.0906244 0.89677
0.0910702 0.897951
0.0925698 0.889732
0.0965945 0.885577
0.0967621 0.881942
0.0975955 0.881373
0.100619 0.87264
0.102454 0.88145
0.104567 0.876068
0.104644 0.877381
0.108146 0.880671
0.108669 0.889279
0.111538 0.891378
0.112694 0.8811
0.113838 0.885323
0.116718 0.899673
0.118509 0.899811
0.11953 0.898575
0.120743 0.900665
0.124768 0.912618
0.125222 0.909296
0.12548 0.916185
0.128793 0.922893
0.130913 0.923872
0.132451 0.941003
0.132817 0.931437
0.136605 0.947359
0.136842 0.941381
0.139422 0.963987
0.140867 0.964044
0.142297 0.964978
0.144892 0.979825
0.146393 0.985159
0.147989 0.991683
0.148917 0.995601
0.152941 1.01055
0.153364 1.01375
0.153681 1.00538
0.156966 1.01964
0.159373 1.0332
0.160336 1.0334
0.160991 1.02801
0.165016 1.04448
0.165065 1.0416
0.167307 1.05323
0.16904 1.05256
0.170757 1.05225
0.173065 1.05562
0.174278 1.06018
0.176448 1.06255
0.17709 1.05885
0.181115 1.06707
0.181249 1.0606
0.18214 1.05827
0.18514 1.06124
0.187832 1.05718
0.18822 1.05926
0.189164 1.05682
0.193189 1.04547
0.193524 1.04978
0.195191 1.05386
0.197214 1.04359
0.199216 1.04051
0.201239 1.04766
0.202162 1.04185
0.204908 1.03878
0.205263 1.04798
0.209133 1.03201
0.209288 1.03291
0.2106 1.01994
0.213313 1.02506
0.216104 1.01781
0.216292 1.01564
0.217338 1.01359
0.221362 1.00894
0.221984 1.01017
0.223075 0.998059
0.225387 1.00667
0.227675 0.996944
0.229412 0.994187
0.230047 0.993442
0.233367 0.995309
0.233437 0.987457
0.237018 0.980688
0.237462 0.973181
0.239059 0.986244
0.241486 0.980571
0.243989 0.989454
0.244751 0.980422
0.245511 0.979699
0.249536 0.97296
0.250443 0.975842
0.25096 0.970771
0.253561 0.97847
0.256135 0.972676
0.257585 0.976254
0.257931 0.975533
0.26161 0.9756
0.261827 0.97135
0.264902 0.972355
0.265635 0.968755
0.267519 0.968606
0.26966 0.981283
0.271873 0.980706
0.273211 0.983222
0.273684 0.980738
0.277709 0.982787
0.278844 0.981713
0.278902 0.979214
0.281734 0.976231
0.284594 0.984351
0.285759 0.973879
0.285815 0.988204
0.289784 0.989622
0.290286 0.995192
0.292787 0.989707
0.293808 0.985572
0.295978 0.988883
0.297833 0.989059
0.299758 0.996888
0.30167 0.99576
0.301858 0.999992
0.305883 0.993432
0.306729 1.00804
0.307362 1.00897
0.309907 1.00839
0.313054 0.999179
0.3137 0.998888
0.313932 0.994022
0.317957 1.00353
0.318746 1.01597
0.320671 1.00778
0.321982 1.00296
0.324438 1.00144
0.326007 1.01017
0.327642 1.00944
0.330031 1.0103
0.330129 1.01352
0.334056 1.01881
0.334613 1.01559
0.335821 1.00393
0.338081 1.01059
0.341513 1.00697
0.341584 1.00987
0.342106 1.00884
0.34613 1.01126
0.347205 1.00728
0.348555 1.00746
0.350155 1.00989
0.352897 1.01447
0.35418 1.01479
0.355527 1.01799
0.358205 0.999532
0.358589 1.00853
0.362229 1.01771
0.362498 1.01258
0.364281 1.00709
0.366254 1.01191
0.369469 1.00598
0.369973 1.00163
0.370279 1.00787
0.374304 0.998931
0.375665 1.00657
0.37644 1.00967
0.378329 0.995824
0.381356 1.00657
0.382353 1.0087
0.383411 1.00325
0.386378 0.997177
0.387048 0.997953
0.390382 1.01265
0.390403 1.01474
0.39274 1.00279
0.394428 0.990813
0.397353 1.00155
0.398432 0.999381
0.398452 1.00661
0.402477 1.00074
0.404124 0.991022
0.404324 0.996989
0.406502 0.986194
0.409816 0.996211
0.410527 1.01369
0.411295 1.00047
0.414551 1.00643
0.415508 0.997655
0.418267 0.99532
0.418576 0.994572
0.4212 0.998502
0.422601 0.993056
0.425238 0.998294
0.426626 1.00466
0.426892 1.00005
0.430651 1.00833
0.432209 0.9984
0.432583 0.999662
0.434675 0.99141
0.438275 1.00428
0.4387 1.00855
0.43918 0.993956
0.442725 0.989605
0.443967 1.00256
0.446151 0.993456
0.44675 1.0037
0.449659 1.00014
0.450774 0.991676
0.453122 0.992838
0.454799 1.00633
0.455351 0.994974
0.458824 1.00366
0.460093 0.996649
0.461043 0.996234
0.462849 1.00165
0.466735 1.00063
0.466874 0.998538
0.467064 1.00384
0.470898 0.988473
0.472427 0.988383
0.474035 1.00581
0.474923 0.992892
0.478118 0.996967
0.478948 1.0003
0.481007 0.992135
0.482973 0.98739
0.48381 1.00185
0.486997 1.00119
0.487978 1.00599
0.489502 1.01053
0.491022 1.00554
0.494949 0.994095
0.495047 0.986553
0.495194 0.993785
0.499072 0.994265
0.500886 0.993925
0.50192 0.997359
0.503096 0.987808
0.506578 1.00394
0.507121 0.998153
0.508891 0.99076
0.511146 1.00435
0.51227 1.00256
0.515171 0.997026
0.515862 0.999186
0.517962 0.990603
0.519196 1.0044
0.522833 0.988715
0.52322 1.01005
0.523654 1.00001
0.527245 1.00366
0.529345 0.998868
0.529804 1.00719
0.53127 0.99594
0.535037 1.00008
0.535295 0.998899
0.536775 1.00762
0.539319 1.00252
0.540729 1.00231
0.543344 1.00813
0.543747 1.00862
0.546421 1.00033
0.547369 1.00905
0.550718 1.0018
0.551394 1.00963
0.552113 1.00209
0.555419 1.00138
0.557689 1.01098
0.557805 1.00686
0.559443 1.00001
0.563468 0.997943
0.563497 1.00864
0.56466 1.00138
0.567493 1.01086
0.569189 1.00401
0.571518 1.00016
0.571631 1.00655
0.574881 1.00851
0.575542 1.00122
0.578602 1.00037
0.579567 0.992344
0.580572 1.00209
0.583592 1.00458
0.585573 0.997326
0.586264 0.998323
0.587617 1.01381
0.591641 1.00187
0.591956 1.00195
0.592544 1.00504
0.595666 1.00248
0.597648 0.992496
0.599515 0.992647
0.599691 0.998444
0.60334 1.00412
0.603716 0.99323
0.606487 1.00953
0.607741 1.00234
0.609032 0.992725
0.611765 0.999355
0.613458 0.989492
0.614724 0.998529
0.61579 0.993829
0.619815 0.990749
0.620416 0.988445
0.620429 0.994883
0.62384 0.997736
0.626108 0.997149
0.6274 0.99966
0.627864 1.00428
0.631799 0.993538
0.631889 0.987018
0.634371 0.992535
0.635914 0.986105
0.637491 0.989759
0.639939 0.999161
0.641342 0.997361
0.643183 0.996293
0.643963 0.989314
0.647988 0.994043
0.648313 1.00003
0.648875 0.992643
0.652013 0.989912
0.654567 0.995583
0.655284 1.00185
0.656038 0.988179
0.660063 0.99433
0.660259 1.00689
0.662255 0.997171
0.664087 0.99871
0.665951 0.998078
0.668112 1.00595
0.669226 0.990956
0.671643 1.00295
0.672137 0.998834
0.676162 0.985052
0.676198 0.997393
0.677335 0.993704
0.680186 1.00918
0.683026 1.00126
0.683169 1.00431
0.684211 1.01414
0.688236 1.00422
0.688718 1.00065
0.69014 1.00097
0.692261 0.992337
0.69441 1.00233
0.696286 1.00796
0.697111 0.996842
0.700102 1.00751
0.70031 1.0102
0.704082 1.00069
0.704335 1.00066
0.705794 0.996515
0.70836 1.00319
0.711053 1.00917
0.711486 1.00525
0.712385 1.0135
0.716409 0.999226
0.717178 0.999708
0.718024 1.00793
0.720434 1.00878
0.72287 1.00728
0.724459 1.01275
0.724995 1.01019
0.728484 1.00207
0.728562 1.00666
0.731966 1.00297
0.732508 1.00379
0.734253 1.00179
0.736533 1.01373
0.738938 1.00575
0.739945 1.00844
0.740558 1.01555
0.744583 1.00482
0.745637 1.01028
0.745909 1.01224
0.748608 1.00206
0.751329 1.00262
0.752632 1.00732
0.75288 1.00081
0.756657 1.00515
0.757021 1.00797
0.759851 0.999366
0.760682 0.996148
0.762713 0.999934
0.764707 1.00609
0.766822 0.997783
0.768405 0.999714
0.768731 0.995196
0.772756 1.00643
0.773793 0.999
0.774097 0.999805
0.776781 0.993531
0.779789 0.994462
0.780764 0.993547
0.780806 0.99894
0.784831 0.99266
0.78548 1.00301
0.787735 0.995821
0.788855 0.992698
0.791172 0.99902
0.79288 0.989465
0.794706 0.99619
0.796864 1.00338
0.796905 1.00575
0.80093 0.994548
0.801678 0.996702
0.802556 1.00345
0.804954 1.00319
0.808248 0.995974
0.808649 0.992952
0.81394 0.994725
0.81562 0.993242
0.819632 0.993515
0.822591 0.987967
0.825324 0.998244
0.829562 0.995352
0.831015 0.999553
0.836533 0.994279
0.836707 0.993809
0.842399 0.99732
0.843504 1.00319
0.848091 1.00105
0.850475 0.995978
0.853783 1.0012
0.857446 1.01349
0.859475 0.998946
0.864418 1.00261
0.865167 1.00534
0.870859 1.00514
0.871389 1.00088
0.876551 1.00533
0.87836 1.00608
0.882242 1.00222
0.885331 1.00801
0.887934 1.00647
0.892302 1.00515
0.893626 1.01221
0.899273 1.00508
0.899318 1.00687
0.90501 1.00772
0.906244 1.00805
0.910702 1.00206
0.913215 0.999831
0.916394 1.00353
0.920186 1.00477
0.922086 1.00631
0.927158 1.00185
0.927778 1.00705
0.933469 1.00123
0.934129 0.994483
0.939161 0.994541
0.9411 1.01069
0.944853 0.999359
0.948071 1.00144
0.950545 0.999646
0.955042 0.994483
0.956237 0.997687
0.961929 0.997021
0.962013 0.99786
0.967621 0.990773
0.968984 1.00006
0.973313 1.00374
0.975955 0.991038
0.979005 0.997346
0.982926 0.987526
0.984696 0.991017
0.989898 0.99537
0.990388 1.00078
0.99608 1.00592
0.996869 0.989033
1.00177 0.990422
1.00384 1.00373
1.00746 0.998109
1.01081 0.993387
1.01316 0.999125
1.01778 0.998402
1.01885 0.993513
1.02454 1.00363
1.02475 1.00155
1.03023 1.00347
1.03172 1.0084
1.03592 1.00194
1.0387 1.01235
1.04162 0.999484
1.04567 0.996065
1.04731 1.00142
1.05264 1.00548
1.053 1.00459
1.05869 1.01031
1.05961 1.00241
1.06438 1.00301
1.06658 1.01048
1.07007 1.01021
1.07355 1.01179
1.07577 1.00412
1.08052 1.00388
1.08146 1.00939
1.08715 1.00895
1.08749 1.00006
1.09284 1.00611
1.09446 1.00101
1.09853 1.00183
1.10144 0.996895
1.10423 1.00123
1.10841 0.999359
1.10992 0.995954
1.11538 0.998254
1.11561 0.995885
1.1213 1.00222
1.12235 0.99637
1.12699 1.00125
1.12932 0.994131
1.13269 0.997043
1.13629 0.996935
1.13838 0.995147
1.14326 0.991166
1.15023 0.992644
1.1572 0.999871
1.16418 0.994961
1.17115 0.997512
1.17812 1.00054
1.18509 0.997541
1.19206 0.999095
1.19903 0.9994
1.206 0.997391
1.21297 1.00946
1.21994 1.00433
1.22692 1.0022
1.23389 1.00485
1.24086 1.00255
1.24783 0.99666
1.2548 0.999399
1.26177 1.00358
1.26874 0.995534
1.27571 0.993688
1.28268 1.00503
1.28966 1.00057
1.29663 0.995427
1.3036 0.991012
1.31057 0.990806
1.31754 1.00162
1.32451 1.00196
1.33148 1.00841
1.33845 0.990012
1.34542 1.00567
1.3524 0.996564
1.35937 1.00308
1.36634 0.999189
1.37331 1.00184
1.38028 1.00021
1.38725 0.997754
1.39422 1.00235
