33 6
33.2 1
33.4 1
34 2
34.2 8
34.4 26
34.6 17
34.8 15
35 38
35.2 47
35.4 48
35.6 97
35.8 89
36 157
36.2 297
36.4 405
36.6 1318
36.8 986
37 1376
37.2 1155
37.4 2034
37.6 6337
37.8 5018
38 2296
38.2 8982
38.4 10488
38.6 9519
38.8 10598
39 13593
39.2 21939
39.4 12922
39.6 16386
39.8 27203
40 20343
40.2 21546
40.4 26058
40.6 26607
40.8 26220
41 36639
41.2 34727
41.4 37969
41.6 37836
41.8 38571
42 45703
42.2 41702
42.4 43675
42.6 45390
42.8 48073
43 47939
43.2 51583
43.4 52657
43.6 48089
43.8 51339
44 53158
44.2 51874
44.4 54348
44.6 54828
44.8 54684
45 56076
45.2 53739
45.4 57392
45.6 57693
45.8 57213
46 57170
46.2 58778
46.4 59096
46.6 56991
46.8 56561
47 58958
47.2 58370
47.4 57518
47.6 56616
47.8 58383
48 57239
48.2 56467
48.4 56592
48.6 56058
48.8 55182
49 55903
49.2 55711
49.4 55444
49.6 54616
49.8 54472
50 53936
50.2 53720
50.4 52464
50.6 52516
50.8 52149
51 52074
51.2 51581
51.4 51291
51.6 51025
51.8 49959
52 50393
52.2 50066
52.4 49951
52.6 49136
52.8 49433
53 48740
53.2 49297
53.4 48434
53.6 48156
53.8 48257
54 48182
54.2 47908
54.4 48077
54.6 47793
54.8 47895
55 47441
55.2 47006
55.4 47079
55.6 46896
55.8 46683
56 47240
56.2 46987
56.4 46573
56.6 46803
56.8 46139
57 46818
57.2 46163
57.4 46481
57.6 46984
57.8 46489
58 46515
58.2 46571
58.4 46441
58.6 46231
58.8 46692
59 46512
59.2 46309
59.4 46482
59.6 46561
59.8 46687
60 46512
60.2 46622
60.4 46671
60.6 46677
60.8 46709
61 46562
61.2 46637
61.4 46839
61.6 46462
61.8 46439
62 46612
62.2 46725
62.4 46308
62.6 46579
62.8 46658
63 46547
63.2 46809
63.4 46743
63.6 46672
63.8 46368
64 46920
64.2 46691
64.4 47373
64.6 46951
64.8 46908
65 46349
65.2 46748
65.4 46985
65.6 47278
65.8 46786
66 46700
66.2 46719
66.4 46599
66.6 46855
66.8 47053
67 46954
67.2 46981
67.4 46921
67.6 47250
67.8 46506
68 46919
68.2 47402
68.4 46879
68.6 47065
68.8 47076
69 47030
69.2 46796
69.4 47136
69.6 47166
69.8 47259
70 47436
70.2 46754
70.4 47227
70.6 47404
70.8 46685
71 47121
71.2 46952
71.4 46997
71.6 46981
71.8 47368
72 46931
72.2 46843
72.4 47135
72.6 47210
72.8 47573
73 47124
73.2 47008
73.4 47558
73.6 46684
73.8 47008
74 47191
74.2 47168
74.4 47068
74.6 47061
74.8 47061
75 47094
75.2 47150
75.4 47527
75.6 46979
75.8 47325
76 47200
76.2 47115
76.4 46902
76.6 47250
76.8 47492
77 47515
77.2 47507
77.4 47208
77.6 47612
77.8 47176
78 46975
78.2 47061
78.4 47524
78.6 47241
78.8 46872
79 47738
79.2 47444
79.4 47206
79.6 47324
79.8 47423
80 47001
80.2 47074
80.4 47306
80.6 47238
80.8 47300
81 47647
81.2 47094
81.4 47085
81.6 47264
81.8 46920
82 47279
82.2 46990
82.4 46978
82.6 47659
82.8 47406
83 46938
83.2 47246
83.4 47260
83.6 47692
83.8 47149
84 47365
84.2 47080
84.4 47731
84.6 47684
84.8 46839
85 47208
85.2 47481
85.4 47190
85.6 47082
85.8 47420
86 47436
86.2 47351
86.4 47662
86.6 47331
86.8 47262
87 47443
87.2 47226
87.4 47460
87.6 47036
87.8 47371
88 47392
88.2 46775
88.4 47588
88.6 47294
88.8 47590
89 47591
89.2 47314
89.4 47836
89.6 47545
89.8 47624
90 46844
90.2 47372
90.4 47525
90.6 47370
90.8 47452
91 46923
91.2 47389
91.4 47655
91.6 47229
91.8 47038
92 47148
92.2 47262
92.4 47258
92.6 47670
92.8 47208
93 47379
93.2 47079
93.4 47164
93.6 47329
93.8 47685
94 47301
94.2 47534
94.4 47109
94.6 46966
94.8 47361
95 47572
95.2 46789
95.4 47316
95.6 47435
95.8 46943
96 47098
96.2 47156
96.4 47225
96.6 47576
96.8 47084
97 47181
97.2 47377
97.4 47246
97.6 47354
97.8 47830
98 47065
98.2 47199
98.4 47367
98.6 47530
98.8 47212
99 47400
99.2 47088
99.4 47161
99.6 47305
99.8 47430
100 47206
100.2 47137
100.4 47494
100.6 47231
100.8 47534
101 47522
101.2 46900
101.4 47078
101.6 47490
101.8 47024
102 47398
102.2 47478
102.4 47020
102.6 47319
102.8 47391
103 46920
103.2 47561
103.4 47396
103.6 46840
103.8 47180
104 47484
104.2 46880
104.4 47127
104.6 46876
104.8 47270
105 47257
105.2 46949
105.4 47513
105.6 46660
105.8 46756
106 47321
106.2 47385
106.4 47283
106.6 47355
106.8 47133
107 47202
107.2 47030
107.4 47606
107.6 47538
107.8 47286
108 47529
108.2 46900
108.4 47277
108.6 47346
108.8 47247
109 47526
109.2 47400
109.4 47438
109.6 47915
109.8 47226
110 47491
110.2 47618
110.4 47356
110.6 47035
110.8 47215
111 47045
111.2 46841
111.4 47272
111.6 47036
111.8 47175
112 47182
112.2 47233
112.4 47204
112.6 47409
112.8 47017
113 47483
113.2 46854
113.4 47367
113.6 47473
113.8 47036
114 47447
114.2 46956
114.4 46873
114.6 47448
114.8 47024
115 47556
115.2 46830
115.4 47343
115.6 47294
115.8 47253
116 47337
116.2 47372
116.4 47445
116.6 46986
116.8 47561
117 47457
117.2 47210
117.4 46968
117.6 47406
117.8 47163
118 47219
118.2 47116
118.4 47791
118.6 47139
118.8 47148
119 47525
119.2 47921
119.4 47961
119.6 47356
119.8 47383
120 47285
120.2 47399
120.4 47195
120.6 47262
120.8 47527
121 47101
121.2 47181
121.4 47401
121.6 47367
121.8 47039
122 47272
122.2 47345
122.4 46921
122.6 47269
122.8 47052
123 46712
123.2 47028
123.4 46915
123.6 47424
123.8 47423
124 47511
124.2 47229
124.4 47099
124.6 47108
124.8 47483
125 47616
125.2 47379
125.4 47435
125.6 47180
125.8 47131
126 47391
126.2 47172
126.4 47352
126.6 47343
126.8 47273
127 47796
127.2 47450
127.4 47199
127.6 47297
127.8 47539
128 47621
128.2 47155
128.4 47168
128.6 47369
128.8 47680
129 47229
129.2 47311
129.4 47594
129.6 47415
129.8 47065
130 47283
130.2 47778
130.4 47609
130.6 47507
130.8 47184
131 47605
131.2 47272
131.4 47430
131.6 47367
131.8 46711
132 47436
132.2 47092
132.4 47515
132.6 47379
132.8 47342
133 46926
133.2 47597
133.4 47337
133.6 47013
133.8 47252
134 47433
134.2 47313
134.4 47483
134.6 47314
134.8 47349
135 47224
135.2 47330
135.4 47507
135.6 47392
135.8 47266
136 47330
136.2 47096
136.4 47367
136.6 47302
136.8 47407
137 47356
137.2 47645
137.4 47469
137.6 47097
137.8 47634
138 46873
138.2 47446
138.4 47838
138.6 47376
138.8 47549
139 47506
139.2 47399
139.4 46841
139.6 47306
139.8 47018
140 47082
140.2 47586
140.4 47232
140.6 47288
140.8 47558
141 47183
141.2 47005
141.4 47283
141.6 47206
141.8 47830
142 47426
142.2 47132
142.4 47235
142.6 47558
142.8 47618
143 47293
143.2 47760
143.4 47612
143.6 46922
143.8 47292
144 47510
144.2 47213
144.4 47150
144.6 47444
144.8 46976
145 47451
145.2 47525
145.4 47390
145.6 47225
145.8 47177
146 47626
146.2 47332
146.4 47776
146.6 47644
146.8 47260
147 47311
147.2 47316
147.4 47783
147.6 47494
147.8 47679
148 47154
148.2 47154
148.4 47814
148.6 47020
148.8 47188
149 47454
149.2 47828
149.4 47764
149.6 47434
149.8 47022
150 47136
150.2 47102
150.4 47140
150.6 47739
150.8 47173
151 47083
151.2 46999
151.4 47521
151.6 47161
151.8 47048
152 47724
152.2 47215
152.4 47271
152.6 47644
152.8 47702
153 47626
153.2 47236
153.4 47021
153.6 47428
153.8 47114
154 47339
154.2 47741
154.4 47550
154.6 47113
154.8 47185
155 46694
155.2 47552
155.4 47096
155.6 47387
155.8 47236
156 46957
156.2 47153
156.4 46872
156.6 47147
156.8 47467
157 47502
157.2 47579
157.4 46957
157.6 47315
157.8 47113
158 47151
158.2 47154
158.4 47363
158.6 47254
158.8 47302
159 47302
159.2 47555
159.4 47276
159.6 47281
159.8 47176
160 47707
160.2 47575
160.4 47038
160.6 47429
160.8 47470
161 47624
161.2 47304
161.4 47350
161.6 46985
161.8 47276
162 47514
162.2 47801
162.4 47289
162.6 47259
162.8 47473
163 47009
163.2 47412
163.4 47314
163.6 47606
163.8 47292
164 47137
164.2 47188
164.4 47566
164.6 47326
164.8 47437
165 47062
165.2 47361
165.4 47045
165.6 47266
165.8 47285
166 47316
166.2 47674
166.4 47076
166.6 47050
166.8 47191
167 47322
167.2 47201
167.4 47361
167.6 47164
167.8 47411
168 47060
168.2 47232
168.4 47078
168.6 47181
168.8 47222
169 47216
169.2 47285
169.4 47533
169.6 47225
169.8 47426
170 47204
170.2 47843
170.4 47008
170.6 47419
170.8 47304
171 47397
171.2 47468
171.4 47007
171.6 47329
171.8 47155
172 47337
172.2 47458
172.4 47396
172.6 47587
172.8 47441
173 47453
173.2 47327
173.4 47313
173.6 47641
173.8 47370
174 47505
174.2 47386
174.4 47217
174.6 47639
174.8 47531
175 47423
175.2 47221
175.4 47257
175.6 47465
175.8 47094
176 47195
176.2 47323
176.4 47046
176.6 47339
176.8 47218
177 47330
177.2 47192
177.4 47219
177.6 47458
177.8 47656
178 47579
178.2 47327
178.4 47206
178.6 46898
178.8 47021
179 47271
179.2 47530
179.4 46679
179.6 47325
179.8 47471
180 47412
180.2 47429
180.4 47452
180.6 47489
180.8 47276
181 47317
181.2 47278
181.4 47051
181.6 47105
181.8 47626
182 47386
182.2 47427
182.4 47433
182.6 47169
182.8 47266
183 47458
183.2 47035
183.4 47473
183.6 47669
183.8 47057
184 47440
184.2 47206
184.4 47368
184.6 47094
184.8 47660
185 47547
185.2 47116
185.4 47359
185.6 47013
185.8 47120
186 47180
186.2 47563
186.4 47033
186.6 46989
186.8 47269
187 46788
187.2 47195
187.4 47599
187.6 47083
187.8 47532
188 47233
188.2 47373
188.4 46797
188.6 47177
188.8 47312
189 47467
189.2 47214
189.4 47061
189.6 47489
189.8 47376
190 46941
190.2 47435
190.4 47068
190.6 47035
190.8 46845
191 47136
191.2 47262
191.4 47255
191.6 47227
191.8 47079
192 46988
192.2 47516
192.4 47618
192.6 47403
192.8 47304
193 47153
193.2 47011
193.4 47555
193.6 47436
193.8 47282
194 47407
194.2 47879
194.4 47438
194.6 47453
194.8 47694
195 47166
195.2 47126
195.4 46869
195.6 46869
195.8 47582
196 47320
196.2 47091
196.4 47472
196.6 47565
196.8 47529
197 47131
197.2 47278
197.4 47170
197.6 46931
197.8 47211
198 47371
198.2 47377
198.4 46973
198.6 47618
198.8 47487
199 47769
199.2 47208
199.4 47460
199.6 47557
199.8 47164
200 47302
200.2 47322
200.4 47600
200.6 47127
200.8 47815
201 47768
201.2 47191
201.4 47502
201.6 47133
201.8 47072
202 47459
202.2 47569
202.4 47017
202.6 47367
202.8 47348
203 47091
203.2 47078
203.4 47405
203.6 47428
203.8 46917
204 47152
204.2 47070
204.4 47074
204.6 47469
204.8 47740
205 47281
205.2 47289
205.4 47493
205.6 47444
205.8 47502
206 47373
206.2 47190
206.4 47145
206.6 47342
206.8 47059
207 46914
207.2 47646
207.4 47571
207.6 47283
207.8 46857
208 47230
208.2 47386
208.4 46651
208.6 47355
208.8 47400
209 47284
209.2 47188
209.4 47235
209.6 47663
209.8 47422
210 47591
210.2 46991
210.4 47368
210.6 47146
210.8 47479
211 47380
211.2 47286
211.4 47448
211.6 47636
211.8 47586
212 47314
212.2 47294
212.4 47490
212.6 47426
212.8 47278
213 47313
213.2 47530
213.4 47160
213.6 47867
213.8 47837
214 47390
214.2 47615
214.4 47228
214.6 47496
214.8 47502
215 47139
215.2 47466
215.4 47558
215.6 47199
215.8 47080
216 47753
216.2 47296
216.4 47521
216.6 47628
216.8 47381
217 47576
217.2 47095
217.4 47408
217.6 47536
217.8 47330
218 47764
218.2 47673
218.4 47400
218.6 47422
218.8 47483
219 47494
219.2 47640
219.4 47483
219.6 46882
219.8 47374
220 47206
220.2 47336
220.4 47637
220.6 47463
220.8 47584
221 47263
221.2 47566
221.4 47356
221.6 47370
221.8 47380
222 47267
222.2 47242
222.4 47387
222.6 47334
222.8 47338
223 47457
223.2 47277
223.4 47506
223.6 47252
223.8 47643
224 47456
224.2 47218
224.4 47601
224.6 47572
224.8 46900
225 47508
225.2 47392
225.4 47352
225.6 47392
225.8 46895
226 47277
226.2 46987
226.4 47526
226.6 47508
226.8 47747
227 47363
227.2 47593
227.4 47278
227.6 47487
227.8 47914
228 47791
228.2 47745
228.4 47828
228.6 47083
228.8 47377
229 47256
229.2 47024
229.4 47635
229.6 47438
229.8 47474
230 47547
230.2 47311
230.4 46998
230.6 47153
230.8 47522
231 47664
231.2 47480
231.4 47441
231.6 47383
231.8 47398
232 47464
232.2 47554
232.4 47517
232.6 47727
232.8 47298
233 47605
233.2 47469
233.4 47457
233.6 47233
233.8 47461
234 47859
234.2 47269
234.4 47122
234.6 47662
234.8 47774
235 47613
235.2 47475
235.4 47606
235.6 47485
235.8 47758
236 47401
236.2 47236
236.4 47404
236.6 47356
236.8 47166
237 47205
237.2 47368
237.4 47703
237.6 47606
237.8 47405
238 47233
238.2 47326
238.4 47344
238.6 47595
238.8 47695
239 47181
239.2 47521
239.4 46988
239.6 47611
239.8 47711
240 47184
240.2 47792
240.4 47274
240.6 47274
240.8 47489
241 47413
241.2 47465
241.4 47161
241.6 47625
241.8 47194
242 47285
242.2 47724
242.4 47643
242.6 47744
242.8 47557
243 47533
243.2 47321
243.4 47613
243.6 47388
243.8 47730
244 47438
244.2 47538
244.4 47277
244.6 47726
244.8 47119
245 47607
245.2 47416
245.4 47676
245.6 47169
245.8 47466
246 47643
246.2 47577
246.4 47217
246.6 47286
246.8 47254
247 47781
247.2 47244
247.4 47568
247.6 47652
247.8 47462
248 47709
248.2 47396
248.4 47297
248.6 47174
248.8 47568
249 47264
249.2 47222
249.4 47596
249.6 47224
249.8 47263
250 47008
