0.5 0
1 0
1.5 0
2 0
2.5 0
3 0
3.5 0
4 0
4.5 0
5 0
5.5 0
6 0
6.5 0
7 0
7.5 0
8 0
8.5 0
9 0
9.5 0
10 0
10.5 0
11 0
11.5 0
12 0
12.5 0
13 0
13.5 0
14 0
14.5 0
15 0
15.5 0
16 0
16.5 0
17 0
17.5 0
18 0
18.5 0
19 0
19.5 0
20 0
20.5 0
21 0
21.5 0
22 0
22.5 0
23 0
23.5 0
24 0
24.5 0
25 0
25.5 0
26 0
26.5 0
27 0
27.5 0
28 0
28.5 0
29 0
29.5 0
30 0
30.5 0
31 0
31.5 0
32 0
32.5 0
33 0
33.5 0
34 0
34.5 0
35 0
35.5 0
36 0
36.5 0.7310035032182965
37 1.878043580211249
37.5 2.493131307936193
38 4.019613106848304
38.5 7.779208837378914
39 15.69988383223298
39.5 27.68869793003163
40 33.74492180468324
40.5 38.47424857926224
41 40.83225539656058
41.5 40.98521129681723
42 40.83226853364178
42.5 38.9929187261993
43 32.08693028314988
43.5 24.18936853303795
44 18.59224341855826
44.5 14.04569935824424
45 10.17643874921486
45.5 7.940627731773591
46 5.927961669685244
46.5 4.287816881206021
47 4.144167732606705
47.5 3.004188695158571
48 2.840481633390846
48.5 2.235710002201257
49 2.271438873848573
49.5 1.717032581223274
50 1.729609844880734
50.5 1.359478766826299
51 1.557607987464942
51.5 1.263133262339244
52 1.35421102386512
52.5 1.201338782168801
53 1.109438994275629
53.5 1.116018687498733
54 1.375988751272226
54.5 1.022979136957238
55 0.9915863156564406
55.5 0.9358601005766493
56 1.01859836999147
56.5 1.122680321139722
57 1.246949330685231
57.5 1.307833531100745
58 1.019041482881173
58.5 0.9903134989336732
59 1.074316852026513
59.5 1.100351011552942
60 1.071267358878833
60.5 0.9897770457877961
61 1.120183796145075
61.5 0.8651556194503943
62 0.9931340570440419
62.5 0.9074997960887745
63 1.138523682447556
63.5 1.062699345406493
64 0.9795857418725127
64.5 1.048730193831702
65 0.977336977223508
65.5 0.935232958151579
66 0.8316876565300232
66.5 1.189202069688034
67 0.9892827227135987
67.5 1.051629461166502
68 0.9351264299744455
68.5 1.062659196733419
69 0.9818570053308893
69.5 1.048428749908471
70 1.065304831834981
70.5 1.073760717479184
71 1.027779904642909
71.5 1.066795390700851
72 0.849138689346999
72.5 1.156148882396095
73 1.008784834441249
73.5 0.886942798359919
74 1.038615010268342
74.5 0.9264597671489392
75 0.8656705930334005
75.5 0.9977555012901963
76 0.984670324831967
76.5 1.045061769367504
77 0.8804172163925461
77.5 0.9988091087985791
78 0.9732391282624031
78.5 1.049382827694349
79 0.9175470233802187
79.5 1.183401593894005
80 0.9738794171625756
80.5 0.997887323785271
81 0.9202945262014889
81.5 0.9794142808003321
82 0.9443328078375957
82.5 0.9615382454850335
83 1.187485426646195
83.5 0.9051222522447547
84 1.181463692022626
84.5 0.9111045841036387
85 1.002859911929351
85.5 0.9591917928347928
86 0.9533378826740194
86.5 0.9319357983071992
87 0.9418413705416901
87.5 0.9107561308583237
88 0.935648613596276
88.5 0.9897641368207224
89 0.9294948104720454
89.5 1.03585439083988
90 1.06285111700212
90.5 1.027357915116712
91 1.067845080043013
91.5 0.9305784391651714
92 0.9342983066351743
92.5 0.928777916031745
93 0.9098098844575803
93.5 0.9402090172269313
94 1.053676689460641
94.5 1.147248001853285
95 1.035927136261576
95.5 0.9823952893720783
96 1.0313653549812
96.5 0.9621402601837038
97 0.886003593464943
97.5 1.028560089237319
98 0.9775299439241181
98.5 1.027856964286096
99 0.9022370276335259
99.5 0.9286050047235892
100 1.02841666452368
100.5 0.9487857691522233
101 1.011971553957779
101.5 0.9679948779873109
102 0.9735049921655888
102.5 1.041894553138118
103 0.9803970379202854
103.5 1.047314139019615
104 1.08408914410479
104.5 0.9631553952845235
105 0.9716710738130007
105.5 0.9484829974207516
106 0.925688160848728
106.5 1.143694931482334
107 1.010541311546109
107.5 1.024759217972692
108 0.9785551070940832
108.5 1.042356444710947
109 1.003306461246522
109.5 0.9519290064131596
110 1.020561240464583
110.5 1.020917388233735
111 1.052842613148731
111.5 1.005820484334491
112 1.01549288715613
112.5 1.031109861924228
113 1.067766609779627
113.5 1.046283928159292
114 1.064103395176098
114.5 0.9419188047231334
115 1.110480273029236
115.5 0.9665608577974553
116 1.00456646181752
116.5 0.9442983388796622
117 0.9476275722554977
117.5 0.9790816702737201
118 0.9652065467425699
118.5 1.054173450897908
119 1.067340481206354
119.5 1.012053048839665
120 1.033394270433622
120.5 0.9604485634729486
121 1.040330174470506
121.5 1.029146566934998
122 1.070456010802186
122.5 1.020200545625702
123 1.071145052652869
123.5 1.001191906840577
124 0.9424639520928151
124.5 1.04046342144238
125 1.082018987644308
125.5 1.075887802328777
126 0.9986619369744729
126.5 1.002954759164445
127 0.908124895165549
127.5 0.9537353523246878
128 0.8963685065192651
128.5 1.007364862156084
129 0.9925482191621469
129.5 0.9965129201120912
130 0.9588966568985361
130.5 1.001885902361288
131 0.9919825308549516
131.5 0.993464292891199
132 1.017252375594518
132.5 1.02290275272213
133 1.043855150059497
133.5 0.9857781529050971
134 0.9762658447831566
134.5 0.94533367783059
135 0.9340692571743113
135.5 0.9611358799028266
136 1.061494866457479
136.5 1.011917804680995
137 1.02114907186102
137.5 0.9910712058820736
138 0.9736748636197985
138.5 0.9950885102835424
139 0.9980235215474871
139.5 0.9908820523795429
140 0.9301542188409906
140.5 0.9610400600968566
141 0.9797086838313723
141.5 0.9708515859388935
142 0.979481976793148
142.5 1.030171985504567
143 1.013455621165808
143.5 1.038565091279009
144 0.9637348399004656
144.5 1.083940932453311
145 1.102417604207814
145.5 1.054371877581334
146 1.091022728553307
146.5 1.020061237652842
147 0.9896983664625925
147.5 0.9955336162112349
148 1.01727360594776
148.5 0.9910033724961488
149 0.9668169160967149
149.5 0.9220160162485923
150 0.9695510641974086
150.5 1.026754251358917
151 0.9823791322634639
151.5 0.9911805241280383
152 1.008275435358761
152.5 1.006699755488882
153 1.046725880465223
153.5 1.029998199479735
154 1.034818743147955
154.5 1.050979096830069
155 1.024752202533607
155.5 1.029449980983465
156 1.005253573271035
156.5 0.9845258956994712
157 1.01619451537269
157.5 0.9783451781583828
158 1.054866986062972
158.5 0.9474315778026789
159 0.9461049201183838
159.5 1.006025926751211
160 1.060615552753617
160.5 0.9496744386845586
161 0.9633219496180101
161.5 1.063408478976704
162 0.9009980280714576
162.5 1.01495523068645
163 1.062987056257845
163.5 1.017150196005915
164 1.005164062330201
164.5 0.9184469000097534
165 1.00160233904691
165.5 0.9941372752664036
166 0.942919975682157
166.5 1.018766626003109
167 1.050388786555641
167.5 1.087169644750523
168 1.044822447267673
168.5 1.013934280352059
169 0.9097406550855195
169.5 1.087427074340649
170 0.9785971721246089
170.5 1.059968344235908
171 0.9485341062477395
171.5 1.097972493539631
172 0.9849402434256443
172.5 0.9072358729257415
173 1.041269048387932
173.5 0.943395387536171
174 0.9933081121013455
174.5 1.045192711155835
175 1.013788598176095
175.5 1.051022372431523
176 0.957027681380062
176.5 1.036645554433821
177 1.004685204209979
177.5 0.9433937651038067
178 0.9725269776235292
178.5 1.031884726389648
179 0.9896543123751901
179.5 0.9611770692583052
180 1.052030234589202
180.5 1.030666195126361
181 0.9619589737609032
181.5 0.9909595751137078
182 1.009043038190424
182.5 0.9988431867974804
183 1.049227190158731
183.5 0.9717897799126148
184 1.00218451364438
184.5 0.9177973634910269
185 0.9526802888707973
185.5 1.013212142731314
186 0.9739920173958007
186.5 1.059494343966588
187 0.9925666283758243
187.5 0.981739706147319
188 0.9930572146485748
188.5 1.025071314140825
189 1.078543986533174
189.5 1.00234844531377
190 0.9031989719280619
190.5 1.005807360248368
191 0.9524963023042324
191.5 1.008077297561272
192 1.045102803356974
192.5 0.9587349269850769
193 0.932857730525939
193.5 0.9779825220255952
194 0.9481066490816445
194.5 1.010171181249383
195 1.029584551477595
195.5 1.018209496531721
196 1.032287845347253
196.5 0.9614638717566933
197 0.9957364341521556
197.5 0.9727246811127434
198 1.04035481049813
198.5 0.9728351517874989
199 1.032876329406535
199.5 1.066856177744821
200 0.9670622612424377
200.5 1.02426282815738
201 1.015316478574483
201.5 0.9431235629264998
202 0.9594635959694036
202.5 1.015530166203243
203 0.9812291829597937
203.5 0.9839386851494948
204 0.9604001172710521
204.5 1.028365805127883
205 1.033551981093418
205.5 1.003622574692674
206 0.9950846339939976
206.5 0.9537302665949654
207 1.06640580301216
207.5 0.9744166129508204
208 0.9742395796689227
208.5 1.066350608881266
209 0.9988278173320985
209.5 0.9727644214468434
210 1.037921374300251
210.5 0.9969515036023139
211 1.007106946523326
211.5 0.9596790840730421
212 1.021897323633568
212.5 1.004153924718937
213 1.056114688981435
213.5 1.009297778559858
214 1.005437567548401
214.5 0.9711224707411711
215 1.007061895951782
215.5 1.025881236375627
216 1.047020566805444
216.5 0.9349790925828375
217 0.960457009769373
217.5 1.001336923784652
218 0.9819943958932461
218.5 0.9962720804784062
219 1.064016210239965
219.5 1.017130717910779
220 1.003659200993167
220.5 0.9574495429449893
221 1.023310163362408
221.5 0.9662918033207646
222 0.9643153063374258
222.5 0.9749367789840121
223 1.019137422211194
223.5 0.9982058097227626
224 1.017821999282635
224.5 0.9978349929271265
225 1.065736685645565
225.5 1.002027937049394
226 0.9587018774949938
226.5 0.9931995400970905
227 0.9994128273313474
227.5 1.019109947755587
228 1.012396962593598
228.5 1.029607876070734
229 1.006545725867386
229.5 0.974799300797148
230 0.9816115410795565
230.5 0.9956875779856318
231 0.9848116292815462
231.5 1.00309548166711
232 1.063190297125315
232.5 1.01970771208513
233 0.9801759353416554
233.5 1.018851605628038
234 1.043670907281393
234.5 0.9938873325937554
235 1.051736866266655
235.5 1.005834142743178
236 0.9561140213022414
236.5 1.013364956333098
237 0.9924488212071753
237.5 1.010374266900458
238 1.009572053099824
238.5 1.056021561217914
239 0.9847739909194581
239.5 1.037034441103205
240 0.996197487139218
240.5 1.001488543580465
241 1.023494768058463
241.5 1.017925221853248
242 0.9864511820586706
242.5 0.9704637491036571
243 1.021230054881652
243.5 1.000615326514749
244 0.9873582642423586
244.5 1.000266747191291
245 0.9981351394226017
245.5 0.9546467115362053
246 1.013854241543431
246.5 1.023849794376366
247 0.962242476791294
247.5 0.9761648193250836
248 1.007068335905629
248.5 0.970847490100007
249 1.022242745583788
249.5 1.038800539750363
250 1.029663230177648
250.5 1.000725014141663
251 1.020238433242806
251.5 1.016185851613658
252 0.9630830718979868
252.5 1.002653778140205
253 1.014517951169375
253.5 0.9947588972149506
254 1.012583410367437
254.5 1.047100522403446
255 0.986684752059523
255.5 0.9810365381966365
256 1.003362094830583
256.5 0.9864281030017068
257 0.9843629712754706
257.5 0.9911189830540952
258 0.9866959301340681
258.5 0.9857974518498945
259 1.041228243450454
259.5 1.030277875099393
260 1.00442119770081
260.5 0.9919584044308301
261 1.011035545305227
261.5 0.9690051957012478
262 1.012979872755199
262.5 0.9672897206074438
263 1.021060523249288
263.5 0.9992355091281341
264 0.9831576531158003
264.5 0.972205480892854
265 1.01791027724789
265.5 1.017948375222652
266 1.025136228592185
266.5 0.9933200508186798
267 1.044793696427132
267.5 1.013127208504947
268 1.00609619004042
268.5 1.003973634940269
269 0.9695591991872964
269.5 0.9884915807562974
270 1.015827035405244
270.5 1.019528611076951
271 0.9712140155088715
271.5 0.9745102857382808
272 1.040959995528986
272.5 1.025077555699714
273 0.9915330968387639
273.5 1.022803017453244
274 0.980157823549526
274.5 1.00657567836366
275 1.029704438959597
275.5 0.9669474458565248
276 1.008960349748877
276.5 0.9711756915522405
277 1.020981119479696
277.5 0.9824001704431639
278 1.009616724070513
278.5 0.9638062854210561
279 0.9878793794935442
279.5 1.004294351933296
280 0.9813325759673912
280.5 1.024377281012386
281 1.009388071333762
281.5 1.000889547352835
282 1.002731837901409
282.5 0.9840537075729043
283 0.9932259210857819
283.5 0.9557976593386893
284 1.007977754224507
284.5 0.9794111651129525
285 0.9870083548270018
285.5 1.002670960870361
286 1.035363026510558
286.5 1.000904186128364
287 0.9907986640389449
287.5 1.028829044465919
288 0.9890962830557409
288.5 1.009540365817181
289 0.9878601096971229
289.5 1.007226059815501
290 0.9949550478312544
290.5 0.9855321227948012
291 1.014349908406126
291.5 1.009956241483145
292 0.9905097468607917
292.5 0.9903134989336733
293 1.021876293235854
293.5 1.003926554554086
294 1.011331117642103
294.5 0.9863406136101377
295 1.007619680796533
295.5 1.036333215293664
296 0.9897076253670075
296.5 0.9580131551202425
297 1.001160715440628
297.5 0.9955975952531017
298 1.017263352281435
298.5 0.9954960431994411
299 0.995655291648409
299.5 0.9875565763206666
300 1.024521146855029
300.5 1.024997160108983
301 1.006115974949692
301.5 0.9856401395890305
302 0.9870774672438544
302.5 1.014893968670153
303 1.022579222238259
303.5 0.9900319297715949
304 1.005746316373747
304.5 1.004546767911311
305 1.01130611876275
305.5 0.9821202744377265
306 0.9818255476541836
306.5 0.9947970042331408
307 1.018838507912338
307.5 1.012644053623366
308 1.001146069759808
308.5 1.015094611953878
309 1.002428432030854
309.5 1.015052377559423
310 1.024346841693997
310.5 1.001655767989825
311 0.9690362497050927
311.5 1.002862773592126
312 1.00045140651974
312.5 0.9868810969334629
313 1.003612019687183
313.5 0.9992241775770714
314 0.9885375884379748
314.5 0.9680677613839257
315 1.019960181723707
315.5 1.010076939005722
316 1.002201659465894
316.5 0.992426654127822
317 0.9784440680744524
317.5 0.9784562700251785
318 1.001191647959153
318.5 0.9968986164853585
319 0.9960728544165338
319.5 0.9830357502497477
320 1.012682425190147
320.5 1.00080277526273
321 0.9799188475598631
321.5 1.009661828599335
322 1.009534352037283
322.5 1.010900997554201
323 0.9756623439487813
323.5 1.014711214019835
324 0.9844924911340928
324.5 1.007726964504208
325 0.9891387822314899
325.5 1.012207157773982
326 0.9841793951904534
326.5 1.01588279035835
327 1.010228328626218
327.5 0.9817222081101817
328 1.018923512751148
328.5 1.014741159282287
329 1.001582179752016
329.5 1.002132798675539
330 1.00553720537888
330.5 0.9789592169243483
331 0.9948483891972095
331.5 1.003193128021344
332 1.004768174986646
332.5 1.021832889509718
333 1.017712729493451
333.5 0.9782377940151629
334 0.9917234553916293
334.5 0.9525527328276796
335 0.9875471389895399
335.5 1.009869874766766
336 1.001345687572915
336.5 1.004564652955221
337 1.031427733768147
337.5 1.011274249323364
338 0.9731633544280631
338.5 0.9869493566492042
339 1.00946316315039
339.5 1.004802091692266
340 0.9829779445893542
340.5 1.034860147312338
341 1.012062063191111
341.5 0.9870547610650322
342 1.012480225770059
342.5 0.9849522429722881
343 0.9804271873856595
343.5 1.008609165239808
344 1.031027019521764
344.5 1.013265732345819
345 1.008367144474823
345.5 1.026010044398546
346 1.014911925600613
346.5 1.000304506408041
347 1.008100146626444
347.5 1.011007908373277
348 1.034159838214322
348.5 1.02125141831317
349 0.9895429156414182
349.5 0.9965999017220345
350 1.027462660196663
350.5 0.9810913422483093
351 1.031418465364509
351.5 1.003578060238799
352 1.025566457510434
352.5 0.9859788194078931
353 0.9828750371350827
353.5 0.9922542799376544
354 0.9851013032615794
354.5 0.9984433396704967
355 0.9755408658806076
355.5 1.018109622314559
356 1.012792791172417
356.5 1.003210607215817
357 0.9869537267512358
357.5 0.997606089646824
358 1.01153856006899
358.5 1.014477853988127
359 1.00742238108111
359.5 0.978398784623125
360 1.0201687474845
360.5 1.004151976468075
361 0.9744697784547378
361.5 1.000988912520845
362 0.9884158182184805
362.5 0.989841312389887
363 1.000124177389521
363.5 1.01653797021592
364 1.016099283212734
364.5 1.00393101002434
365 0.972819462082909
365.5 0.9911550098710333
366 0.9951373183822551
366.5 1.013304849662968
367 0.985961714203007
367.5 1.017027742119374
368 0.9673784498811857
368.5 0.9882786660137299
369 1.021078176527268
369.5 1.010327606130562
370 1.022964647099915
370.5 1.021624394735282
371 1.015193283792521
371.5 0.9884704347341166
372 0.9984825681222268
372.5 0.9758709547302159
373 1.01357545590884
373.5 0.9904787321138278
374 1.028214363626134
374.5 0.9932510767783647
375 1.003346844149433
375.5 1.027199220713568
376 1.014549573900125
376.5 0.9983909031572022
377 0.999855656145917
377.5 0.998302216633369
378 0.9817585681258744
378.5 1.022944807125564
379 1.00316203983107
379.5 1.015397024245773
380 1.017852365915346
380.5 0.9826223207869101
381 0.9980249660522094
381.5 0.9836337855358057
382 1.016298605065082
382.5 1.018968507355271
383 0.9732885393999114
383.5 1.032467231064927
384 1.007589002023129
384.5 0.9833635927565687
385 1.007354982218695
385.5 0.9541525106032123
386 1.002665189620789
386.5 0.9953786973511383
387 1.00347249201456
387.5 1.007889191605839
388 1.008398365576192
388.5 1.00993396954121
389 1.006824538701921
389.5 1.006552244235916
390 1.013961502313383
390.5 0.9955280652192668
391 0.9990989579331531
391.5 0.9866364974547235
392 1.018851878794354
392.5 1.040026884411291
393 1.01342125832067
393.5 1.000281141003415
394 1.024845664586039
394.5 0.9877072561725047
395 0.9827115874896709
395.5 0.993676681754102
396 1.003092818718111
396.5 0.9881751875300688
397 1.015841583802495
397.5 0.9920850028811403
398 1.009021804655955
398.5 1.007963180652925
399 1.0203647388064
399.5 1.002191133627807
400 0.9974959930287681
400.5 0.986506739862159
401 1.00464000670971
401.5 1.019296785644554
402 0.9941037886137625
402.5 1.003898693205664
403 0.9860582317372433
403.5 0.9998859629597658
404 0.9974125292428202
404.5 1.000186084913079
405 0.977768403708782
405.5 0.9971543476549555
406 0.9906822579401385
406.5 0.9835317368051489
407 0.9832331841802193
407.5 1.018590852032345
408 1.006735210648164
408.5 1.00824078364741
409 1.006242899446916
409.5 1.006574804334883
410 0.9668114047358157
410.5 1.010461246699858
411 1.011693987862307
411.5 0.991752998590136
412 0.9794790631656785
412.5 0.9956499594320025
413 1.00123407297709
413.5 1.0047377969788
414 0.975720399047571
414.5 1.035492887806515
415 1.021237466915727
415.5 1.000955245264806
416 0.9929230096856788
416.5 1.01142468490499
417 1.009448706642643
417.5 0.9866949984347139
418 1.027365754970158
418.5 1.004894525847536
419 0.9889623691579792
419.5 1.014497790259096
420 0.9723335768178731
420.5 1.031709277771599
421 0.988599617108291
421.5 0.9869133722327063
422 1.006450708287103
422.5 0.9953408402626817
423 1.02542842241017
423.5 1.013017367029687
424 0.9848437947231903
424.5 1.005223752976142
425 0.9961741791831558
425.5 1.020084162660426
426 1.010607308074105
426.5 1.017233647527116
427 0.9996833839715441
427.5 0.9734730928614442
428 0.9777922875608182
428.5 0.9988493242692481
429 0.9967340267480764
429.5 0.9920917875548562
430 0.9977918701313053
430.5 1.002201650519796
431 0.9768100570395891
431.5 1.003210779244474
432 1.010700475373198
432.5 0.9962862254975734
433 1.02432153920742
433.5 0.982366815623684
434 0.9763818998969014
434.5 1.002404776427976
435 0.9974254514261178
435.5 0.9780887211797276
436 0.9912159626326443
436.5 1.024521519984499
437 0.996476067390871
437.5 1.010684904098869
438 0.9986320080076619
438.5 0.9943299871795593
439 0.9862044460824106
439.5 0.9912220211672039
440 0.9901778123671559
440.5 0.9811054586197466
441 1.012132330648751
441.5 1.026228828598034
442 1.014935450412054
442.5 1.014433634904294
443 1.006190047459522
443.5 0.9843154884441051
444 1.00680050938303
444.5 1.005719733009002
445 0.9818219257282497
445.5 0.996106578613182
446 1.000532876648153
446.5 0.9889141460351285
447 0.9785146404294035
447.5 1.006480867268645
448 1.017433813928217
448.5 0.9861175288254216
449 0.9870141641889547
449.5 0.9988939405557388
450 0.9914813858875883
450.5 1.013658707399584
451 0.9872809662633081
451.5 1.001338596151261
452 1.006560702326188
452.5 1.006430253882853
453 0.9905418960677786
453.5 1.002564885882852
454 0.9929869506049355
454.5 0.9894832972031615
455 0.9903204680645595
455.5 1.007110641838933
456 0.9874804570375377
456.5 1.013171351817769
457 1.014499499628392
457.5 1.015633308504868
458 0.9751608130128497
458.5 1.018620085389188
459 0.9984666586313732
459.5 1.002198869050711
460 0.9985485744215143
460.5 0.9978509398205673
461 1.013834314035075
461.5 1.03029482632976
462 1.000872308187546
462.5 1.001987469413071
463 1.007093325978102
463.5 1.015620069245206
464 1.009089905899912
464.5 1.005474265844313
465 0.9912423731258628
465.5 0.9889343288516818
466 0.9941681979618329
466.5 0.9968713170052023
467 0.9999178275430854
467.5 0.9918982333398808
468 1.000629264547566
468.5 0.9844737801905639
469 1.011951571354369
469.5 0.9679138988953516
470 1.007120932804974
470.5 1.024514534671306
471 0.9888009877421151
471.5 0.9944149622699816
472 0.9832167413647592
472.5 0.9999814902845894
473 1.014235544783556
473.5 0.9835996526452951
474 0.9917552860421107
474.5 0.9952028758607435
475 1.030402191534848
475.5 0.9986021867511051
476 0.9925509983898646
476.5 1.012773086284885
477 0.9834286393702489
477.5 0.9909378571057484
478 0.9912527671755074
478.5 0.9791441245481514
479 0.9648766746544721
479.5 0.9935321316397913
480 0.983854918136984
480.5 0.9777590283200277
481 1.011759357494118
481.5 0.9886561212349509
482 1.006559484379908
482.5 0.9812157366464764
483 1.008407220270959
483.5 1.032817988888526
484 0.9985905846699792
484.5 1.013125587414604
485 1.01070652914328
485.5 0.9977181800809205
486 0.9834616952938134
486.5 0.9975709031703679
487 1.036421981337502
487.5 1.002661683803136
488 1.001753149473195
488.5 1.011946793778428
489 1.023888681774798
489.5 1.020334851637161
490 1.016955632948775
490.5 1.007111464367525
491 0.9981131918008023
491.5 0.9938258799134346
492 0.9918069350209785
492.5 1.005372593192338
493 0.9849024712653048
493.5 1.000022643479794
494 1.014281469398123
494.5 0.996619376746897
495 1.012572269426947
495.5 0.9860955383786727
496 0.999151132007
496.5 0.9952434524921014
497 1.012639982770004
497.5 1.011707283112412
498 0.9854872442828341
498.5 0.9896249648520028
499 1.00360022025581
499.5 1.008149594498402
500 1.002706247910588
500.5 0.9899736818078158
501 0.9893954660597239
501.5 0.9995049951163618
502 1.003079877774631
502.5 0.9973821134258738
503 0.9969399074543084
503.5 0.9877387611085519
504 0.9925276498923202
504.5 0.9922448624759684
505 1.003875781526117
505.5 1.034057468595401
506 1.009040649693356
506.5 1.006442061992292
507 1.006124972365944
507.5 0.9893210151429688
508 0.9991487169382928
508.5 0.9890494240851149
509 0.993572695583281
509.5 0.9899728537603413
510 0.990279232030596
510.5 1.011060827835845
511 0.9856612542374051
511.5 0.9917754096018234
512 0.99132531614556
512.5 0.992803151417304
513 1.002710679731927
513.5 1.016862079769117
514 1.000287357269741
514.5 1.008203934223296
515 1.004484695481173
515.5 1.001217755943316
516 0.9763081171092284
516.5 0.985662649071991
517 1.00620130212473
517.5 0.9946575114744621
518 1.019451300266186
518.5 0.9674956772448554
519 1.013212632361924
519.5 0.9953855401798571
520 1.006149977731276
520.5 0.999472845414407
521 1.00989746701096
521.5 0.9804602823337181
522 0.9960244123503272
522.5 0.9983997482675274
523 1.008312284768494
523.5 0.9955840811825745
524 1.005034932576727
524.5 1.010058243512414
525 1.025377984074665
525.5 0.9938039880695883
526 0.9724855259353049
526.5 0.9980426379206679
527 0.984788392699134
527.5 0.9959421466643876
528 0.9988076896634083
528.5 0.9994291196876639
529 1.008955516253065
529.5 0.9949629828844114
530 0.9946120583681014
530.5 0.9981364088841669
531 1.010073367433878
531.5 1.00817384107006
532 1.004903276712076
532.5 1.002467497300492
533 0.9964738831169722
533.5 0.9861212467621711
534 0.9964337371521311
534.5 0.9749353130129454
535 1.008363714107087
535.5 0.9976515838080008
536 1.02670624676362
536.5 0.9971840953407909
537 1.014375406992261
537.5 0.9959041557824081
538 1.005359136303318
538.5 0.9875070071443467
539 0.9984140410080562
539.5 0.9759530832464413
540 1.008212340373931
540.5 1.006747902704601
541 0.9801316830248915
541.5 1.000641632081947
542 0.9977354249984639
542.5 1.00569197040175
543 0.9927427178738398
543.5 1.008984009663201
544 1.00449743625211
544.5 1.025121533417813
545 0.9884863788777823
545.5 1.003824457693957
546 1.012571160701579
546.5 1.006675780639938
547 1.002883355835329
547.5 0.9862374374975382
548 0.9818441723724672
548.5 0.9968876925779574
549 1.004378479271187
549.5 0.9831997209071348
550 0.9971237457308858
550.5 0.9927423902467094
551 1.01480723849247
551.5 1.043578601314396
552 1.013946342354073
552.5 1.016450874660213
553 0.9873534608107838
553.5 0.9897665111407804
554 1.018315703827151
554.5 1.004824064444139
555 1.014017065732916
555.5 1.001840792416521
556 1.006466397297952
556.5 0.9783692174008893
557 0.9789991672001009
557.5 0.991030849798482
558 1.003268078034287
558.5 1.005344031489736
559 0.993199243030359
559.5 0.9866961068018649
560 1.001456104740393
560.5 0.9898743570784454
561 1.000117016744813
561.5 1.004020257260038
562 1.007414683120011
562.5 0.9918353489745173
563 0.9858958679843369
563.5 1.009664700608898
564 1.002731837901409
564.5 0.9959441896657651
565 0.9918636576330068
565.5 1.003997358425274
566 0.9879971362416722
566.5 1.005311327954413
567 0.9865751194644534
567.5 0.9914900993204301
568 1.016912870876713
568.5 0.9918621159796789
569 1.001309547428746
569.5 1.013124478369356
570 0.9979191614704975
570.5 1.00478832791382
571 0.9907230228237648
571.5 1.00127508470118
572 0.9929769596478901
572.5 0.9864890951674457
573 1.008497579669404
573.5 0.9970277714639608
574 1.004750244272429
574.5 0.9756195927457532
575 0.9855880619511465
575.5 0.9879928658466455
576 1.003068559608879
576.5 0.9941795449103134
577 0.9945634109232772
577.5 1.003821632859375
578 1.009548256581408
578.5 1.010131926398849
579 1.005366851583262
579.5 1.011172718667939
580 1.006882465187705
580.5 0.9813349443824205
581 0.9808006453902827
581.5 1.003422639257417
582 0.9976740879164563
582.5 0.9928622534506163
583 0.9994119865788725
583.5 1.006281066835239
584 1.00981280811765
584.5 1.011734661648741
585 1.004314482884115
585.5 1.002372634866207
586 0.9759326987908582
586.5 0.9926155307641573
587 0.9998565820356237
587.5 1.003008507633724
588 1.005810259268165
588.5 0.9964532909243371
589 1.000376653762832
589.5 0.9983440878937986
590 0.9785235993874818
590.5 1.006472612207269
591 0.9943980787299079
591.5 0.9913815491700839
592 0.9954875890371653
592.5 1.008011750311221
593 0.9949024220785035
593.5 1.017999406372348
594 1.002816803964184
594.5 0.9990365043356176
595 1.007591421279029
595.5 1.000297752052503
596 1.006406401885158
596.5 1.009208701207406
597 0.9988843147562243
597.5 1.003105517841837
598 1.006004006386549
598.5 0.9946449135223374
599 0.9988479004122837
599.5 1.008238178848933
600 1.007748779115007
600.5 1.000453802496544
601 1.004937240940183
601.5 1.005420612775529
602 0.9964417828828683
602.5 0.9836281042226869
603 1.00224603324515
603.5 1.016843515720804
604 0.9930571663098059
604.5 0.995252806994665
605 1.013723264637501
605.5 0.9893118479122486
606 1.008152793376806
606.5 1.002784666645817
607 1.008851417543844
607.5 1.028091031994552
608 1.002058017853936
608.5 1.002621270760566
609 0.9974044445928281
609.5 1.026493224476761
610 1.000523041098923
610.5 1.011322574623594
611 1.00434632824725
611.5 0.988432306658601
612 0.9861938392856959
612.5 1.019785196803055
613 0.9814238473400524
613.5 1.023087357456635
614 0.9792629350390698
614.5 0.9882957166991601
615 0.9913241472869103
615.5 0.990125511516629
616 0.9862602842680959
616.5 1.018279236067373
617 0.9989267743844517
617.5 1.007219490769515
618 0.9962066031385174
618.5 0.9905232784865331
619 0.988923725613032
619.5 1.001335576836881
620 1.001038593416433
620.5 1.009746015518145
621 1.000342584752242
621.5 1.01275204679169
622 1.0058886257849
622.5 0.9955274649800862
623 0.9902165856945472
623.5 0.9897313266549335
624 0.9922477049862782
624.5 1.001646824103965
625 1.005629444369143
625.5 1.012784163729247
626 1.023692212632588
626.5 0.9944678543849376
627 1.00586321168037
627.5 0.9752737430213407
628 0.9956493696497587
628.5 1.005702713900538
629 1.012178253359109
629.5 0.996513430092421
630 1.00101750321402
630.5 0.9996264620843758
631 0.9779861567513751
631.5 0.9909928477410812
632 1.004347283882812
632.5 0.9911724751004747
633 1.025287176178685
633.5 1.00076153673973
634 1.009553472378325
634.5 1.012123736580361
635 0.994396760206276
635.5 0.9992952524348989
636 1.005236477625783
636.5 1.015965519579325
637 1.003042829838119
637.5 0.9872838320547018
638 0.9850670532772272
638.5 0.9926023892857573
639 1.002498026361059
639.5 1.006455754244064
640 0.9951830294130071
640.5 0.9924903924647317
641 0.9989065972118349
641.5 1.006058889462609
642 0.9788791960047745
642.5 1.009440930256078
643 0.9957172643372315
643.5 0.9968986556663945
644 1.012070398511511
644.5 1.012751456135784
645 1.00734280582513
645.5 1.006624272751842
646 1.006746879017184
646.5 1.004444633816674
647 0.9907020895501798
647.5 1.002366562440022
648 0.9994287228597419
648.5 1.011134071235779
649 1.000420574067733
649.5 0.9926938513842472
650 0.9813016460933769
650.5 0.9892758628245205
651 0.9978678627673764
651.5 1.008451436955029
652 1.00168202689263
652.5 0.9898083736752888
653 1.003184255478871
653.5 1.003109214222221
654 0.9954738218431812
654.5 0.9974090822076586
655 0.9988832788956816
655.5 1.001802392327454
656 0.984886977499333
656.5 1.026952845467749
657 0.9969624321052497
657.5 1.000492883806892
658 0.9810682795558731
658.5 0.9943122050729997
659 0.9974683782019329
659.5 1.006704221916215
660 1.000976337585006
660.5 1.006962077094337
661 1.008559805268509
661.5 1.001694305645469
662 1.014492911535718
662.5 1.000891483075702
663 1.015422867567894
663.5 0.9870812416353897
664 0.9973463910701076
664.5 1.005815105419523
665 0.9931158617528069
665.5 1.003674208609664
666 1.008930258579631
666.5 1.006364736692745
667 0.9891829895264318
667.5 1.011045548576013
668 1.020357724174064
668.5 0.9986087342543503
669 0.9955499047955958
669.5 1.007621235968157
670 1.002212821457838
670.5 0.9962995139055838
671 1.008225981036422
671.5 1.009748803923263
672 1.007211599595224
672.5 1.010968690359693
673 0.9971680296543523
673.5 1.014839152372825
674 0.9924104724724607
674.5 1.00104345616231
675 1.005289366211034
675.5 1.015156152071377
676 0.9937075352634839
676.5 1.001346980245419
677 1.011257616725132
677.5 1.004588557210575
678 0.984548608922199
678.5 1.00442194656228
679 1.013251487014266
679.5 1.008892295317789
680 1.015665246826299
680.5 1.025613841578959
681 0.9995808241085086
681.5 0.9805008382963015
682 1.008963230326326
682.5 0.9964463341135582
683 1.003088137894515
683.5 0.9976186168534672
684 1.014645068358054
684.5 0.9943732970018609
685 1.001888373920227
685.5 1.006479003492333
686 0.9937545073087506
686.5 1.014790402524597
687 1.010259916737745
687.5 0.999972302783135
688 0.9895489210352565
688.5 0.9981379453281201
689 0.9985771539452758
689.5 0.9990959793957563
690 0.9994486100097343
690.5 1.019816398093147
691 0.9971290364693881
691.5 0.9946285092150693
692 1.008485343192593
692.5 0.9822538992937631
693 1.009470449420051
693.5 0.99205882630667
694 0.9916813140072868
694.5 0.9929191506936755
695 0.9743129021264801
695.5 1.000535154674863
696 0.9903326911049279
696.5 1.003124673037623
697 1.005855668288348
697.5 1.003773527970097
698 0.9972187495054757
698.5 0.9890848603227378
699 1.016292715780062
699.5 0.9946183807273393
700 0.9937545073087506
700.5 0.9863823593523745
701 1.005269821513479
701.5 0.9849970478902651
702 1.010470742087256
702.5 1.005243956084884
703 0.9950651454959628
703.5 1.001601038034017
704 1.002065202851052
704.5 0.9799225015118571
705 1.011216115103389
705.5 0.9944432249771991
706 1.004758387198523
706.5 1.010438752800739
707 0.9945143627304749
707.5 0.9896849393494916
708 0.9873550061484986
708.5 0.9840218067529797
709 1.005960337803688
709.5 1.012823256852813
710 0.9950145903896311
710.5 0.9933831365059513
711 0.9961476754208523
711.5 1.015063215888876
712 0.9828239604776342
712.5 1.004312174769742
713 0.9924827211013795
713.5 1.005095435516004
714 1.004987257218354
714.5 0.9924404612535367
715 0.998901484049818
715.5 1.000853984342068
716 0.9969490616064569
716.5 0.9971516318564867
717 0.9886385241248207
717.5 0.9997465927853013
718 0.9942742041903129
718.5 0.9957583122169756
719 1.002587479159787
719.5 1.013911677476476
720 0.9916136411170794
720.5 0.9914384853645721
721 0.9890896968210536
721.5 1.004781190663895
722 0.992479534329553
722.5 0.9929719825971608
723 0.9956232780880351
723.5 1.000796569467593
724 1.011454081650641
724.5 1.010577992561656
725 1.006590648763061
725.5 0.9941021843403867
726 1.008106250339422
726.5 1.01424735879001
727 0.9897093868952557
727.5 0.9948265478107721
728 0.9922109537101202
728.5 1.001052264481418
729 0.9878047817675241
729.5 0.9971384473738323
730 1.004910515874192
730.5 1.012441377648869
731 0.9921027161911511
731.5 0.9892181036376495
732 0.9993540019347222
732.5 1.01236540198087
733 0.9955415634460654
733.5 1.008231230882282
734 0.9915292598170898
734.5 0.9983392153381657
735 1.019046798896128
735.5 1.017085664834281
736 0.9974382322221265
736.5 1.013679254745621
737 1.016320535274352
737.5 0.9972525231744773
738 1.003268673448304
738.5 0.9919822176503802
739 1.004121837863593
739.5 1.004474079906849
740 0.9944383033247367
740.5 0.9838603712409957
741 1.002256098918426
741.5 1.017696460856085
742 1.000617745985073
742.5 0.9939710831303619
743 0.9917164113187661
743.5 0.9988393910270882
744 1.004112579783474
744.5 0.9934169988263524
745 1.014894563104065
745.5 1.028253027201437
746 0.9961458779722856
746.5 0.9877515417207746
747 0.9952258813796681
747.5 1.010278570242597
748 0.9979277135599529
748.5 1.012239508546572
749 0.9961675019199119
749.5 1.005171401473985
750 1.00043819095684
750.5 0.9959241816326644
751 0.9977756819814551
751.5 0.9969312537489284
752 1.000290220165923
752.5 1.001025200102084
753 1.006978768756889
753.5 1.007769775414544
754 1.004583592019962
754.5 1.000925956333534
755 0.9894180923068124
755.5 0.9934323267995661
756 0.9991390481919737
756.5 1.000677630123911
757 1.006765855497715
757.5 0.9883291828942453
758 0.9848561631918167
758.5 1.004412902451775
759 0.9993708458529759
759.5 0.9959619596110822
760 1.001059015854855
760.5 0.9888316995065807
761 1.007914352044843
761.5 0.9967160686460836
762 1.012046693526323
762.5 1.008441798327
763 1.001031389905827
763.5 1.002393760677241
764 0.9853317970305274
764.5 0.9792444496920065
765 1.007253165227329
765.5 0.9998218526076253
766 1.000309578658831
766.5 1.004309302788893
767 1.019687204410519
767.5 0.9914435317239285
768 1.005937866401041
768.5 0.9989568114330799
769 0.9987121804516572
769.5 0.9943884738475922
770 1.001573137812535
770.5 1.001257922321945
771 0.991637073519767
771.5 0.9946062435791374
772 1.001684747779569
772.5 0.9937953894497494
773 0.9955742787037746
773.5 0.9937667153451215
774 1.010885391450127
774.5 1.008281772383434
775 0.9926476240365101
775.5 0.9995295669554979
776 1.006004810307632
776.5 0.9924342584033362
777 1.010966357958835
777.5 1.003093483817754
778 1.005215575938718
778.5 1.009645321733188
779 0.9925580867586564
779.5 0.9880796156684782
780 1.003076591010448
780.5 0.9927113738196093
781 0.9992961019044051
781.5 1.002865354479548
782 0.9998633794770958
782.5 0.9989041091035475
783 0.9988995605670858
783.5 1.007143765158776
784 0.9932474897029808
784.5 0.9874877561000174
785 1.008039672916511
785.5 0.9913517390213056
786 1.011025165250972
786.5 0.9820941037768458
787 1.000029561239581
787.5 1.009941173318169
788 1.009287282802412
788.5 0.9859528122255384
789 0.9861428440206856
789.5 1.006330723754457
790 0.9991275648467456
790.5 0.9873287162999181
791 0.9994046425762435
791.5 1.00479582308267
792 0.9925352543804385
792.5 0.9873756652727231
793 1.000192864710412
793.5 0.9950969170599887
794 1.009168171938099
794.5 1.010490329107011
795 0.996214581359833
795.5 0.9958860330943042
796 0.9972789844823451
796.5 0.9981150222731461
797 1.010968181617393
797.5 1.00247344554868
798 0.9928369131191765
798.5 1.00057508986968
799 0.9966993410056383
799.5 1.007885575829151
800 1.000843703525264
800.5 1.00682800339398
801 0.9921532887793908
801.5 0.9998298623752672
802 0.9987652731281544
802.5 0.9998196685998133
803 0.9986353643139209
803.5 0.9969101875226237
804 1.002480390615297
804.5 1.002378266960932
805 0.9928978871663445
805.5 0.9923260518055718
806 1.000269846972084
806.5 0.9866925709548193
807 1.000304675674573
807.5 0.9939882175963154
808 0.9941307818685468
808.5 1.004880028619563
809 1.014530577085422
809.5 0.9893799054594049
810 1.005852230218027
810.5 1.007873119598614
811 1.001537183347903
811.5 0.9745120010955438
812 1.001257885574399
812.5 0.9973115321995174
813 0.9979711708605936
813.5 0.9943902239219857
814 0.9916991958115248
814.5 0.9972934859592046
815 0.9940761712314746
815.5 0.9873514546340542
816 0.9985446638390787
816.5 1.008424213330717
817 1.002638149054324
817.5 1.005317445874728
818 0.9988491914956455
818.5 0.9951870463304849
819 1.002741782347455
819.5 0.995892044964947
820 0.9863353407015377
820.5 1.007006161616814
821 0.9935277563496485
821.5 1.001496698786793
822 1.010540928838074
822.5 0.9966444479855056
823 0.9985395245605393
823.5 1.003071648438409
824 1.010059097178524
824.5 0.9857982613832691
825 0.9980538050457152
825.5 0.9973024626122475
826 1.007628816143915
826.5 1.01673189503279
827 0.9985863410789293
827.5 1.012171124551637
828 1.001687334894574
828.5 1.002805489049049
829 1.004657102226991
829.5 1.002823541125384
830 0.9957913506304519
830.5 1.012778877455893
831 0.9848217240663314
831.5 1.000709645109531
832 0.9875768474820891
832.5 1.02163322450938
833 0.9913825771945614
833.5 0.9961933261996615
834 1.012080979679273
834.5 0.996380416210583
835 1.002059728025289
835.5 0.9966195617702879
836 0.9986048646943011
836.5 1.00609619333464
837 1.016905217391531
837.5 1.006805175991698
838 0.9990028778419368
838.5 1.002465944473636
839 0.9853888093690527
839.5 1.00798335612014
840 1.008219156248467
840.5 1.007240537831281
841 1.003840129012661
841.5 1.010954368356405
842 1.006402322529761
842.5 0.9972503279175782
843 1.003248641335425
843.5 0.9954346900297389
844 1.003333576665044
844.5 1.009410545463894
845 0.996213754834278
845.5 1.005607423966415
846 1.005344394391627
846.5 0.993284300476472
847 0.9998225117451556
847.5 1.000975266036459
848 0.9965990809418335
848.5 0.9965070447871038
849 0.999224837030962
849.5 0.995187956205059
850 1.012834593849079
850.5 1.013959788710212
851 1.017071891351157
851.5 0.9982552055182592
852 0.9983718330188321
852.5 1.006366910899073
853 0.9912674202086609
853.5 1.007165158817218
854 1.007428312945464
854.5 1.003635499839243
855 0.998198925743408
855.5 0.9980969881689045
856 0.9965060155524128
856.5 0.9905637169831435
857 0.991582843947196
857.5 0.9986914101672174
858 0.9925007117056128
858.5 1.015763887129887
859 1.006082013379784
859.5 1.005122738095608
860 1.000636082598952
860.5 1.002261864907089
861 1.001781263921424
861.5 1.000303843552409
862 1.00517277928403
862.5 0.995838649086801
863 0.9999678664022869
863.5 1.003773387856792
864 0.997967569756146
864.5 0.9978038667559955
865 1.017111606465332
865.5 0.9994517225900373
866 1.002661190229251
866.5 0.9974574831766382
867 1.002370697815641
867.5 1.006340177179188
868 0.9893079470783368
868.5 1.005315206910144
869 1.004261845795587
869.5 0.9992942698497047
870 0.9987121199651093
870.5 0.9888772734764556
871 1.000733467401917
871.5 0.9953797505635547
872 1.001667071603962
872.5 0.9983189523593238
873 0.9945178215095992
873.5 0.9976171793127335
874 1.000861786008866
874.5 1.009752487765188
875 0.9964384394820902
875.5 1.005160121612037
876 0.9890375870279218
876.5 1.00474398355886
877 1.014741304662921
877.5 1.000532825972478
878 0.9916620234638873
878.5 0.9996696188187391
879 0.9948521323332282
879.5 0.9980019739579287
880 1.003910719437682
880.5 0.9986004176780735
881 1.003389621891036
881.5 0.994581376088023
882 1.000164211361939
882.5 1.008134675494025
883 0.997150679705918
883.5 0.9958726444338341
884 1.003569768550858
884.5 1.021755208947823
885 1.011847316556823
885.5 1.00245795177433
886 0.986191300708379
886.5 1.006988533442903
887 0.9918909547284084
887.5 0.9885480774256821
888 0.9953393848404946
888.5 0.9999929133272473
889 1.001727216915407
889.5 1.005130977581445
890 1.008378920313165
890.5 0.9983062220791674
891 1.00346697205121
891.5 1.003370993324696
892 0.9909368478840581
892.5 0.9901691969294406
893 0.9953623117769107
893.5 0.9907841688441817
894 1.007174065044491
894.5 1.010576218661578
895 0.9868823076673087
895.5 0.9980706438088963
896 0.9929296134306135
896.5 1.001419233711865
897 1.002288152088761
897.5 1.003347957529663
898 0.9913135113215319
898.5 1.00816083011178
899 0.9987493409696712
899.5 1.009435152701068
900 1.019711865782622
900.5 0.9982591219395147
901 1.009531901452019
901.5 0.9994489237482418
902 0.9888131190722521
902.5 0.9962787707970865
903 0.9966089911408136
903.5 1.006577497579399
904 0.9925462655728303
904.5 1.013495187012199
905 1.01018772033166
905.5 0.9980500129777735
906 0.9970910902828685
906.5 0.997603248696011
907 0.9979242586952209
907.5 0.9983858592804309
908 1.007445173239362
908.5 0.999162608693555
909 0.9932077673994189
909.5 0.9931520845919816
910 1.010830620262742
910.5 0.9942140381654281
911 0.9977698971649046
911.5 0.9979414985341871
912 1.006074165131064
912.5 0.9922933954086445
913 1.00186196680209
913.5 1.002072629768307
914 1.019349101943217
914.5 0.9823682973135254
915 1.002232978980889
915.5 1.005553960226219
916 0.9993030536701856
916.5 0.9974245994395894
917 0.9997653293971283
917.5 1.000712094790966
918 1.00327409069145
918.5 1.006845766258386
919 0.9971251450266144
919.5 1.003044360249895
920 1.003335127322502
920.5 1.001877637590125
921 0.9846705633603084
921.5 1.005851595532262
922 0.9897303161512184
922.5 0.9927317417471272
923 1.000573024576061
923.5 1.002550175709866
924 1.004796224056626
924.5 0.9932723964091041
925 0.9964785415777844
925.5 1.000723200781054
926 1.007911066859896
926.5 0.9944344702397284
927 0.9989378613590144
927.5 0.9974082974659185
928 1.007009121622011
928.5 1.008093774187622
929 0.9996064415239786
929.5 0.9968179415728827
930 1.001646634675848
930.5 1.001515288985984
931 1.004215081069895
931.5 0.9926767373055001
932 0.9983389685505394
932.5 1.004839667449073
933 0.9920382185029325
933.5 0.9912887156865741
934 1.004472651516352
934.5 0.9993833991441149
935 1.002146957224345
935.5 1.006951592010802
936 0.9995176518736548
936.5 1.001781924196504
937 1.006081799433074
937.5 0.9924213887288768
938 1.003849228969094
938.5 0.9899095543731845
939 1.014038698532322
939.5 1.004265282708014
940 0.9998025089367536
940.5 0.9915171728137065
941 1.00251791549681
941.5 0.9959600734821562
942 1.001663653760959
942.5 1.011169812254937
943 1.00790746484175
943.5 0.9916546216762112
944 0.994451255971319
944.5 0.9982457733521837
945 0.9944851690589804
945.5 1.001407950021297
946 0.9939508338878846
946.5 1.006250395864282
947 0.9890293451281014
947.5 0.99640378137403
948 0.9976069889973418
948.5 1.004652641595954
949 0.9995715950219891
949.5 0.9922106086179545
950 1.003899722298823
950.5 0.9841305071228271
951 0.9984298951384842
951.5 0.9918302824128192
952 0.9919062614690329
952.5 1.000697815920959
953 1.006124779137073
953.5 1.003098887363309
954 1.00307495489388
954.5 1.000955399686287
955 0.9980709011633632
955.5 1.000696081682551
956 0.993597061215525
956.5 0.9850646484788208
957 1.003261184436023
957.5 1.011179073861461
958 1.000191534469381
958.5 1.007077385446073
959 0.9976831441270313
959.5 1.002059701701902
960 1.0014811211299
960.5 0.9995097743981634
961 1.000621210949426
961.5 1.012643353758323
962 1.000730860586835
962.5 0.99901861382945
963 1.001131939896014
963.5 1.002023428677616
964 0.9967085149134211
964.5 1.007442423476538
965 0.9951458543265276
965.5 0.9969570591517158
966 0.9913332612922036
966.5 1.001400681520001
967 1.004198032516857
967.5 0.9989987421797623
968 1.008485029264128
968.5 1.009728183552634
969 0.9991857758924374
969.5 1.002714344764683
970 1.00524146024901
970.5 1.009830806289569
971 0.9956936566908275
971.5 0.9979709599053802
972 1.001397542914676
972.5 1.004569416493015
973 0.9930858665243703
973.5 1.001232395227341
974 1.008088733828672
974.5 1.002788394230669
975 1.001965049479748
975.5 0.9979498190165154
976 0.9932470809277006
976.5 1.007304834694801
977 1.009661384016709
977.5 0.9989664581988696
978 0.9980267361531994
978.5 1.00355746469303
979 0.9986714324241824
979.5 0.9940384681675908
980 0.996066507591061
980.5 1.007044825592849
981 0.998287095427327
981.5 0.9978768138663441
982 0.9889432187338288
982.5 1.004643991075882
983 1.008097109894343
983.5 1.005139245689869
984 1.007054980955302
984.5 0.9937337451408845
985 0.9881078082453446
985.5 1.010569726396981
986 1.01423317138598
986.5 1.001797152520107
987 1.010339575742182
987.5 1.000488280840602
988 1.000673113202625
988.5 0.9953554355942309
989 1.000203765489992
989.5 1.009458069599368
990 1.005417967005184
990.5 0.9960649006119618
991 1.010926423617009
991.5 1.007054018980587
992 0.996973900934877
992.5 0.9964837461276991
993 0.9962706170588209
993.5 1.008410450025659
994 1.004912314314042
994.5 1.003193128021344
995 0.9997455915261422
995.5 1.004441261286247
996 1.002490590504322
996.5 0.9986210922691248
997 1.00189142350869
997.5 1.004802341351223
998 1.01024916949367
998.5 0.997711325816822
999 1.015097504821336
999.5 0.9949750146036613
1000 1.004848782628346
1000.5 0.9974235056135825
1001 0.9930838724512584
1001.5 1.005724862827572
1002 1.008252179648156
1002.5 1.002944207325343
1003 1.001673454736946
1003.5 0.9982771208313475
1004 1.000567927086723
1004.5 0.9968696041751337
1005 1.005172955920538
1005.5 0.9934621399159858
1006 0.9971323668959018
1006.5 0.9954882079796676
1007 1.00137625567115
1007.5 1.012548202818017
1008 1.00207413416392
1008.5 0.9930757830897956
1009 1.001389800087096
1009.5 1.00055098139661
1010 1.006014287451461
1010.5 0.9928491788876287
1011 0.9975841899043428
1011.5 1.00112904836585
1012 1.005427152191815
1012.5 1.009792278266978
1013 1.006366138481279
1013.5 0.9968783771150822
1014 1.002563602151966
1014.5 0.9998723803298212
1015 1.009134660301772
1015.5 0.9833984996994961
1016 0.992280418612157
1016.5 0.99669569763543
1017 0.9960548769746744
1017.5 1.010089254410638
1018 0.9955649531826271
1018.5 1.001422333563466
1019 1.00801806153125
1019.5 0.9913632460638843
1020 1.009225136878126
1020.5 0.9965658121990749
1021 0.9986168872803548
1021.5 0.9993568284056271
1022 0.9937545073087507
1022.5 0.9983718024783196
1023 0.9994806156439934
1023.5 0.9902488396019283
1024 1.000873007880285
1024.5 0.9861640179078387
1025 1.005001845651555
1025.5 0.9993918291769072
1026 1.000786375209265
1026.5 0.9888316275626216
1027 0.998616770042038
1027.5 0.9924794122824832
1028 1.007844068216097
1028.5 0.990955483316732
1029 0.9997053534027741
1029.5 1.00358614596925
1030 0.9979119962381872
1030.5 0.9992915901181164
1031 1.017269490097897
1031.5 0.9935839146556934
1032 1.009336973311447
1032.5 0.9945469986940677
1033 0.99562879363483
1033.5 0.9908362457751575
1034 1.00452527156644
1034.5 0.995910431946771
1035 0.9940393052118462
1035.5 0.9895555697294284
1036 0.9974565876500762
1036.5 1.000918195701776
1037 0.9962220540628564
1037.5 1.000762956283344
1038 1.007500114665907
1038.5 0.9963081344582287
1039 1.001303580659465
1039.5 1.003440935285307
1040 1.002008108908285
1040.5 0.9948564910690531
1041 0.9995806866795576
1041.5 0.9980824773081699
1042 0.9994928107144843
1042.5 0.9963119840155854
1043 0.996359638263454
1043.5 0.9963709686571796
1044 1.010856841341478
1044.5 1.009567923556991
1045 0.9977933170927186
1045.5 1.009241307761399
1046 1.001333852289164
1046.5 0.9845840565472412
1047 0.9927767160193313
1047.5 0.9960539637997313
1048 1.002126516975679
1048.5 1.006131826115394
1049 0.9956854814604714
1049.5 1.010581475323227
1050 0.9990191978541374
1050.5 0.9997628237727632
1051 1.001985766821616
1051.5 0.9972984103167652
1052 1.004376067650137
1052.5 1.007219928260228
1053 0.990418896283496
1053.5 0.992883610653302
1054 0.9954834667545831
1054.5 0.9942593963639247
1055 1.006091964717968
1055.5 1.003530554376704
1056 1.00429218907853
1056.5 0.9971296191225821
1057 0.9911656288501682
1057.5 1.003152024070253
1058 1.00088164484817
1058.5 1.000805509637986
1059 1.00764143173069
1059.5 1.000340008445253
1060 1.001892751768035
1060.5 0.9964800286077555
1061 1.000697152687295
1061.5 0.9984063447303334
1062 0.9966374988819772
1062.5 1.000875758985319
1063 1.009828619635624
1063.5 0.9910038363634206
1064 0.992928672538134
1064.5 0.9955370051715468
1065 0.9904810248954667
1065.5 0.997203441906729
1066 0.9940742281074019
1066.5 1.007937773226947
1067 0.9951544184882366
1067.5 0.9923080750562421
1068 1.008113896807534
1068.5 1.002325513151826
1069 1.006740020951445
1069.5 0.992857345695852
1070 1.011085710905864
1070.5 1.005314400898837
1071 1.004749527061537
1071.5 1.003133446870253
1072 1.000672490902735
1072.5 1.006038853211412
1073 1.000702931725001
1073.5 0.9949370676895533
1074 1.007688553530266
1074.5 1.001217498324816
1075 1.00254486518835
1075.5 1.001612915561561
1076 0.9998411008831796
1076.5 0.9972317623595232
1077 1.005373750709875
1077.5 1.000615870194405
1078 1.00367696756051
1078.5 1.00710035778743
1079 0.9940213314963412
1079.5 1.007007080246153
1080 1.005440324200252
1080.5 1.003342166142122
1081 1.004981093471378
1081.5 1.006549951337252
1082 0.999963244780827
1082.5 1.005655201056833
1083 0.9965232185670058
1083.5 0.9982914763219007
1084 0.9996582271864595
1084.5 1.001949427326718
1085 1.001853451430751
1085.5 1.013262177991434
1086 0.9911903187608483
1086.5 1.013740806191176
1087 1.008489474303609
1087.5 0.9970219521722903
1088 0.9905771631707765
1088.5 0.9946977012766681
1089 0.9864265460310475
1089.5 0.9991407860383552
1090 1.001240830296897
1090.5 1.002681449160192
1091 0.9975080088045812
1091.5 1.001302804955195
1092 0.9947018735385978
1092.5 1.006846762020585
1093 1.000415034660317
1093.5 1.004615153041296
1094 0.9929235250263706
1094.5 0.9939026251706045
1095 1.009402126288411
1095.5 1.006046474277452
1096 0.9999724222190854
1096.5 0.9964038448747632
1097 1.006825493643727
1097.5 1.001833330642995
1098 0.9954281241444941
1098.5 1.007338250447151
1099 0.9970362476184967
1099.5 0.9886215349379841
1100 1.003369451745086
1100.5 0.996443043068629
1101 0.9974342324380865
1101.5 1.007252564650707
1102 1.000981789011175
1102.5 1.003118684323955
1103 0.9949410247497007
1103.5 0.9982303564127243
1104 1.005892046607218
1104.5 1.004821868309991
1105 0.9916936279955448
1105.5 1.004439197659238
1106 1.005887834252658
1106.5 1.008574314727323
1107 1.011509840201042
1107.5 1.005642190972841
1108 1.012318518608924
1108.5 0.9984708636945642
1109 1.001751692288954
1109.5 1.009013522770915
1110 1.002761451009764
1110.5 0.9949723944246104
1111 1.006006713050309
1111.5 0.9957369370785643
1112 1.000638292768713
1112.5 0.993758802997973
1113 1.004407071348174
1113.5 0.988235880864708
1114 1.004958905281237
1114.5 1.001391616887504
1115 1.005350474762372
1115.5 1.010428845915393
1116 0.9957613958192907
1116.5 0.9886822685228095
1117 0.9915751893193333
1117.5 1.000482966726193
1118 1.00217506146869
1118.5 0.993556994348463
1119 0.9990780291914205
1119.5 0.9987452824623344
1120 0.9990648829571818
1120.5 1.001617467972891
1121 1.013433937166746
1121.5 1.007265288967332
1122 0.9990649134474954
1122.5 0.9994426589110835
1123 0.992961948987238
1123.5 0.996707580649828
1124 0.990024199486328
1124.5 1.001713147259822
1125 0.9982066845392431
1125.5 1.005838300850654
1126 0.9944987987695405
1126.5 0.9994179973932111
1127 0.9912318790698357
1127.5 1.001660220375247
1128 1.004446328098115
1128.5 1.002118780896317
1129 1.011927950902883
1129.5 1.006177234634251
1130 0.9997346229279537
1130.5 1.009671115171501
1131 0.9944958061373373
1131.5 0.9973900035586165
1132 1.001099498263831
1132.5 1.008325331258202
1133 1.002094623029178
1133.5 0.9973298500441058
1134 1.00087330960162
1134.5 0.9949368532745968
1135 1.002104135701468
1135.5 0.9982005281653233
1136 1.008581478322629
1136.5 0.9965351578016367
1137 1.009489997187849
1137.5 1.010920940199028
1138 1.004768769909949
1138.5 0.9903021176203896
1139 0.9932763669229385
1139.5 0.9976250642684558
1140 1.005682620043754
1140.5 1.000907721614379
1141 1.002364627658876
1141.5 0.9957167766864071
1142 1.004911199254098
1142.5 1.003524476543608
1143 1.007417510771711
1143.5 1.001412565071499
1144 0.9943164069855446
1144.5 0.9899682978961724
1145 1.004228070764282
1145.5 1.003678153362564
1146 1.001082156289482
1146.5 1.006165984366203
1147 0.9989228111816401
1147.5 1.00544852919247
1148 1.001942193166113
1148.5 1.01205615613011
1149 0.993559851407422
1149.5 1.005549562974121
1150 0.9954262691445619
1150.5 0.9999469559857774
1151 1.002724545185609
1151.5 1.013576164363652
1152 0.9977555720960261
1152.5 0.9994415694431328
1153 0.9999814651500044
1153.5 1.002657287160123
1154 0.9934225881872181
1154.5 0.9972969942674786
1155 0.9959080983438733
1155.5 1.004295181794973
1156 0.9984126757886703
1156.5 1.000054352993648
1157 1.002216626675973
1157.5 1.003357158749284
1158 1.00333334257925
1158.5 0.9993327607200455
1159 0.9961797080119987
1159.5 1.001811150726737
1160 0.9997028547401327
1160.5 0.9894120157901323
1161 0.9963341444099407
1161.5 1.000298707342594
1162 0.9977070219698422
1162.5 0.9981749442850563
1163 0.9974032554570499
1163.5 0.9977260171458817
1164 1.002073054355973
1164.5 1.002476697350944
1165 0.9928335513734466
1165.5 1.002506508425522
1166 0.9994692923120478
1166.5 1.005970140921139
1167 0.9926656663857341
1167.5 1.000932392255562
1168 0.9968203630409185
1168.5 1.002586519690882
1169 0.9995055911582837
1169.5 1.012179901033076
1170 0.9909111019071677
1170.5 1.002433057180353
1171 0.9999863039136859
1171.5 0.9943643024765874
1172 0.9920980375770604
1172.5 0.999214512024336
1173 1.003543927651635
1173.5 0.9985589211211854
1174 0.9862334795779921
1174.5 0.9901099730167744
1175 0.9948824119265527
1175.5 0.9930777288242317
1176 0.9880083077766934
1176.5 0.9864088200450815
1177 0.9852334900698725
1177.5 0.9823740447210955
1178 0.9902145606922813
1178.5 0.9875233204577334
1179 0.9881712015277125
1179.5 0.9778973463040319
1180 0.974578842196447
1180.5 0.9724396471391348
1181 0.9830117121558177
1181.5 0.9678641025572402
1182 0.9747409834656475
1182.5 0.9685958158567461
1183 0.9770185415507061
1183.5 0.9677940277155717
1184 0.9651427797688371
1184.5 0.9663827390200845
1185 0.9681750904299209
1185.5 0.9668873756650664
1186 0.9543020727085256
1186.5 0.9701007270658677
1187 0.9616527798056226
1187.5 0.9581082897856068
1188 0.9485247018669272
1188.5 0.9577376912766964
1189 0.9480320755645114
1189.5 0.9569264736705284
1190 0.9495754141948999
1190.5 0.9549622307751437
1191 0.951963575586096
1191.5 0.9506159898013157
1192 0.9475979205719929
1192.5 0.9479813786642572
1193 0.9493218320860727
1193.5 0.9520270904703532
1194 0.9464480799379402
1194.5 0.9383389983065067
1195 0.9502659826503967
1195.5 0.9396045192571397
1196 0.9397722320624534
1196.5 0.9427148281972982
1197 0.9298831547203965
1197.5 0.9385603127731692
1198 0.9292542586552974
1198.5 0.9369947412145027
1199 0.9310920249255046
1199.5 0.9383842328200236
1200 0.9252395507165114
1200.5 0.9331455255771319
1201 0.9235643743649263
1201.5 0.9238482615548138
1202 0.9348353728771742
1202.5 0.9189448745144115
1203 0.9211151576670222
1203.5 0.9217216025500649
1204 0.9227835593963003
1204.5 0.9210509888300177
1205 0.9138212002518318
1205.5 0.9215339854978941
1206 0.9210914239257272
1206.5 0.9190971120282198
1207 0.9191647168639588
1207.5 0.916506740431859
1208 0.9157748948994056
1208.5 0.9116031294772043
1209 0.9187379502872507
1209.5 0.9038918110546288
1210 0.892555397257995
1210.5 0.9060677299086635
1211 0.9043634189136617
1211.5 0.9038028780150383
1212 0.8991590017948755
1212.5 0.8996894508413806
1213 0.8999539652715336
1213.5 0.8995828507380297
1214 0.884938835133303
1214.5 0.9041763804957408
1215 0.8926922875088221
1215.5 0.8842589475515183
1216 0.8969678550287346
1216.5 0.8937826013113792
1217 0.8974407234947864
1217.5 0.8958365134664414
1218 0.8765363775524747
1218.5 0.8870990765887843
1219 0.8804468011046078
1219.5 0.8883689904587896
1220 0.880914631089975
1220.5 0.8854493804231689
1221 0.8835746398536797
1221.5 0.8771859393353922
1222 0.8795204274508062
1222.5 0.877967031808319
1223 0.8785254681757992
1223.5 0.8727070655450536
1224 0.869914076332584
1224.5 0.8667876104407749
1225 0.8662359289308919
1225.5 0.8743741302450208
1226 0.8682703531632628
1226.5 0.8688832602372536
1227 0.8613702106659425
1227.5 0.8613666753758091
1228 0.8601487271287304
1228.5 0.8609715920043683
1229 0.871515888796921
1229.5 0.8573554506083293
1230 0.8566585553307924
1230.5 0.8595386677727228
1231 0.8613598378436932
1231.5 0.8571672453194276
1232 0.8613736770221149
1232.5 0.845596070626582
1233 0.8506244539438494
1233.5 0.853391364677394
1234 0.8539022946675531
1234.5 0.8466926035542066
1235 0.8458028364013404
1235.5 0.8497630208891307
1236 0.8472396999047911
1236.5 0.8380702459177927
1237 0.8441647319660469
1237.5 0.8401249638527566
1238 0.8403360804003821
1238.5 0.8274674061843024
1239 0.8398683118745629
1239.5 0.840610769959477
1240 0.8397049792517275
1240.5 0.8326236049490979
1241 0.8311686891264093
1241.5 0.8297916681416021
1242 0.8327096937700806
1242.5 0.8314340428536773
1243 0.8251428060981784
1243.5 0.82299300924174
1244 0.8317712177630242
1244.5 0.8376928615560428
1245 0.8229211176741377
1245.5 0.8242945900203152
1246 0.8267696254468713
1246.5 0.8243514794185658
1247 0.8186301582573129
1247.5 0.8117913326420245
1248 0.8174688442672796
1248.5 0.8042935952789976
1249 0.8222283849539105
1249.5 0.8134862591759766
1250 0.822533881114309
1250.5 0.8075522051212262
1251 0.8148222964922556
1251.5 0.8130770002459504
1252 0.8018160212754378
1252.5 0.810388606365091
1253 0.8065164073548502
1253.5 0.8081540140418567
1254 0.7989879363197463
1254.5 0.8049601559345009
1255 0.7972699611050142
1255.5 0.7931010556170168
1256 0.7990629452504103
1256.5 0.794380586440024
1257 0.7982358493811954
1257.5 0.7944972097064747
1258 0.7918227153223689
1258.5 0.7880454142095534
1259 0.7900246799780746
1259.5 0.7962242960696321
1260 0.7886484844298902
1260.5 0.7961137816793137
1261 0.7872021641544271
1261.5 0.784766833608079
1262 0.7851968688483555
1262.5 0.7964773668692541
1263 0.7923302844987526
1263.5 0.7733290652006397
1264 0.779373687349827
1264.5 0.7770520626863702
1265 0.7838627001236684
1265.5 0.7851650350438483
1266 0.7803644833484028
1266.5 0.775255549096373
1267 0.7753475232873694
1267.5 0.7702986141797576
1268 0.7743431164733434
1268.5 0.7725223262161084
1269 0.7728571046846546
1269.5 0.769323710310115
1270 0.774780279574884
1270.5 0.7609455545981764
1271 0.7679911969002573
1271.5 0.7633393001311246
1272 0.7558534675843989
1272.5 0.7658689289078389
1273 0.7624549107991914
1273.5 0.7716803706538715
1274 0.7616424474081849
1274.5 0.7584309250487438
1275 0.7611670786744065
1275.5 0.7568590513669625
1276 0.7593763529574933
1276.5 0.7557214948993116
1277 0.7549148225406359
1277.5 0.7483566312783685
1278 0.7482720446570587
1278.5 0.7417050092997971
1279 0.7475548702732741
1279.5 0.7457809820068977
1280 0.7462208375890487
1280.5 0.7496770180299501
1281 0.743774313201122
1281.5 0.7439768168158387
1282 0.7412160000951143
1282.5 0.7372040231004593
1283 0.74060531016495
1283.5 0.7407614550271767
1284 0.7361441863360227
1284.5 0.7355239799226843
1285 0.7336069731523555
1285.5 0.7371617393378566
1286 0.7308647633860621
1286.5 0.733309468363091
1287 0.7327868338504653
1287.5 0.732076788621249
1288 0.7398680769443317
1288.5 0.7274213518228951
1289 0.7265757853886461
1289.5 0.7297842366326859
1290 0.7234833788072006
1290.5 0.7288641839661509
1291 0.7293047548684803
1291.5 0.7176232782327036
1292 0.7187481948736728
1292.5 0.7218532446946265
1293 0.7132563488392457
1293.5 0.7118435817475433
1294 0.7193431478698938
1294.5 0.7170905551466645
1295 0.7144695663591539
1295.5 0.7147537610203859
1296 0.71162794726412
1296.5 0.7139760468506224
1297 0.7077521669837648
1297.5 0.7095670081959098
1298 0.7090435731802047
1298.5 0.7089828075247029
1299 0.7063593900186933
1299.5 0.7059774091427644
1300 0.7059185124403285
1300.5 0.7072414583606678
1301 0.7019338484153418
1301.5 0.7020845441714543
1302 0.7034757019827214
1302.5 0.694164225100658
1303 0.6973715183566426
1303.5 0.6974556448404798
1304 0.6939426922652241
1304.5 0.6978289211234092
1305 0.6963564503558148
1305.5 0.6934003519203173
1306 0.6883245399240098
1306.5 0.688893232011089
1307 0.6914220099849446
1307.5 0.689548882471851
1308 0.6856064100988113
1308.5 0.6817607687608903
1309 0.6897200204234123
1309.5 0.6895114564529042
1310 0.6866698297108074
1310.5 0.6851479237372144
1311 0.685350695456958
1311.5 0.6790303538871052
1312 0.6832653406401622
1312.5 0.6827900835539722
1313 0.6728927298271452
1313.5 0.6761512332570625
1314 0.6723427282686802
1314.5 0.6769038959125645
1315 0.671838675893293
1315.5 0.6745470523368351
1316 0.6673540624115736
1316.5 0.6703535350712849
1317 0.6673516638403305
1317.5 0.6717824981525338
1318 0.6670121277256811
1318.5 0.669957182974049
1319 0.6697628266449693
1319.5 0.6647133836474903
1320 0.6588218242641593
1320.5 0.6622325470602347
1321 0.6638743728542271
1321.5 0.6622567801414559
1322 0.6707386328708445
1322.5 0.6610997270071406
1323 0.6565940589484677
1323.5 0.6537184642098662
1324 0.6566248258577364
1324.5 0.6594155857199439
1325 0.6622907020227796
1325.5 0.6580218954418526
1326 0.6515216500822366
1326.5 0.6490159692291383
1327 0.6490800248952033
1327.5 0.6543606471952433
1328 0.6460927963058258
1328.5 0.6424723285765228
1329 0.6416140520954158
1329.5 0.640205914059838
1330 0.6453623454112561
1330.5 0.6346227223617158
1331 0.6508577885513416
1331.5 0.6359330205548424
1332 0.6357850256287075
1332.5 0.6338818974766049
1333 0.6350945463848932
1333.5 0.6388025749753318
1334 0.634208408704961
1334.5 0.637342465721646
1335 0.6351602515580757
1335.5 0.63175801639283
1336 0.636588682809486
1336.5 0.6313145755379177
1337 0.6294477714778862
1337.5 0.6256455202053872
1338 0.6316624013444516
1338.5 0.627363724403762
1339 0.6289810928075338
1339.5 0.620109460999261
1340 0.6284765612782949
1340.5 0.6175587186432113
1341 0.6154952619716332
1341.5 0.6241496317233399
1342 0.6216946525990914
1342.5 0.613666726441854
1343 0.6132746681938965
1343.5 0.613983700791139
1344 0.6071865918680095
1344.5 0.619427909707396
1345 0.6097509890991112
1345.5 0.6112775324882731
1346 0.6091893353494719
1346.5 0.6049125144113536
1347 0.6076195915059516
1347.5 0.6140340213310036
1348 0.608369143433498
1348.5 0.6107029629064102
1349 0.6069537711920737
1349.5 0.6080228126777836
1350 0.6089618566795453
1350.5 0.5997539333928348
1351 0.6025755538102598
1351.5 0.6038999339082797
1352 0.6001500793633647
1352.5 0.5960435779724864
1353 0.6003911021048167
1353.5 0.5995223163027875
1354 0.6009494855484153
1354.5 0.5965990643481368
1355 0.5956496400086524
1355.5 0.590439956858371
1356 0.5894749633037369
1356.5 0.5835150574706692
1357 0.5950375002717735
1357.5 0.5856574287717802
1358 0.5917745248645903
1358.5 0.5917189392069043
1359 0.5961770514960131
1359.5 0.5846732324347952
1360 0.5851701065407656
1360.5 0.5809938963344041
1361 0.5839950534532096
1361.5 0.5851423239657122
1362 0.5729530085079108
1362.5 0.5718400915122398
1363 0.5750482247527325
1363.5 0.574584651036679
1364 0.5827480830589006
1364.5 0.5791617528002385
1365 0.5775667221965389
1365.5 0.5772273971031395
1366 0.5795606434417587
1366.5 0.574108974716369
1367 0.5739392293382158
1367.5 0.5759568356326834
1368 0.5718514959365761
1368.5 0.5680848105202722
1369 0.5732196234263655
1369.5 0.57024640147923
1370 0.5678377531919848
1370.5 0.5675894192433322
1371 0.5728126426473231
1371.5 0.5627650597591979
1372 0.5630792667505997
1372.5 0.5565479451833836
1373 0.5579198109831716
1373.5 0.5598057675102677
1374 0.5579746406965967
1374.5 0.5605791972640776
1375 0.5610575662405169
1375.5 0.5504168080106149
1376 0.5510455911528459
1376.5 0.5529480051988322
1377 0.5513549324627606
1377.5 0.5564977582767053
1378 0.5516833105410544
1378.5 0.5532101677344645
1379 0.5484662460498233
1379.5 0.5490103632538914
1380 0.5485103249572457
1380.5 0.5399777348555009
1381 0.5451017508394448
1381.5 0.5416660170380914
1382 0.540356315725403
1382.5 0.5372140373123599
1383 0.5416933094355229
1383.5 0.546511950926965
1384 0.5458120843874087
1384.5 0.5389959836660532
1385 0.5344843775949502
1385.5 0.5360874180200644
1386 0.5366132389022377
1386.5 0.5402182918019994
1387 0.5391403953791454
1387.5 0.5312852497457407
1388 0.5279908341766226
1388.5 0.5350867433292704
1389 0.5278164047153768
1389.5 0.5258628372539734
1390 0.5302831644488981
1390.5 0.5278669645147573
1391 0.5298833857028278
1391.5 0.5299452642050602
1392 0.5302481674359008
1392.5 0.5254075202213002
1393 0.5255523698257273
1393.5 0.5302908310554171
1394 0.5264424367211478
1394.5 0.5203558206546477
1395 0.5210438169977196
1395.5 0.5171699010795687
1396 0.5202376357967751
1396.5 0.5175880411481707
1397 0.5248624960079592
1397.5 0.5189818221043185
1398 0.5177934449387003
1398.5 0.5176622749473846
1399 0.5145854401529782
1399.5 0.515073053141073
1400 0.5110680680187443
1400.5 0.5093328126808234
1401 0.5070640422352881
1401.5 0.5081699159229999
1402 0.5104235520282241
1402.5 0.505385864362592
1403 0.5065297645413351
1403.5 0.5054372089287416
1404 0.5039113168364809
1404.5 0.5060605850357293
1405 0.512350781936236
1405.5 0.4978274659157259
1406 0.5029910852104018
1406.5 0.5033227432621143
1407 0.4985966031769337
1407.5 0.4948209149231185
1408 0.4950590383682917
1408.5 0.4953163349691689
1409 0.4974960973834927
1409.5 0.4919862762909555
1410 0.4963204192289732
1410.5 0.4927574394213526
1411 0.4972607453087229
1411.5 0.4932521883688888
1412 0.4956774176423329
1412.5 0.4867746623710333
1413 0.4847912970348337
1413.5 0.4844093909123406
1414 0.4862685029587648
1414.5 0.4817388039441243
1415 0.4826630489773961
1415.5 0.4818749544360458
1416 0.4865861103697194
1416.5 0.4811754057392476
1417 0.4819999559734036
1417.5 0.4779957665516305
1418 0.4858925597434038
1418.5 0.4791419035181352
1419 0.4779530593014353
1419.5 0.4751418171092173
1420 0.4739572255752721
1420.5 0.4750715470822867
1421 0.4782098420669137
1421.5 0.4705091324444711
1422 0.4689838905091133
1422.5 0.4755077302857972
1423 0.4709797902242335
1423.5 0.4687265592496648
1424 0.4625573753006348
1424.5 0.4656114424165108
1425 0.4691790735472106
1425.5 0.4686774648567997
1426 0.4660883377933246
1426.5 0.4666039740025964
1427 0.4592563022541437
1427.5 0.4617256762231045
1428 0.4636756901460591
1428.5 0.4616903324789292
1429 0.463828182664126
1429.5 0.461387750246637
1430 0.4537499894839921
1430.5 0.4616185874547923
1431 0.4551515325280985
1431.5 0.4607837686796575
1432 0.4604620484809243
1432.5 0.452945924723049
1433 0.4509036058442438
1433.5 0.4493189938565778
1434 0.4484184583536183
1434.5 0.4482195007029177
1435 0.4505934773984463
1435.5 0.4498070334877635
1436 0.452421966031194
1436.5 0.4471988167505355
1437 0.4448125425084129
1437.5 0.4468030633602701
1438 0.4480748438898072
1438.5 0.4399508472870609
1439 0.4411877812857786
1439.5 0.4483070739548438
1440 0.4396734930415301
1440.5 0.4370592177373316
1441 0.4445226860186485
1441.5 0.436940459650175
1442 0.4364314261903036
1442.5 0.4384316333254066
1443 0.4307006883790905
1443.5 0.4318045123641269
1444 0.4332616685610396
1444.5 0.4329804510099136
1445 0.4355539588477627
1445.5 0.433500198586014
1446 0.4313746515877687
1446.5 0.4269247146846589
1447 0.4310576985052547
1447.5 0.427878182567493
1448 0.4297379299885988
1448.5 0.4290699748910428
1449 0.4284770536869151
1449.5 0.426216175300582
1450 0.4226242949912647
1450.5 0.4234253807301943
1451 0.424891352017433
1451.5 0.4225648039597177
1452 0.4272256730269084
1452.5 0.4185303349393865
1453 0.4216005294169869
1453.5 0.4181205900484768
1454 0.4217762858585121
1454.5 0.4216520774690573
1455 0.4135051454277092
1455.5 0.4179101035065841
1456 0.4158039384501185
1456.5 0.4165284721766793
1457 0.4098750436181431
1457.5 0.4117027249666471
1458 0.4130879970058536
1458.5 0.4082083306146497
1459 0.4084226961622594
1459.5 0.4100082430306632
1460 0.4086857835617692
1460.5 0.4067441110309919
1461 0.4037099955831465
1461.5 0.4058958881024463
1462 0.4096825071140585
1462.5 0.4023905553184474
1463 0.4007869417906367
1463.5 0.4040051874918271
1464 0.3987855768305278
1464.5 0.4000934985858157
1465 0.4017081016322543
1465.5 0.3964279027947397
1466 0.3940730669812997
1466.5 0.3975719925207948
1467 0.3938256174202119
1467.5 0.3919835754448115
1468 0.3927831124948141
1468.5 0.3973749392095861
1469 0.3948660494052336
1469.5 0.3920898881921022
1470 0.3880374742824646
1470.5 0.3982764034906645
1471 0.3883742043236679
1471.5 0.3900892797763671
1472 0.3890512499150471
1472.5 0.3854094506951671
1473 0.384896490670149
1473.5 0.3861424299126984
1474 0.3895560699651726
1474.5 0.3832358293303847
1475 0.3826537574109767
1475.5 0.3832175477885482
1476 0.3809195221798891
1476.5 0.382841585796087
1477 0.3831717026631239
1477.5 0.3800929399182959
1478 0.3749318327960865
1478.5 0.3751772633680879
1479 0.3753332336025235
1479.5 0.374474505335403
1480 0.3787565731795357
1480.5 0.3754439173866257
1481 0.376078477886997
1481.5 0.3680863211474019
1482 0.3762096360543416
1482.5 0.3697700359318871
1483 0.3702646689246658
1483.5 0.3735906607988777
1484 0.3706856435593125
1484.5 0.3742188265850611
1485 0.3654347017259863
1485.5 0.3660007824956935
1486 0.3616441303549648
1486.5 0.3652969634530165
1487 0.3664607410179636
1487.5 0.3648763954309555
1488 0.3634348465199612
1488.5 0.3599908074348302
1489 0.3589408537146012
1489.5 0.3593495730338265
1490 0.3577748987152816
1490.5 0.3592708489469471
1491 0.3609224199261758
1491.5 0.3597348634870509
1492 0.3541739235521237
1492.5 0.3569445715897021
1493 0.3526335918054103
1493.5 0.358876827251737
1494 0.3514461204640568
1494.5 0.3492227171733404
1495 0.3478213916872762
1495.5 0.3522568120310277
1496 0.3505592714556871
1496.5 0.3509164705276839
1497 0.3473619676343959
1497.5 0.3449065228293199
1498 0.345492221232575
1498.5 0.3423125255733223
1499 0.3440432297732188
1499.5 0.3434326802750186
1500 0.3480688320468697
1500.5 0.3408469444869525
1501 0.3406717734497984
1501.5 0.3433477681991676
1502 0.3412370730187858
1502.5 0.3411480447029393
1503 0.3389207579945589
1503.5 0.3386953742880758
1504 0.3372302715255339
1504.5 0.3347860714223976
1505 0.3365070968524048
1505.5 0.3323133857284878
1506 0.3370909005189108
1506.5 0.3323014676861374
1507 0.3346882464918401
1507.5 0.3306265567372734
1508 0.3307156883489767
1508.5 0.3280142568490561
1509 0.3304485843395525
1509.5 0.3263830687075174
1510 0.3257569202585646
1510.5 0.3266169276776359
1511 0.3267249867045358
1511.5 0.3254346524429027
1512 0.3257817631213307
1512.5 0.3253620647547084
1513 0.3254703821806327
1513.5 0.323503762299353
1514 0.3234600696773802
1514.5 0.3207669417172386
1515 0.3213699182254179
1515.5 0.3182745155975863
1516 0.322471576909065
1516.5 0.3171265406497142
1517 0.3218434426708171
1517.5 0.3148817486675518
1518 0.31781872762088
1518.5 0.3170857465331703
1519 0.3122004434012771
1519.5 0.3127036340267743
1520 0.3072879566791541
1520.5 0.316538578366899
1521 0.3084668602830368
1521.5 0.3105695312854885
1522 0.3109709055995267
1522.5 0.3051536630988471
1523 0.3054907543417177
1523.5 0.3099728402163391
1524 0.3086960456471987
1524.5 0.305543582217791
1525 0.3088273442919887
1525.5 0.3074364343360789
1526 0.3060974661179281
1526.5 0.3024866047423934
1527 0.3029233944766621
1527.5 0.3068823249373541
1528 0.3015759995822064
1528.5 0.2977104964190945
1529 0.2994487136777677
1529.5 0.2993362235484436
1530 0.2997896142540698
1530.5 0.2986125851913193
1531 0.2926838870723552
1531.5 0.2944692239557384
1532 0.2938289054058088
1532.5 0.2924263640621971
1533 0.2958492182639492
1533.5 0.2910014943309023
1534 0.2951821959517497
1534.5 0.2913337163770557
1535 0.290036250617544
1535.5 0.2910865525291685
1536 0.2912273010239242
1536.5 0.2891567226999203
1537 0.2850770114898495
1537.5 0.2855507918825987
1538 0.2874401820065171
1538.5 0.2846859735949137
1539 0.2861950683662248
1539.5 0.2841683243001737
1540 0.285330736305129
1540.5 0.2850142265328617
1541 0.2824998800757949
1541.5 0.2822674655909013
1542 0.2780050472600603
1542.5 0.2787908234250103
1543 0.2799027605597865
1543.5 0.2832696760648791
1544 0.2789030224323277
1544.5 0.2745909533241989
1545 0.2748375616415402
1545.5 0.2733876580753068
1546 0.2745799206555316
1546.5 0.2745327033744036
1547 0.27051380859465
1547.5 0.2733646667449697
1548 0.2723427724650066
1548.5 0.2711271904768315
1549 0.2691987644578404
1549.5 0.2682138148445939
1550 0.2679435149820864
1550.5 0.2662475579018913
1551 0.269687081331036
1551.5 0.2650143851175901
1552 0.264132058419784
1552.5 0.2618285347549038
1553 0.26514876612768
1553.5 0.2615399854917796
1554 0.2616782017297712
1554.5 0.2611391169184319
1555 0.2623405867032042
1555.5 0.2655207546489966
1556 0.2609254913086335
1556.5 0.2568827727680114
1557 0.2595941585911581
1557.5 0.259780802056042
1558 0.2568698217672205
1558.5 0.2553257572773802
1559 0.2520205663893582
1559.5 0.2582179317809873
1560 0.254018613920988
1560.5 0.2521921752224398
1561 0.2537092486233767
1561.5 0.2533710554105258
1562 0.2546618013896476
1562.5 0.2516905808088674
1563 0.2508598511205282
1563.5 0.2448351150251475
1564 0.248723659860367
1564.5 0.2510156573811769
1565 0.2463541453713911
1565.5 0.2465464947823864
1566 0.2482793736350034
1566.5 0.2472319250194655
1567 0.2447896839581613
1567.5 0.2414150980081883
1568 0.2427188344620974
1568.5 0.2443850463228993
1569 0.2423620676948251
1569.5 0.2403574309446164
1570 0.2398566743361014
1570.5 0.2389142774930009
1571 0.2338376642083913
1571.5 0.2375534705493689
1572 0.2364565529307188
1572.5 0.2342897273767574
1573 0.2374312468589069
1573.5 0.2312386249342174
1574 0.2307458146413656
1574.5 0.2304735761047764
1575 0.2345358785841966
1575.5 0.2308245431467854
1576 0.230787891074675
1576.5 0.2309706737354066
1577 0.2275817934803134
1577.5 0.2302552761849696
1578 0.2277314769403058
1578.5 0.2253046339764529
1579 0.2296305217833073
1579.5 0.2248008363550777
1580 0.2234570301837539
1580.5 0.2225671246479115
1581 0.2247017526141593
1581.5 0.2204167557712444
1582 0.220900054314759
1582.5 0.2223937911295528
1583 0.2190975977864836
1583.5 0.2167376607870351
1584 0.2202649489096371
1584.5 0.216200402247886
1585 0.2193823561825254
1585.5 0.2177873422037775
1586 0.2141035915183551
1586.5 0.2162128152911874
1587 0.2171592998557921
1587.5 0.2120916031755999
1588 0.2123288103613944
1588.5 0.2138470300379349
1589 0.2122313571393068
1589.5 0.2108952088035219
1590 0.2117487591574402
1590.5 0.2100449294153311
1591 0.2112979854491408
1591.5 0.2098118135872326
1592 0.2073745154219191
1592.5 0.2105007494655678
1593 0.206791871194118
1593.5 0.2026120266778979
1594 0.2086635873796287
1594.5 0.2098657593753189
1595 0.2049261031615137
1595.5 0.2043079928915171
1596 0.2041035342342657
1596.5 0.2024014930324348
1597 0.2009764766517868
1597.5 0.2025603168604682
1598 0.2016403191106362
1598.5 0.2018495950092796
1599 0.1985238398393674
1599.5 0.1960396540137637
1600 0.1965866904738018
1600.5 0.1946389981850416
1601 0.1977241927930757
1601.5 0.1993929783633072
1602 0.1936219838392679
1602.5 0.1952760003934389
1603 0.1935017643643545
1603.5 0.1897449861720921
1604 0.1904140451588696
1604.5 0.193896716769863
1605 0.1901617208034765
1605.5 0.1912220927009693
1606 0.1891547081468171
1606.5 0.1896558362162238
1607 0.1892964826174404
1607.5 0.1888621633250089
1608 0.185806892958498
1608.5 0.1848030637866341
1609 0.1849741208681209
1609.5 0.1826636989700896
1610 0.1831814546629317
1610.5 0.1859213581016696
1611 0.1823987503258305
1611.5 0.1803355224708459
1612 0.1825023247562819
1612.5 0.1811456681945587
1613 0.1805692322566786
1613.5 0.1781978805300545
1614 0.1792987660906855
1614.5 0.1775886381808387
1615 0.1751338177595624
1615.5 0.173965661032775
1616 0.173887859735935
1616.5 0.1729454685916632
1617 0.1743134909092765
1617.5 0.1733272669465135
1618 0.1742617716082044
1618.5 0.1734254412266106
1619 0.1730656882634557
1619.5 0.1714884310351063
1620 0.1697646531639747
1620.5 0.1699862633011448
1621 0.1733653250851111
1621.5 0.1691692060791926
1622 0.1671104176709704
1622.5 0.1673033929615944
1623 0.1648045668964541
1623.5 0.1656341809537067
1624 0.1674375905893579
1624.5 0.1636884855454758
1625 0.1629386703914512
1625.5 0.1638852126316074
1626 0.1620752802141754
1626.5 0.1624468507654837
1627 0.162008553471218
1627.5 0.1603500855969448
1628 0.1602075117729669
1628.5 0.1585227469446043
1629 0.1575740149300239
1629.5 0.1573746327011791
1630 0.1610022188243779
1630.5 0.157079083105905
1631 0.1548008457958084
1631.5 0.1532278486075263
1632 0.1518907653792013
1632.5 0.1529817163149711
1633 0.1519677409213039
1633.5 0.1526776751898871
1634 0.1521319554742352
1634.5 0.15266588875584
1635 0.1475013507732359
1635.5 0.1496685110211614
1636 0.1473938590994405
1636.5 0.1478856323737098
1637 0.1485948289160125
1637.5 0.1499278311164939
1638 0.1464098247016063
1638.5 0.1446082831060135
1639 0.1464197387444096
1639.5 0.1436493383101993
1640 0.1469798977597534
1640.5 0.1436769102239122
1641 0.1429673317137703
1641.5 0.14243207704647
1642 0.142085276539213
1642.5 0.1402371560149352
1643 0.1400652299484815
1643.5 0.1387685704098156
1644 0.1385544549994352
1644.5 0.1365112060177149
1645 0.137378350576694
1645.5 0.1366474622116211
1646 0.1368376433481548
1646.5 0.1314522016409965
1647 0.1361976221765815
1647.5 0.133014919844252
1648 0.1348992588606081
1648.5 0.1315634728380015
1649 0.1331884909039158
1649.5 0.1329789028500338
1650 0.1309809687376488
1650.5 0.1290283306665324
1651 0.1311653387861861
1651.5 0.1295148401564901
1652 0.125739492313743
1652.5 0.1281313178348197
1653 0.1257584840159885
1653.5 0.1276771727811807
1654 0.1269022568973223
1654.5 0.1251605547177237
1655 0.1241889368759118
1655.5 0.1233321793407993
1656 0.1208712566313735
1656.5 0.123992519723741
1657 0.1233501828210588
1657.5 0.1212339398527561
1658 0.1194319856912814
1658.5 0.1207337289780297
1659 0.1194295861798677
1659.5 0.1196263895840718
1660 0.1175186470441645
1660.5 0.1180977827256164
1661 0.1167982778596245
1661.5 0.1178710001711993
1662 0.1181526578678503
1662.5 0.1152204671964406
1663 0.1165597701886348
1663.5 0.113702405028304
1664 0.1137466353053264
1664.5 0.1124691146187266
1665 0.113694355461947
1665.5 0.1135980142751224
1666 0.1136000138712948
1666.5 0.1117364436658547
1667 0.1082629891117864
1667.5 0.110663807159696
1668 0.1103594472059104
1668.5 0.1102093558336885
1669 0.1091504203419549
1669.5 0.1071423447986517
1670 0.1055417243512556
1670.5 0.1064976031122426
1671 0.1058618796504976
1671.5 0.1035537523594945
1672 0.1054705322180058
1672.5 0.1058252663268646
1673 0.1051774697464292
1673.5 0.104975534620469
1674 0.1054410825939791
1674.5 0.1032108210921471
1675 0.1036629446705927
1675.5 0.1047944530822704
1676 0.1044129694496077
1676.5 0.1004838044184039
1677 0.1000360505580694
1677.5 0.1031880746608838
1678 0.09948796653056353
1678.5 0.1008666932795169
1679 0.1009033569092628
1679.5 0.09846790364084015
1680 0.09882336489348133
1680.5 0.09944047047990237
1681 0.09605896293124334
1681.5 0.09669072108754059
1682 0.09767971407900554
1682.5 0.09569510406370695
1683 0.09628464293496204
1683.5 0.09551272785008375
1684 0.09448071596363419
1684.5 0.095111061097404
1685 0.09475277591490279
1685.5 0.09195412451332782
1686 0.09350297071128297
1686.5 0.09216011664224916
1687 0.09233818847891505
1687.5 0.09329577788820215
1688 0.09067024963812305
1688.5 0.09057556828928487
1689 0.09052194948430937
1689.5 0.08964953641602093
1690 0.08870994333847404
1690.5 0.08940719280807026
1691 0.09047142763846537
1691.5 0.09150715847673514
1692 0.08801049676418496
1692.5 0.08752333529995561
1693 0.0870367338986827
1693.5 0.08936236684002387
1694 0.08755845327698165
1694.5 0.08741182014543225
1695 0.08517726784299195
1695.5 0.08637372495628759
1696 0.08601131656060206
1696.5 0.08425521793789709
1697 0.08470607474693008
1697.5 0.0849130432279734
1698 0.08398482323252285
1698.5 0.08363831543900654
1699 0.08393996918522817
1699.5 0.08313530045763236
1700 0.08272246343427997
1700.5 0.08247175400519868
1701 0.08115771200267098
1701.5 0.0823613868899052
1702 0.08207094553781616
1702.5 0.08120292220858634
1703 0.08012099436109278
1703.5 0.08063777474864157
1704 0.0796513326788971
1704.5 0.07850513536312398
1705 0.0798661356718838
1705.5 0.07833274620063384
1706 0.07783175868908132
1706.5 0.07858876503481425
1707 0.07982615433919521
1707.5 0.07733432090753849
1708 0.07505904441793183
1708.5 0.07711036338033514
1709 0.07449107307306735
1709.5 0.0747674223299217
1710 0.07625574753036604
1710.5 0.07475991209433848
1711 0.07417065662400643
1711.5 0.07386135097919866
1712 0.0740973249667187
1712.5 0.07388138065289099
1713 0.07563044783495455
1713.5 0.07408706163372396
1714 0.07367256326518616
1714.5 0.07343081522505773
1715 0.0733482710400781
1715.5 0.0715185500749381
1716 0.07126521291797473
1716.5 0.07019243173656843
1717 0.06991371015199592
1717.5 0.07026918976420318
1718 0.06919882452839121
1718.5 0.07042486552846779
1719 0.06963247340933061
1719.5 0.07013217120865728
1720 0.07074978513270037
1720.5 0.06981378959922271
1721 0.06785298620880362
1721.5 0.06943037665502351
1722 0.06819458850472239
1722.5 0.06773486120080438
1723 0.06773492024894447
1723.5 0.06477115316519175
1724 0.06612288989057437
1724.5 0.06595356203239928
1725 0.06709356203094409
1725.5 0.06514444335935908
1726 0.06517208711880162
1726.5 0.06334393413701972
1727 0.06482235106351507
1727.5 0.06367527985465785
1728 0.0642124604991078
1728.5 0.06394062429225265
1729 0.0623008447860891
1729.5 0.06363228348177566
1730 0.06349138022545416
1730.5 0.06335062916808168
1731 0.06314502597195239
1731.5 0.0613934443957576
1732 0.06111127235687269
1732.5 0.06177683361014953
1733 0.06100185362002249
1733.5 0.06039628098674397
1734 0.0604132789255808
1734.5 0.06014538212607023
1735 0.06135305256939626
1735.5 0.06036062713507245
1736 0.0595115212233284
1736.5 0.05850835985891317
1737 0.05737723183382153
1737.5 0.05984753897939064
1738 0.05749177250560825
1738.5 0.05858004163442802
1739 0.05828873067791474
1739.5 0.0557447803653715
1740 0.05689648279419883
1740.5 0.05724957657308764
1741 0.05812918366518519
1741.5 0.05822425495589734
1742 0.05667605134408464
1742.5 0.05668201967471838
1743 0.05567499970303183
1743.5 0.05582248248919221
1744 0.05311366287261701
1744.5 0.05510568263813218
1745 0.05575213996593795
1745.5 0.05401970217494256
1746 0.05443601171340511
1746.5 0.05481352245646124
1747 0.05346748162923542
1747.5 0.05418952169619459
1748 0.05398003671101521
1748.5 0.05278965679465344
1749 0.05278494755822409
1749.5 0.05260205246910199
1750 0.05177063481275668
1750.5 0.0511181374486071
1751 0.05279148934798784
1751.5 0.05158041289043967
1752 0.05285815261986468
1752.5 0.0509127426992206
1753 0.05097243953936636
1753.5 0.05038592420673258
1754 0.05007863563690858
1754.5 0.04987292825297208
1755 0.05081838619049168
1755.5 0.05030910403565667
1756 0.04915609627621771
1756.5 0.04844630616309107
1757 0.04998348094093696
1757.5 0.04860559025020837
1758 0.04928380089984444
1758.5 0.04814720888025643
1759 0.04747773936260974
1759.5 0.04854548669186941
1760 0.04699622135765167
1760.5 0.0453858640714523
1761 0.04666650588298836
1761.5 0.04723007928986812
1762 0.04668883532233575
1762.5 0.04590993269128518
1763 0.04572096451395116
1763.5 0.04499358294957033
1764 0.04554395184667719
1764.5 0.04578089329899573
1765 0.04567993016099818
1765.5 0.0445167704189398
1766 0.04436666016528987
1766.5 0.0444663835860564
1767 0.04449112816400717
1767.5 0.04325642597679827
1768 0.04295779098195418
1768.5 0.04365591271886324
1769 0.04317065137221066
1769.5 0.04220072266895261
1770 0.0436938590048746
1770.5 0.04271228920219308
1771 0.04332160441804025
1771.5 0.04229168596576469
1772 0.04198248077287217
1772.5 0.04215718540676423
1773 0.04212101926129003
1773.5 0.04194865006604238
1774 0.04058816004285992
1774.5 0.04117148092789807
1775 0.04086391079512557
1775.5 0.04022303326316744
1776 0.04063265058721991
1776.5 0.04005432856206945
1777 0.04040188491422076
1777.5 0.04037915849930584
1778 0.03940761255345508
1778.5 0.03857262479805053
1779 0.04055726881130126
1779.5 0.03957493905386357
1780 0.03815108990601531
1780.5 0.03832627374585497
1781 0.03864862809865097
1781.5 0.03873740459629435
1782 0.0385561942928723
1782.5 0.03810545147848163
1783 0.03782675805277388
1783.5 0.03615224772970902
1784 0.03897162702152719
1784.5 0.03712707790436222
1785 0.03771758745156473
1785.5 0.03615683726718334
1786 0.03616102038147125
1786.5 0.03562814674379843
1787 0.03701107077411041
1787.5 0.03686844870262139
1788 0.03589739154593822
1788.5 0.03580425321885534
1789 0.0351756669067298
1789.5 0.0345477774333916
1790 0.03494184881776777
1790.5 0.03532332356906613
1791 0.03621442932734022
1791.5 0.03376670464804655
1792 0.03403900326548284
1792.5 0.03311071430225965
1793 0.03453420473450965
1793.5 0.03384887419133289
1794 0.03404787667647672
1794.5 0.03225064451407382
1795 0.03289764535159557
1795.5 0.03144138378629543
1796 0.03306632710392226
1796.5 0.03277031147906678
1797 0.03172669055657375
1797.5 0.03252889612955257
1798 0.03360735379523687
1798.5 0.03242047322512873
1799 0.03189691828028511
1799.5 0.03143408956312458
1800 0.03147674461890893
1800.5 0.03184379365114585
1801 0.03092537583005595
1801.5 0.03070415753981644
1802 0.03032722510303622
1802.5 0.03047826058724593
1803 0.03065309034276536
1803.5 0.03003726716264737
1804 0.02954182134745204
1804.5 0.03032699428126374
1805 0.03076454895661399
1805.5 0.02937325472558715
1806 0.03028858158205627
1806.5 0.02926912318895958
1807 0.0293602998808005
1807.5 0.02874787692778746
1808 0.02892265136088343
1808.5 0.02844215342193619
1809 0.02811693248441172
1809.5 0.02877954158298912
1810 0.02851393843113283
1810.5 0.02871210609704501
1811 0.02680771741908453
1811.5 0.02756453795816269
1812 0.02734763164090923
1812.5 0.02760527793044214
1813 0.02776782469700097
1813.5 0.02738532430938381
1814 0.02818707483099223
1814.5 0.02807688813296328
1815 0.02661873512626439
1815.5 0.02640315594375638
1816 0.02629412057535433
1816.5 0.02513448757389918
1817 0.02692594559563878
1817.5 0.02573185442008279
1818 0.02481015747823346
1818.5 0.0247965161547919
1819 0.02453564588517343
1819.5 0.02551058022421857
1820 0.02432052451023073
1820.5 0.02548256201631094
1821 0.02519837782239393
1821.5 0.02489101968455333
1822 0.02478348335621535
1822.5 0.02371435166202356
1823 0.02405299702819198
1823.5 0.02311429908283762
1824 0.0235699838742241
1824.5 0.02501987548088638
1825 0.02421083602658998
1825.5 0.02391702366767072
1826 0.02465165535442218
1826.5 0.02393754933840268
1827 0.02282742550809197
1827.5 0.02318818663870096
1828 0.02310555718265619
1828.5 0.02378035063344422
1829 0.02182264330447542
1829.5 0.02362633669657849
1830 0.02213613462164151
1830.5 0.02239143849261063
1831 0.02290208984984836
1831.5 0.02206505089091944
1832 0.02179765767042149
1832.5 0.02011529031843831
1833 0.02231880729438333
1833.5 0.0210319712421224
1834 0.02229447499061063
1834.5 0.02144890697299967
1835 0.02062739497124038
1835.5 0.02129835328903322
1836 0.02091695199216187
1836.5 0.02099796425170201
1837 0.02066331026831587
1837.5 0.02064052899207668
1838 0.020998298745183
1838.5 0.01977676229447943
1839 0.02132102791482033
1839.5 0.01982434017131037
1840 0.01979055526370074
1840.5 0.02022829946345439
1841 0.01896450649348047
1841.5 0.01931031888042714
1842 0.01926539346717268
1842.5 0.01971393611856706
1843 0.0189577748724668
1843.5 0.01955500455449741
1844 0.0190174127790886
1844.5 0.01840025052617667
1845 0.02002675045024062
1845.5 0.01825450103146438
1846 0.01869044071819144
1846.5 0.01800622893977923
1847 0.01714004981708175
1847.5 0.01806663203055273
1848 0.01789716278658666
1848.5 0.01835490515422622
1849 0.01792338686219796
1849.5 0.01761760306655735
1850 0.01673166098733658
1850.5 0.01726866526288063
1851 0.01740714438733633
1851.5 0.01679547070574886
1852 0.01710441344418781
1852.5 0.01707247877424294
1853 0.0173355527600774
1853.5 0.01745093165280106
1854 0.01719219386097324
1854.5 0.01716027076009165
1855 0.01606422380486855
1855.5 0.01653078498416578
1856 0.01596775761084224
1856.5 0.01590264517014154
1857 0.01613130781644917
1857.5 0.0156597200796827
1858 0.01604624266060572
1858.5 0.0150676840756217
1859 0.01616424968580959
1859.5 0.01525427169768611
1860 0.01566269244159027
1860.5 0.01537292573380357
1861 0.01472353451575308
1861.5 0.01563746056096349
1862 0.0148762617183197
1862.5 0.01473351775150798
1863 0.01493886230104496
1863.5 0.01425778084291688
1864 0.01455285006489601
1864.5 0.01452263440928135
1865 0.0147500428224524
1865.5 0.01451826261183727
1866 0.01355952635359024
1866.5 0.01452507357852928
1867 0.01400321038055555
1867.5 0.01370529917455502
1868 0.01403287679999172
1868.5 0.0133001098977926
1869 0.01321493179773451
1869.5 0.01281775835544728
1870 0.01384691716129236
1870.5 0.01307127195046733
1871 0.01340925502136213
1871.5 0.01292384211067828
1872 0.013250423073017
1872.5 0.01284338081382315
1873 0.01313633963293057
1873.5 0.01304054224086069
1874 0.01183560396907486
1874.5 0.01292685386972581
1875 0.0117121768555047
1875.5 0.01251438422946762
1876 0.01219778867291427
1876.5 0.0129656905655031
1877 0.01189731347182497
1877.5 0.01220040817286475
1878 0.01177419454334541
1878.5 0.01185624216006739
1879 0.01176166547315692
1879.5 0.01186568431268788
1880 0.01144054815544085
1880.5 0.01088367206367906
1881 0.01172565724711954
1881.5 0.01133428054060601
1882 0.0113942487323887
1882.5 0.01048681444108969
1883 0.01064604543974992
1883.5 0.01182632018033283
1884 0.01105179580288037
1884.5 0.01059619693696258
1885 0.01143475273421263
1885.5 0.01111092100733418
1886 0.01074362420690365
1886.5 0.01003739222378691
1887 0.01056813870238758
1887.5 0.0101251681555586
1888 0.01015259150728994
1888.5 0.01024552078115036
1889 0.01002175874822074
1889.5 0.01013647841657541
1890 0.009509508152243957
1890.5 0.009613474977301818
1891 0.009488559293204706
1891.5 0.009472655426084664
1892 0.009173825796701047
1892.5 0.009614919824550759
1893 0.009142394266905725
1893.5 0.009626497036438204
1894 0.009882040318707149
1894.5 0.009127922730959415
1895 0.008754277006149483
1895.5 0.008977345460541327
1896 0.009319378780553052
1896.5 0.008805419072967809
1897 0.009179655202928289
1897.5 0.008244353036497381
1898 0.00834814651604327
1898.5 0.00812759053940337
1899 0.009009097761479054
1899.5 0.008831610077785249
1900 0.008589562504835571
1900.5 0.008132063785987244
1901 0.008203243470912979
1901.5 0.008123512720557472
1902 0.007602367406900019
1902.5 0.007845910973205448
1903 0.008089197565988894
1903.5 0.007547385416182423
1904 0.007425220204912918
1904.5 0.00760390149569597
1905 0.007879003227559253
1905.5 0.007638837402836408
1906 0.00759193783976049
1906.5 0.007416476991473079
1907 0.007391164754609831
1907.5 0.007237403417928758
1908 0.007372718625153437
1908.5 0.007005225984153456
1909 0.007664299675086159
1909.5 0.007254301930661889
1910 0.006887445235271636
1910.5 0.006745096583186282
1911 0.007082912614987568
1911.5 0.007121853507802397
1912 0.007395182108056007
1912.5 0.006592542524723413
1913 0.007004241827307804
1913.5 0.006500540308628657
1914 0.006550312562137936
1914.5 0.006674428435934967
1915 0.005895499474673406
1915.5 0.00626401627603
1916 0.006472976107901063
1916.5 0.006172633847572565
1917 0.006328419846651777
1917.5 0.006081438590367043
1918 0.006406537129541202
1918.5 0.005916343477216562
1919 0.005447816341276915
1919.5 0.005920753393763393
1920 0.005885968265620167
1920.5 0.006062453882103306
1921 0.005858729297357321
1921.5 0.00634101634850644
1922 0.005979177837116648
1922.5 0.005312060565373104
1923 0.005783343055231769
1923.5 0.005348654059562388
1924 0.005587912078022308
1924.5 0.005763813317290906
1925 0.005266734631793022
1925.5 0.005505660397651411
1926 0.004589168985593066
1926.5 0.004985638225037164
1927 0.004930598135165622
1927.5 0.004990951593924495
1928 0.004474855278925335
1928.5 0.0049543539786184
1929 0.005318197181042493
1929.5 0.004760877525776327
1930 0.004852533486143899
1930.5 0.00454689393449804
1931 0.004440067382104616
1931.5 0.004677930524972505
1932 0.004372853797126304
1932.5 0.004464470342848175
1933 0.00427450005646109
1933.5 0.004376491769577734
1934 0.004520036777767227
1934.5 0.004070094264981901
1935 0.004806680055061968
1935.5 0.004336255684276123
1936 0.004344409496170393
1936.5 0.004269450647565164
1937 0.004080360055692275
1937.5 0.004233912897556575
1938 0.003899828223463258
1938.5 0.00375268523356139
1939 0.003730027735340226
1939.5 0.003821307412682902
1940 0.003705482318463195
1940.5 0.003889786182507314
1941 0.003815403500991674
1941.5 0.003689424308216353
1942 0.003356990315205185
1942.5 0.003427529546513487
1943 0.003848827164530241
1943.5 0.003671521591307691
1944 0.003370702397713787
1944.5 0.003420482456017432
1945 0.003253966292301784
1945.5 0.003334630502426534
1946 0.003415211390989133
1946.5 0.003084449165696353
1947 0.003052036511438956
1947.5 0.003132637086652596
1948 0.00294624711414286
1948.5 0.003037078863149738
1949 0.002830418031658191
1949.5 0.0034234592775854
1950 0.002960695874398258
1950.5 0.003020614377206902
1951 0.002814383873057077
1951.5 0.002782255254547114
1952 0.002852395581962579
1952.5 0.002738532424724285
1953 0.002931180674427219
1953.5 0.002899056553207836
1954 0.002560883259783689
1954.5 0.002437203145171014
1955 0.002762109845446411
1955.5 0.002781071694974189
1956 0.002514921483675171
1956.5 0.00251363622932862
1957 0.002502180494552069
1957.5 0.002612731373991385
1958 0.002286242646773036
1958.5 0.002579596288123252
1959 0.002263607736310072
1959.5 0.002221870576115604
1960 0.002170035352694619
1960.5 0.002290550780659594
1961 0.00218808274984967
1961.5 0.002470463148077353
1962 0.001983459073714177
1962.5 0.001759928790542812
1963 0.001951110599710301
1963.5 0.001909700102695188
1964 0.001959223320476725
1964.5 0.001806816896290951
1965 0.001997584959158713
1965.5 0.001986485083731275
1966 0.001894767822324007
1966.5 0.001883730994119998
1967 0.001832431912769014
1967.5 0.001690616012963518
1968 0.001810454002756126
1968.5 0.001628580966378318
1969 0.001718184736290104
1969.5 0.001717312450614965
1970 0.001746553826033014
1970.5 0.001665407009147293
1971 0.001484067468810808
1971.5 0.001553471584949329
1972 0.001372372239252917
1972.5 0.001391701050258268
1973 0.001370981438998429
1973.5 0.001490311955500308
1974 0.001379589779272749
1974.5 0.001398875094299732
1975 0.001138507326969741
1975.5 0.001517241448531261
1976 0.001296984094878776
1976.5 0.001445904280313399
1977 0.001255805512124736
1977.5 0.001006128770497888
1978 0.001125099799916074
1978.5 0.001074773190657881
1979 0.0009051383841788438
1979.5 0.001093570664227588
1980 0.001142701081253915
1980.5 0.001022946002930188
1981 0.001131621209736144
1981.5 0.0008830128665168629
1982 0.001080897160933984
1982.5 0.0009713256607617529
1983 0.0009014904750062304
1983.5 0.0008812330476363878
1984 0.0007917203898629159
1984.5 0.0009891518600599093
1985 0.0009095613207769298
1985.5 0.0009091032765586965
1986 0.0008691392487625529
1986.5 0.0008193437251864765
1987 0.0008583979996108989
1987.5 0.0007790727159802195
1988 0.0008772480772711645
1988.5 0.0007881410984471351
1989 0.0006301959186627996
1989.5 0.0007873489968906859
1990 0.0007279318892960339
1990.5 0.0006685743755287264
1991 0.0005797952727261827
1991.5 0.0006777252208072378
1992 0.0005104930736243563
1992.5 0.0005691103867400306
1993 0.0005295955666889215
1993.5 0.0005293299388226593
1994 0.0004604820741727796
1994.5 0.0006561028131939678
1995 0.0005285342531946819
1995.5 0.000518486656210415
1996 0.0004400039936819119
1996.5 0.0005766052085022264
1997 0.0004884038211360986
1997.5 0.0004491065966573709
1998 0.0004586401477217062
1998.5 0.0003803833337283718
1999 0.0003509474498915563
1999.5 0.000428721277395151
2000 0.0003992905610366561
2000.5 0.0003893570639982146
2001 0.000408620632420703
2001.5 0.0003500712863339278
2002 0.0003596157931480638
2002.5 0.0003982942031939786
2003 0.0002815796584475727
2003.5 0.0001843911555186603
2004 0.0002521988442897336
2004.5 0.0002714632777727003
2005 0.0001550445151420821
2005.5 0.0003196198811917439
2006 0.0002032930894297575
2006.5 0.0002515707811682996
2007 0.0002417744712545889
2007.5 0.0002803186987547848
2008 0.0001932269759929556
2008.5 0.000144848087511954
2009 0.0002702485275251127
2009.5 0.0001832916827561141
2010 0.0001542741088052396
2010.5 0.0001831093936746425
2011 0.0001252230823272942
2011.5 0.0001059053231766048
2012 0.0001443445811951219
2012.5 0.0001250364839441785
2013 0.0001442012044160906
2013.5 9.60863974146772e-05
2014 6.722708587196507e-05
2014.5 8.639192367584385e-05
2015 0.0001343207515866836
2015.5 7.671663769567155e-05
2016 5.750894139518233e-05
2016.5 3.83202838290063e-05
2017 2.872596564784583e-05
2017.5 4.785288169225967e-05
2018 6.6960840248841e-05
2018.5 5.736657496532555e-05
2019 4.778180426917908e-05
2019.5 2.865488818986633e-05
2020 6.682831016702313e-05
2020.5 1.908435403557633e-05
2021 5.722473653531002e-05
2021.5 2.859821598976207e-05
2022 2.858407420929349e-05
2022.5 9.523314305289969e-06
2023 2.85558220991248e-05
2023.5 3.805561566493921e-05
2024 1.901840790284522e-05
2024.5 1.900901493699125e-05
