34.2 22
34.4 54
34.6 8
34.8 12
35 4
35.2 4
35.4 20
35.6 125
35.8 47
36 172
36.2 152
36.4 2829
36.6 12808
36.8 30605
37 62083
37.2 57320
37.4 92860
37.6 153103
37.8 109187
38 153306
38.2 154918
38.4 223320
38.6 249227
38.8 321507
39 550641
39.2 810088
39.4 953350
39.6 1084520
39.8 1143328
40 1349404
40.2 1345767
40.4 1385337
40.6 1583956
40.8 1523973
41 1436968
41.2 1419020
41.4 1468438
41.6 1569299
41.8 1586004
42 1611606
42.2 1660347
42.4 1598872
42.6 1659016
42.8 1528412
43 1393346
43.2 1162860
43.4 1039202
43.6 860834
43.8 709902
44 621053
44.2 496015
44.4 438980
44.6 412645
44.8 318004
45 277080
45.2 240852
45.4 191818
45.6 162127
45.8 155334
46 136262
46.2 106983
46.4 92926
46.6 76905
46.8 68482
47 62719
47.2 58018
47.4 55028
47.6 50304
47.8 43569
48 37908
48.2 38642
48.4 37206
48.6 31518
48.8 31832
49 27293
49.2 28704
49.4 23723
49.6 22340
49.8 22840
50 19749
50.2 18921
50.4 18761
50.6 18439
50.8 17925
51 17101
51.2 17390
51.4 15791
51.6 15811
51.8 15334
52 15480
52.2 14682
52.4 14369
52.6 14215
52.8 14106
53 13267
53.2 13873
53.4 13339
53.6 13249
53.8 13014
54 12963
54.2 12794
54.4 12437
54.6 12492
54.8 12232
55 12278
55.2 11984
55.4 12156
55.6 12093
55.8 12156
56 11944
56.2 11913
56.4 11965
56.6 11795
56.8 11770
57 11784
57.2 11791
57.4 11501
57.6 11645
57.8 11782
58 11602
58.2 11845
58.4 11545
58.6 11477
58.8 11586
59 11517
59.2 11487
59.4 11627
59.6 11292
59.8 11499
60 11476
60.2 11483
60.4 11634
60.6 11534
60.8 11504
61 11453
61.2 11352
61.4 11363
61.6 11560
61.8 11452
62 11396
62.2 11248
62.4 11612
62.6 11272
62.8 11597
63 11371
63.2 11219
63.4 11455
63.6 11542
63.8 11478
64 11319
64.2 11520
64.4 11490
64.6 11330
64.8 11523
65 11599
65.2 11542
65.4 11485
65.6 11348
65.8 11259
66 11517
66.2 11487
66.4 11205
66.6 11330
66.8 11362
67 11379
67.2 11535
67.4 11560
67.6 11406
67.8 11448
68 11325
68.2 11358
68.4 11239
68.6 11474
68.8 11311
69 11385
69.2 11354
69.4 11519
69.6 11403
69.8 11251
70 11485
70.2 11524
70.4 11439
70.6 11416
70.8 11282
71 11393
71.2 11581
71.4 11621
71.6 11305
71.8 11522
72 11249
72.2 11374
72.4 11267
72.6 11362
72.8 11572
73 11465
73.2 11307
73.4 11651
73.6 11572
73.8 11378
74 11452
74.2 11260
74.4 11475
74.6 11431
74.8 11568
75 11560
75.2 11458
75.4 11461
75.6 11370
75.8 11398
76 11438
76.2 11376
76.4 11515
76.6 11516
76.8 11458
77 11432
77.2 11497
77.4 11145
77.6 11370
77.8 11501
78 11456
78.2 11197
78.4 11352
78.6 11567
78.8 11596
79 11266
79.2 11399
79.4 11530
79.6 11434
79.8 11568
80 11483
80.2 11231
80.4 11541
80.6 11441
80.8 11343
81 11600
81.2 11625
81.4 11411
81.6 11374
81.8 11429
82 11350
82.2 11321
82.4 11438
82.6 11342
82.8 11417
83 11507
83.2 11546
83.4 11455
83.6 11562
83.8 11366
84 11423
84.2 11482
84.4 11313
84.6 11513
84.8 11473
85 11298
85.2 11445
85.4 11418
85.6 11527
85.8 11355
86 11541
86.2 11558
86.4 11558
86.6 11483
86.8 11520
87 11394
87.2 11663
87.4 11299
87.6 11398
87.8 11501
88 11403
88.2 11352
88.4 11365
88.6 11391
88.8 11506
89 11453
89.2 11451
89.4 11509
89.6 11552
89.8 11448
90 11320
90.2 11588
90.4 11451
90.6 11352
90.8 11305
91 11452
91.2 11486
91.4 11411
91.6 11459
91.8 11455
92 11398
92.2 11593
92.4 11343
92.6 11481
92.8 11467
93 11542
93.2 11567
93.4 11432
93.6 11521
93.8 11449
94 11411
94.2 11578
94.4 11235
94.6 11222
94.8 11313
95 11566
95.2 11377
95.4 11512
95.6 11546
95.8 11285
96 11433
96.2 11496
96.4 11439
96.6 11407
96.8 11454
97 11587
97.2 11538
97.4 11444
97.6 11409
97.8 11430
98 11439
98.2 11357
98.4 11304
98.6 11529
98.8 11446
99 11468
99.2 11350
99.4 11341
99.6 11534
99.8 11333
100 11373
100.2 11364
100.4 11544
100.6 11562
100.8 11525
101 11496
101.2 11508
101.4 11341
101.6 11550
101.8 11522
102 11480
102.2 11403
102.4 11347
102.6 11391
102.8 11168
103 11452
103.2 11533
103.4 11512
103.6 11557
103.8 11567
104 11373
104.2 11338
104.4 11518
104.6 11333
104.8 11381
105 11476
105.2 11269
105.4 11545
105.6 11288
105.8 11407
106 11462
106.2 11424
106.4 11429
106.6 11588
106.8 11482
107 11310
107.2 11511
107.4 11526
107.6 11346
107.8 11472
108 11294
108.2 11340
108.4 11465
108.6 11416
108.8 11435
109 11391
109.2 11213
109.4 11489
109.6 11395
109.8 11438
110 11482
110.2 11277
110.4 11402
110.6 11601
110.8 11549
111 11557
111.2 11353
111.4 11566
111.6 11535
111.8 11219
112 11467
112.2 11529
112.4 11315
112.6 11369
112.8 11487
113 11462
113.2 11436
113.4 11451
113.6 11604
113.8 11293
114 11422
114.2 11303
114.4 11437
114.6 11478
114.8 11343
115 11508
115.2 11404
115.4 11689
115.6 11572
115.8 11677
116 11393
116.2 11428
116.4 11325
116.6 11483
116.8 11540
117 11360
117.2 11340
117.4 11430
117.6 11266
117.8 11584
118 11568
118.2 11418
118.4 11466
118.6 11416
118.8 11481
119 11483
119.2 11425
119.4 11558
119.6 11483
119.8 11427
120 11384
120.2 11421
120.4 11408
120.6 11450
120.8 11326
121 11567
121.2 11509
121.4 11483
121.6 11561
121.8 11644
122 11470
122.2 11324
122.4 11491
122.6 11542
122.8 11582
123 11390
123.2 11489
123.4 11536
123.6 11662
123.8 11568
124 11581
124.2 11553
124.4 11434
124.6 11175
124.8 11335
125 11440
125.2 11385
125.4 11446
125.6 11529
125.8 11717
126 11451
126.2 11390
126.4 11503
126.6 11239
126.8 11510
127 11604
127.2 11368
127.4 11324
127.6 11480
127.8 11469
128 11417
128.2 11583
128.4 11397
128.6 11521
128.8 11475
129 11516
129.2 11424
129.4 11310
129.6 11301
129.8 11490
130 11504
130.2 11467
130.4 11600
130.6 11487
130.8 11620
131 11304
131.2 11327
131.4 11399
131.6 11356
131.8 11357
132 11433
132.2 11562
132.4 11459
132.6 11440
132.8 11510
133 11385
133.2 11338
133.4 11550
133.6 11444
133.8 11491
134 11636
134.2 11630
134.4 11326
134.6 11294
134.8 11538
135 11577
135.2 11293
135.4 11466
135.6 11515
135.8 11653
136 11476
136.2 11495
136.4 11495
136.6 11451
136.8 11467
137 11608
137.2 11474
137.4 11489
137.6 11672
137.8 11487
138 11429
138.2 11421
138.4 11181
138.6 11588
138.8 11489
139 11395
139.2 11607
139.4 11221
139.6 11561
139.8 11407
140 11321
140.2 11489
140.4 11484
140.6 11471
140.8 11417
141 11323
141.2 11372
141.4 11547
141.6 11488
141.8 11556
142 11587
142.2 11489
142.4 11579
142.6 11410
142.8 11550
143 11352
143.2 11443
143.4 11440
143.6 11571
143.8 11361
144 11499
144.2 11603
144.4 11379
144.6 11426
144.8 11252
145 11344
145.2 11372
145.4 11478
145.6 11490
145.8 11368
146 11583
146.2 11391
146.4 11414
146.6 11431
146.8 11456
147 11361
147.2 11291
147.4 11355
147.6 11453
147.8 11243
148 11392
148.2 11571
148.4 11538
148.6 11337
148.8 11327
149 11487
149.2 11533
149.4 11526
149.6 11451
149.8 11407
150 11393
150.2 11629
150.4 11497
150.6 11448
150.8 11333
151 11455
151.2 11234
151.4 11396
151.6 11499
151.8 11466
152 11427
152.2 11506
152.4 11467
152.6 11524
152.8 11372
153 11362
153.2 11430
153.4 11509
153.6 11454
153.8 11514
154 11649
154.2 11481
154.4 11276
154.6 11471
154.8 11469
155 11306
155.2 11382
155.4 11155
155.6 11457
155.8 11390
156 11711
156.2 11665
156.4 11529
156.6 11585
156.8 11355
157 11420
157.2 11560
157.4 11408
157.6 11585
157.8 11482
158 11306
158.2 11519
158.4 11328
158.6 11399
158.8 11624
159 11685
159.2 11340
159.4 11433
159.6 11445
159.8 11479
160 11473
160.2 11457
160.4 11456
160.6 11629
160.8 11327
161 11436
161.2 11415
161.4 11592
161.6 11400
161.8 11415
162 11464
162.2 11516
162.4 11361
162.6 11408
162.8 11455
163 11326
163.2 11543
163.4 11332
163.6 11341
163.8 11367
164 11412
164.2 11461
164.4 11424
164.6 11250
164.8 11650
165 11307
165.2 11453
165.4 11353
165.6 11682
165.8 11488
166 11578
166.2 11545
166.4 11562
166.6 11470
166.8 11414
167 11512
167.2 11419
167.4 11637
167.6 11417
167.8 11531
168 11513
168.2 11539
168.4 11489
168.6 11415
168.8 11406
169 11501
169.2 11502
169.4 11568
169.6 11473
169.8 11535
170 11524
170.2 11626
170.4 11385
170.6 11451
170.8 11399
171 11441
171.2 11435
171.4 11470
171.6 11650
171.8 11434
172 11754
172.2 11411
172.4 11333
172.6 11544
172.8 11375
173 11598
173.2 11485
173.4 11464
173.6 11393
173.8 11681
174 11457
174.2 11355
174.4 11561
174.6 11704
174.8 11623
175 11386
175.2 11611
175.4 11440
175.6 11526
175.8 11504
176 11613
176.2 11508
176.4 11463
176.6 11472
176.8 11561
177 11500
177.2 11651
177.4 11532
177.6 11552
177.8 11314
178 11476
178.2 11573
178.4 11698
178.6 11663
178.8 11477
179 11435
179.2 11406
179.4 11734
179.6 11568
179.8 11636
180 11424
180.2 11387
180.4 11487
180.6 11545
180.8 11445
181 11524
181.2 11402
181.4 11503
181.6 11470
181.8 11531
182 11600
182.2 11537
182.4 11368
182.6 11460
182.8 11505
183 11625
183.2 11507
183.4 11465
183.6 11358
183.8 11494
184 11525
184.2 11350
184.4 11492
184.6 11639
184.8 11592
185 11216
185.2 11496
185.4 11581
185.6 11385
185.8 11482
186 11547
186.2 11465
186.4 11479
186.6 11463
186.8 11507
187 11488
187.2 11640
187.4 11416
187.6 11552
187.8 11532
188 11520
188.2 11394
188.4 11521
188.6 11384
188.8 11363
189 11419
189.2 11670
189.4 11549
189.6 11607
189.8 11566
190 11627
190.2 11580
190.4 11413
190.6 11497
190.8 11518
191 11455
191.2 11461
191.4 11512
191.6 11338
191.8 11537
192 11659
192.2 11481
192.4 11335
192.6 11572
192.8 11528
193 11569
193.2 11300
193.4 11285
193.6 11599
193.8 11533
194 11543
194.2 11706
194.4 11495
194.6 11311
194.8 11504
195 11359
195.2 11641
195.4 11494
195.6 11764
195.8 11454
196 11481
196.2 11712
196.4 11684
196.6 11504
196.8 11439
197 11622
197.2 11726
197.4 11543
197.6 11501
197.8 11430
198 11444
198.2 11723
198.4 11659
198.6 11567
198.8 11505
199 11442
199.2 11426
199.4 11622
199.6 11413
199.8 11704
200 11516
200.2 11406
200.4 11617
200.6 11576
200.8 11484
201 11337
201.2 11544
201.4 11530
201.6 11417
201.8 11497
202 11452
202.2 11507
202.4 11546
202.6 11582
202.8 11500
203 11526
203.2 11356
203.4 11309
203.6 11703
203.8 11530
204 11336
204.2 11482
204.4 11604
204.6 11665
204.8 11638
205 11533
205.2 11650
205.4 11300
205.6 11460
205.8 11483
206 11333
206.2 11577
206.4 11433
206.6 11461
206.8 11560
207 11606
207.2 11576
207.4 11623
207.6 11611
207.8 11653
208 11556
208.2 11751
208.4 11624
208.6 11436
208.8 11523
209 11389
209.2 11383
209.4 11603
209.6 11481
209.8 11613
210 11377
210.2 11668
210.4 11499
210.6 11387
210.8 11675
211 11675
211.2 11289
211.4 11580
211.6 11442
211.8 11381
212 11320
212.2 11363
212.4 11384
212.6 11457
212.8 11506
213 11325
213.2 11503
213.4 11343
213.6 11609
213.8 11607
214 11512
214.2 11422
214.4 11547
214.6 11445
214.8 11363
215 11564
215.2 11494
215.4 11290
215.6 11545
215.8 11505
216 11738
216.2 11461
216.4 11443
216.6 11308
216.8 11446
217 11481
217.2 11617
217.4 11561
217.6 11460
217.8 11507
218 11432
218.2 11461
218.4 11422
218.6 11240
218.8 11706
219 11541
219.2 11354
219.4 11496
219.6 11701
219.8 11425
220 11714
220.2 11499
220.4 11260
220.6 11288
220.8 11603
221 11610
221.2 11614
221.4 11693
221.6 11683
221.8 11874
222 11354
222.2 11472
222.4 11498
222.6 11391
222.8 11633
223 11487
223.2 11456
223.4 11471
223.6 11618
223.8 11369
224 11736
224.2 11616
224.4 11624
224.6 11634
224.8 11553
225 11607
225.2 11521
225.4 11601
225.6 11556
225.8 11680
226 11516
226.2 11540
226.4 11554
226.6 11444
226.8 11504
227 11439
227.2 11364
227.4 11531
227.6 11677
227.8 11524
228 11391
228.2 11499
228.4 11473
228.6 11426
228.8 11675
229 11562
229.2 11569
229.4 11659
229.6 11358
229.8 11520
230 11400
230.2 11580
230.4 11467
230.6 11360
230.8 11620
231 11495
231.2 11469
231.4 11498
231.6 11241
231.8 11436
232 11491
232.2 11405
232.4 11674
232.6 11510
232.8 11514
233 11279
233.2 11573
233.4 11432
233.6 11539
233.8 11411
234 11734
234.2 11567
234.4 11602
234.6 11429
234.8 11459
235 11543
235.2 11547
235.4 11525
235.6 11454
235.8 11628
236 11461
236.2 11425
236.4 11500
236.6 11543
236.8 11454
237 11451
237.2 11565
237.4 11422
237.6 11648
237.8 11493
238 11493
238.2 11464
238.4 11667
238.6 11601
238.8 11655
239 11542
239.2 11658
239.4 11557
239.6 11331
239.8 11458
240 11391
240.2 11571
240.4 11616
240.6 11718
240.8 11487
241 11425
241.2 11432
241.4 11286
241.6 11386
241.8 11529
242 11372
242.2 11750
242.4 11473
242.6 11504
242.8 11537
243 11232
243.2 11460
243.4 11387
243.6 11465
243.8 11423
244 11433
244.2 11533
244.4 11448
244.6 11481
244.8 11538
245 11435
245.2 11248
245.4 11421
245.6 11518
245.8 11417
246 11489
246.2 11422
246.4 11331
246.6 11466
246.8 11557
247 11397
247.2 11300
247.4 11437
247.6 11490
247.8 11316
248 11431
248.2 11501
248.4 11522
248.6 11431
248.8 11319
249 11412
249.2 11320
249.4 11413
249.6 11635
249.8 11528
250 11416
