0.5 0
1 0
1.5 0
2 0
2.5 0
3 0
3.5 0
4 0
4.5 0
5 0
5.5 0
6 0
6.5 0
7 0
7.5 0
8 0
8.5 0
9 0
9.5 0
10 0
10.5 0
11 0
11.5 0
12 0
12.5 0
13 0
13.5 0
14 0
14.5 0
15 0
15.5 0
16 0
16.5 0
17 0
17.5 0
18 0
18.5 0
19 0
19.5 0
20 0
20.5 0
21 0
21.5 0
22 0
22.5 0
23 0
23.5 0
24 0
24.5 0
25 0
25.5 0
26 0
26.5 0
27 0
27.5 0
28 0
28.5 0
29 0
29.5 0
30 0
30.5 0
31 0
31.5 0
32 0
32.5 0
33 0.01444842834362684
33.5 0.1822645578620853
34 0.6533289328529953
34.5 1.163303327054357
35 1.451412446270766
35.5 1.797853393480807
36 3.76361491089891
36.5 5.787071381829778
37 6.953451257893958
37.5 18.1259579130735
38 40.28382916175695
38.5 40.94271780345459
39 43.55132474868019
39.5 71.03520599646254
40 101.5553208378418
40.5 122.7187270222343
41 130.2552374156891
41.5 129.4559884257167
42 129.3087895377784
42.5 119.4807952401558
43 115.8758717654822
43.5 116.437014951689
44 118.4870457122264
44.5 115.4103099213205
45 106.6671597353708
45.5 88.40566358601642
46 72.49246961582125
46.5 60.36135394945493
47 49.0193378562493
47.5 40.06372276493047
48 31.63257629144229
48.5 25.20437340447567
49 19.83666911171036
49.5 16.25929802936141
50 14.28048559193186
50.5 13.77699354770949
51 10.55610173915256
51.5 9.058849971873736
52 7.715877517083571
52.5 6.93595328306384
53 5.965493224105825
53.5 5.964453571783546
54 5.077507714918815
54.5 5.789961095384945
55 5.20663563790937
55.5 4.878270671286487
56 4.144312363867717
56.5 4.307874326718529
57 4.193886460984162
57.5 4.116507455053712
58 3.704398354708095
58.5 4.022951613100571
59 3.923414475343281
59.5 3.488865389725179
60 4.383761522668962
60.5 4.070874537941541
61 3.708415704075746
61.5 4.259888317641263
62 4.310160875369081
62.5 4.309949992664143
63 4.384524651959651
63.5 4.682548492640973
64 4.886249640873696
64.5 5.347840776689003
65 5.634569017603592
65.5 5.409509757626995
66 6.032218833464208
66.5 7.628338893448688
67 8.36313913574876
67.5 9.144478081431686
68 9.874794599684336
68.5 10.36157618638985
69 10.97206547108086
69.5 11.64215634350877
70 12.68701454693761
70.5 12.02334238613032
71 12.48821428353596
71.5 12.31724241611247
72 12.45028093911881
72.5 11.50982761523444
73 11.87235409507017
73.5 10.67159352865789
74 9.838271531830129
74.5 9.632950246958307
75 8.408430476342428
75.5 7.858543329380086
76 7.088079759189313
76.5 6.600504239317297
77 6.836170667727446
77.5 6.714190965893078
78 7.541310152443673
78.5 6.651458753616957
79 6.832247595485998
79.5 6.278549363044295
80 5.664361847835469
80.5 5.722902012245841
81 5.364687570326315
81.5 5.081133051303349
82 4.818114649304825
82.5 4.706720017219882
83 4.48802077022818
83.5 4.432176234018535
84 4.20117540679407
84.5 4.268395869759191
85 4.490547531809588
85.5 4.29181914457399
86 4.352684762285684
86.5 4.094324166355062
87 4.0723436458323
87.5 3.855362476748966
88 3.84621677641204
88.5 3.684353378279354
89 3.603344271898028
89.5 3.411946682788445
90 3.195430466285784
90.5 3.023820853553184
91 3.112286729579928
91.5 2.912983322598457
92 2.693650335247845
92.5 2.530366659401543
93 2.206700492486101
93.5 2.11117035326877
94 1.962340537546742
94.5 2.015630380486977
95 1.717265749497672
95.5 2.196191208298552
96 1.961670453306735
96.5 2.010670114611341
97 2.015078951193816
97.5 1.84053484543591
98 1.946313421267914
98.5 2.072558897144056
99 2.01635844439948
99.5 2.05176949671742
100 2.00927502213497
100.5 1.972195985071795
101 2.12084260278779
101.5 2.099999067294838
102 2.164152090075547
102.5 2.231449310139427
103 2.365564129852424
103.5 2.423548598029909
104 2.442488376919931
104.5 2.357215057413427
105 2.097911795494618
105.5 1.981944927528664
106 2.170543309240382
106.5 1.960159602614491
107 2.083435855950197
107.5 2.185277511153399
108 1.966792308276205
108.5 1.921975723791922
109 1.954707817197662
109.5 2.112740345747379
110 1.923230296820169
110.5 1.952255095211613
111 1.805726368900286
111.5 2.016111418019421
112 1.858919770960035
112.5 1.872269726823642
113 1.855737624724858
113.5 1.821102575490971
114 1.898387404972046
114.5 1.797832918699646
115 1.754869507573476
115.5 1.700786422164075
116 1.637044727459385
116.5 1.597518348574251
117 1.611479474733429
117.5 1.472432072310935
118 1.489360679292179
118.5 1.439842256695286
119 1.483323342446851
119.5 1.423558081850307
120 1.331955457660385
120.5 1.413031962943983
121 1.284238403600882
121.5 1.368550904544576
122 1.284414219057021
122.5 1.289678388234093
123 1.353055346985176
123.5 1.259592995606679
124 1.34462283718779
124.5 1.292225149109522
125 1.254719086649421
125.5 1.191794783586806
126 1.181363785066886
126.5 1.112064666236504
127 1.233071103062123
127.5 1.260198919369778
128 1.201395106276139
128.5 1.189205251000295
129 1.22255270938099
129.5 1.254412458330811
130 1.165644482822158
130.5 1.210315960760096
131 1.283612484860643
131.5 1.159221455042061
132 1.118850169859604
132.5 1.15344071803556
133 1.10119910798618
133.5 1.22804162249422
134 1.220646774528293
134.5 1.164620677229707
135 1.166369891240012
135.5 1.144923200438778
136 1.060808827171465
136.5 1.143409640985273
137 1.135917130465878
137.5 1.110194116438937
138 1.188915829283536
138.5 1.157379951560521
139 1.176756849214478
139.5 1.148931537903362
140 1.116656367678449
140.5 1.088796056019674
141 1.147567565816809
141.5 1.132399292277745
142 1.083081818642084
142.5 1.139807294985257
143 1.074142329640992
143.5 1.075839141445115
144 1.058516693690319
144.5 1.060246607294307
145 1.045463535662062
145.5 1.148288420320681
146 1.076218121773956
146.5 1.074016277556972
147 1.093663583518297
147.5 1.013217268194643
148 1.085399261433654
148.5 1.066686438208501
149 1.036151652520089
149.5 1.096815441901304
150 1.025878867996868
150.5 1.050333650220592
151 1.091004303104137
151.5 1.044054394843088
152 1.03515384646116
152.5 1.015522366580195
153 1.016289451104659
153.5 1.081131639669106
154 1.063507529150533
154.5 1.092229819063871
155 1.071441320737522
155.5 1.045040790592846
156 1.033826726145185
156.5 1.031085883831272
157 1.08261747083823
157.5 1.06877743776521
158 1.03996388676678
158.5 1.006481581673572
159 1.030035606248841
159.5 1.007507291062608
160 1.004293322413537
160.5 1.016980562930835
161 1.021599924332812
161.5 1.03639806707428
162 1.000632940866632
162.5 1.017127224116255
163 1.013857783663326
163.5 1.006489119966276
164 1.027271651794472
164.5 0.9431212569060533
165 1.027572223798741
165.5 0.998394693523146
166 0.9792564403233243
166.5 0.9949515400541259
167 0.9844892475002981
167.5 0.9954448929390816
168 1.007925309910255
168.5 1.016915217550377
169 0.9635292173733642
169.5 0.959496036156987
170 1.008304319703123
170.5 0.977501578760919
171 1.005693327634001
171.5 0.9805792623332885
172 1.045622952425911
172.5 0.9861639567983522
173 0.9951920450577981
173.5 1.015599154210909
174 1.001455615814043
174.5 0.9802231531892081
175 0.946372292400266
175.5 1.007398169020232
176 1.016413070470218
176.5 0.9960152302117953
177 0.9743246392941587
177.5 0.9933139998981462
178 0.9797957894783366
178.5 0.9836970780371628
179 0.9890127546252054
179.5 1.009392466217839
180 0.974654854990208
180.5 0.9876143419218302
181 1.006659547180349
181.5 0.9672088395320453
182 1.015103287715553
182.5 1.030807326951231
183 0.9894746576439276
183.5 1.026144889984969
184 0.9936204997860411
184.5 1.017362650513066
185 0.9916426025307286
185.5 0.9693855042716756
186 0.9814632445970746
186.5 0.9594701862826769
187 0.9781935950567574
187.5 1.018634079263093
188 1.018119965827904
188.5 0.9817286656371821
189 1.006493754242295
189.5 0.9876065720187557
190 1.031231158200886
190.5 1.001978663564193
191 0.996739568416723
191.5 1.022004219171481
192 0.9863839028702927
192.5 0.9931554777524529
193 1.003645418553897
193.5 1.004768764502861
194 0.9954155565959492
194.5 0.9944635119436758
195 1.012956227883792
195.5 0.9843159914628303
196 0.9756141770749519
196.5 1.00570019448764
197 0.979113798240003
197.5 0.9721456357267161
198 1.018614198225693
198.5 0.9887308984216652
199 1.043764226931964
199.5 1.021934910839804
200 0.991263323371207
200.5 1.018028851825829
201 1.005960155892663
201.5 0.9695845634775538
202 0.9913975148668016
202.5 0.9753802988838262
203 0.9938722858488116
203.5 1.002292434578199
204 0.9936044187139303
204.5 1.000415013818698
205 0.9712046158559856
205.5 1.002252425076904
206 0.9959099142294063
206.5 0.9951517765447975
207 0.9859436341985314
207.5 0.9819286969651396
208 0.9833961541381021
208.5 0.9812188598909491
209 1.003185197875366
209.5 0.9858551906648173
210 1.007925309910255
210.5 0.9814819713407944
211 1.002635121148149
211.5 0.9859408082711157
212 1.02155570586507
212.5 0.9871364622786858
213 0.9752244873588022
213.5 1.01450061706454
214 0.9973968156041263
214.5 1.022162185067471
215 1.023540416828391
215.5 0.9920304698846758
216 0.9864313274533434
216.5 0.9865799220688174
217 0.984377691636127
217.5 0.9708766596985795
218 1.000198562966487
218.5 0.9956262326643446
219 0.983867747965278
219.5 1.007475763788206
220 0.9957495603719032
220.5 1.002565403680924
221 1.006732206689157
221.5 0.9890435075804822
222 0.981720046741227
222.5 1.020854844660328
223 1.015332947335895
223.5 0.9959907357557441
224 1.017263113528063
224.5 1.033653496989005
225 0.9777822975742325
225.5 0.9907788411817692
226 0.984551369292936
226.5 0.9814361571250937
227 0.9700943800024842
227.5 0.9816433552931465
228 1.000648718245788
228.5 0.9812066334237382
229 0.9973292092385888
229.5 0.9858186915477294
230 0.9993833127876065
230.5 0.990017805158809
231 1.016697569976028
231.5 0.9770793056000759
232 0.9933353542691057
232.5 1.01904810211955
233 0.9651190313411204
233.5 1.027076296397161
234 0.9968299389889916
234.5 1.001167485022664
235 1.011727223060397
235.5 0.9770792897187804
236 0.9896112404325688
236.5 1.029315724789563
237 1.003407580444069
237.5 0.9796608832058192
238 0.9905488837388524
238.5 0.9875064422446089
239 1.012301848064992
239.5 0.9916210887391154
240 0.9954154404664568
240.5 0.9915528323154572
241 0.9858173529818161
241.5 0.9857862609129453
242 0.9999864724272978
242.5 0.9530570920036343
243 1.018152843898915
243.5 1.008933795707349
244 1.010881561294878
244.5 0.9951703738398323
245 1.020471131177911
245.5 1.016057595753924
246 1.003091377530517
246.5 1.013527325876585
247 0.972290252546515
247.5 1.001243976594799
248 1.01742104708825
248.5 0.9710344788202037
249 1.016117340344565
249.5 1.018115033142717
250 0.9835849661996968
250.5 1.004987686464488
251 1.026461978319735
251.5 0.9795987475533842
252 0.9977667706510803
252.5 0.9923383977669474
253 0.9935820912749668
253.5 0.9779139048825909
254 1.011625580597644
254.5 0.9972087401822682
255 0.9884624780386984
255.5 0.9532639448203569
256 0.9901185887855307
256.5 0.9984589840965347
257 1.001486152885665
257.5 0.9990244500743529
258 0.9932649815968526
258.5 0.9858942965557093
259 0.9940538516091953
259.5 0.9918624713905859
260 0.99293917007175
260.5 0.9752193307404222
261 1.006363862792316
261.5 0.9762884098158147
262 1.012678563948986
262.5 0.991470260248994
263 0.9817895996784801
263.5 1.007073804231256
264 0.9998763927175516
264.5 0.9875533635904175
265 0.9880873283871056
265.5 0.9935209552115234
266 0.9989067837386749
266.5 1.01111300697712
267 1.027855829610996
267.5 0.9905940402169541
268 1.001578796328671
268.5 0.9869393526238948
269 0.9904494370390804
269.5 0.9614312784692103
270 0.9870113827980339
270.5 0.982935839757883
271 0.9818830515738995
271.5 0.9921445240233799
272 0.9995592397164967
272.5 0.9859355526743329
273 1.006605828696045
273.5 0.9955666301557803
274 0.9982238546880028
274.5 0.9910407777098407
275 1.011574923936678
275.5 0.9757745351359021
276 0.9881468601967406
276.5 0.9956898521563751
277 1.011374543071667
277.5 0.9942477523133005
278 0.9804949802451427
278.5 0.9812375886601538
279 1.002384147864668
279.5 1.010684303025655
280 1.00085645320137
280.5 1.005490625768246
281 0.9835829671510082
281.5 0.9818790318978406
282 1.001945198844193
282.5 1.012399755958794
283 0.9675687915454364
283.5 1.008206726836435
284 0.9949058492569572
284.5 0.9933558342398403
285 0.9970408136113387
285.5 0.983513784896232
286 1.009701484291828
286.5 0.9795353997037268
287 0.9961827277408157
287.5 0.9896750177490981
288 0.9978132273854974
288.5 0.982258952154066
289 0.9847030945855265
289.5 1.025047509409704
290 0.990458832819427
290.5 0.9956288482325796
291 0.989794889166386
291.5 0.9641818404661943
292 0.9710321942343204
292.5 0.9940138728598211
293 0.9904409494740402
293.5 0.9974805901165901
294 0.9767974016576532
294.5 0.9976118738927513
295 1.011770848111567
295.5 0.9791588460338028
296 0.9799840783658919
296.5 0.9546674255153542
297 1.007465719565487
297.5 0.9967932861242841
298 0.978567985100624
298.5 0.9793539572075749
299 0.983825147661792
299.5 0.9821216894301604
300 0.9767527667857026
300.5 1.005391822835813
301 0.9727048238898043
301.5 0.9765780013845065
302 0.9671363256169819
302.5 0.9919693858240655
303 0.9991525150911368
303.5 0.9821977661028302
304 0.9931007214486757
304.5 0.962520784621925
305 0.9911660673151138
305.5 1.007311909435607
306 1.009399922748957
306.5 0.9841681759532886
307 0.9969916850067793
307.5 0.9910896414012251
308 1.023700634734419
308.5 0.9681423530296239
309 0.9851161524387178
309.5 1.022343324228601
310 0.9547026805043537
310.5 0.9831284009785978
311 0.9959121606490358
311.5 1.005041414721058
312 0.9756376045985513
312.5 1.001358474931127
313 0.9792103790839976
313.5 0.9970616257518892
314 1.004740506544443
314.5 0.9959806302879481
315 0.9774397813627231
315.5 0.9857252184446322
316 1.001044026155963
316.5 1.002124634461315
317 0.9638924419387846
317.5 0.9931685352891504
318 0.9856911730493063
318.5 0.9892683841050949
319 1.00070398829914
319.5 0.9795403219796409
320 1.008749336236975
320.5 0.9856914097274784
321 0.9922431978865716
321.5 1.000271743905183
322 0.9904905980570801
322.5 1.005273039917919
323 0.996281378214886
323.5 0.9795223237661471
324 1.008876621475928
324.5 0.9890345588718125
325 0.9889729995471316
325.5 0.994995931803885
326 0.9937227575858998
326.5 0.9833015988113628
327 0.9964830877794767
327.5 0.9751053927849934
328 0.9759373195365193
328.5 0.9856538811078182
329 0.9877479871573108
329.5 0.9872162367851235
330 0.9949187757421447
330.5 1.015966631973987
331 0.9906396139129259
331.5 0.991089825379889
332 1.013944387116118
332.5 0.9747480052468294
333 0.9960866815715865
333.5 0.9921118810627205
334 0.9864638677674908
334.5 0.9950480849484149
335 0.9849296299854996
335.5 0.992200483147079
336 0.980748120276336
336.5 0.9896470180213238
337 1.009156736326559
337.5 1.003682443197623
338 0.9996133590188505
338.5 0.9832051946794638
339 0.9772949066907211
339.5 0.9801518753202877
340 0.9929238677422085
340.5 0.9995096854080786
341 0.9854850495730582
341.5 0.9951487004131911
342 1.002733823459583
342.5 1.005173487906868
343 1.007193456714675
343.5 1.000129572040301
344 0.9864543087548108
344.5 0.9823997508819994
345 0.9975326029491108
345.5 0.9913521970873199
346 0.992169142649408
346.5 0.9886525480664029
347 0.994952645414547
347.5 0.9874007920661383
348 1.011199929667968
348.5 1.00156374774668
349 0.9937871267111991
349.5 0.9882406684616718
350 0.9987772727611928
350.5 0.981969292048077
351 0.9846652995874734
351.5 0.9974026281783931
352 1.00104750556181
352.5 0.9941575679147879
353 0.9958889605325089
353.5 0.9909332116624808
354 1.01349851654413
354.5 0.980217162390902
355 0.9875708571134159
355.5 1.000979830854311
356 0.9697395985320942
356.5 0.9791539840490038
357 0.9804872231138489
357.5 0.9955975953933185
358 0.9787003078292127
358.5 1.024452530867163
359 0.9969398741092006
359.5 1.012552150150325
360 0.9888594661055362
360.5 0.984181219963936
361 0.9941340454015096
361.5 0.9834394234259076
362 0.9863678649912407
362.5 0.9932277770441582
363 1.007091278100404
363.5 0.9969396694531961
364 0.9855337137051214
364.5 0.9943192622495901
365 0.991596965751894
365.5 0.9965415721776084
366 0.9988713780394065
366.5 0.9909936992875975
367 1.014229273093067
367.5 0.9858408781605144
368 0.9781677955681336
368.5 0.9852482743174263
369 1.008464771811396
369.5 0.9838409252603849
370 0.997734055698801
370.5 0.9905726333636289
371 0.979445165165061
371.5 1.003488075729344
372 1.003066351232089
372.5 0.9710059207145849
373 0.992832244858041
373.5 0.991416519217308
374 0.9984413925625321
374.5 0.9963380451614723
375 1.005990664175579
375.5 0.9936049737722493
376 0.9930787554746814
376.5 0.9894438577715183
377 0.9724294766527973
377.5 0.9750445541518163
378 0.9842495815555398
378.5 0.9955991770071345
379 0.9958220215419817
379.5 0.9904684413105557
380 0.9999586156814807
380.5 0.9971149754712635
381 0.987670876503346
381.5 0.9943809801772078
382 0.986711790413396
382.5 0.991231732363137
383 0.9826386074548636
383.5 0.9840363849209911
384 0.9988684243583741
384.5 0.9836073471514656
385 0.9809480301315111
385.5 0.9826401294990867
386 0.9921347545574346
386.5 0.9959945344006957
387 0.9885899282697532
387.5 0.9977764553606536
388 1.003358813872439
388.5 0.9933762416217318
389 0.9910321761120007
389.5 1.00124614884484
390 0.9667152726280673
390.5 0.9963310587379864
391 0.9778321031878242
391.5 0.9948407104093374
392 1.000598419225066
392.5 1.005608643195586
393 0.9928640696390336
393.5 0.9812987512657976
394 1.007189835725767
394.5 0.9970558162938082
395 0.9952391368243736
395.5 1.002582156036136
396 0.9830951452142767
396.5 0.9911260339501153
397 0.9887308984216652
397.5 0.9933153036695771
398 0.968471756051261
398.5 1.004486544557355
399 1.008493600600518
399.5 1.009914227877785
400 0.9805443052911017
400.5 1.013411454747806
401 0.9881846765272053
401.5 0.998608994897967
402 0.9825929048847035
402.5 0.9986063383947685
403 0.9893482776011971
403.5 0.9868978803310735
404 0.9820465270272373
404.5 0.9701961755075489
405 1.005501208979176
405.5 0.996803226915399
406 0.9733495676911575
406.5 0.9908575202732804
407 0.9873796301592473
407.5 0.9956651953957218
408 1.012508612372871
408.5 0.9697698156821526
409 0.9892219537731526
409.5 0.9874645545485812
410 0.9825303443176832
410.5 1.011138202278996
411 0.9881873585168097
411.5 1.005672252153898
412 0.9655061119334974
412.5 0.9949765694555193
413 0.9929378682543752
413.5 0.9832681843375553
414 0.9796093594536804
414.5 1.008934023914356
415 0.9885979186694991
415.5 0.9954251382741952
416 0.9953976604570953
416.5 1.001081692613982
417 0.9914436598879685
417.5 0.9986388121577809
418 0.9816626429119711
418.5 1.003394819520107
419 0.9814636539064012
419.5 0.9870829065588574
420 0.9832177602779412
420.5 0.9750969185527404
421 0.9884063195467081
421.5 0.9801290021123904
422 0.9881451528834065
422.5 0.9865128874412983
423 0.9942068121934743
423.5 0.9800172286995443
424 0.9834836760457328
424.5 0.9769770746623249
425 0.9963701778630081
425.5 0.9753451354321286
426 0.9971601021615918
426.5 0.9907580186169503
427 0.991200585879832
427.5 0.978896362563817
428 1.002808114207559
428.5 0.9763036951266945
429 1.003695554758457
429.5 0.9880540455307694
430 1.001415332992726
430.5 0.9880536559452531
431 0.9863554321898096
431.5 0.9992819376903653
432 0.9914056392755439
432.5 0.9891146969115391
433 0.9902724634579827
433.5 0.9886592386425949
434 1.007516916057648
434.5 0.9941981832399435
435 0.9939096191655636
435.5 0.9825859914968315
436 1.003261070979542
436.5 0.9789974270335611
437 0.983020240145506
437.5 0.9896526408865846
438 1.005356023220939
438.5 0.9998732681701797
439 0.9953925860701629
439.5 1.006080776951548
440 0.9990004567492192
440.5 0.9942201369777474
441 0.9978729574726047
441.5 1.001264526419454
442 0.9936849572904656
442.5 0.991199540263377
443 0.9880012276195106
443.5 0.9942541853912371
444 0.9810815296376555
444.5 0.9897856329087525
445 0.9844638484854812
445.5 0.9999343028705923
446 0.9958742448550106
446.5 1.00122173471826
447 0.9846511827869879
447.5 1.00288054022134
448 0.9913925195496206
448.5 1.004592834141951
449 1.010083325130754
449.5 0.982061355516114
450 0.9934777858220071
450.5 0.9811950841565809
451 0.9837394224944221
451.5 0.9978478417145662
452 0.994794276999128
452.5 0.9868337331977126
453 0.980362711328238
453.5 0.9856996935443667
454 0.9948276644784683
454.5 0.9831188498022719
455 0.9932716793377309
455.5 1.011491968330982
456 0.9875579568833773
456.5 0.9918891150251317
457 0.9897952050000822
457.5 0.9928950638678821
458 0.9995795007756795
458.5 0.9849012646228104
459 0.9824579460083621
459.5 0.990828438664458
460 0.9816858999569926
460.5 0.9835619391567959
461 0.9746181862930423
461.5 1.0000633377527
462 0.9908230886055533
462.5 0.992506899282123
463 0.9962362841729139
463.5 0.9804654052040528
464 0.9840538953232422
464.5 0.9919272517406865
465 0.9817179338542454
465.5 0.9956573913624012
466 1.005622149848604
466.5 0.9904534239886124
467 0.9881172348591959
467.5 0.9870846279170707
468 0.9920167647376034
468.5 0.9903305739072161
469 1.004243378267589
469.5 1.002533834434767
470 0.9941338251375639
470.5 0.9887524742075424
471 0.9938178722081555
471.5 0.9905080211936315
472 0.986009315421003
472.5 0.9974551319941323
473 1.001676951911571
473.5 0.9678415885099151
474 1.009360235688189
474.5 0.9809578672472478
475 0.9922832223188782
475.5 0.9952775759590281
476 0.9833267101613959
476.5 0.9953317062049331
477 0.9929003849963651
477.5 0.9877857330898813
478 0.9777320842739292
478.5 0.9998106253099978
479 0.9935412402249171
479.5 0.9779203731821607
480 0.9995812158416251
480.5 0.9905507708275483
481 0.9913488090989314
481.5 0.9890874023459453
482 0.9829051417851812
482.5 0.9847214645340252
483 0.9973869202504539
483.5 0.9890656558293409
484 1.006904702321173
484.5 0.9892098482655693
485 0.9883084316643528
485.5 0.9962867614292499
486 0.9942378431818439
486.5 0.9866775033424916
487 0.98518325001671
487.5 1.001899777553296
488 1.001235240513894
488.5 0.9882413836836806
489 0.9851686615399345
489.5 0.9938607079041185
490 1.012017446620889
490.5 0.9771904113408768
491 0.9800308875797094
491.5 0.9831183209535378
492 0.9924312566184509
492.5 1.003974774682271
493 1.002004084690711
493.5 0.9986179797230351
494 0.9959527540507968
494.5 0.9914945959684918
495 0.9957214662056796
495.5 1.001595493196143
496 1.000088817784697
496.5 0.9920119119509482
497 1.008234960034518
497.5 0.985675787656192
498 0.9922624377490633
498.5 0.9897030894703078
499 0.9949243543217525
499.5 0.9799424466565926
500 0.9898787015861807
500.5 0.9984542700411213
501 0.987560879027042
501.5 0.9781478373222811
502 0.9858780193229082
502.5 0.9944478902294084
503 0.9873723536633495
503.5 0.9927360266299682
504 0.9961562705246259
504.5 0.987629830381532
505 0.9874026186186413
505.5 0.9890832055411264
506 0.9996045458113936
506.5 0.9895360971295225
507 1.006316011283788
507.5 1.003417736154697
508 1.002845802173942
508.5 0.9881567815292565
509 0.9830583360128122
509.5 0.9901610448928672
510 0.9851958333744334
510.5 0.9876742874415854
511 0.9909244988982787
511.5 0.9994523647980627
512 0.9915591104956939
512.5 0.9850725491525567
513 0.9966055572398285
513.5 0.9911450692025802
514 0.9843937096245935
514.5 0.9828379767643162
515 0.9859137372794342
515.5 1.000225519881461
516 0.9981698479386266
516.5 0.9836164091316774
517 0.9799487911847917
517.5 0.9971507104427544
518 0.9837919695875101
518.5 1.000214231161667
519 0.9953088722040161
519.5 0.9836575985159677
520 0.9979434345247606
520.5 0.9872573924876327
521 0.9938843702374749
521.5 0.9961450153879721
522 0.9874815479464885
522.5 0.9822497854155748
523 1.002921778525732
523.5 0.9861367585765732
524 0.9914187321684813
524.5 0.990444535108028
525 0.9967792615273884
525.5 0.9986438552826089
526 0.9896944163116652
526.5 0.9963864919416923
527 0.9977826192687265
527.5 0.9931777662514536
528 0.9917491517742614
528.5 0.9928027901693487
529 0.9783885265222533
529.5 1.008080999565837
530 0.9879192863244547
530.5 0.9960096321398452
531 0.995864691457248
531.5 1.001065569951692
532 0.9863426178256662
532.5 0.9831594575831157
533 0.9957712945027194
533.5 0.9864979632811945
534 0.9995495143549059
534.5 0.9858943134517845
535 0.9986749127980802
535.5 0.9828740383132363
536 0.9961020968736802
536.5 0.9918957012960635
537 0.9845385713592192
537.5 0.9897877504723206
538 0.9836000062450669
538.5 0.9895876900973468
539 0.9879692080799534
539.5 1.00895155945663
540 1.000878752433891
540.5 0.9996741505880038
541 0.9969132691134425
541.5 0.9739310136311445
542 0.9933986994076541
542.5 0.9808224375156219
543 0.9886224963455863
543.5 0.9862184153506784
544 0.9824391293341184
544.5 1.005260347786886
545 0.9929280034025197
545.5 0.9899982242944079
546 0.9991111753993358
546.5 1.006292556367838
547 0.9984062983381387
547.5 0.9939065452602888
548 0.9878497037732314
548.5 0.9876707983216644
549 0.9985581540262238
549.5 0.9868931594245883
550 0.9920175313307444
550.5 0.9968101468741859
551 0.9815790150559797
551.5 0.9927846646047468
552 0.9903672988980604
552.5 0.9857921767900225
553 0.9972848493358317
553.5 0.9922996501874378
554 1.003325789864943
554.5 0.9867280307784385
555 0.9866366284387278
555.5 0.9840964624205405
556 1.005333100591884
556.5 0.9884378923273297
557 0.9867655448914934
557.5 1.001854236349136
558 0.9900539536683085
558.5 0.9857598882627601
559 0.9909963017062536
559.5 0.9891253494607785
560 1.000103854103816
560.5 1.003879644915949
561 1.000041218538297
561.5 0.9921226098464077
562 0.9918525565223144
562.5 0.9853161319331641
563 0.98997035051257
563.5 0.9909892144364124
564 0.988045781344429
564.5 0.9961221841045852
565 0.9836641640540236
565.5 0.9884201455412895
566 0.9908002655759436
566.5 1.000916950406741
567 1.003312519424607
567.5 0.9885008292396733
568 0.9940279911546718
568.5 0.9882394659079522
569 0.9979727033324423
569.5 0.993504359983403
570 0.9960238203586751
570.5 0.9918131932880406
571 0.9995839561607288
571.5 0.9994254221021566
572 0.9984483814472727
572.5 0.9838394615709091
573 0.9938162974097792
573.5 0.9815117479774709
574 0.9965170172467691
574.5 0.983770830619586
575 0.9926255780058996
575.5 0.9901414093520198
576 1.002223713609207
576.5 0.997598121149983
577 0.9891589621143477
577.5 0.9815495565360213
578 0.9791456541244068
578.5 0.9956958696040191
579 0.9848247202355225
579.5 0.9943239900807082
580 0.9892427424504572
580.5 0.9935159520001798
581 0.9822046390429269
581.5 1.002060460855822
582 0.9950903940173794
582.5 0.9889774693771567
583 0.9867263265573714
583.5 0.9802298225678379
584 1.003787461143593
584.5 0.9982022080730464
585 0.9840829294491957
585.5 0.9890581148269384
586 0.9931443180907578
586.5 0.9953397450732464
587 0.9848773744568127
587.5 0.989857276104014
588 0.9811207222482922
588.5 0.981680411159682
589 1.003689342118866
589.5 0.9947430790965897
590 0.9965382366116743
590.5 0.9967465461971037
591 0.9930786143179601
591.5 0.9847446014783749
592 0.9932732155839743
592.5 0.9969759115308933
593 0.9908209350680542
593.5 0.9985326918438948
594 0.9991266575276527
594.5 0.9872519113082847
595 1.0006154826022
595.5 0.9894408111112519
596 1.013073890423519
596.5 1.000099908735006
597 0.9981605198549978
597.5 0.9904526555238994
598 1.002040872667695
598.5 0.9894737073534247
599 0.9905852314046211
599.5 0.988802229819848
600 0.9847073490102863
600.5 1.003139740857527
601 0.9975508120857933
601.5 0.9915441847848644
602 0.9909831996645592
602.5 0.9866950798913137
603 0.9864441740323117
603.5 1.002220320918907
604 0.9931434253470497
604.5 0.9992947219640762
605 0.9872408092752422
605.5 0.9947950711834043
606 0.9923401115791517
606.5 0.993869938166105
607 0.998852423875878
607.5 0.9936702782623191
608 0.9973145467282668
608.5 0.9876448873272149
609 0.9829692603883112
609.5 1.003042754303179
610 0.9800027634852849
610.5 0.9913162727977957
611 0.9993882843739381
611.5 0.9821436747961673
612 0.9953688101220981
612.5 0.9872435635981239
613 0.9848381338674843
613.5 0.9980739816523099
614 0.999412378146866
614.5 0.9903280494276954
615 0.9872623979908443
615.5 0.9808412311469195
616 0.9953796879779535
616.5 0.9790279884611194
617 0.9982728079202744
617.5 0.9948411967594241
618 0.9938088384609899
618.5 0.9830304739996962
619 0.9857958644533984
619.5 0.990887953170651
620 0.9883080183835371
620.5 0.9913337870237042
621 0.9920229059343304
621.5 0.990427372769203
622 0.9941227072404863
622.5 0.9888313921842635
623 0.9969741655467477
623.5 0.9953758104280903
624 1.003600710230683
624.5 0.9960636753239254
625 0.9937455726076363
625.5 0.9940074003002005
626 1.007918572500639
626.5 0.9972506858849781
627 0.9888168162261631
627.5 0.9940347707126703
628 0.9912157673561259
628.5 0.9839432290829219
629 0.9857997070586831
629.5 0.9925726015977947
630 0.9921473640560055
630.5 0.9903764986475809
631 0.9924431982047183
631.5 0.9895702413249101
632 0.9812295627073381
632.5 0.9928938107565179
633 0.9958809895992716
633.5 1.006306690975152
634 0.995168841431519
634.5 1.003684381702562
635 0.9988266147177581
635.5 0.9978399131792773
636 0.9890364548520783
636.5 1.000649122803458
637 0.9760843432382191
637.5 0.9879494938395693
638 0.9930502726902389
638.5 0.984201213633441
639 0.9864379505254457
639.5 0.9896283416978647
640 0.9839339489098965
640.5 1.011815839808689
641 0.9938097694346356
641.5 0.9918405970805813
642 0.987738554251968
642.5 0.9897846781402458
643 0.9955147066205938
643.5 0.9883066961676115
644 0.9966745251094511
644.5 0.9991060272719884
645 1.00636983894567
645.5 0.9945778622856548
646 0.9762984410950749
646.5 0.991917533811146
647 0.9982407472978256
647.5 0.9890061784410431
648 0.9922393751553478
648.5 0.9937404068126948
649 0.9923965890235901
649.5 1.003476096304089
650 0.9990280797503898
650.5 0.99526185648376
651 0.9893897980090197
651.5 0.9995487181488062
652 0.9975721008065841
652.5 0.9897243280951489
653 0.9959212755898635
653.5 0.9985611592916016
654 0.9895671537680125
654.5 0.9942265449184728
655 1.000264197488262
655.5 1.001009183718141
656 0.9929756377930764
656.5 0.9839431923457606
657 0.9972090689891486
657.5 0.9867394934896485
658 0.9862580067498989
658.5 0.9910020019744176
659 0.986962621339678
659.5 0.9926656535300937
660 1.001420568496777
660.5 0.9907801868385783
661 0.9935672542238159
661.5 0.9915264689226557
662 0.9895266163762738
662.5 0.9981071164427682
663 0.9825706337286173
663.5 0.9833062431985832
664 0.9927461974094109
664.5 0.9826651105543651
665 0.992431234864572
665.5 0.9919352803884016
666 0.9881052177769423
666.5 0.9929988398829351
667 0.9929960532082562
667.5 0.9781603134857623
668 0.9990168108946437
668.5 1.000057955344311
669 0.9870325760674002
669.5 0.9939485201427745
670 1.001824152464255
670.5 0.9904959523727358
671 0.9973376158260949
671.5 0.993305634919263
672 0.9953123065160513
672.5 0.9967552622145213
673 0.9924956228892593
673.5 0.9919937819017941
674 0.9844958495794248
674.5 0.9965594323859164
675 0.9842055336888331
675.5 0.9925765606086001
676 1.001403793527978
676.5 0.9820117995931317
677 0.9983103024189528
677.5 0.9885417740794455
678 0.9882822863855839
678.5 0.9937302437483636
679 0.9924720294634152
679.5 0.9968051747245179
680 0.9863225233165065
680.5 0.9871161664102981
681 0.9967615426885248
681.5 0.9942153862355422
682 0.9864998975576521
682.5 0.991000060479348
683 0.9957220981866125
683.5 0.9918071956391702
684 0.9953014322942831
684.5 0.9900531846747265
685 0.9912239225556115
685.5 0.9887404681398294
686 0.9935520103483361
686.5 0.9971132004904005
687 0.9900282633626944
687.5 0.9932492309501819
688 0.982598374672874
688.5 0.9983322823461634
689 0.9982427698064796
689.5 0.9927577637049773
690 0.9907246346146451
690.5 1.000378544369728
691 0.9918464891680375
691.5 0.9843581161739544
692 0.9927277224422627
692.5 0.9963146593646144
693 1.003625182427032
693.5 0.9970748742383748
694 0.9975987960672452
694.5 0.9880075096390725
695 0.9736868921763309
695.5 0.9880959078890126
696 0.9902821359282091
696.5 0.9873688648108838
697 0.9892239538037397
697.5 0.9951800803046963
698 1.001279607323346
698.5 0.9879467842428113
699 0.9922660231135784
699.5 0.9922628939017111
700 0.9994194906577728
700.5 0.9924460194745252
701 0.9989395452365954
701.5 0.9879239323310254
702 0.9973088618000751
702.5 0.9942955725630905
703 0.9906530955821912
703.5 0.9962079052168923
704 0.997968043173142
704.5 0.9872950032829948
705 0.9906119798493677
705.5 0.9948669301696722
706 0.9998980228498547
706.5 0.9894046866177365
707 1.000817361232431
707.5 0.9899102987483902
708 0.9945707537382544
708.5 0.9914748475133376
709 0.9963996976111119
709.5 0.9801488718214185
710 0.9859790077546047
710.5 0.9883943662038831
711 0.9959064567116099
711.5 0.9927977510078982
712 0.9917142380072165
712.5 1.000395922780126
713 0.9907604685609008
713.5 0.9827582089339549
714 0.9807032710413797
714.5 0.9954196403366488
715 1.003384357840286
715.5 0.9949749783624253
716 0.9984044472429844
716.5 0.9946208660585668
717 0.9982841837743264
717.5 0.9853097227814664
718 1.004966912649818
718.5 0.9975034575765718
719 0.9873509604086973
719.5 0.9945198584509365
720 0.9957796612642857
720.5 0.990973086009887
721 0.9962579916076072
721.5 1.000741433474546
722 0.9970316913924785
722.5 0.9866698633453261
723 0.9946969633488167
723.5 0.9932023629672024
724 0.9912906991317935
724.5 0.9886039921215387
725 0.9852352569576366
725.5 0.9958350306185694
726 0.9980460843232984
726.5 0.9992663452786473
727 1.001196787606917
727.5 1.000415628018414
728 0.9896603912025613
728.5 0.9947062459549397
729 0.9876873090949954
729.5 0.9858016549034103
730 0.9904749825248046
730.5 0.9937782643789956
731 0.999397751485646
731.5 0.9918275521001305
732 0.992146850006392
732.5 0.9970096770145933
733 0.9955913946418575
733.5 0.9838818915364388
734 1.001525122730377
734.5 0.9903042040521551
735 0.987617535380078
735.5 0.9913070758994895
736 0.9808981605991173
736.5 0.9915176640990239
737 0.9925481262852022
737.5 0.992649174613304
738 0.9885889908154569
738.5 0.9997428975174064
739 0.9940976714649268
739.5 0.9920345389456301
740 0.9941711302608718
740.5 0.9956123807473111
741 0.98782167951027
741.5 0.9819970444411512
742 0.996620892997233
742.5 0.9967060998409489
743 0.994139516059973
743.5 0.9934005891167659
744 0.9870629972379927
744.5 0.9893143944527557
745 0.988298738991938
745.5 0.9894648542163363
746 0.9894112202075164
746.5 0.9944956247383271
747 0.9946310096379785
747.5 0.9921463020412999
748 0.9893298836849336
748.5 0.9968270712337967
749 0.9918224943994242
749.5 0.9923762594815176
750 0.9919766133816753
750.5 0.9865209344056097
751 0.9958088931603897
751.5 0.9994991475913034
752 0.9890721618181659
752.5 0.9938712698701097
753 0.995243548322176
753.5 0.9895722337147524
754 0.9983343602521546
754.5 0.9940818394702619
755 0.9938973293325912
755.5 0.9921962864242121
756 0.9942154113978732
756.5 0.9894924165037791
757 0.9946656311709998
757.5 0.9912689789514812
758 0.9989438923608077
758.5 0.9855938817684574
759 0.9938825311838134
759.5 0.9881555241947428
760 0.9966079861258301
760.5 0.9946722358626077
761 0.9971693141620249
761.5 0.9958873973557429
762 0.9943641026473409
762.5 0.9993660214010246
763 1.002408028207014
763.5 0.9905147960067315
764 0.9921839380872545
764.5 0.995759268809405
765 0.9885700218959582
765.5 0.9918436844355648
766 0.9953493022461964
766.5 0.9989788360637438
767 0.9983989512044922
767.5 0.9983272398426892
768 0.9799815841584562
768.5 0.9976490083372281
769 1.00287081066958
769.5 0.989663510410947
770 0.9875028987453647
770.5 0.9923174801387722
771 1.000771486268478
771.5 0.9999769922406302
772 0.9855874043943095
772.5 1.00007910771497
773 0.9941776027468873
773.5 1.001334478416884
774 0.990349639353549
774.5 0.993845297465854
775 0.9936373910898338
775.5 1.001879791744403
776 0.9891445640092463
776.5 0.9919420215739484
777 0.9972855300109451
777.5 0.9891317590064597
778 0.9976089031227114
778.5 0.9984047915787924
779 0.9897858526518258
779.5 0.9915721020622656
780 0.9881030075254299
780.5 1.000268353711238
781 0.9934161506591394
781.5 0.9917074263623872
782 0.9949938233442888
782.5 0.9948790299915643
783 0.991068097045645
783.5 0.9952374102338946
784 0.9963490501708459
784.5 0.9998602513810116
785 0.9872756397979013
785.5 0.9865291831112789
786 0.9941884317265882
786.5 0.9943237540078153
787 0.9848806898577123
787.5 0.9879436118490091
788 0.996217882448388
788.5 0.9970553512251088
789 0.9957667814471497
789.5 0.9953389435239449
790 0.9863143558324842
790.5 1.003775307672743
791 0.9942331724953517
791.5 0.994936462070632
792 0.9927775989306655
792.5 0.9837339705681677
793 0.996755725903028
793.5 0.9959497787367112
794 0.9993130344508148
794.5 0.9951890982148268
795 0.990551945305985
795.5 0.9975619357989837
796 0.9987923717984043
796.5 0.9955050705518196
797 0.997674702977328
797.5 1.00090190256135
798 0.9942122084712774
798.5 0.9923505645434723
799 0.989950577824559
799.5 0.9859557985553991
800 0.9975816436615443
800.5 1.001958746820324
801 1.004558450799399
801.5 0.9927245310456848
802 1.002886602227593
802.5 1.000635578027514
803 0.9884335489280605
803.5 0.9990969121516268
804 0.9912095786938887
804.5 0.992700671725281
805 1.000718737525296
805.5 0.9877396130454533
806 0.9965901287322868
806.5 0.9985479226582645
807 0.9862697138385007
807.5 0.996341704062795
808 0.9912047109938209
808.5 0.9930120164731061
809 0.9910156295661656
809.5 0.9926731259469199
810 0.9946375367871433
810.5 1.000213103708533
811 0.9970663745465804
811.5 0.9952885422823691
812 0.9889086516897512
812.5 0.9900038314731546
813 0.9935474803874184
813.5 0.9942761388937535
814 0.9916540008525775
814.5 0.9909586561183988
815 0.9943623407671826
815.5 0.9917948101690205
816 0.9917612598321836
816.5 0.9992794670234377
817 0.9923050598190544
817.5 0.9851821573096798
818 0.9940895240030432
818.5 0.9971263551767281
819 0.9836175337640418
819.5 0.9961937856022921
820 0.9937156711868803
820.5 0.9974363705227651
821 0.988145055884019
821.5 0.9925847704801133
822 0.9964773646350109
822.5 0.9913588274812236
823 0.9971700798290267
823.5 0.9871428788791237
824 0.9906263266353003
824.5 0.9881984903871696
825 0.9973807879318988
825.5 0.998227904252205
826 0.9903549752488826
826.5 0.9875677641798694
827 1.003145201447234
827.5 0.9892724221001612
828 0.9889042191336247
828.5 0.993281157814121
829 1.000302633176957
829.5 0.9986626067560794
830 0.991018937507383
830.5 0.9893241460738883
831 1.000551732673383
831.5 0.9902230395867376
832 0.9932610286503049
832.5 0.9945428891078402
833 0.9960023617463198
833.5 0.9874923272792924
834 1.002528066964383
834.5 0.9993613849402954
835 0.9958179260617915
835.5 0.9931387543692149
836 0.9946977468071652
836.5 0.9931941763639068
837 0.9929961311541428
837.5 0.9924837948913529
838 1.006222062671961
838.5 0.9875443276187087
839 1.000293187305603
839.5 0.9999503881824541
840 0.9949917550485742
840.5 0.9921823900241256
841 0.9991228510230122
841.5 0.9915588078959602
842 0.9971505284990478
842.5 0.9833099103066409
843 0.987147636197274
843.5 0.9987820141229817
844 0.9955447555795783
844.5 0.9841514403976827
845 0.9887826074959457
845.5 0.9913551988721705
846 0.9949762540479492
846.5 1.000300795678505
847 0.9846668494247325
847.5 0.9894638575602466
848 0.9998065118188511
848.5 0.9906952815436704
849 1.0019930664302
849.5 0.9955157086534173
850 1.000377261984506
850.5 0.9891301939467786
851 0.9906840302377752
851.5 0.9913871979437635
852 0.9920663576174656
852.5 0.9885647749236394
853 0.9972238088990891
853.5 0.9963581491117548
854 0.9914163269093199
854.5 0.9868301674302264
855 0.9858269832486356
855.5 0.9831700838172628
856 0.9927370862511704
856.5 0.9932298844395314
857 0.9802455866369049
857.5 0.9969489979728948
858 0.9969415557102523
858.5 0.9792355266161499
859 0.9940246759854615
859.5 0.9985127000110986
860 0.9866085461180883
860.5 0.990115945903967
861 0.9968619191179907
861.5 0.9910623093160315
862 0.9924963311879857
862.5 0.9941590233006531
863 0.9870074597665155
863.5 0.9960570298321019
864 0.9946515885154545
864.5 0.9878380542355877
865 0.9991454756858142
865.5 0.9959119398989157
866 0.9940069655447521
866.5 0.9884803109026701
867 0.9913594639513875
867.5 0.988816189382413
868 0.9906219408256892
868.5 0.9848925143829703
869 0.9826760188646462
869.5 0.9800893567277371
870 0.9770506569564262
870.5 0.9728555062135522
871 0.9716351851073024
871.5 0.9793043469340513
872 0.9728222244443777
872.5 0.9812979366149504
873 0.9697070676458532
873.5 0.9691540292265904
874 0.9710733844903976
874.5 0.9634411591983116
875 0.9602030970210127
875.5 0.9560480635528136
876 0.9497489597730844
876.5 0.954256928184858
877 0.9513075275482793
877.5 0.9569873924893413
878 0.9470394644248173
878.5 0.948020894619746
879 0.9502620697694534
879.5 0.9484699773566664
880 0.9487537896173281
880.5 0.9448149787846698
881 0.9388370235648282
881.5 0.9388454784611903
882 0.9367498003969964
882.5 0.9415273382060912
883 0.9382617077423829
883.5 0.9331483800714702
884 0.9332407556008485
884.5 0.9373345913829262
885 0.9262713498675271
885.5 0.923580149916118
886 0.9273084637383153
886.5 0.9336305424334086
887 0.9187591827793632
887.5 0.9190426785985722
888 0.9224975853849676
888.5 0.9074878366129467
889 0.9117630668260146
889.5 0.9082922966501747
890 0.9111256618711068
890.5 0.914825130981196
891 0.9073176970410061
891.5 0.9057855100558549
892 0.9074202040044058
892.5 0.903776628684987
893 0.894635738128554
893.5 0.9032920412057861
894 0.8959624915990605
894.5 0.8941548829813049
895 0.8937453889860346
895.5 0.8904519902222096
896 0.8926530858652345
896.5 0.8912856900602499
897 0.8933625133329619
897.5 0.8821123247591944
898 0.8805254268370549
898.5 0.8797990748857312
899 0.882733843109421
899.5 0.8822583697570218
900 0.8807344519233888
900.5 0.8751386295700206
901 0.8779664768118837
901.5 0.8765281992503097
902 0.8754406734583137
902.5 0.868946079771692
903 0.8607093707394459
903.5 0.8683728764081105
904 0.8665461412266734
904.5 0.8550875284484728
905 0.8630952953467848
905.5 0.8618545409129705
906 0.8600026013558072
906.5 0.8651622199749571
907 0.8598286580892388
907.5 0.8602761407693615
908 0.8543288679412813
908.5 0.8503576852289535
909 0.8567728056317041
909.5 0.843999711171871
910 0.8541308019218956
910.5 0.8489225445844905
911 0.8462846469177978
911.5 0.8431596356455655
912 0.8399085458521391
912.5 0.8415960755348663
913 0.839881749506037
913.5 0.8404898623904351
914 0.8402862550592494
914.5 0.8325569916268618
915 0.8318728631709557
915.5 0.8293312132685945
916 0.8295324702895271
916.5 0.8347904275964265
917 0.8251981661055278
917.5 0.8287848919275682
918 0.8292079494132151
918.5 0.8253772838215576
919 0.8217407636246223
919.5 0.8218150414132294
920 0.8074630501161174
920.5 0.8124354896925192
921 0.8140577712325578
921.5 0.8062261375882495
922 0.812070766967125
922.5 0.8083433908301911
923 0.8096287312008769
923.5 0.8095824811087867
924 0.8057394586884048
924.5 0.7994374428153258
925 0.8096253845455799
925.5 0.8000069751213029
926 0.8035838722608196
926.5 0.7966129512608696
927 0.7916157714310902
927.5 0.7975847865051879
928 0.7960495399040785
928.5 0.7917064956746733
929 0.7907451236904278
929.5 0.7815901114121915
930 0.7897550023067323
930.5 0.7854355317893393
931 0.7833940111625659
931.5 0.7785819873177119
932 0.7814420985746233
932.5 0.7788310373970576
933 0.7809246976057379
933.5 0.7785716679404956
934 0.7785138764644325
934.5 0.7727983284969273
935 0.7697222719373016
935.5 0.773520253199575
936 0.7716164870770221
936.5 0.7677070160715785
937 0.7694327336252699
937.5 0.7670368323393059
938 0.7665769757963257
938.5 0.7585968983452973
939 0.7608764263551016
939.5 0.7589615534826016
940 0.7558928627796885
940.5 0.757117212175795
941 0.7538962192366365
941.5 0.7538234582705826
942 0.7507360635780241
942.5 0.7481861765722069
943 0.748189204647601
943.5 0.7508607633722396
944 0.7463577066857893
944.5 0.7438744718453205
945 0.7479327766754559
945.5 0.7454346909859436
946 0.7436974898003851
946.5 0.7434564267828608
947 0.7334605468721811
947.5 0.7369981181891871
948 0.7441344289435766
948.5 0.7373337591240748
949 0.7376402029109861
949.5 0.7330937873658576
950 0.7246861462880178
950.5 0.7302632837022693
951 0.7275644704692797
951.5 0.730397525073133
952 0.7290749504454065
952.5 0.7230548583525461
953 0.7275283657726442
953.5 0.7253637380283271
954 0.718448970944664
954.5 0.7246563500917259
955 0.714184818931148
955.5 0.717435865682572
956 0.7176324869853934
956.5 0.7129784625387885
957 0.7123882636109761
957.5 0.7163468699952582
958 0.7160279178974611
958.5 0.7106912272259666
959 0.7026621351813248
959.5 0.706168485556998
960 0.6991844218822517
960.5 0.7054151458410405
961 0.6979345085474805
961.5 0.6978555619969921
962 0.6933729013629798
962.5 0.7012637284467044
963 0.692849820951678
963.5 0.694893603853716
964 0.6909390378620835
964.5 0.6869077269395373
965 0.6883081383102708
965.5 0.6873253573318564
966 0.6847086836883018
966.5 0.6828550346811015
967 0.6862379149657708
967.5 0.6827552936273893
968 0.6828393656175453
968.5 0.6829229000946722
969 0.6746105514208445
969.5 0.6814478524150721
970 0.6703774688419725
970.5 0.6785240594254216
971 0.6672618068507056
971.5 0.6671419625468702
972 0.6639410401026897
972.5 0.6693974716280341
973 0.6708868544910787
973.5 0.6698160219422942
974 0.6614162092157639
974.5 0.6606216797444223
975 0.6578753462368804
975.5 0.661417446375532
976 0.654595363956144
976.5 0.6593209361042759
977 0.6550857490821517
977.5 0.6561612599216964
978 0.6580567387052833
978.5 0.6566284593406565
979 0.6492927792916385
979.5 0.6504176491687288
980 0.6508681784522871
980.5 0.6417922030475919
981 0.6394214261332211
981.5 0.64848829630631
982 0.6436673961796077
982.5 0.6427679330538996
983 0.6436448421666132
983.5 0.6342716080963204
984 0.6367147219155119
984.5 0.6315551832369938
985 0.6366388468324272
985.5 0.6286702639117173
986 0.6354128823013636
986.5 0.6368707675488983
987 0.6313479040142608
987.5 0.6224797756132944
988 0.6247351725496987
988.5 0.6261644578786831
989 0.6243411035552128
989.5 0.6212355109414207
990 0.6231446606513553
990.5 0.6241675715016155
991 0.6166166380868893
991.5 0.6208124788664713
992 0.6203946763903568
992.5 0.611399880434347
993 0.6145820806329748
993.5 0.6128318296354216
994 0.615113778845926
994.5 0.6120454551031347
995 0.6047713761315878
995.5 0.6088318348325789
996 0.6022569856740678
996.5 0.6052654386395958
997 0.6035188038550705
997.5 0.6037204027240547
998 0.6022783583441857
998.5 0.6029536397134563
999 0.6030596970052984
999.5 0.596061952190406
1000 0.5894083189442131
1000.5 0.5951225173711625
1001 0.5937272891018934
1001.5 0.594828821133489
1002 0.5900039985656037
1002.5 0.5891494613311458
1003 0.5823373589226174
1003.5 0.5857571392599573
1004 0.5828324788394248
1004.5 0.5855738555129139
1005 0.580006326352236
1005.5 0.5809236531416081
1006 0.5793824105879319
1006.5 0.5839945237520768
1007 0.5770840622447917
1007.5 0.5744962924317363
1008 0.5718049727820204
1008.5 0.5729862633765423
1009 0.5720939758267585
1009.5 0.5750167539107017
1010 0.5689256683914738
1010.5 0.5697341990736408
1011 0.5674159085514212
1011.5 0.5661476669267747
1012 0.5712421035036154
1012.5 0.5658740556970541
1013 0.5619883015989721
1013.5 0.5589524260490187
1014 0.5576973953045372
1014.5 0.5559247821183739
1015 0.5534681178159829
1015.5 0.5498106640328131
1016 0.5584914608410327
1016.5 0.550906982192285
1017 0.5512021162810141
1017.5 0.5493079265412346
1018 0.5478423107794882
1018.5 0.547607910162308
1019 0.5476464606310161
1019.5 0.5476846720620278
1020 0.5428679484650721
1020.5 0.5430311088655196
1021 0.5442502514910552
1021.5 0.5443810615162171
1022 0.5361356478532949
1022.5 0.5395995535234213
1023 0.5368621012426924
1023.5 0.5321470862377902
1024 0.5400005706629621
1024.5 0.532323004815504
1025 0.5324777196107875
1025.5 0.5305522214731181
1026 0.5313057342619075
1026.5 0.5274732705376582
1027 0.5331059631701295
1027.5 0.5237197393253158
1028 0.529002185597462
1028.5 0.5224192058753477
1029 0.5236205289876658
1029.5 0.5249528822076466
1030 0.522515296920569
1030.5 0.5219639194642332
1031 0.5164841774655764
1031.5 0.5198728362726324
1032 0.5147745867854702
1032.5 0.5135086482691374
1033 0.5102985651980135
1033.5 0.510320506369847
1034 0.5145658299359681
1034.5 0.5057911076227277
1035 0.5089158292396382
1035.5 0.5053869628336275
1036 0.5065118367589267
1036.5 0.5021275255527304
1037 0.5074229013558604
1037.5 0.5031041591685326
1038 0.4988081041709105
1038.5 0.4989114772440352
1039 0.496434592897313
1039.5 0.5034561954959921
1040 0.4929636904626904
1040.5 0.4894816348661899
1041 0.4956468852189881
1041.5 0.4964765889912899
1042 0.4894790676179749
1042.5 0.4908627878215071
1043 0.4915349082783256
1043.5 0.4901247358821449
1044 0.4846027729813414
1044.5 0.4826678626387947
1045 0.4826671589748921
1045.5 0.4798880728722577
1046 0.4793287324353481
1046.5 0.4766008049853547
1047 0.4813129355692278
1047.5 0.476250510434326
1048 0.4795209497015115
1048.5 0.475199378320363
1049 0.4769770861311659
1049.5 0.47260859382081
1050 0.4700035997348589
1050.5 0.4735912900147676
1051 0.4676851957051106
1051.5 0.4715382301061264
1052 0.4665547889111591
1052.5 0.4646628250425868
1053 0.4677692309497257
1053.5 0.4678640417419823
1054 0.4670236782842236
1054.5 0.4631000058878454
1055 0.4661811546013748
1055.5 0.458974594940428
1056 0.4602473477937149
1056.5 0.4633359271629457
1057 0.455588547747084
1057.5 0.4549186465048873
1058 0.4591836388124597
1058.5 0.455800858647502
1059 0.4527609800282405
1059.5 0.4492640834205733
1060 0.4511229206914769
1060.5 0.4467103974076381
1061 0.4502310169869308
1061.5 0.4436907578419388
1062 0.4469142299511507
1062.5 0.4476784068957484
1063 0.4422305880500721
1063.5 0.4422600276687694
1064 0.4458194137075005
1064.5 0.4399993004672119
1065 0.4375054037314638
1065.5 0.4342675906009171
1066 0.4389419017608141
1066.5 0.4359159263388754
1067 0.4413534947798396
1067.5 0.4326142678988249
1068 0.4340577562612679
1068.5 0.4271329266562292
1069 0.4322547075094313
1069.5 0.4269673158693617
1070 0.4296742878382779
1070.5 0.4290395919022494
1071 0.4264991849388035
1071.5 0.4234836732595998
1072 0.4230339576521072
1072.5 0.4198490993144983
1073 0.4183509397640548
1073.5 0.4143567957911658
1074 0.4181315233301117
1074.5 0.4146625203288992
1075 0.4195324358328328
1075.5 0.4148983780005755
1076 0.4114415025570549
1076.5 0.411398826318154
1077 0.4114510063607951
1077.5 0.4127226219927311
1078 0.4078311111250997
1078.5 0.4087651914184137
1079 0.408670250300164
1079.5 0.4083997815943239
1080 0.4036510716087028
1080.5 0.4038166671025392
1081 0.400252058083872
1081.5 0.4021420345484877
1082 0.4019182931519292
1082.5 0.3964178161175597
1083 0.3993385456442412
1083.5 0.3967452273907988
1084 0.3962587980747656
1084.5 0.3949169085255848
1085 0.3947000354610518
1085.5 0.3875530279947936
1086 0.3917455330709785
1086.5 0.3880795317186342
1087 0.390971815753388
1087.5 0.3937654881411286
1088 0.3880602660042968
1088.5 0.3855392308497665
1089 0.3803558712167994
1089.5 0.3833339552917225
1090 0.384187491713443
1090.5 0.3837426505434922
1091 0.3781827057474592
1091.5 0.3772552015436639
1092 0.3777278871917167
1092.5 0.3774085854345915
1093 0.3747584995404751
1093.5 0.3735605517971999
1094 0.3773077631189374
1094.5 0.3711970203553592
1095 0.3709762085358907
1095.5 0.3697330155753791
1096 0.3670510819870252
1096.5 0.3664154155589811
1097 0.3665521687972976
1097.5 0.3656043005109149
1098 0.3644752923396376
1098.5 0.3638306352893992
1099 0.3651020075774
1099.5 0.3589130844701181
1100 0.3598742289688857
1100.5 0.3619247878048643
1101 0.3567935480660142
1101.5 0.3554322500282792
1102 0.3578954215006775
1102.5 0.3535580228629707
1103 0.3570269065066782
1103.5 0.3555276075261279
1104 0.3499256478952347
1104.5 0.3532847863849692
1105 0.3530295748410386
1105.5 0.3492985603839964
1106 0.3507321620342584
1106.5 0.3457502525089729
1107 0.3510232407286678
1107.5 0.3420602481145728
1108 0.3435074577175438
1108.5 0.3410848297757587
1109 0.340431917060137
1109.5 0.3411221372274904
1110 0.3411724587803398
1110.5 0.3407377153073408
1111 0.3346055445864866
1111.5 0.3359984470338561
1112 0.3311791794388539
1112.5 0.3333987335145342
1113 0.3279932111741022
1113.5 0.3293611313106586
1114 0.3301559180368824
1114.5 0.3309491462357653
1115 0.3249951356140661
1115.5 0.3291800882361842
1116 0.3253352058859009
1116.5 0.3240088718705245
1117 0.3236684230395047
1117.5 0.3225976824578124
1118 0.3260604924393499
1118.5 0.3254797711004877
1119 0.3189689246241222
1119.5 0.3170645336221681
1120 0.3169571099351493
1120.5 0.3161354204749818
1121 0.3143885203077552
1121.5 0.313557823551744
1122 0.3122785312850491
1122.5 0.3141732205466189
1123 0.3171498584292717
1123.5 0.3115948168362087
1124 0.3082165628931973
1124.5 0.3113768350606732
1125 0.3061645854082723
1125.5 0.309594086340441
1126 0.3063532075509365
1126.5 0.3038990953773314
1127 0.3032578625106677
1127.5 0.3031993663014341
1128 0.3022999645900614
1128.5 0.2985850805226948
1129 0.3023201696602731
1129.5 0.2986609385959051
1130 0.3025369864690884
1130.5 0.2987483725217326
1131 0.2944128152661999
1131.5 0.297950176434159
1132 0.2931070383627045
1132.5 0.2958784654692876
1133 0.2934233514056695
1133.5 0.2887191311322312
1134 0.2898104918913567
1134.5 0.2865233614900132
1135 0.2841213152989334
1135.5 0.2866778925813765
1136 0.285047841296304
1136.5 0.2839078168677515
1137 0.2833417257788207
1137.5 0.2837128661795528
1138 0.2877038424021455
1138.5 0.2823649583710179
1139 0.2800189055043802
1139.5 0.2789007473569414
1140 0.2770459119131079
1140.5 0.2776377039739053
1141 0.2745179965922275
1141.5 0.2747847215479755
1142 0.275352491568777
1142.5 0.2763048949795937
1143 0.2681746586564726
1143.5 0.2718268680100204
1144 0.2704471671883297
1144.5 0.2712799890836421
1145 0.2674066439355595
1145.5 0.2615854106129621
1146 0.2640408595165171
1146.5 0.2631043679552515
1147 0.2612365490943108
1147.5 0.2604353743307001
1148 0.262870940788558
1148.5 0.2624751093904558
1149 0.2611264162007551
1149.5 0.2583034059357233
1150 0.2565321784562662
1150.5 0.2559883011919686
1151 0.2560866167887949
1151.5 0.2555794764745285
1152 0.2544447442124543
1152.5 0.2498765848880636
1153 0.2474940004670569
1153.5 0.2465817932963327
1154 0.250444368370017
1154.5 0.2482088564813595
1155 0.2457766121016295
1155.5 0.2473316211266665
1156 0.2482598138193015
1156.5 0.2433513356896181
1157 0.2419774160394979
1157.5 0.2436708955756728
1158 0.2393537562322406
1158.5 0.2426759605919203
1159 0.2381678174808105
1159.5 0.2373187766565297
1160 0.2362606337022634
1160.5 0.2361155078657072
1161 0.2371261754973641
1161.5 0.2362106216697638
1162 0.2368347461549503
1162.5 0.2337901844108605
1163 0.2324724431128714
1163.5 0.2314358304894976
1164 0.232363501235806
1164.5 0.2316882826506226
1165 0.2280347308886467
1165.5 0.2290437588394273
1166 0.2260582375867363
1166.5 0.226673913028987
1167 0.2266761246379353
1167.5 0.2257316884073782
1168 0.2189874129599848
1168.5 0.2239280800629897
1169 0.2219058682775656
1169.5 0.222394899307641
1170 0.2223542827298016
1170.5 0.2190750733996414
1171 0.2168914623237597
1171.5 0.2180133413072074
1172 0.2151812689196642
1172.5 0.2137044787692846
1173 0.2133050581899272
1173.5 0.2107582115617798
1174 0.2107385517024384
1174.5 0.2086201010489318
1175 0.2097531911059037
1175.5 0.2098366889536394
1176 0.2081906407581694
1176.5 0.2100257666753706
1177 0.2067807474728477
1177.5 0.2035865558368748
1178 0.2044115619037384
1178.5 0.2056995814602696
1179 0.2024349707164703
1179.5 0.2035074506434019
1180 0.1981821516951914
1180.5 0.2000691941646237
1181 0.1987604395564169
1181.5 0.1977694297368779
1182 0.196340809276699
1182.5 0.1947907571667902
1183 0.1961101986983068
1183.5 0.1941134827909259
1184 0.1931638948675669
1184.5 0.1916326888773079
1185 0.1926475324463973
1185.5 0.1920820237825636
1186 0.189291364062744
1186.5 0.1890536232829587
1187 0.1868172743340847
1187.5 0.186302935841544
1188 0.1845407672623883
1188.5 0.185878167373269
1189 0.1837073869053768
1189.5 0.1849541462930236
1190 0.1828321018723816
1190.5 0.1828450838058561
1191 0.1798852201097665
1191.5 0.1777393239760825
1192 0.179129500803319
1192.5 0.1778728690815051
1193 0.1778675211314723
1193.5 0.1764703281836559
1194 0.1766867731353235
1194.5 0.1749619578817327
1195 0.1714219553980424
1195.5 0.1712345598961565
1196 0.1719934034977614
1196.5 0.1727619097631704
1197 0.171036280209864
1197.5 0.1692147212230665
1198 0.1693804708619394
1198.5 0.1669936049719818
1199 0.1649718410749421
1199.5 0.162942453719009
1200 0.163484147313492
1200.5 0.1647126861376167
1201 0.1617175582667773
1201.5 0.16084183350771
1202 0.1577132190024723
1202.5 0.1597039332773
1203 0.1564617583688485
1203.5 0.159666770821877
1204 0.1584053539529527
1204.5 0.1584690823472137
1205 0.1556610747522263
1205.5 0.156051678881223
1206 0.154570038148948
1206.5 0.1538906807242141
1207 0.1504583310780777
1207.5 0.1498805186406119
1208 0.1494437820309865
1208.5 0.1487060598714502
1209 0.1472375173111065
1209.5 0.1479332378244009
1210 0.1480904200972398
1210.5 0.1451762560612364
1211 0.1445199483265796
1211.5 0.1436717113248289
1212 0.1437567099596714
1212.5 0.1422040379725131
1213 0.142097522469886
1213.5 0.1384437599371297
1214 0.1392478854704262
1214.5 0.1388772399999141
1215 0.1379422570608716
1215.5 0.1354858539742091
1216 0.136917398667925
1216.5 0.1344232525667594
1217 0.1321137576241421
1217.5 0.130115838693116
1218 0.1330211530404639
1218.5 0.1307713420784159
1219 0.1312252855974928
1219.5 0.1293296850942894
1220 0.1294879816397486
1220.5 0.1285368971019997
1221 0.1250649202863244
1221.5 0.1266814491115075
1222 0.1264829723939857
1222.5 0.1226736333877993
1223 0.1235832214933526
1223.5 0.1239762472109198
1224 0.1238224684660625
1224.5 0.1224831052133004
1225 0.1198876641550294
1225.5 0.120491791175503
1226 0.1182371037631084
1226.5 0.1183812912335674
1227 0.1171874717933754
1227.5 0.1155047591637631
1228 0.1152020386193889
1228.5 0.1137946662960615
1229 0.1134104164820899
1229.5 0.1111428012439793
1230 0.1111980612603037
1230.5 0.1101205029926742
1231 0.1120142615346901
1231.5 0.1117054516569494
1232 0.1100391104757965
1232.5 0.1093387271533289
1233 0.1095812544063843
1233.5 0.1077551161791452
1234 0.1055392545449601
1234.5 0.1066720637043957
1235 0.1049763990441733
1235.5 0.1068705334565125
1236 0.1043431304403296
1236.5 0.1046189488432121
1237 0.1030536758412652
1237.5 0.1011107437010715
1238 0.1031747108822446
1238.5 0.1004859268793218
1239 0.1022087660744935
1239.5 0.1005389202973586
1240 0.09992573824306522
1240.5 0.09914991507847214
1241 0.09899852003730412
1241.5 0.09758150276394045
1242 0.09702354488409302
1242.5 0.09486632305283083
1243 0.09606298230784623
1243.5 0.09558890019113354
1244 0.09338709975867153
1244.5 0.09586202934028513
1245 0.09305442216721908
1245.5 0.09427801251485263
1246 0.09332064120231827
1246.5 0.09283059922439468
1247 0.09056045931089546
1247.5 0.09193366431347293
1248 0.09018303611923528
1248.5 0.08848565318497129
1249 0.09031101045860938
1249.5 0.08769908176665224
1250 0.08816264529386585
1250.5 0.08909835001995128
1251 0.08655388709374547
1251.5 0.08575139358782434
1252 0.08705809842745932
1252.5 0.08622633872789623
1253 0.08467430804600816
1253.5 0.08319482249208857
1254 0.08483949025319393
1254.5 0.08314222402221629
1255 0.08477427102697098
1255.5 0.08239095154563685
1256 0.08347237630311348
1256.5 0.08184128563116114
1257 0.08275208721641042
1257.5 0.08128331303975213
1258 0.08093038582638455
1258.5 0.08064753457573273
1259 0.07891583509383218
1259.5 0.07814896758451771
1260 0.07837436923077967
1260.5 0.07867861198871048
1261 0.07837874915861531
1261.5 0.0754592249436689
1262 0.07609100016497511
1262.5 0.07536934759463459
1263 0.07486581607248581
1263.5 0.07557533829506106
1264 0.07537768550485734
1264.5 0.07421596672722357
1265 0.0736558480528528
1265.5 0.07294921908616463
1266 0.07287197454551668
1266.5 0.07322643850498639
1267 0.07156119872608392
1267.5 0.07234702068470407
1268 0.07085141812496751
1268.5 0.0704826660276557
1269 0.06980181089991726
1269.5 0.07043024769188609
1270 0.06952608980635877
1270.5 0.0685063615442803
1271 0.06715705725217785
1271.5 0.06796069338222796
1272 0.06879221939769922
1272.5 0.06704740859690766
1273 0.06677143428604095
1273.5 0.0661563109812454
1274 0.06640491171918998
1274.5 0.06536479184214279
1275 0.06556518801698059
1275.5 0.06416947549384232
1276 0.06550111666304437
1276.5 0.06312266625402026
1277 0.06365216468314783
1277.5 0.06261895647644215
1278 0.06309981421092298
1278.5 0.06284832275178429
1279 0.06170268458898805
1279.5 0.06133730744051935
1280 0.06114534485739548
1280.5 0.06216275678389493
1281 0.0613855142569958
1281.5 0.06020706319159756
1282 0.05976759392898842
1282.5 0.05855393956076541
1283 0.0593399100523905
1283.5 0.06007688241225297
1284 0.05830268636396839
1284.5 0.05815240640801773
1285 0.05724956048084755
1285.5 0.05687178258571778
1286 0.05636137774781526
1286.5 0.05665031023089229
1287 0.05671079369589235
1287.5 0.05511957227156074
1288 0.05416626901240984
1288.5 0.05591542806775188
1289 0.05453681008359286
1289.5 0.05466485025533915
1290 0.05527488893303379
1290.5 0.05404163740403735
1291 0.0534239133825131
1291.5 0.05363725236967701
1292 0.05295478336749952
1292.5 0.05202846997061131
1293 0.05168707631874847
1293.5 0.0516377208919069
1294 0.05124074473807368
1294.5 0.05136079115965515
1295 0.05068314210847451
1295.5 0.05103777935709544
1296 0.04954639402564798
1296.5 0.04973284017114624
1297 0.04978803683468219
1297.5 0.04811409189840976
1298 0.04974870727366431
1298.5 0.04856259303263188
1299 0.0474528866905619
1299.5 0.04668961827546154
1300 0.04718439487973398
1300.5 0.04647829678803828
1301 0.04609862835596434
1301.5 0.04708498479485262
1302 0.04686319458654678
1302.5 0.04673447653448395
1303 0.04559579154884408
1303.5 0.04606087651414834
1304 0.04611809281704526
1304.5 0.04507491758576181
1305 0.04399637103159982
1305.5 0.04464584303575543
1306 0.04427034273393623
1306.5 0.04379400770761985
1307 0.04325391288817991
1307.5 0.04316561529140863
1308 0.0437212104926871
1308.5 0.04253909194012718
1309 0.04236886063113116
1309.5 0.04194195828267874
1310 0.04144234593978646
1310.5 0.04109007036667577
1311 0.03954821182380713
1311.5 0.04051516189120435
1312 0.0417457078743002
1312.5 0.04080966488063109
1313 0.04000281066387901
1313.5 0.03965316611301107
1314 0.03993283382964551
1314.5 0.03941984325876966
1315 0.03883482865085962
1315.5 0.03773243912400766
1316 0.03812169383841129
1316.5 0.03821983933953626
1317 0.03711132135474115
1317.5 0.03741854782958257
1318 0.03825970148433244
1318.5 0.03724414934603244
1319 0.03565131200998205
1319.5 0.03667260340003208
1320 0.0366719171896679
1320.5 0.03616590939548257
1321 0.03672461596768892
1321.5 0.03544447180192352
1322 0.03455338095062527
1322.5 0.03518397818266567
1323 0.03460004876594109
1323.5 0.03398106126240014
1324 0.03509532555088014
1324.5 0.03428852954693442
1325 0.03382350637036678
1325.5 0.03414725748304902
1326 0.03327138083973587
1326.5 0.03312111568329745
1327 0.03270301005113056
1327.5 0.03199981220829566
1328 0.0321630782376602
1328.5 0.03183575991544883
1329 0.03266701381951315
1329.5 0.03175227989324315
1330 0.03130145121973639
1330.5 0.0313668125642152
1331 0.03031298227110073
1331.5 0.03132859020942758
1332 0.02990388435059997
1332.5 0.02995233973341513
1333 0.03006269896025116
1333.5 0.02905799177972969
1334 0.0297877595830984
1334.5 0.02887309765864185
1335 0.02923109857712696
1335.5 0.02882105259360141
1336 0.02907275732679069
1336.5 0.02828465380971548
1337 0.02826350245221255
1337.5 0.02855021757641938
1338 0.02791365812072645
1338.5 0.02728682404311236
1339 0.02781932552403845
1339.5 0.02771086833876103
1340 0.02698041219506542
1340.5 0.02801103083611413
1341 0.02702768450654907
1341.5 0.02633431958302551
1342 0.02579923945771101
1342.5 0.02606811947753162
1343 0.02643255176179799
1343.5 0.02613393310785489
1344 0.02517374296218746
1344.5 0.0249635314216047
1345 0.02525809146135227
1345.5 0.0251611016363514
1346 0.02418708706463587
1346.5 0.02612174997482354
1347 0.02436798488656586
1347.5 0.02371732680640134
1348 0.02404609638230072
1348.5 0.02378599517452839
1349 0.02375971993923736
1349.5 0.02439874020750128
1350 0.02403533513850624
1350.5 0.02292191330111614
1351 0.02318080920163736
1351.5 0.02181984081479684
1352 0.02275056926741889
1352.5 0.02210584211925408
1353 0.02228719494052613
1353.5 0.02211613342495993
1354 0.02208263762142336
1354.5 0.02160322738998034
1355 0.02191293879881703
1355.5 0.02056943901287474
1356 0.02156401622356242
1356.5 0.02106072434263789
1357 0.02075469270906943
1357.5 0.02035518541541943
1358 0.01993919683690383
1358.5 0.01925951886798848
1359 0.02021656250744659
1359.5 0.0194014589631904
1360 0.01885976880384233
1360.5 0.02038452400151257
1361 0.01936721103035487
1361.5 0.01980286084180128
1362 0.01877897525028416
1362.5 0.01868891376442643
1363 0.01827713908999472
1363.5 0.01821295735108847
1364 0.01829263492230644
1364.5 0.0189468499804118
1365 0.01774227219874489
1365.5 0.01780522780471599
1366 0.01814635306474705
1366.5 0.01811622375428275
1367 0.01747147455643234
1367.5 0.01714738890561995
1368 0.01716848728454913
1368.5 0.0173323764319243
1369 0.0166396904214886
1369.5 0.01696311343348148
1370 0.01645612787531009
1370.5 0.01656140118691464
1371 0.01638190504376754
1371.5 0.01599354557493861
1372 0.01553887793812724
1372.5 0.01576978498370147
1373 0.01543278567356484
1373.5 0.0153381467948737
1374 0.01561035573692904
1374.5 0.01538246357097965
1375 0.01545450130605027
1375.5 0.01534347285110389
1376 0.01484202213435177
1376.5 0.01483954582406044
1377 0.01407364057967129
1377.5 0.01403854929241625
1378 0.01400350522090569
1378.5 0.01407614943282507
1379 0.01404939560917332
1379.5 0.01337776602131648
1380 0.01388858588621004
1380.5 0.01315198915335173
1381 0.01386022922198608
1381.5 0.01320715337733175
1382 0.01365069962915245
1382.5 0.01314689288047731
1383 0.01252041662056459
1383.5 0.01240450392899763
1384 0.01232982748639523
1384.5 0.01324848134030071
1385 0.01299284084530025
1385.5 0.01211462183693687
1386 0.01172910963042724
1386.5 0.01260461140751941
1387 0.0116631293324796
1387.5 0.01178549329088187
1388 0.01155649127644457
1388.5 0.01157265352300905
1389 0.01114839919500621
1389.5 0.01101813470266469
1390 0.01081476190835174
1390.5 0.0114824223064077
1391 0.01183197440480062
1391.5 0.0107345757363733
1392 0.0103046119005256
1392.5 0.01100316866010476
1393 0.01059794943094922
1393.5 0.01036346742289809
1394 0.009967379490655825
1394.5 0.01007350954785929
1395 0.01003394819520107
1395.5 0.009743973952334541
1396 0.009615888371839966
1396.5 0.009778432178880058
1397 0.009690811446546918
1397.5 0.009345506508646953
1398 0.009451532722676638
1398.5 0.009694169158350549
1399 0.009164692768642048
1399.5 0.008804673112323845
1400 0.008669941603829799
1400.5 0.009169137643822375
1401 0.007912056324685442
1401.5 0.008547255835515759
1402 0.008565174958355961
1402.5 0.009183001100890587
1403 0.007697672558375765
1403.5 0.007955784167930115
1404 0.007830387961213613
1404.5 0.0079524355743641
1405 0.008002571304859095
1405.5 0.008076528748477236
1406 0.007999151249036685
1406.5 0.007993464985666283
1407 0.007495006020580257
1407.5 0.007434085127250788
1408 0.007428806174726107
1408.5 0.006995252102143624
1409 0.007600551553707029
1409.5 0.007468442135675496
1410 0.007304861125854582
1410.5 0.006983337163336106
1411 0.007104837550622282
1411.5 0.007352523210945951
1412 0.006321375819279666
1412.5 0.006774304890894673
1413 0.006627659074182914
1413.5 0.006638721303462393
1414 0.006555331681344079
1414.5 0.005976627336010161
1415 0.006129572852023882
1415.5 0.005976038649046671
1416 0.006026750346149435
1416.5 0.005881344159958966
1417 0.005759650445151143
1417.5 0.006045324995089145
1418 0.005681102790073722
1418.5 0.005231375880057311
1419 0.005743426085757563
1419.5 0.005458268182966327
1420 0.00549344092452469
1420.5 0.005388204365651925
1421 0.00565714034454936
1421.5 0.004851128814055195
1422 0.005158967878237003
1422.5 0.005139790265616709
1423 0.004965232005619929
1423.5 0.005435400940950293
1424 0.004834110308263143
1424.5 0.005024566366036987
1425 0.004974549853028789
1425.5 0.00454519108455367
1426 0.004619380835735043
1426.5 0.004299121585428764
1427 0.00451246024795916
1427.5 0.004177279353317853
1428 0.004174354599790609
1428.5 0.004132879932426342
1429 0.004345733947037417
1429.5 0.004057801365932525
1430 0.004047269809392278
1430.5 0.004021373880304824
1431 0.004018564186849755
1431.5 0.004008079124524031
1432 0.003675343761369425
1432.5 0.004040823136155491
1433 0.003608918001306429
1433.5 0.003514518058281876
1434 0.003703356723079789
1434.5 0.003371987627795617
1435 0.003721119757697237
1435.5 0.003665078929814182
1436 0.00334968623510546
1436.5 0.003576103422009673
1437 0.00341360264142557
1437.5 0.003228483997119582
1438 0.003096885333587699
1438.5 0.002859016097632319
1439 0.002857029635230832
1439.5 0.002968943323899765
1440 0.003095876781545878
1440.5 0.002820751987548186
1441 0.002780907803682739
1441.5 0.002809267560883847
1442 0.002943523915656685
1442.5 0.002691949091353714
1443 0.002803430123373225
1443.5 0.002582504088808554
1444 0.002603353820010937
1444.5 0.002413033627241072
1445 0.002313402334323755
1445.5 0.002484999101494352
1446 0.002347829181783202
1446.5 0.002248447753918654
1447 0.002397188077193705
1447.5 0.002275380185722639
1448 0.001951123287414201
1448.5 0.002279738705200125
1449 0.002128286338405981
1449.5 0.001984531161758532
1450 0.001908326425152655
1450.5 0.001832226272565789
1451 0.001868330363931816
1451.5 0.001829702545217094
1452 0.001835905667630271
1452.5 0.001782436664626117
1453 0.001773757384966573
1453.5 0.001869356521620348
1454 0.001451290279677595
1454.5 0.001933723543907136
1455 0.001806045864970391
1455.5 0.001433446133839794
1456 0.001625435920754169
1456.5 0.001379559557981317
1457 0.001334141488121734
1457.5 0.001355446720225186
1458 0.001317508550801178
1458.5 0.001449745243768999
1459 0.001367444260670707
1459.5 0.001226163481672533
1460 0.001365571690865445
1460.5 0.001135967970804521
1461 0.001267875188947805
1461.5 0.0012080772246391
1462 0.00123669619523282
1462.5 0.001140219428627362
1463 0.001043874239536159
1463.5 0.001123969342290963
1464 0.0009396720395478895
1464.5 0.001151779616950152
1465 0.000857746788219561
1465.5 0.0008864662650544538
1466 0.0009005040263916556
1466.5 0.0007974635679589246
1467 0.000818853638588125
1467.5 0.00087674543720191
1468 0.0008104371783095081
1468.5 0.0007442190082312528
1469 0.0007874602712239195
1469.5 0.0006120523833365812
1470 0.0005679477996965856
1470.5 0.000676708106466733
1471 0.0006108047824038871
1471.5 0.0006539890318169434
1472 0.0005736671208715595
1472.5 0.0005877909567944197
1473 0.0006309024982199335
1473.5 0.0005435124180466019
1474 0.0005721114141411611
1474.5 0.0004704053918553359
1475 0.0004556223261688972
1475.5 0.000476995186036948
1476 0.0004261159443170073
1476.5 0.0003680880867771365
1477 0.0004760268319925318
1477.5 0.0004108358794547424
1478 0.0004033551878190637
1478.5 0.0002951139147597792
1479 0.0003668447568536438
1479.5 0.0003522204999676311
1480 0.0002945160140223681
1480.5 0.0003302094489174959
1481 0.0002797711823006682
1481.5 0.0002652448134938885
1482 0.0002937216353846678
1482.5 0.0001861368808653859
1483 0.0002289370932691013
1483.5 0.0002645301090332071
1484 0.0001929054290634967
1484.5 0.0001713560040431404
1485 0.000128430474165572
1485.5 9.982313651143594e-05
1486 0.0001781356644316179
1486.5 0.0001068095093731891
1487 0.0001280852311115855
1487.5 0.000163554453938709
1488 0.0001208068463142252
1488.5 9.231965280372013e-05
1489 8.51609188648322e-05
1489.5 0.0001205636519192877
1490 4.961054423830794e-05
1490.5 7.79071312220181e-05
1491 9.201032263814285e-05
1491.5 2.121891765872244e-05
1492 7.068232749017833e-05
1492.5 3.531748853976108e-05
1493 2.823506969332596e-05
1493.5 4.232425133272316e-05
1494 2.819728439184607e-05
1494.5 2.113381513352188e-05
1495 2.111968116626387e-05
1495.5 1.407037424875508e-05
1496 2.812194098024257e-05
1496.5 7.02578807783241e-06
1497 7.021095616398522e-06
1497.5 0
1498 0
1498.5 7.007046404077145e-06
