33.4 4
33.8 1
34 8
34.4 9
34.6 36
34.8 9
35 34
35.2 77
35.4 142
35.6 1371
35.8 896
36 3216
36.2 19360
36.4 53519
36.6 165621
36.8 320015
37 541043
37.2 813426
37.4 974026
37.6 963108
37.8 1107367
38 1055306
38.2 1185654
38.4 1042420
38.6 1091808
38.8 1035626
39 962694
39.2 1043916
39.4 949536
39.6 974418
39.8 885350
40 746782
40.2 789424
40.4 725327
40.6 728080
40.8 747931
41 724327
41.2 685767
41.4 732869
41.6 743123
41.8 707842
42 549904
42.2 599859
42.4 495573
42.6 468339
42.8 405511
43 330528
43.2 342331
43.4 269889
43.6 240215
43.8 211037
44 205448
44.2 177239
44.4 157647
44.6 132678
44.8 122256
45 113082
45.2 100899
45.4 94681
45.6 90451
45.8 82666
46 74747
46.2 70598
46.4 65724
46.6 62111
46.8 57229
47 54932
47.2 51327
47.4 47706
47.6 44925
47.8 43570
48 42042
48.2 40099
48.4 38565
48.6 37819
48.8 35637
49 35588
49.2 34382
49.4 34478
49.6 32751
49.8 31286
50 29925
50.2 29653
50.4 29074
50.6 28906
50.8 27948
51 28037
51.2 26935
51.4 26289
51.6 25858
51.8 25588
52 25504
52.2 24817
52.4 24020
52.6 24239
52.8 24149
53 23511
53.2 23242
53.4 23219
53.6 23227
53.8 22966
54 22698
54.2 23169
54.4 22573
54.6 22337
54.8 22157
55 21968
55.2 21831
55.4 22305
55.6 22149
55.8 21690
56 21375
56.2 21477
56.4 21793
56.6 21660
56.8 21358
57 21610
57.2 21469
57.4 21673
57.6 21331
57.8 21558
58 21683
58.2 21392
58.4 21353
58.6 21098
58.8 21302
59 21154
59.2 21322
59.4 21259
59.6 21363
59.8 20882
60 20664
60.2 21082
60.4 21117
60.6 21321
60.8 21020
61 21345
61.2 21199
61.4 21250
61.6 20936
61.8 21455
62 20990
62.2 21118
62.4 21019
62.6 21131
62.8 21079
63 21235
63.2 21092
63.4 21366
63.6 21170
63.8 21610
64 21117
64.2 21168
64.4 21305
64.6 21180
64.8 21199
65 21079
65.2 21019
65.4 21194
65.6 21439
65.8 21118
66 21283
66.2 21294
66.4 21111
66.6 21097
66.8 21372
67 21245
67.2 20980
67.4 21279
67.6 21279
67.8 21107
68 21025
68.2 21279
68.4 21151
68.6 21232
68.8 21083
69 21256
69.2 21057
69.4 21442
69.6 21358
69.8 21361
70 21546
70.2 21266
70.4 21240
70.6 20992
70.8 20992
71 21462
71.2 21439
71.4 21079
71.6 21179
71.8 20945
72 21072
72.2 21383
72.4 21293
72.6 21273
72.8 21114
73 21165
73.2 21312
73.4 21076
73.6 21046
73.8 21433
74 21153
74.2 21411
74.4 21455
74.6 21425
74.8 21459
75 21136
75.2 21300
75.4 21526
75.6 20950
75.8 21224
76 21250
76.2 21440
76.4 21192
76.6 21487
76.8 21218
77 21326
77.2 21220
77.4 21021
77.6 21438
77.8 21435
78 21035
78.2 21356
78.4 21311
78.6 21265
78.8 21186
79 21463
79.2 21159
79.4 21155
79.6 21461
79.8 21297
80 21194
80.2 21342
80.4 21212
80.6 21410
80.8 21300
81 21429
81.2 21323
81.4 21546
81.6 21251
81.8 21541
82 21221
82.2 21300
82.4 21116
82.6 21085
82.8 21393
83 21379
83.2 21403
83.4 21404
83.6 21326
83.8 21501
84 21394
84.2 21442
84.4 21072
84.6 21294
84.8 21325
85 21321
85.2 21027
85.4 21425
85.6 21390
85.8 21549
86 21235
86.2 21513
86.4 21271
86.6 21091
86.8 21167
87 21322
87.2 21379
87.4 21320
87.6 21348
87.8 21505
88 21302
88.2 21457
88.4 21157
88.6 21461
88.8 21344
89 21337
89.2 21152
89.4 21482
89.6 21351
89.8 21438
90 21207
90.2 21615
90.4 21219
90.6 21473
90.8 21118
91 21380
91.2 21169
91.4 21302
91.6 21245
91.8 21266
92 21203
92.2 21489
92.4 21271
92.6 21555
92.8 21263
93 21235
93.2 21437
93.4 21398
93.6 21176
93.8 21498
94 21313
94.2 21125
94.4 21225
94.6 21216
94.8 21079
95 21322
95.2 21236
95.4 21496
95.6 21146
95.8 21200
96 21287
96.2 21396
96.4 21230
96.6 21312
96.8 21655
97 21286
97.2 21323
97.4 21186
97.6 21530
97.8 21190
98 21182
98.2 21306
98.4 21515
98.6 21216
98.8 21482
99 21232
99.2 21022
99.4 20965
99.6 21229
99.8 21210
100 21613
100.2 21241
100.4 21111
100.6 21413
100.8 21182
101 21495
101.2 21129
101.4 21072
101.6 21521
101.8 21281
102 21478
102.2 21030
102.4 21333
102.6 21366
102.8 21309
103 21344
103.2 21325
103.4 21171
103.6 21341
103.8 21361
104 21466
104.2 21438
104.4 21266
104.6 21270
104.8 21195
105 21275
105.2 21074
105.4 21251
105.6 21174
105.8 21034
106 21385
106.2 21111
106.4 21089
106.6 21084
106.8 20896
107 21412
107.2 21434
107.4 21164
107.6 21244
107.8 21035
108 21485
108.2 20938
108.4 21467
108.6 21259
108.8 21343
109 21321
109.2 21022
109.4 21236
109.6 21256
109.8 21125
110 21167
110.2 21376
110.4 21237
110.6 21454
110.8 21366
111 21162
111.2 21106
111.4 21252
111.6 21380
111.8 21084
112 21129
112.2 21070
112.4 21320
112.6 21080
112.8 20974
113 21226
113.2 21129
113.4 21362
113.6 21245
113.8 21113
114 21279
114.2 21182
114.4 21264
114.6 21239
114.8 20802
115 21108
115.2 21397
115.4 21206
115.6 21236
115.8 21419
116 21343
116.2 21076
116.4 21188
116.6 21275
116.8 21201
117 21351
117.2 21024
117.4 21354
117.6 21255
117.8 21123
118 21254
118.2 21203
118.4 21182
118.6 21201
118.8 21052
119 21316
119.2 21204
119.4 21055
119.6 20927
119.8 21428
120 21216
120.2 21062
120.4 21195
120.6 21292
120.8 21020
121 21114
121.2 21108
121.4 21151
121.6 21327
121.8 21300
122 21377
122.2 21360
122.4 21090
122.6 21273
122.8 21127
123 21025
123.2 21411
123.4 21013
123.6 21092
123.8 21111
124 21205
124.2 21306
124.4 21023
124.6 21365
124.8 21300
125 21202
125.2 21498
125.4 21150
125.6 21212
125.8 21113
126 21113
126.2 21262
126.4 20971
126.6 21248
126.8 21001
127 21276
127.2 21026
127.4 21071
127.6 21141
127.8 21098
128 21187
128.2 21188
128.4 21296
128.6 21057
128.8 21203
129 21250
129.2 21083
129.4 21155
129.6 21220
129.8 20995
130 21251
130.2 21326
130.4 21445
130.6 21218
130.8 21255
131 21320
131.2 21238
131.4 21056
131.6 21136
131.8 21093
132 21163
132.2 20989
132.4 21028
132.6 21370
132.8 21131
133 21197
133.2 21017
133.4 21095
133.6 21070
133.8 20958
134 21074
134.2 21214
134.4 21281
134.6 21258
134.8 21110
135 21442
135.2 21327
135.4 21263
135.6 21148
135.8 21141
136 21523
136.2 21046
136.4 21194
136.6 21216
136.8 21349
137 21233
137.2 21091
137.4 21187
137.6 21076
137.8 20780
138 21327
138.2 21266
138.4 21099
138.6 21052
138.8 21365
139 20989
139.2 21399
139.4 21546
139.6 21309
139.8 21004
140 20982
140.2 20927
140.4 21469
140.6 21235
140.8 21219
141 21110
141.2 21113
141.4 21307
141.6 21328
141.8 21179
142 21170
142.2 21085
142.4 21165
142.6 21002
142.8 21031
143 21285
143.2 21182
143.4 20987
143.6 21341
143.8 21415
144 21089
144.2 21438
144.4 21265
144.6 21156
144.8 21440
145 21239
145.2 21549
145.4 21236
145.6 21132
145.8 20930
146 21140
146.2 21250
146.4 21183
146.6 21307
146.8 21387
147 21248
147.2 20967
147.4 21110
147.6 21085
147.8 21055
148 21628
148.2 21338
148.4 21342
148.6 21249
148.8 21245
149 21346
149.2 21294
149.4 21432
149.6 21343
149.8 21329
150 21227
150.2 21417
150.4 21155
150.6 21249
150.8 21101
151 21044
151.2 21087
151.4 21202
151.6 21445
151.8 21274
152 21159
152.2 21286
152.4 21199
152.6 21253
152.8 21342
153 21390
153.2 21190
153.4 21356
153.6 21069
153.8 21261
154 21246
154.2 21268
154.4 21100
154.6 21276
154.8 21274
155 21287
155.2 21293
155.4 21061
155.6 21379
155.8 20878
156 21104
156.2 21508
156.4 21142
156.6 21365
156.8 21195
157 21516
157.2 21362
157.4 21051
157.6 21376
157.8 21088
158 21370
158.2 21112
158.4 21112
158.6 21469
158.8 21212
159 21486
159.2 21270
159.4 21187
159.6 21018
159.8 20959
160 21031
160.2 21020
160.4 21192
160.6 21446
160.8 21060
161 21146
161.2 21302
161.4 21073
161.6 21100
161.8 21393
162 21297
162.2 21302
162.4 21115
162.6 21141
162.8 21068
163 21153
163.2 21264
163.4 21332
163.6 21181
163.8 21254
164 20941
164.2 21219
164.4 21521
164.6 21014
164.8 21063
165 21156
165.2 21388
165.4 21509
165.6 21217
165.8 20913
166 21317
166.2 21414
166.4 21325
166.6 21205
166.8 21084
167 21308
167.2 21169
167.4 21342
167.6 21316
167.8 21281
168 21333
168.2 21136
168.4 21099
168.6 21073
168.8 21589
169 21377
169.2 21305
169.4 21249
169.6 21279
169.8 21147
170 21112
170.2 21023
170.4 21246
170.6 21242
170.8 21270
171 21272
171.2 21262
171.4 21292
171.6 21461
171.8 21235
172 21398
172.2 21318
172.4 21349
172.6 21243
172.8 21368
173 21208
173.2 21249
173.4 21256
173.6 21275
173.8 21407
174 21414
174.2 21198
174.4 21166
174.6 21238
174.8 21243
175 21521
175.2 21017
175.4 21383
175.6 21281
175.8 21081
176 20891
176.2 21211
176.4 21102
176.6 21324
176.8 21109
177 21250
177.2 20992
177.4 21192
177.6 21486
177.8 21172
178 21315
178.2 21316
178.4 21200
178.6 21280
178.8 21154
179 21216
179.2 21258
179.4 21102
179.6 21238
179.8 21341
180 21377
180.2 21440
180.4 21282
180.6 21071
180.8 21229
181 21161
181.2 21171
181.4 20989
181.6 21420
181.8 21398
182 21093
182.2 21223
182.4 21000
182.6 21536
182.8 21299
183 21191
183.2 21175
183.4 21177
183.6 21170
183.8 21137
184 21325
184.2 21230
184.4 21153
184.6 21363
184.8 21355
185 21611
185.2 21494
185.4 21486
185.6 21168
185.8 21205
186 21159
186.2 21358
186.4 21321
186.6 21388
186.8 21162
187 21340
187.2 21218
187.4 21262
187.6 21185
187.8 21279
188 21298
188.2 21383
188.4 21090
188.6 20961
188.8 21207
189 21144
189.2 21234
189.4 21397
189.6 21274
189.8 21220
190 21016
190.2 21179
190.4 21062
190.6 21110
190.8 21213
191 21541
191.2 21216
191.4 21279
191.6 21418
191.8 21368
192 21268
192.2 21057
192.4 21200
192.6 21217
192.8 21352
193 21022
193.2 21246
193.4 21144
193.6 21198
193.8 21431
194 21193
194.2 21341
194.4 21166
194.6 21414
194.8 21461
195 21451
195.2 21167
195.4 21265
195.6 21057
195.8 21528
196 21093
196.2 21478
196.4 21126
196.6 21235
196.8 21300
197 21077
197.2 21244
197.4 21194
197.6 21385
197.8 21195
198 21340
198.2 21179
198.4 21240
198.6 21180
198.8 21233
199 21518
199.2 21326
199.4 21251
199.6 21233
199.8 21133
200 21424
200.2 21216
200.4 21149
200.6 20840
200.8 21059
201 21195
201.2 21194
201.4 21284
201.6 21394
201.8 21062
202 21328
202.2 20999
202.4 21088
202.6 21164
202.8 21319
203 21030
203.2 21394
203.4 21314
203.6 21349
203.8 21322
204 21235
204.2 21353
204.4 21368
204.6 21431
204.8 21382
205 21247
205.2 21319
205.4 21096
205.6 21076
205.8 21080
206 21260
206.2 21333
206.4 21084
206.6 21199
206.8 21240
207 21025
207.2 20994
207.4 21290
207.6 21545
207.8 21114
208 21293
208.2 21078
208.4 21146
208.6 21141
208.8 21428
209 21190
209.2 21200
209.4 21274
209.6 21235
209.8 21303
210 21220
210.2 21092
210.4 21330
210.6 21379
210.8 21249
211 21290
211.2 21145
211.4 21179
211.6 21026
211.8 21256
212 21512
212.2 21289
212.4 21517
212.6 21236
212.8 21056
213 21281
213.2 21350
213.4 21303
213.6 20945
213.8 21059
214 21106
214.2 21110
214.4 21025
214.6 21220
214.8 21165
215 21589
215.2 21412
215.4 21249
215.6 20987
215.8 21507
216 21018
216.2 21253
216.4 21202
216.6 20982
216.8 21263
217 21121
217.2 21201
217.4 21064
217.6 20958
217.8 21245
218 20976
218.2 21392
218.4 21271
218.6 20978
218.8 21252
219 21319
219.2 21102
219.4 21196
219.6 21000
219.8 21116
220 21268
220.2 21393
220.4 21247
220.6 21412
220.8 21018
221 21175
221.2 21110
221.4 21374
221.6 21272
221.8 21005
222 21196
222.2 21146
222.4 21330
222.6 21270
222.8 21197
223 21167
223.2 21347
223.4 21325
223.6 21345
223.8 21212
224 21447
224.2 21157
224.4 21278
224.6 21232
224.8 21164
225 21354
225.2 21399
225.4 21198
225.6 21261
225.8 21604
226 21021
226.2 21153
226.4 21306
226.6 21289
226.8 21207
227 21166
227.2 21092
227.4 21242
227.6 21327
227.8 21209
228 20850
228.2 21089
228.4 21119
228.6 21274
228.8 21298
229 21204
229.2 21091
229.4 21460
229.6 21487
229.8 21144
230 21169
230.2 21388
230.4 21286
230.6 20987
230.8 21108
231 21445
231.2 21170
231.4 21327
231.6 21389
231.8 21118
232 21399
232.2 21407
232.4 21338
232.6 21349
232.8 21185
233 21062
233.2 21176
233.4 21159
233.6 21217
233.8 21066
234 21254
234.2 21139
234.4 21359
234.6 21479
234.8 21041
235 21218
235.2 21028
235.4 21063
235.6 21364
235.8 21318
236 21436
236.2 21188
236.4 21312
236.6 21362
236.8 21019
237 21414
237.2 21351
237.4 21316
237.6 21230
237.8 21546
238 21397
238.2 21288
238.4 21242
238.6 21138
238.8 21099
239 21385
239.2 21322
239.4 21335
239.6 21321
239.8 21619
240 21064
240.2 21305
240.4 21195
240.6 21205
240.8 21297
241 21121
241.2 21301
241.4 21001
241.6 21281
241.8 21105
242 21229
242.2 21090
242.4 20984
242.6 21189
242.8 21232
243 21258
243.2 21184
243.4 20922
243.6 21443
243.8 21256
244 21240
244.2 21408
244.4 21152
244.6 21154
244.8 21490
245 21192
245.2 21548
245.4 21264
245.6 21257
245.8 21378
246 21416
246.2 21066
246.4 21232
246.6 21450
246.8 21089
247 21388
247.2 21037
247.4 21325
247.6 21147
247.8 21442
248 20980
248.2 21165
248.4 21191
248.6 21243
248.8 21087
249 21330
249.2 21233
249.4 21410
249.6 20948
249.8 20974
250 20930
