0.5 0
1 0
1.5 0
2 0
2.5 0
3 0
3.5 0
4 0
4.5 0
5 0
5.5 0
6 0
6.5 0
7 0
7.5 0
8 0
8.5 0
9 0
9.5 0
10 0
10.5 0
11 0
11.5 0
12 0
12.5 0
13 0
13.5 0
14 0
14.5 0
15 0
15.5 0
16 0
16.5 0
17 0
17.5 0
18 0
18.5 0
19 0
19.5 0
20 0
20.5 0
21 0
21.5 0
22 0
22.5 0
23 0
23.5 0
24 0
24.5 0
25 0
25.5 0
26 0
26.5 0
27 0
27.5 0
28 0
28.5 0
29 0
29.5 0
30 0
30.5 0
31 0
31.5 0
32 0
32.5 0
33 0.01444842834362684
33.5 0.07010175302387896
34 0.08166611660662441
34.5 0.7667226473767351
35 1.168836571775573
35.5 1.935189416593925
36 3.496519659157697
36.5 6.306726771218573
37 9.527952219494367
37.5 21.85184926187194
38 39.9896275422364
38.5 44.99771344797615
39 44.92717420036059
39.5 65.43830944222677
40 103.3254339152904
40.5 124.339884285328
41 130.2552374156891
41.5 129.1362312207131
42 133.6705194187175
42.5 137.2948974759475
43 131.8910286034522
43.5 125.7499805123468
44 129.206876516426
44.5 121.3774798181131
45 112.1450405347179
45.5 98.14153489393311
46 84.20399281255101
46.5 67.30345541633618
47 52.92977326500851
47.5 45.58686783539607
48 36.16029608445313
48.5 28.9703134858769
49 23.95865948873904
49.5 19.8938804482471
50 16.98049807273344
50.5 14.09781919234939
51 12.47979248588638
51.5 10.99876086958344
52 9.7583156833704
52.5 8.825501049890285
53 8.519732576399024
53.5 7.712560701578171
54 6.388702587102953
54.5 5.736987983807773
55 5.414693006057597
55.5 5.123461239057955
56 4.671131732155986
56.5 4.554320226416384
57 4.242314711111
57.5 4.525778716481018
58 4.546307071687207
58.5 4.422947944917428
59 4.452261818217894
59.5 4.13774990806897
60 4.340055026929491
60.5 4.268615011801425
61 4.651376595762053
61.5 4.609332281197773
62 4.899584584821263
62.5 5.304863682559512
63 5.276493952765187
63.5 5.392735014024854
64 5.627638147704373
64.5 5.574764713465057
65 5.790981376320943
65.5 6.304371032786985
66 6.519853290061614
66.5 7.667476826204255
67 8.846841231613526
67.5 9.859322100637259
68 10.39881884791018
68.5 11.19653815092418
69 12.60135109675643
69.5 13.79533634996073
70 13.53153108094029
70.5 13.23580687635883
71 13.51511318363177
71.5 12.81276366273768
72 12.55954717846749
72.5 12.42283084609179
73 12.92642781104631
73.5 11.34730578265588
74 10.72612956434634
74.5 10.58263780809163
75 9.653191475002568
75.5 9.351859782205734
76 9.229213767922134
76.5 8.18408753746715
77 8.043646465016261
77.5 7.463413992130073
78 7.331829314875793
78.5 7.282134497242058
79 7.412106247501415
79.5 7.807109755157378
80 6.856729684727918
80.5 6.577573844367409
81 6.201645979822911
81.5 6.121047927537461
82 5.990467946683026
82.5 5.728512869681172
83 5.225746321772049
83.5 5.400304342162094
84 5.264848798004671
84.5 5.537676210998889
85 5.847293949034309
85.5 5.744666648379128
86 5.846127921193089
86.5 5.404423784043405
87 4.851888754146292
87.5 4.773990956016978
88 4.691449834514211
88.5 4.554214344906923
89 4.29064147039677
89.5 4.54140514139717
90 4.01128505342258
90.5 4.080429156891336
91 3.773505155644528
91.5 3.347111804869582
92 3.136085656013192
92.5 2.778622109270155
93 2.726994260706237
93.5 2.724903593221584
94 2.571342773337111
94.5 2.598824135680324
95 2.144402915616383
95.5 2.204817253892812
96 2.251908901576661
96.5 2.335080754951995
97 2.23749015493554
97.5 2.290737613384262
98 2.590169628808562
98.5 2.445554629806914
99 2.3855960576255
99.5 2.314001849125146
100 2.358577336084824
100.5 2.333609467328238
101 2.43395609250846
101.5 2.547489777634757
102 2.516526259878204
102.5 2.843974657687767
103 2.800116035837855
103.5 2.937634664278678
104 2.717431976227774
104.5 2.648264838341001
105 2.493232589611631
105.5 2.336772443084794
106 2.365192031810972
106.5 2.412397416098089
107 2.557568685965249
107.5 2.822479925620559
108 2.703327699441368
108.5 2.738614922148573
109 2.692358395909788
109.5 2.708506878026454
110 2.75415941086215
110.5 2.715116492152389
111 2.607703850986128
111.5 2.457808144252176
112 2.471033703637834
112.5 2.498846049744701
113 2.415169817038992
113.5 2.332867819710097
114 2.256756455910646
114.5 2.184282985336019
115 2.109412635205269
115.5 2.243339649761491
116 2.13868200465944
116.5 2.041531068098154
117 1.893086087650469
117.5 1.792674651505496
118 1.71423380158288
118.5 1.762546202164735
119 1.759988145644804
119.5 1.695708891615807
120 1.587638457736292
120.5 1.688269783946875
121 1.643180350716108
121.5 1.814076043251456
122 1.738980568188313
122.5 1.79611307239431
123 1.758659947541839
123.5 1.686678581340639
124 1.644451217169543
124.5 1.640405216780037
125 1.624287228543753
125.5 1.53344928148009
126 1.510401349364039
126.5 1.446372346625904
127 1.39305817656069
127.5 1.408286810816456
128 1.288786756692708
128.5 1.270200800948232
129 1.30481263646231
129.5 1.289126939227026
130 1.325780945318492
130.5 1.317488977132746
131 1.16717049516257
131.5 1.266590475210792
132 1.230825489522712
132.5 1.295940387163496
133 1.264866826782187
133.5 1.193610548966344
134 1.276728176947396
134.5 1.178536981065163
135 1.264790444608895
135.5 1.242618742991189
136 1.198620398945144
136.5 1.222789630832108
137 1.183701098315734
137.5 1.23419630785528
138 1.218659380259358
138.5 1.199212961857889
139 1.149882817363905
139.5 1.15378276184947
140 1.196933604750947
140.5 1.174082423511698
141 1.213255916135978
141.5 1.148116145744473
142 1.242266754523197
142.5 1.232014683226756
143 1.214180942817683
143.5 1.240118555799305
144 1.192823112889735
144.5 1.146905000925327
145 1.136763858747797
145.5 1.134167074051365
146 1.18324941646341
146.5 1.200845503507386
147 1.231281704214008
147.5 1.188234098246822
148 1.201769003559565
148.5 1.135896193731059
149 1.127576798330685
149.5 1.170030336611018
150 1.122382810589621
150.5 1.174678705372368
151 1.170362617371674
151.5 1.108493733723752
152 1.122324696689469
152.5 1.12038976619374
153 1.111062475314816
153.5 1.061766094548412
154 1.124544767255243
154.5 1.086956530860787
155 1.04720945712671
155.5 1.019012377377583
156 1.069386744868127
156.5 1.025946514939901
157 1.112619252164526
157.5 1.004079931146782
158 1.062654007932601
158.5 0.9995921620105915
159 1.114679015584093
159.5 1.037194430394102
160 1.055306997909451
160.5 0.9552898501044002
161 1.048308419086611
161.5 1.020110088138887
162 0.998834319642785
162.5 1.03261949583683
163 1.009712337117973
163.5 1.035330036269403
164 1.050671917211203
164.5 1.028013799142973
165 1.000409178512723
165.5 1.021947157524555
166 0.9889633554752173
166.5 1.002329959917619
167 1.051626336584846
167.5 1.01619501183415
168 0.9923158471461576
168.5 1.00306078679356
169 0.9800563051499229
169.5 0.9611390088216396
170 0.9995932672650829
170.5 1.02675553427988
171 1.010536152646684
171.5 0.9853938904625844
172 1.013179920839959
172.5 0.975588472006949
173 1.026735374536651
173.5 0.9669883866650443
174 1.034716207102107
174.5 0.9915910548076386
175 0.9730885568979935
175.5 1.014550082999077
176 0.9955870155530374
176.5 1.0202590086348
177 1.025552017236429
177.5 0.9868217515327988
178 1.01207492091072
178.5 0.996042673896063
179 0.9836109967796854
179.5 1.01525250956308
180 0.995051219668628
180.5 1.009346686854095
181 1.04796332631084
181.5 0.9786720554079806
182 1.010828168581515
182.5 0.9816762719544716
183 0.9894746576439276
183.5 1.028948564547769
184 0.9578352900182556
184.5 0.981308908241363
185 1.00727350122616
185.5 1.007795118591874
186 1.00966098378383
186.5 1.007421077252014
187 1.003840805230739
187.5 0.9608995466510816
188 0.960246946344901
188.5 0.9790717544987863
189 0.9805055128854918
189.5 0.9753381673974046
190 0.985030607579883
190.5 0.9967758319057035
191 0.9618040837599707
191.5 0.986821874095049
192 1.041017022544632
192.5 0.9787188440442086
193 0.966895775702807
193.5 1.005188994015409
194 0.9899806963541402
194.5 0.935402943689388
195 1.001783916546838
195.5 0.9871977195850552
196 0.9915877089414183
196.5 0.9987727620296619
197 1.001007026026736
197.5 0.9862639333410045
198 1.015403436371553
198.5 0.9679659522512586
199 0.9869472172436236
199.5 0.9978196189399092
200 0.9900832479862413
200.5 1.003155689054056
201 0.9709092793807238
201.5 0.9695845634775538
202 0.9902406916289174
202.5 0.9558112999683757
203 0.9919631957876345
203.5 0.9931737770990948
204 0.9856646573771751
204.5 0.977840775071379
205 1.014635508469438
205.5 1.015292884139243
206 0.9992469169204207
206.5 1.008804211002401
207 0.9866780428646009
207.5 0.9870448122451961
208 1.035766363530072
208.5 0.9613121696312655
209 1.010749610498483
209.5 1.017402556766091
210 0.9868748344112438
210.5 1.010954838063401
211 1.008643156770115
211.5 1.007397243984472
212 0.9774446644192173
212.5 0.9934084200340745
213 0.9835478826989911
213.5 1.028998414246136
214 0.9767823447339068
214.5 0.9978819859574707
215 0.9833748800190296
215.5 0.99406331920821
216 0.9753023586307928
216.5 0.9771807258054873
217 0.9940677639570528
217.5 0.9489246694484574
218 0.9902661045457669
218.5 0.9735451477293855
219 0.9901009881157751
219.5 0.9855954149474251
220 0.9853466919644919
220.5 0.9592007283764555
221 0.9977118861172222
221.5 0.9720463266784831
222 0.9941711302608719
222.5 0.9944753452497402
223 0.9862239940311576
223.5 0.9862261206993153
224 0.9780652438637567
224.5 1.01367348375817
225 0.9790255045641553
225.5 0.9929448161624913
226 0.9592906645739058
226.5 0.9884902295044302
227 0.9777281097790225
227.5 1.009308126222746
228 0.9843041838279804
228.5 1.008629791790311
229 0.9703257107935007
229.5 0.9947806796527089
230 1.00711663604132
230.5 1.006009717057875
231 0.9981210192485076
231.5 1.004970692027963
232 0.9807651893975425
232.5 0.9672370303751116
233 0.968886763295305
233.5 0.9771509805003615
234 1.023266478160795
234.5 1.03092496385729
235 0.9655712641373373
235.5 0.9830370902658463
236 1.007408987548541
236.5 0.9910574742917824
237 0.9986454562487733
237.5 1.00839239544107
238 0.9899933319252021
238.5 0.9830806430636806
239 1.017260061198372
239.5 1.012742755082936
240 0.9757475173836948
240.5 1.02147623740591
241 0.9706467644226016
241.5 0.9617755939120551
242 1.004553847502866
242.5 1.000683190368779
243 0.9848450434573118
243.5 0.9956653344276623
244 0.9828675886158567
244.5 0.9812206172110276
245 0.975122683786753
245.5 0.9964778630505462
246 1.002831374581442
246.5 0.9705417520146754
247 0.9663585083002099
247.5 0.99019895581656
248 0.9926058995982927
248.5 1.032185954788939
249 0.9861718243204247
249.5 0.9685741824734091
250 1.000703926450933
250.5 0.9806653796812903
251 1.022216271840067
251.5 0.9952703374710742
252 1.029233465429498
252.5 0.9718549143014771
253 1.019884239658545
253.5 0.998480947448975
254 1.00821122232176
254.5 0.9736449770159638
255 0.9678947153377707
255.5 0.9595306610189231
256 1.008605284065959
256.5 1.003481172998577
257 1.004583041560145
257.5 0.9914309150619113
258 0.9965742890081699
258.5 0.9929582633330371
259 0.9797458561046742
259.5 0.9881240027116108
260 1.005508020325823
260.5 0.9831027014596743
261 0.9851140405804979
261.5 0.9935454521764525
262 1.016804461221752
262.5 1.011792888798547
263 0.9983954015266101
263.5 1.007300418498635
264 0.9714310494160361
264.5 0.9981238505156623
265 0.9840543188834848
265.5 1.002895900194422
266 1.02470223941848
266.5 0.9900666144129603
267 1.017703077160468
267.5 0.9749820142779078
268 0.9809864063779062
268.5 0.9738441820893008
269 0.9671831165641779
269.5 0.9928435216819266
270 0.9911122391884041
270.5 1.00099897923276
271 1.008877872542329
271.5 0.9761353073061353
272 1.022740507190773
272.5 0.98318095087232
273 0.9673380677611741
273.5 1.023542620396794
274 0.9975951182689258
274.5 1.003778554245934
275 0.966842589784809
275.5 0.9871761921217689
276 0.9838092590127665
276.5 0.9886924451755325
277 0.9808200404525105
277.5 0.9983342617761584
278 1.000243321832306
278.5 0.9861062473593152
279 0.9629679533025359
279.5 1.008468773465416
280 1.021327148654858
280.5 1.022088820266807
281 0.9644533146294327
281.5 0.9856516712519475
282 0.9863145371718606
282.5 0.9822347778357761
283 0.9909476110771943
283.5 1.000180226681038
284 0.9851518703426735
284.5 0.9923838617992925
285 1.006532750636199
285.5 1.000693907929748
286 0.9762307168567401
286.5 0.990270034221028
287 0.9851034184006495
287.5 0.9679741229571386
288 0.9642366225856431
288.5 1.011749405682941
289 0.973588213663287
289.5 0.9925688978478211
290 1.002806827335121
290.5 0.9950695061830107
291 1.007074957627522
291.5 0.969181439024402
292 0.9918848430272657
292.5 0.9833473040113717
293 0.9803605919201779
293.5 0.97446602239004
294 0.9866272674216325
294.5 0.9865454392123625
295 1.005081155227341
295.5 1.017539566351285
296 1.001174864740672
296.5 0.9850936464260422
297 0.9983685609787587
297.5 0.9939488608383934
298 0.9874270108574648
298.5 0.9800603069783702
299 0.9757292698813909
299.5 1.000890580440881
300 0.9898647155075438
300.5 0.9785581416024131
301 1.00031776211485
301.5 0.9942332577016315
302 0.9904262656737589
302.5 0.9902499034426752
303 1.014748206150021
303.5 0.9960339433296699
304 1.00212426649184
304.5 0.999005616902199
305 0.9952254505259608
305.5 0.9880929039668777
306 0.9976373133611711
306.5 0.9918726919665376
307 0.9968247406522905
307.5 1.019710766035377
308 1.00910477344851
308.5 1.004348496355015
309 0.9889063283346847
309.5 0.9995114280094857
310 0.9933426792351079
310.5 1.004507853257515
311 0.9934719969101048
311.5 1.001636143712806
312 0.9819414260994366
312.5 0.9963637665284136
313 0.9920588013124247
313.5 1.004105734861247
314 0.9849520975845457
314.5 0.9810273992949652
315 0.9836241018483082
315.5 0.99726433662078
316 0.9777236238466471
316.5 0.9875168615765343
317 1.015876244850363
317.5 0.9937928750881692
318 0.9846020115321248
318.5 1.01377518948117
319 1.001940952437952
319.5 0.9823147870930372
320 0.9817059419981774
320.5 1.009433782455957
321 1.016522463578164
321.5 0.975306812235658
322 1.006728148844901
322.5 0.9872704076003517
323 1.003068036104633
323.5 1.006885802342577
324 1.007227885354069
324.5 0.9812645336321487
325 0.9979108486166944
325.5 1.002421274578541
326 1.01400583532566
326.5 1.007655361015487
327 0.9901557438966477
327.5 0.9830271155487048
328 0.9689172399115001
328.5 1.00592102452113
329 0.9746652323605253
329.5 0.9967811621562064
330 0.9797479259813364
330.5 0.9812511976473554
331 1.000979720059886
331.5 1.00397599762551
332 0.993245818042229
332.5 1.001931078542514
333 0.9956610035025387
333.5 0.983482360922292
334 0.9748982347739342
334.5 0.9905481501380209
335 0.9996509981205143
335.5 1.000727424464629
336 0.9912008855201508
336.5 1.001597262833151
337 1.012758888323332
337.5 0.9919410438483525
338 0.9967211186579527
338.5 0.9919936210006211
339 1.002624068604112
339.5 0.9887520937249086
340 1.004629344455825
340.5 0.9783388081611457
341 0.9853497365084457
341.5 0.9861092531616071
342 0.9805375421514486
342.5 0.993906531277007
343 0.9971629814453081
343.5 0.9865278098605532
344 0.9847257865801495
344.5 0.9992371015381415
345 0.9832556984807165
345.5 0.9847616360110846
346 0.9901976845569799
346.5 0.9963845868171874
347 0.999656913241566
347.5 0.989746162118552
348 0.9928806196225892
348.5 0.978503555391369
349 1.00050452312209
349.5 0.968017286690493
350 0.9937679731678689
350.5 0.9963139588942209
351 0.9992245530444087
351.5 1.00326071307321
352 0.9814913320420185
352.5 1.001881884771596
353 1.000939747703968
353.5 0.9979843247314896
354 0.9818580772268454
354.5 0.9984968540129574
355 1.010543428252337
355.5 0.9836743337785955
356 0.9946938501394365
356.5 0.9999528042943234
357 0.9777711920248908
357.5 0.9922736019376961
358 0.9995707358687218
358.5 0.9656885233604422
359 1.002677833218083
359.5 0.9940469286975356
360 1.005735029738276
360.5 0.9896293876227351
361 0.9922022814075306
361.5 0.9794661740413514
362 0.989369593125724
362.5 1.01370299704109
363 0.9903740882813312
363.5 0.9856270477859655
364 0.9959840049216597
364.5 0.9987010884410188
365 1.003997832998672
365.5 0.9979549392578745
366 0.9895921166488711
366.5 0.9596005182699763
367 1.010023761248866
367.5 0.9736081563208955
368 1.001637316259993
368.5 0.9977623062621849
369 1.006038077620031
369.5 0.9898336309079824
370 0.9895738071151567
370.5 0.9912603718269686
371 0.9984213436684922
371.5 0.9999538641470209
372 0.9910140917409758
372.5 1.00332364667554
373 0.9911358689982767
373.5 0.996717608682975
374 0.9918046144911949
374.5 0.9813049072207407
375 1.024676065234118
375.5 1.009450875195841
376 0.9779427349945115
376.5 1.002874720099357
377 1.012061734467199
377.5 0.9755966119901992
378 0.9885442485594182
378.5 0.9986743868202839
379 1.008090426163333
379.5 0.9894851834270574
380 1.013252170341298
380.5 0.9870079789896475
381 0.9856114223051936
381.5 0.9800025641776897
382 0.9958769638572971
382.5 1.006610503951282
383 0.9725558622195446
383.5 0.9952696769862993
384 0.9925728109584013
384.5 1.007127929679108
385 0.9914570502573653
385.5 0.9965099556993217
386 0.9898115012737451
386.5 0.9882001609292859
387 0.986698895463286
387.5 0.9848877235806327
388 0.9837097037674374
388.5 0.9931677462409736
389 1.009644573501996
389.5 0.9629760194763139
390 0.9910253945186609
390.5 0.9965374239117101
391 0.9914173929068846
391.5 0.9749254180948796
392 0.9957858807781179
392.5 0.9789517413192866
393 0.9895022274167795
393.5 0.9732711442087407
394 0.9979662999452453
394.5 0.9938205915806261
395 0.9775912648065131
395.5 0.9878959922174069
396 0.9854028802969392
396.5 0.9843203619003721
397 0.9969170791234602
397.5 1.001779644603102
398 0.9859539128784428
398.5 1.004288381893209
399 0.9971277867952402
399.5 0.9796483485378322
400 0.997557058757691
400.5 0.9781956274073292
401 0.9793781985702344
401.5 0.994509534651098
402 0.9822034507012377
402.5 0.9914193252610189
403 0.9945798489868672
403.5 0.9872844443265026
404 0.9869630257882454
404.5 0.9916406940067245
405 1.00463787079173
405.5 0.9873299121928661
406 0.9715359321330393
406.5 0.974860589329026
407 0.9874746161746547
407.5 1.002108403740498
408 0.997196215509129
408.5 0.9866476763537234
409 0.9915734369759982
409.5 1.001069871957318
410 0.9894568228810354
410.5 0.9966653588628682
411 1.001320963715308
411.5 0.9988890982772248
412 0.962725276357652
412.5 0.9998774763496775
413 0.9874953437070874
413.5 1.00158080658212
414 0.9909926937777603
414.5 1.001882383736322
415 0.9800101537351185
415.5 0.9943314648023687
416 0.995215819452262
416.5 0.9936441009863339
417 0.9843858333413535
417.5 0.998097202027351
418 0.9634720316039979
418.5 0.9893801725646822
419 0.9929354233977737
419.5 0.9815395061778204
420 0.9959729212794602
420.5 0.9874658245281766
421 0.9947092518879884
421.5 0.9758779682187069
422 0.9974222667114427
422.5 0.9832515421200574
423 0.9885788946293154
423.5 0.9909833153155539
424 0.9751690948208201
424.5 0.9864071867423617
425 0.9940181937047373
425.5 0.9947251554981863
426 1.000541481518544
426.5 0.993612481216423
427 0.9830887231710818
427.5 0.9833732852422091
428 0.9851999203392464
428.5 1.000297817362758
429 0.983946519566872
429.5 1.001018843089529
430 0.9957138690812275
430.5 0.9863556775023157
431 0.9860166239692205
431.5 0.9799300929773765
432 1.000932711070606
432.5 0.9748150542144594
433 0.9865799220688174
433.5 0.991254804055698
434 0.980952752281317
434.5 0.9840303419829
435 0.977861383869073
435.5 1.002579509223169
436 0.9805819575855651
436.5 1.001954937342741
437 0.9985099564431639
437.5 1.004202729551501
438 0.9898549391624659
438.5 1.002982784840158
439 0.988126350820799
439.5 0.9851462162134257
440 0.9903043089398988
440.5 0.9837597831999046
441 0.9969021065329525
441.5 0.9910936677989399
442 0.9942487273262115
442.5 0.980994243010564
443 0.9804647417478696
443.5 0.9906544236772934
444 1.001992964779623
444.5 0.982061020599464
445 0.9820801587797052
445.5 0.9736139834736972
446 0.9967443494374892
446.5 0.9919877016927172
447 0.9926833661398569
447.5 1.009166222077945
448 0.9813578649155584
448.5 0.9846464685960357
449 0.9929910481871875
449.5 0.9657858164388903
450 0.9974405081023858
450.5 0.9908085631732857
451 0.9994427411046578
451.5 0.9946832562017028
452 0.9861686705097032
452.5 0.9952865996244179
453 0.9869567355089223
453.5 0.9964870000322398
454 0.9923085336522106
454.5 0.9929447064401035
455 0.992967670865977
455.5 0.9826745333357969
456 0.9883903174324323
456.5 0.9950602608598774
457 0.9983837765764265
457.5 0.9983075748156779
458 0.9858527223994263
458.5 0.9886435750742991
459 1.004862916270811
459.5 0.9935857079357114
460 0.9986397240132109
460.5 0.9751776226869168
461 1.001567519308134
461.5 0.9912720592424998
462 0.9872846979907877
462.5 1.004055375024159
463 0.9836117618950284
463.5 1.003609281206479
464 0.9880003424340819
464.5 0.9806238607673144
465 0.9884126228998751
465.5 0.992752906556793
466 0.989174550740914
466.5 0.9972497318837091
467 1.004350177166681
467.5 0.9951477508349259
468 0.9861978525829401
468.5 0.9806530764423248
469 0.9860741484022161
469.5 0.992611997269482
470 0.9907148652173373
470.5 0.9861937013607686
471 0.9925412006623557
471.5 0.9940468136952163
472 1.00550208607183
472.5 0.9897027074537976
473 0.9894399379655895
473.5 0.983491554011888
474 0.9772859286081088
474.5 1.002691706152562
475 0.9833569272554996
475.5 0.9893624176625299
476 1.002979355569283
476.5 0.9935992483162522
477 0.9839796335223066
477.5 0.9879237498193895
478 1.004382479865844
478.5 0.9965807745030988
479 0.992444010804459
479.5 0.9944813760030202
480 0.9803913325560136
480.5 0.9987968419159647
481 0.9987616526327028
481.5 1.004425247339096
482 1.004238781946577
482.5 0.9791118638781348
483 1.004401272408017
483.5 0.993440563459753
484 0.989038205702039
484.5 0.9977895244126077
485 0.9933252257337148
485.5 0.9910800366459011
486 0.9985678572392523
486.5 1.002300007943319
487 0.989031103787819
487.5 0.98481855488702
488 0.9922496266357175
488.5 0.983098414112869
489 1.000500233683857
489.5 0.9798081019251639
490 0.9924887799697831
490.5 1.009693666222179
491 0.987079591352925
491.5 1.006110289106221
492 1.004521393750428
492.5 0.983930308353084
493 0.9961777267877419
493.5 0.9871180767411692
494 0.9906657646138728
494.5 0.9970926250326267
495 1.001693483254379
495.5 0.9896114662444716
496 1.001367949098613
496.5 0.9948841636584371
497 0.995749867024234
497.5 0.9913336493202618
498 0.9750691435911352
498.5 1.001986526189471
499 0.9829814706782588
499.5 1.002077706247072
500 0.9859765856465607
500.5 1.008252890205088
501 0.9848653656464299
501.5 0.9994187208969261
502 0.998552701901917
502.5 0.987593496600407
503 1.001240466963528
503.5 1.002169966989315
504 0.9891567892058046
504.5 0.9962845735120661
505 1.000297341643591
505.5 0.9948712788350855
506 1.001755422431546
506.5 0.9861628180082802
507 0.9971342958523665
507.5 0.9934599223955974
508 0.9860788642120112
508.5 0.9840797752873413
509 0.9780783654467374
509.5 1.001556140169548
510 0.9827156031663804
510.5 0.9804896648970808
511 0.9909244988982787
511.5 1.009014488030682
512 0.9935998495850918
512.5 0.9914224451760408
513 1.002225625773067
513.5 0.9980669733583597
514 0.988800820430584
514.5 0.9854533303160325
515 0.9843119759877472
515.5 0.9906927957530695
516 0.997224331535393
516.5 0.9885117837169102
517 0.9840694384715662
517.5 0.9896303657022011
518 0.9886003943062426
518.5 0.9894453945008276
519 1.005005525340108
519.5 0.9866892601519819
520 1.000678323237452
520.5 0.9992213328872123
521 0.9962030086843138
521.5 1.003955421769513
522 0.9942953496339738
522.5 0.9883013155140691
523 1.000620839544314
523.5 0.9724148975321042
524 0.993424376676076
524.5 0.9847822374250751
525 0.9999189934662239
525.5 0.9945414785164569
526 0.9979973172357303
526.5 0.9828205598707075
527 0.9959130515628516
527.5 0.9818685227277524
528 0.9854279643739247
528.5 0.9953940820637989
529 0.9927261550644736
529.5 0.9836688615704501
530 0.9960413193525801
530.5 0.9926551231346028
531 0.9948044298222775
531.5 0.993490600969695
532 0.9984064408483339
532.5 1.00979432267172
533 0.9957712945027194
533.5 0.9908651999917136
534 0.9917142380072165
534.5 0.9960280799271284
535 0.9853717075964984
535.5 0.9900070492539342
536 0.9974712717374279
536.5 0.9970888725070376
537 0.996815293735401
537.5 1.000189943734135
538 0.986861639956502
538.5 0.9850841382672076
539 0.9773540362356562
539.5 0.9967342934666388
540 0.9887380591729267
540.5 0.9857785667912415
541 0.9911610193401931
541.5 0.9908339485784619
542 0.9918454259789152
542.5 0.9817847619392172
543 0.9917176115775869
543.5 0.9980967143851478
544 0.9934980826245988
544.5 0.9780352100815396
545 0.9910739444973187
545.5 0.9783126179509231
546 0.9906137163798274
546.5 0.9856409317358189
547 0.9920959245995642
547.5 0.9892873862434994
548 0.9920936746020016
548.5 0.9968231620868904
549 0.9768412891122281
549.5 0.9941363163579013
550 1.001900256317785
550.5 0.9921892758354963
551 0.9988888033890683
551.5 0.9769547387348572
552 0.9854616785114233
552.5 0.9934207907594302
553 1.005002577623526
553.5 0.993891767011402
554 0.9853827094677872
554.5 0.9933805898491365
555 0.9955758678887293
555.5 0.9821588631681063
556 0.987213488207786
556.5 0.9806137116324745
557 0.9954378431993746
557.5 0.987325071830076
558 0.998897330653402
558.5 0.9937803479001452
559 0.9966861844405053
559.5 0.9983737393332711
560 0.9948858336941035
560.5 1.001275287425647
561 0.9876925617878615
561.5 0.9928212877406658
562 0.989012998726143
562.5 0.9939688525830264
563 0.9865451910989729
563.5 0.9834077678736457
564 0.9935362985774319
564.5 0.9826917670293177
565 1.001950449811605
565.5 0.9764640454185092
566 0.9887374285584357
566.5 0.9827764031791878
567 0.9946987143797912
567.5 0.9872794324754272
568 1.003830739963527
568.5 0.9810828965454974
569 0.9875725982185809
569.5 0.9975309658664356
570 0.9834809035758241
570.5 0.9811293019000187
571 1.001176495655409
571.5 0.9978838423514929
572 0.9724796825752215
572.5 0.9890241332723659
573 0.9951102042489182
573.5 0.9797895457584727
574 0.9918847198071306
574.5 0.998263287128035
575 0.983916666280179
575.5 0.993514408107609
576 0.9811671987347221
576.5 0.9941421291775101
577 0.9848110106325264
577.5 0.9998076521082127
578 0.9802759809978548
578.5 0.9859636453615018
579 0.9835105567619203
579.5 0.988326748033289
580 0.9977086023267472
580.5 1.000006163360647
581 0.992552466959951
581.5 0.9836339021142892
582 0.9893768229939391
582.5 0.9963970030715511
583 0.98705037461207
583.5 0.9796752632415066
584 0.9860258023265931
584.5 1.001011580348236
585 0.9938759430902291
585.5 0.9887827262386532
586 0.989662012753969
586.5 0.9909027985993444
587 0.9764752306836277
587.5 0.9943247170664433
588 0.9929984767131006
588.5 0.9808172156852266
589 0.9967954975638701
589.5 0.9875892599569783
590 0.9862324935197587
590.5 0.996836794424384
591 0.9786182725082044
591.5 0.9834853947906371
592 0.9817799077196867
592.5 0.9873844331516625
593 1.005899812195851
593.5 0.9877674427281045
594 0.9836971630619278
594.5 0.9920599563308899
595 0.9923044274699879
595.5 0.9976491765845964
596 0.9889330452361277
596.5 0.990459752204044
597 0.9861084268908042
597.5 0.9892626843718882
598 0.9975529404198634
598.5 0.9925485168852874
599 0.9787450431501942
599.5 0.9919105694247895
600 0.9989556666213539
600.5 0.9849444702208335
601 0.9849180725440955
601.5 0.9913267408846923
602 0.9879440397970227
602.5 0.997184458266542
603 0.9843238123667746
603.5 0.9856743326042411
604 0.9917632807510924
604.5 0.9910706056294012
605 0.9913245799310441
605.5 0.9940225814818815
606 0.9737024038576833
606.5 0.9900202160040671
607 0.9796782153115228
607.5 0.9949919317838418
608 0.9978253134288233
608.5 0.986752513924157
609 0.9812722914450426
609.5 0.989955168327346
610 0.9887558085336735
610.5 0.9979441858728852
611 0.9952578840758339
611.5 0.9928735765601457
612 0.9951587635258876
612.5 0.9843077103566155
613 0.9918726919665376
613.5 0.9899221732157779
614 0.9930267565876717
614.5 0.9933281596460146
615 0.9870127951597326
615.5 0.9956269475378537
616 0.9829400334729177
616.5 0.9860656965265086
617 0.999058100983268
617.5 0.9971519979962454
618 1.004602600251678
618.5 0.9797811264078145
619 0.9915449030697224
619.5 0.9883050601651584
620 0.9943250520841949
620.5 0.9858577078967697
621 0.9832508024229426
621.5 0.9883498949370392
622 0.9891203715756778
622.5 0.9849740036794591
623 0.9934878166573474
623.5 0.9808051890417563
624 0.9814565167532147
624.5 0.9898102884036286
625 0.9906440198091772
625.5 0.989261967066579
626 1.00153451270589
626.5 0.9873491334705556
627 0.9987426063348042
627.5 0.9901986500345703
628 0.9903380556683886
628.5 0.9905155970206874
629 0.9865553224546051
629.5 0.9947564360280642
630 0.9961116720595856
630.5 0.9793336146605826
631 1.000267668748819
631.5 0.9829023504599562
632 0.9851688198541819
632.5 0.9879381910236869
633 0.9853178420024813
633.5 0.9915259366019243
634 0.9874573887405694
634.5 0.9814853735328229
635 0.9918418132162354
635.5 0.9910608976829007
636 0.9951824376990313
636.5 0.9890755369856653
637 0.9906255647825674
637.5 0.9944537463266391
638 0.9905376892832765
638.5 0.9946603536238203
639 0.9916786068507498
639.5 0.9965921364979314
640 0.9936142548021935
640.5 0.993904540116082
641 0.9889464124402537
641.5 0.9979581135808276
642 0.9851426579201625
642.5 0.9748433813969088
643 0.9768671204650033
643.5 0.9888006595297868
644 0.989276575568271
644.5 0.998878751105639
645 0.9970659575378513
645.5 0.9827583288778253
646 1.002728703210146
646.5 0.9914281441591841
647 0.995835166763634
647.5 1.003042087473675
648 0.9941504102056846
648.5 0.9964341799872934
649 0.9889224912000866
649.5 0.9975456510427022
650 0.9928460674772754
650.5 0.9915062916812172
651 0.9913946405581768
651.5 0.9829785402444702
652 0.9706637111773772
652.5 0.9912764890219252
653 0.9986887485676048
653.5 1.008693038375289
654 0.9961152189490796
654.5 0.9930144318705082
655 0.9987238625064292
655.5 0.9771704004799013
656 0.9933778298549264
656.5 0.9984365675075767
657 0.9949490637883835
657.5 0.9971124327262887
658 0.9833143869206222
658.5 0.9936145809404809
659 0.9987376241639281
659.5 0.9959576569729233
660 0.9948104125295675
660.5 0.9955409521788532
661 0.9824756009327343
661.5 0.9804875341643872
662 0.9844642727418246
662.5 0.9963146677744923
663 0.979349090667212
663.5 0.9902399961493148
664 0.9931030692899951
664.5 0.989007874077543
665 0.9779857796838809
665.5 0.9895550051910226
666 0.993461666812459
666.5 0.9895631028589064
667 0.9889642282246134
667.5 0.9928862187792228
668 0.9925640339500679
668.5 0.9849183651176505
669 0.9957863555032453
669.5 0.9853833271738593
670 0.9872780387117996
670.5 0.9883960351562994
671 0.9950311480926591
671.5 0.9822091973479736
672 0.9870197794226249
672.5 0.9903189716906229
673 0.9853046325519099
673.5 0.9794715861095519
674 0.985465659732402
674.5 0.9876365681292594
675 0.9902834345284555
675.5 0.9854386989429418
676 0.985668628707379
676.5 0.988853530087794
677 0.998481951370538
677.5 0.9950205311118686
678 0.9964286925144853
678.5 0.992807433203868
679 0.9858512264058896
679.5 0.9844009121830758
680 0.9953398236918212
680.5 0.9963240860405194
681 0.9902474266125454
681.5 0.9805964614641282
682 0.9939082878451883
682.5 0.9848861123251875
683 0.9907976231913465
683.5 0.9957477499005728
684 0.997857367717644
684.5 0.9962657835202872
685 0.9915927812548034
685.5 0.9847224229579141
686 0.9904425630148322
686.5 0.9825568034029493
687 0.9918284965923668
687.5 0.9855927198023272
688 0.9862548638885038
688.5 0.9901337228575343
689 0.9846535694737665
689.5 0.9931549197646006
690 0.9965081028599436
690.5 0.9817002354658139
691 0.9866399459178117
691.5 0.9820547543777928
692 0.9886862333527847
692.5 0.9875543348552831
693 0.9773821187008527
693.5 0.9993322541091774
694 0.9871448675627582
694.5 0.9846801161704825
695 0.9839153115715792
695.5 0.9854611589493869
696 0.9801155684739475
696.5 0.995996422725597
697 0.99272184814977
697.5 0.9849601685248944
698 0.9894918684292351
698.5 0.9916231652907527
699 0.9861474840426804
699.5 0.9779531104559367
700 0.9822722728190874
700.5 0.9901052692751248
701 0.9851392072663098
701.5 0.985110245165347
702 0.9854315760852068
702.5 0.995283937943372
703 0.9902710465673117
703.5 0.9887367433299936
704 0.9804754269241074
704.5 1.000356222219918
705 0.9857367962594149
705.5 0.9810524073237459
706 0.9820308632308171
706.5 0.9938178722081557
707 0.9890445206618534
707.5 0.9881185774531832
708 0.9856875748426279
708.5 0.9860208111734393
709 0.9802484632327204
709.5 0.9812741144831179
710 0.9869778151954275
710.5 0.9927580006294308
711 0.9893079578266251
711.5 0.9872652859249541
712 0.9977355375244109
712.5 0.9812415812899591
713 0.9938245804720417
713.5 0.9898977864495614
714 0.9990982088711409
714.5 0.9862042187042785
715 0.9928276008469664
715.5 0.9837568068274336
716 0.9902097350568831
716.5 0.989165346702027
717 0.9848786445618556
717.5 0.9775160017283839
718 0.982442371041546
718.5 0.9868969065121425
719 0.9936816940635991
719.5 0.9810249525143143
720 0.983669319736474
720.5 0.9930644499167439
721 0.9900834015943016
721.5 0.9835430319629623
722 0.9916891565966298
722.5 0.9881769658432571
723 0.9923491341670335
723.5 0.9892346033911577
724 0.9857074848016544
724.5 0.9903126163650477
725 0.9840977447355848
725.5 0.9926663423213409
726 0.9935981177464381
726.5 0.9868947601566115
727 0.9914619789616951
727.5 0.9955995057118256
728 0.9934604970994841
728.5 0.9923047912763205
729 0.9860589277400725
729.5 0.9889652556794486
730 0.996793519645782
730.5 0.995724305366683
731 0.9881202599910229
731.5 0.9893281349068748
732 0.988711174111795
732.5 0.9818488192535845
733 0.9779912996870157
733.5 0.9850224376759008
734 0.9929972792685257
734.5 0.9917041334232198
735 0.9908213434809305
735.5 0.9867696689444891
736 0.9815081357656137
736.5 0.9933160988065932
737 0.9915052902898057
737.5 0.9900745468654291
738 0.9872023084203915
738.5 0.9875104504407498
739 0.9757161993343152
739.5 0.9965517645790436
740 0.9874762784299242
740.5 0.9856267016251948
741 0.9878503352795759
741.5 0.9859748264367019
742 0.9917625340430412
742.5 0.9894854531823067
743 0.9829953488931311
743.5 0.9916073958812037
744 0.9922079476339634
744.5 0.9915853522891511
745 0.98158005385795
745.5 0.9917580345651639
746 0.9922102403761274
746.5 0.9990697060286459
747 0.9909371653826466
747.5 0.99487778080547
748 0.98660205540985
748.5 0.9959845397598287
749 0.9896909300645443
749.5 0.9994346511662295
750 0.9917528361234891
750.5 0.9916330207993866
751 0.9933538943482839
751.5 0.995542941906064
752 0.9826449178275054
752.5 0.9868134723262993
753 0.9933010682334388
753.5 0.9860804083129362
754 1.003260716321263
754.5 0.9966246724022327
755 0.9968784416598587
755.5 0.9880337648436255
756 0.991655129145561
756.5 0.9952110723146372
757 0.9884053826228028
757.5 0.9901721391407465
758 0.9865659484124804
758.5 0.9880826170823185
759 0.9938552184648273
759.5 0.9980842682477112
760 0.9883539962448372
760.5 0.9898297311313691
761 0.9860570519013232
761.5 0.9944493124019285
762 0.9960712817852829
762.5 0.9965244531534317
763 0.9929215168990613
763.5 0.9929980333621725
764 0.9985456467130212
764.5 1.001924210751585
765 0.995157083153118
765.5 0.988648432846517
766 0.9991571475212372
766.5 0.9927924623805437
767 0.98451781172379
767.5 0.9944541308185503
768 0.9995086562295578
768.5 0.9891503293066094
769 0.9824366394238454
769.5 0.989663510410947
770 0.9842918092624647
770.5 0.9869902769789236
771 0.9912955363072485
771.5 0.993156804443282
772 0.9948276163180747
772.5 0.9881614763759989
773 0.9898590985262413
773.5 0.9839775933513534
774 0.9954449221931966
774.5 0.9891762784115395
775 0.9936111944805249
775.5 0.9905251192208463
776 0.9873416536405695
776.5 0.9970306434356478
777 0.9963733627201286
777.5 1.000974687019405
778 0.9939956025120837
778.5 0.9955230553054157
779 0.9992237436343077
779.5 0.9921417925000952
780 0.9930167555671456
780.5 0.9999067518068318
781 0.9947059329949124
781.5 0.9935365744704491
782 0.9962288496823851
782.5 0.9980911355486711
783 0.987706108265756
783.5 0.9986207406866715
784 0.9950179225153071
784.5 0.9882788585078726
785 1.006502313277646
785.5 0.9902268187301367
786 1.000224466625635
786.5 0.9967147502186243
787 1.004594054023143
787.5 0.99030316797274
788 0.9943681074154812
788.5 0.9951826141320925
789 0.9894227079861441
789.5 0.9956671049813584
790 0.9919364636324598
790.5 0.9905561420756478
791 0.9927494675890075
791.5 0.9839106351698139
792 0.9849764509881864
792.5 0.9904480231851812
793 1.000558895577885
793.5 1.001172548872352
794 0.9919504633927979
794.5 0.9936187309465104
795 0.9939874719201806
795.5 0.9889590487875322
796 0.9988420370166633
796.5 0.9881886452344776
797 0.9751336999306918
797.5 0.9885075218904507
798 0.9922108369099132
798.5 0.9950650738339948
799 0.9952002783941111
799.5 1.003728307831801
800 0.9940414175066472
800.5 0.997293448533409
801 0.9947980752551724
801.5 0.9908875583623454
802 0.9869370921499677
802.5 0.9952849775883106
803 0.9847489150156963
803.5 0.9947588404267093
804 0.997100073218812
804.5 0.9856262754997813
805 1.000305969879101
805.5 0.9906496509420297
806 1.000029402513607
806.5 0.9914843796117708
807 0.9897971102967934
807.5 0.9988995200141308
808 0.9996398804367269
808.5 0.9943599748025406
809 0.9916166530667031
809.5 0.9870304820352195
810 0.9848770189457359
810.5 0.9987999335387776
811 0.9902245361358623
811.5 0.99237359120309
812 0.9875961522726918
812.5 0.9859996750899903
813 0.99200015819787
813.5 0.9885699700868834
814 0.9886144483595427
814.5 0.9916464595032879
815 0.9909275422010334
815.5 0.9966449517740933
816 0.9873660348064798
816.5 0.988493668335915
817 0.9975381395244856
817.5 0.9975425500110201
818 0.9928667527375634
818.5 0.9971028690651024
819 0.9953227982243169
819.5 0.9941789063557775
820 0.9895504239427023
820.5 0.9893263716809675
821 0.991366430708899
821.5 0.9928412342593931
822 1.000738800364311
822.5 0.992335673172717
823 0.9852531005867892
823.5 0.9954027121156434
824 0.9939865029561133
824.5 0.9958133704278623
825 0.9978893726095944
825.5 0.9910470729839044
826 0.9905394676064179
826.5 0.9967121234190393
827 0.9841193991906317
827.5 0.991891915657391
828 0.9835797563046196
828.5 0.9888112550684883
829 0.9985626180680915
829.5 0.9884409044017111
830 0.989922627090228
830.5 0.9933391121712182
831 0.9895466433631273
831.5 0.985921877735251
832 0.9956022315875327
832.5 0.9903428654932362
833 1.000242695997448
833.5 0.998386201489089
834 0.9929819041353076
834.5 0.9827998806749331
835 0.9906726298227069
835.5 0.9867824499564209
836 0.9886417140821095
836.5 0.994565836233005
837 0.9907277347719347
837.5 0.9956467859877903
838 1.002368265108453
838.5 0.9825090331636186
839 0.992425135151873
839.5 0.9854162904641131
840 1.001859918664777
840.5 0.9844983052471861
841 0.9904245736194232
841.5 0.9928253367934408
842 0.995974277040992
842.5 0.9951471359452656
843 0.9888524779150533
843.5 0.9913072926462841
844 0.9918339100483637
844.5 0.9965945316007022
845 0.994423853457011
845.5 1.000137213577661
846 0.9892604002718502
846.5 0.9938012010012834
847 0.9924966352685634
847.5 1.002213325437949
848 0.9957148626371176
848.5 0.9971424172356997
849 0.9896815312145966
849.5 0.9942511187346302
850 0.987637347793873
850.5 0.9977875030574775
851 0.9997874253136476
851.5 0.9896294192240049
852 0.9911343107434341
852.5 0.986681217064233
853 0.9913635106835053
853.5 0.9927942501630795
854 0.9980395765146027
854.5 0.9982295157994936
855 0.9855256519145129
855.5 0.9928444155263016
856 0.9977618635257866
856.5 0.9951173386554483
857 0.9943635567740173
857.5 0.9900373318139498
858 0.9920470437417752
858.5 0.9951615268092138
859 0.9935555550211643
859.5 1.003198453173413
860 0.9916930605764768
860.5 0.9920283921993068
861 0.9936994342680199
861.5 0.9872250910823914
862 0.9895529347716185
862.5 0.9944551368748125
863 0.9972115438236919
863.5 0.9920265461089983
864 0.9890027937343114
864.5 0.9973120024550632
865 0.9879160503913427
865.5 0.9953238111960606
866 0.9856358063727239
866.5 0.992818232511287
867 0.9986856566496622
867.5 0.9923287093599206
868 0.9808901009516557
868.5 0.9882509321488425
869 0.9845512354899206
869.5 0.9781122372218842
870 0.9813953216934296
870.5 0.9785240771310239
871 0.9827726529693802
871.5 0.9700234121856494
872 0.9687664705892504
872.5 0.9682971909458726
873 0.9632451065606255
873.5 0.973917622237875
874 0.9660268678774639
874.5 0.9678029488869537
875 0.9589905896322698
875.5 0.9585524192824791
876 0.9584426894566721
876.5 0.9551580786761363
877 0.9651571511375912
877.5 0.9569669584494016
878 0.958755248225758
878.5 0.9483674829038005
879 0.9496918677260027
879.5 0.9495887439508719
880 0.9522078670182264
880.5 0.9473924480097772
881 0.9473918090188004
881.5 0.9402426603443742
882 0.9419074460138992
882.5 0.9369008171570343
883 0.9393312623195401
883.5 0.9360107365826089
884 0.9338246602807283
884.5 0.926071934832816
885 0.9293249033762429
885.5 0.9294796972171074
886 0.921956757015634
886.5 0.9226989444713087
887 0.9207590503982208
887.5 0.9270930665716031
888 0.9251713757561735
888.5 0.9119922896465836
889 0.9180542459232703
889.5 0.921874720756057
890 0.9270765188189244
890.5 0.908733704372702
891 0.9191103100238017
891.5 0.9013509166029117
892 0.9066291998385162
892.5 0.9055939003954171
893 0.8987594836463713
893.5 0.9058344716761026
894 0.8947025412691988
894.5 0.9022960776493114
895 0.9032328400383479
895.5 0.9034409776740551
896 0.884637121518884
896.5 0.8888189780663213
897 0.8908203294888745
897.5 0.893773811016225
898 0.8907495742325215
898.5 0.8970672342164672
899 0.884135564178273
899.5 0.8791857894708816
900 0.8802293990837328
900.5 0.8713549385415484
901 0.8796139480143432
901.5 0.8768766886169772
902 0.8860771577386457
902.5 0.8732152781983861
903 0.8766866683287803
903.5 0.8703581912946867
904 0.8692994040123604
904.5 0.8738197938655532
905 0.8648627128723685
905.5 0.8692618229933144
906 0.8709862520986329
906.5 0.8641091055517404
907 0.8644381277055108
907.5 0.8666382255805056
908 0.8552258311900245
908.5 0.8639498351060635
909 0.8505840393384962
909.5 0.8511517675014697
910 0.854263805628288
910.5 0.8500992839371161
911 0.8457537994310445
911.5 0.8495985709162068
912 0.8436163337524751
912.5 0.8436558005328074
913 0.8357101826639012
913.5 0.8396979435502432
914 0.835634112122063
914.5 0.8413243141907712
915 0.8363644955199946
915.5 0.8360706909507238
916 0.8353457234270114
916.5 0.8343595921911821
917 0.8374729443864108
917.5 0.8310091404140565
918 0.8273408685580111
918.5 0.8280443034032203
919 0.8218898052068523
919.5 0.8234154964304743
920 0.8207361097390778
920.5 0.8169664549158278
921 0.8193814412034767
921.5 0.8216239432083416
922 0.8163648914585409
922.5 0.8125404162125894
923 0.8089453755183614
923.5 0.8124974355779356
924 0.8101071596035063
924.5 0.803653147103188
925 0.7989044269697724
925.5 0.8043421602175952
926 0.8121898329415295
926.5 0.8033216567408852
927 0.7953327072131254
927.5 0.7995967186838651
928 0.7973467516858822
928.5 0.7940608638699298
929 0.7883021327381183
929.5 0.7896396682135566
930 0.7912467536701607
930.5 0.7838181753577609
931 0.7914176504380579
931.5 0.7794342640412989
932 0.7841048706768595
932.5 0.7817623748827304
933 0.7800751591188507
933.5 0.7779758222762555
934 0.7767823626183008
934.5 0.7662760633911759
935 0.7773894379261549
935.5 0.7739697234099224
936 0.7748851352626663
936.5 0.7697701658857548
937 0.7661710585537694
937.5 0.7671800497845449
938 0.7657901193848331
938.5 0.7593829165609383
939 0.7621077334853258
939.5 0.771814129583244
940 0.7559818981942777
940.5 0.7590383328419836
941 0.752065985880958
941.5 0.749900622623088
942 0.7589103077809923
942.5 0.7534645733671529
943 0.7445442483709686
943.5 0.746883840235808
944 0.7520430981256138
944.5 0.7509295942813163
945 0.7446379962458137
945.5 0.7503276346757435
946 0.7381240222416551
946.5 0.7392236604503621
947 0.7393380563376082
947.5 0.738855905174706
948 0.7393898125578225
948.5 0.7382781843474601
949 0.7318573245527393
949.5 0.7308947677918046
950 0.7256101573004378
950.5 0.7313430653337483
951 0.7316006961304197
951.5 0.7273561572170454
952 0.7275645439520442
952.5 0.7235577987462002
953 0.7198016035891277
953.5 0.7175412388135536
954 0.7206272939790271
954.5 0.7133271183076417
955 0.7144953565725415
955.5 0.7089050157098877
956 0.711004320123063
956.5 0.7111726700654649
957 0.7123195433810421
957.5 0.7084008086438495
958 0.7049870468541003
958.5 0.7093553736528497
959 0.7076578095859642
959.5 0.6996911299572471
960 0.7028550846103714
960.5 0.701543642780043
961 0.6958900281123359
961.5 0.6965280314788406
962 0.6987625146662033
962.5 0.694605892665961
963 0.694800984861205
963.5 0.6935546298615591
964 0.6908543805598558
964.5 0.6908486680499705
965 0.6826816412668627
965.5 0.6883887275219772
966 0.6853156949327064
966.5 0.6837140777686381
967 0.6779928967392247
967.5 0.6806205277036442
968 0.6829904919987222
968.5 0.6780079755091017
969 0.6817826244500094
969.5 0.6743501347815852
970 0.6741735096877898
970.5 0.6757509596429507
971 0.6686135527079211
971.5 0.6679088307131242
972 0.6667055875393427
972.5 0.6759523628652706
973 0.6589539201257655
973.5 0.6628263197502035
974 0.6707870599945425
974.5 0.6579541413606229
975 0.657345695921647
975.5 0.6537288529910856
976 0.6556029419829249
976.5 0.6538591839744734
977 0.6557451041553327
977.5 0.6557166504399816
978 0.6437121776435877
978.5 0.653078849829993
979 0.65255968184983
979.5 0.6513196403614742
980 0.6495247634645431
980.5 0.6459820027104721
981 0.6322602462348256
981.5 0.6463976630721974
982 0.6424926122174051
982.5 0.6408119521245881
983 0.6400136743917915
983.5 0.6371996161353372
984 0.6400622598848498
984.5 0.6385843677512242
985 0.6300222268791035
985.5 0.629496502372212
986 0.6221093650895829
986.5 0.6312928331272188
987 0.6298458099450003
987.5 0.6257552206598093
988 0.628523107054812
988.5 0.619530199877191
989 0.6229898551604216
989.5 0.6200302581264637
990 0.6204315668846075
990.5 0.6120752168955819
991 0.6149984740198855
991.5 0.6186357619146862
992 0.6154860099732068
992.5 0.614993813425379
993 0.6135608355814232
993.5 0.612050725701072
994 0.6084094112983122
994.5 0.6027546840025881
995 0.6076320927033084
995.5 0.6054182993672489
996 0.6040809975081654
996.5 0.6018112156069658
997 0.6016984491866378
997.5 0.5966676681749709
998 0.5995295994103658
998.5 0.5970513033984054
999 0.5953344283448033
999.5 0.5943136927983296
1000 0.5974800345773785
1000.5 0.593597811626861
1001 0.5925338674152565
1001.5 0.5905775787017369
1002 0.5834376025977173
1002.5 0.58525112708886
1003 0.5850900615028656
1003.5 0.5813822026387409
1004 0.5839563423193369
1004.5 0.5769349570267038
1005 0.5781057899369219
1005.5 0.5809703411763119
1006 0.5765061763272448
1006.5 0.5748618434338263
1007 0.5738566615955415
1007.5 0.5729461972063525
1008 0.5700860736085931
1008.5 0.567710916008666
1009 0.5692039098170979
1009.5 0.5702304801488587
1010 0.5654397743679827
1010.5 0.5690562008922365
1011 0.5647065976478658
1011.5 0.5648404861887736
1012 0.5651735587538997
1012.5 0.5649224651615576
1013 0.5612983126878088
1013.5 0.561066304777294
1014 0.5557845379229911
1014.5 0.560327662363949
1015 0.5553008442747129
1015.5 0.5587669248844092
1016 0.5534918647942026
1016.5 0.5519881474235209
1017 0.5535144481794138
1017.5 0.5468762845468068
1018 0.5480093219874967
1018.5 0.5476685818970849
1019 0.5420246782538237
1019.5 0.5466552749614938
1020 0.5484333430782644
1020.5 0.547367259559538
1021 0.5380618161060827
1021.5 0.5383193146121809
1022 0.5390129141848482
1022.5 0.533925894851595
1023 0.5369222403825201
1023.5 0.5340546388063696
1024 0.5322427610363539
1024.5 0.532098142943574
1025 0.5341550506358588
1025.5 0.5246723245993995
1026 0.5265525911939031
1026.5 0.5267266488774022
1027 0.5200975570842679
1027.5 0.5234216716896052
1028 0.5189521862932605
1028.5 0.5207978946333793
1029 0.5241852075954226
1029.5 0.5199944742820406
1030 0.5190744763680564
1030.5 0.5165706281424158
1031 0.5160253040991476
1031.5 0.5139872043899271
1032 0.5161928613903205
1032.5 0.5160472631088215
1033 0.5099446826978762
1033.5 0.5132666744636601
1034 0.5066188673114744
1034.5 0.5077024163835834
1035 0.5055522375490391
1035.5 0.5047706551643085
1036 0.499299199680828
1036.5 0.5009705159415691
1037 0.5111832152442241
1037.5 0.4976079896105289
1038 0.4958290119423522
1038.5 0.4969710957347374
1039 0.4991164474214793
1039.5 0.4905257804099346
1040 0.4965277741574217
1040.5 0.4985649490523945
1041 0.4895342409128923
1041.5 0.4947939616992985
1042 0.4892327122829983
1042.5 0.4899217442819583
1043 0.4926341506579499
1043.5 0.4855152311577604
1044 0.4790160330384244
1044.5 0.4853215479624132
1045 0.4825230749249279
1045.5 0.4823783433326002
1046 0.4814571009931602
1046.5 0.4805661328777961
1047 0.4768777315287038
1047.5 0.47252218534963
1048 0.4743206000139623
1048.5 0.474598258692345
1049 0.471386282105826
1049.5 0.4693230184194442
1050 0.4724297562330499
1050.5 0.4693281699607449
1051 0.4698788277259003
1051.5 0.4661732108591063
1052 0.4649908863398455
1052.5 0.4717079054736293
1053 0.4670171447575059
1053.5 0.4612151042358618
1054 0.4621797983190024
1054.5 0.4598455142796138
1055 0.461742276518322
1055.5 0.4637623476539736
1056 0.4531077923817275
1056.5 0.4558930061874967
1057 0.4552223869359116
1057.5 0.4552000423830952
1058 0.4519304855499248
1058.5 0.4521917505761334
1059 0.4465877957075678
1059.5 0.4463486045315343
1060 0.448868356350911
1060.5 0.447144096822597
1061 0.4469743478276749
1061.5 0.4451430093310671
1062 0.4436915926132791
1062.5 0.4402914344282906
1063 0.4439572353915566
1063.5 0.437836175358409
1064 0.4414136165897751
1064.5 0.4345978952702368
1065 0.4385042111722865
1065.5 0.432341146639293
1066 0.4338049204178513
1066.5 0.4318350936951217
1067 0.4281135809549112
1067.5 0.4350443748549781
1068 0.4264983699258209
1068.5 0.4295584871083151
1069 0.4217767234228327
1069.5 0.4252065691819272
1070 0.4244107262760818
1070.5 0.4243164217917024
1071 0.4222330957031168
1071.5 0.4218802432809138
1072 0.4156541051365073
1072.5 0.4174963138232757
1073 0.4196765650468561
1073.5 0.4194632094469551
1074 0.4145849146436592
1074.5 0.4187645816106226
1075 0.4157881908760279
1075.5 0.4134700861514538
1076 0.4087234744641924
1076.5 0.4116296441415008
1077 0.4099181709487297
1077.5 0.4106084586962556
1078 0.4084810196053628
1078.5 0.4071825080046882
1079 0.4047509946175339
1079.5 0.4083052664863409
1080 0.3996716221509423
1080.5 0.4009055967793357
1081 0.4012080527055485
1081.5 0.3941782931805642
1082 0.3996066413738943
1082.5 0.3952227754497933
1083 0.3955689228504347
1083.5 0.4000154738431789
1084 0.3928844454537119
1084.5 0.3905155649312448
1085 0.3953950475447597
1085.5 0.3919462659857073
1086 0.3867293118329085
1086.5 0.3882794627866306
1087 0.389253989996161
1087.5 0.3896145663483782
1088 0.3852024836035116
1088.5 0.3830957471601703
1089 0.3792281242845603
1089.5 0.3788668733409874
1090 0.3787180179430999
1090.5 0.3803687107480023
1091 0.3774953171390189
1091.5 0.3784174090611097
1092 0.3798654467587358
1092.5 0.377856798501928
1093 0.3719794862768552
1093.5 0.3741263731972942
1094 0.3731271405171318
1094.5 0.3729176533714079
1095 0.3710680668117928
1095.5 0.3692741433529353
1096 0.3705746256689361
1096.5 0.3660097268600159
1097 0.3660814758036574
1097.5 0.3639322499726344
1098 0.362700356264936
1098.5 0.3600232115176004
1099 0.3590182768438438
1099.5 0.3582492983043226
1100 0.3607324656124971
1100.5 0.3583780340152624
1101 0.3573516869836087
1101.5 0.3568717195172291
1102 0.352557373002749
1102.5 0.3539204738804409
1103 0.3496163284646465
1103.5 0.3500102428736236
1104 0.3482861379239112
1104.5 0.3497249820316322
1105 0.3484678698660887
1105.5 0.3462086759531919
1106 0.3443393104359518
1106.5 0.3469197170115865
1107 0.3454636714965996
1107.5 0.3467424904007839
1108 0.340995426461942
1108.5 0.3420580041971635
1109 0.3439117171894252
1109.5 0.3394604961213913
1110 0.3368943941864105
1110.5 0.337624557120604
1111 0.3345163130419666
1111.5 0.3332474931804972
1112 0.3349328912740429
1112.5 0.3316061988557906
1113 0.3342677976404309
1113.5 0.3305032482027739
1114 0.3286217833946988
1114.5 0.3284789983556468
1115 0.3246787339477102
1115.5 0.3251970003172199
1116 0.3269143803475247
1116.5 0.3285023334360058
1117 0.3258500889471582
1117.5 0.3278138768234403
1118 0.3185075507567149
1118.5 0.3199081671514357
1119 0.3178882703727168
1119.5 0.317102197197732
1120 0.319816986505857
1120.5 0.3147694186977768
1121 0.3135120538446725
1121.5 0.3145961359137945
1122 0.3142283191930126
1122.5 0.3105268681319914
1123 0.3117974867036164
1123.5 0.308590682305764
1124 0.3098107006033287
1124.5 0.3075692378928117
1125 0.3101304157061259
1125.5 0.3062900932826051
1126 0.3049012377995203
1126.5 0.3021508386474986
1127 0.3042612892616222
1127.5 0.301256177318729
1128 0.3027204096033995
1128.5 0.2999564937696026
1129 0.2983083263243706
1129.5 0.2961079647649936
1130 0.2972630442155543
1130.5 0.2926296079481193
1131 0.2953476543704502
1131.5 0.2950498199897413
1132 0.293057923195621
1132.5 0.2891924316488729
1133 0.2887656433337302
1133.5 0.2908744826371206
1134 0.2896514301504723
1134.5 0.2871223735521777
1135 0.286918313889057
1135.5 0.2850792716070805
1136 0.2850112638753755
1136.5 0.2836276366657452
1137 0.2841085010676552
1137.5 0.2794810682527394
1138 0.2783486076618731
1138.5 0.2783348149472967
1139 0.2783694524920536
1139.5 0.275447205777313
1140 0.27762705091463
1140.5 0.2751337389720493
1141 0.2729710077939618
1141.5 0.2739877540834753
1142 0.2736513698358235
1142.5 0.2742436378012711
1143 0.2707399437103114
1143.5 0.2729700088892126
1144 0.2695214311637241
1144.5 0.2658024972743018
1145 0.2698309580181852
1145.5 0.2633480993757449
1146 0.2653707082122988
1146.5 0.2644210868121704
1147 0.2628989526251495
1147.5 0.2642472066046847
1148 0.2587161997859957
1148.5 0.258490984388801
1149 0.2582660629425086
1149.5 0.2602205573443371
1150 0.2593518670887742
1150.5 0.2569511547975664
1151 0.2548395573897213
1151.5 0.2538588420568106
1152 0.253970498381948
1152.5 0.251108554397325
1153 0.2527845087262877
1153.5 0.2476105970569686
1154 0.2501135459746611
1154.5 0.2475595895210972
1155 0.2457058442893343
1155.5 0.247260914545441
1156 0.2445744772423302
1156.5 0.2469393738499842
1157 0.2458679549577023
1157.5 0.241968053035865
1158 0.2440589308118342
1158.5 0.2420663398213512
1159 0.2399951021671335
1159.5 0.2366868004291181
1160 0.2376053490141051
1160.5 0.235940261323501
1161 0.2351067392287295
1161.5 0.2320352697437393
1162 0.2337933237604196
1162.5 0.2344771177216295
1163 0.2331471529657811
1163.5 0.2313660928949347
1164 0.2307260753937225
1164.5 0.2286715081369426
1165 0.2258900219301109
1165.5 0.226842974264759
1166 0.2218108934412219
1166.5 0.2269398672196551
1167 0.2251857464484198
1167.5 0.2247735840791853
1168 0.2227934827064848
1168.5 0.2221995286009967
1169 0.2208696244055695
1169.5 0.2214400691481886
1170 0.2169635275682468
1170.5 0.2139530623524491
1171 0.2156866372500112
1171.5 0.2163853493811649
1172 0.2117447833899384
1172.5 0.21275452848341
1173 0.2122873050039033
1173.5 0.2153284861267105
1174 0.2093229731319561
1174.5 0.2107074426832651
1175 0.2080209180796556
1175.5 0.2067280816124009
1176 0.2080086062069846
1176.5 0.2095369645554831
1177 0.2053269445685016
1177.5 0.203597904028393
1178 0.2032096745306634
1178.5 0.2012812944762136
1179 0.2047780728713746
1179.5 0.1991532009769736
1180 0.1986906587556478
1180.5 0.200012741231733
1181 0.1982415122495552
1181.5 0.201398847061355
1182 0.1971291456681966
1182.5 0.1929453592016031
1183 0.1930746111475103
1183.5 0.1947650211012195
1184 0.1894263250249812
1184.5 0.1902981681623968
1185 0.1905746077966804
1185.5 0.1913767042337905
1186 0.1887768029738133
1186.5 0.187868894694842
1187 0.1885593685893371
1187.5 0.1851983068274509
1188 0.1853434577259231
1188.5 0.1856108289651094
1189 0.1832065488821888
1189.5 0.180695041072351
1190 0.1826654363282864
1190.5 0.1795922841971666
1191 0.1787870739180623
1191.5 0.1770189238976111
1192 0.1811560029451963
1192.5 0.1758259369603258
1193 0.1754795924494909
1193.5 0.1763156846812415
1194 0.1758148726369982
1194.5 0.1728667371583286
1195 0.1730526566063539
1195.5 0.1698694393209267
1196 0.1720044033317022
1196.5 0.1697394830703227
1197 0.1699491154110983
1197.5 0.1689623584563611
1198 0.1672316959565064
1198.5 0.1651642883415901
1199 0.1646872747730813
1199.5 0.1641125773799441
1200 0.1650138746643736
1200.5 0.1615138515755221
1201 0.1620448113357826
1201.5 0.1607437392811349
1202 0.1610456485712305
1202.5 0.1606179572873357
1203 0.1584731144454406
1203.5 0.1581785174811098
1204 0.1574501894231555
1204.5 0.1572544274592526
1205 0.1548158562467844
1205.5 0.1558892716666793
1206 0.1540832204196155
1206.5 0.1523449641165324
1207 0.1517003602270246
1207.5 0.1494596575111581
1208 0.1501769838475888
1208.5 0.1487276067902174
1209 0.1494227209968905
1209.5 0.1451905465603889
1210 0.1450920726946905
1210.5 0.1438340199659957
1211 0.1447559868464893
1211.5 0.1424496120045013
1212 0.1413895068525193
1212.5 0.1398066793132338
1213 0.1411350919293765
1213.5 0.1399075860628831
1214 0.1413403937547323
1214.5 0.1384505490405473
1215 0.1371322113541318
1215.5 0.1364549793249129
1216 0.1343635651651426
1216.5 0.1344764137043718
1217 0.1321243811170357
1217.5 0.1322069481907946
1218 0.132649941084124
1218.5 0.1303156558783047
1219 0.1316488320692026
1219.5 0.128060087400301
1220 0.1295514095024181
1220.5 0.1278925754056219
1221 0.125687606387328
1221.5 0.1259432736817393
1222 0.1261036499176292
1222.5 0.1233369048350557
1223 0.1279803773142771
1223.5 0.1196457500637474
1224 0.120377704288211
1224.5 0.1207306481733225
1225 0.1214814130575626
1225.5 0.1181031181568077
1226 0.1188023807532109
1226.5 0.1170947654497073
1227 0.1145120064603598
1227.5 0.1168831723460808
1228 0.1163706491008101
1228.5 0.1160674319628083
1229 0.1129833174579541
1229.5 0.1142966005300746
1230 0.1139956929923484
1230.5 0.1117519948271415
1231 0.1091484906611663
1231.5 0.1108858426032763
1232 0.110329369080914
1232.5 0.1097323299983295
1233 0.1082254606467285
1233.5 0.1074965866297711
1234 0.1061902211629679
1234.5 0.1049582074737599
1235 0.1057913691232309
1235.5 0.1048914495036141
1236 0.1038693584533338
1236.5 0.1055760177240324
1237 0.1025909522917884
1237.5 0.1029806914049222
1238 0.1024252826340452
1238.5 0.1020758940767794
1239 0.1003228441974671
1239.5 0.09926899810963606
1240 0.09851357727250271
1240.5 0.09943620956359096
1241 0.09962173053495897
1241.5 0.09647900226195222
1242 0.09736014885604161
1242.5 0.09541668633654943
1243 0.09664345405506844
1243.5 0.09534468754427522
1244 0.09478002655964464
1244.5 0.09458197256867895
1245 0.09431314894247109
1245.5 0.09177272267180062
1246 0.09148625414132569
1246.5 0.09250654782533493
1247 0.091815151708052
1247.5 0.0910237303215877
1248 0.09163776415790112
1248.5 0.0912918374862971
1249 0.08906033307455002
1249.5 0.08776962802870311
1250 0.08762893653309201
1250.5 0.08719664610648198
1251 0.0884038017441403
1251.5 0.08583176040468266
1252 0.08767040604928279
1252.5 0.08447112071261394
1253 0.08560633676517952
1253.5 0.08646934186557349
1254 0.08465938519073875
1254.5 0.08308223684759708
1255 0.08291615007351627
1255.5 0.08425757475123827
1256 0.08224557473957149
1256.5 0.08009722511174404
1257 0.07915720111711751
1257.5 0.08345246008867684
1258 0.08226265507708917
1258.5 0.08100517330999318
1259 0.07924341025837262
1259.5 0.07914083162290478
1260 0.07981143088207747
1260.5 0.07885686435067359
1261 0.07513317035240072
1261.5 0.07655670580959491
1262 0.07611075892897537
1262.5 0.07470795318876158
1263 0.07677938238580101
1263.5 0.07596957584485271
1264 0.07467846736129255
1264.5 0.07399947889004524
1265 0.07495374845907046
1265.5 0.07365660545306077
1266 0.07359843636908778
1266.5 0.07152942928042343
1267 0.07102211285703386
1267.5 0.07145578217349409
1268 0.07102756805953236
1268.5 0.0710498128963577
1269 0.06962593847603726
1269.5 0.06901461338147252
1270 0.07038455703000962
1270.5 0.06976380614291607
1271 0.06741029633681261
1271.5 0.07005313919021579
1272 0.06662362101973952
1272.5 0.06685306828213403
1273 0.06707242519237618
1273.5 0.06676752194939593
1274 0.06691870154709029
1274.5 0.06457049532005392
1275 0.06478119329755699
1275.5 0.06513661152238553
1276 0.06460238490593857
1276.5 0.06230188812466555
1277 0.06333375912993518
1277.5 0.06211761918055687
1278 0.06293604370075723
1278.5 0.06289645288101678
1279 0.06222208364866153
1279.5 0.06142380630717004
1280 0.06214410657644199
1280.5 0.06005164124013807
1281 0.0623827172377405
1281.5 0.06056156054011588
1282 0.06115575685061317
1282.5 0.0586209020794593
1283 0.05836493086016373
1283.5 0.05853914345066748
1284 0.05896120418343374
1284.5 0.05881041166255253
1285 0.05754495601595179
1285.5 0.05774775847687567
1286 0.05678951110342831
1286.5 0.05670735031503147
1287 0.0563023239925551
1287.5 0.05613520757947481
1288 0.05578812718105317
1288.5 0.05615235784769998
1289 0.0533625498907876
1289.5 0.0542863503401213
1290 0.05391334531237747
1290.5 0.05400384604920935
1291 0.0533483892073832
1291.5 0.05230716925604274
1292 0.05289822788508497
1292.5 0.05171765543240888
1293 0.05211058659448476
1293.5 0.05141202333200783
1294 0.05255629659270972
1294.5 0.05176454143750985
1295 0.05073943586127918
1295.5 0.05067215235582308
1296 0.05052064718856486
1296.5 0.0507812267887198
1297 0.04916136043642488
1297.5 0.04882440094741503
1298 0.0479556245260496
1298.5 0.04893586430882429
1299 0.04853454022880226
1299.5 0.047537503979526
1300 0.04738922058757813
1300.5 0.0480598241006817
1301 0.04625665954815054
1301.5 0.0464161903767762
1302 0.04580508324115833
1302.5 0.04684577117993222
1303 0.04656887246604501
1303.5 0.04531078986403856
1304 0.04510949086739479
1304.5 0.04501019462717712
1305 0.04372843849066819
1305.5 0.04548595298535298
1306 0.04360614921927829
1306.5 0.04268786564807146
1307 0.04388024723153516
1307.5 0.04466582750729341
1308 0.04179909585386261
1308.5 0.0431456117215159
1309 0.04190054422623569
1309.5 0.04163916138411641
1310 0.04178158638221392
1310.5 0.04197875193313453
1311 0.04069254665667193
1311.5 0.04044198029374903
1312 0.04044772440196592
1312.5 0.04070919345858835
1313 0.03990241574777072
1313.5 0.03928837157655283
1314 0.04057985144760645
1314.5 0.03890080166353985
1315 0.0398994197830411
1315.5 0.03920536807294482
1316 0.03892119552043708
1316.5 0.03782947043416807
1317 0.037501393908702
1317.5 0.03837939232326856
1318 0.03786116292720398
1318.5 0.03683686217213901
1319 0.03724304993838308
1319.5 0.03609422818623167
1320 0.03607591952049329
1320.5 0.03609372195157941
1321 0.03587705547150361
1321.5 0.03622832260181354
1322 0.03512957073198015
1322.5 0.03443729697858455
1323 0.03523829336515694
1323.5 0.03511286504750784
1324 0.03416184374594625
1324.5 0.03458450691419804
1325 0.03363529926019781
1325.5 0.03343977430939025
1326 0.03339666306990163
1326.5 0.03305852178216812
1327 0.033033614251101
1327.5 0.03322301931558821
1328 0.03326938106747154
1328.5 0.03230825929251934
1329 0.03125949045341468
1329.5 0.03193921509867015
1330 0.03120360638784747
1330.5 0.03126015295787613
1331 0.03132548739237395
1331.5 0.03059196896654301
1332 0.0300103038678619
1332.5 0.03058151610059634
1333 0.02978819419802206
1333.5 0.03039409310699497
1334 0.03079571582900912
1334.5 0.02989796893416279
1335 0.03021988838100441
1335.5 0.03017079885831553
1336 0.02861436333619241
1336.5 0.02902458246745951
1337 0.02836912750030553
1337.5 0.02859419511427585
1338 0.02805428108355127
1338.5 0.02761177173850829
1339 0.02807382408561483
1339.5 0.02785117653288134
1340 0.02702422579070534
1340.5 0.02675889660367764
1341 0.02758766243093208
1341.5 0.02618568630516647
1342 0.02634090991026031
1342.5 0.02620780129656728
1343 0.02641510453291232
1343.5 0.02577653108736722
1344 0.02567024931126867
1344.5 0.02632138041106437
1345 0.02584083668446198
1345.5 0.02492643851228181
1346 0.02482976011410914
1346.5 0.02436005055791683
1347 0.02419454727171486
1347.5 0.02448855153631355
1348 0.02404609638230072
1348.5 0.0239676997575277
1349 0.02369919663517089
1349.5 0.02375939644852285
1350 0.023620932808532
1350.5 0.02367246145963971
1351 0.02354287464844613
1351.5 0.02322396006186036
1352 0.02253537281199496
1352.5 0.02261333032354823
1353 0.0223043852181509
1353.5 0.0221934325320763
1354 0.02245168286733133
1354.5 0.02119157398993307
1355 0.02074744811573564
1355.5 0.02123738915567417
1356 0.02127307314753023
1356.5 0.02104362265823461
1357 0.02035309923137233
1357.5 0.02096140108844577
1358 0.02112513965262041
1358.5 0.02002683037667329
1359 0.02016544604092966
1359.5 0.01986116882892637
1360 0.02006774677864865
1360.5 0.01972147443015395
1361 0.01965602031764964
1361.5 0.01925113089978795
1362 0.01848210798119657
1362.5 0.01909574726133911
1363 0.01898010597807144
1363.5 0.01895772512380955
1364 0.01830954905538301
1364.5 0.01758625995059632
1365 0.01862051889492265
1365.5 0.01855625400121822
1366 0.0180957591435628
1366.5 0.01772019467686355
1367 0.01763987431119313
1367.5 0.01833373916847196
1368 0.01723574874305863
1368.5 0.01671906403273357
1369 0.0174708354021785
1369.5 0.01730707369598037
1370 0.01628008167796852
1370.5 0.01644412267572758
1371 0.01665814565002422
1371.5 0.01624449032768346
1372 0.01604040170159558
1372.5 0.01579484290475608
1373 0.01560806339078759
1373.5 0.01526308245493141
1374 0.01545200188802266
1374.5 0.01580720945193253
1375 0.0156625586741985
1375.5 0.01468648946073142
1376 0.01557331997747772
1376.5 0.01414199582449632
1377 0.0147789822360817
1377.5 0.01441169443013553
1378 0.01425208815382118
1378.5 0.01393538793849682
1379 0.01409904011662623
1379.5 0.01408882157003911
1380 0.01357462618146526
1380.5 0.01325106251797208
1381 0.01404998236014422
1381.5 0.01403156994270826
1382 0.01332940977668598
1382.5 0.0132127508285323
1383 0.01270962133953501
1383.5 0.01304569101081461
1384 0.01309376749721119
1384.5 0.0122388387102778
1385 0.01208235768000459
1385.5 0.01242609384627625
1386 0.01256456297002471
1386.5 0.01190071752372288
1387 0.01190031779716537
1387.5 0.01185905046121331
1388 0.01131964445876479
1388.5 0.01176852354032373
1389 0.01167849864465903
1389.5 0.01102628421058087
1390 0.01063560169601459
1390.5 0.01136035544985482
1391 0.01135218987567124
1391.5 0.01156343775386768
1392 0.01025589033125597
1392.5 0.01124660159506283
1393 0.01077633878632863
1393.5 0.01093876545810197
1394 0.01055036188166088
1394.5 0.01009778306484208
1395 0.01034119237845461
1395.5 0.009921724720950926
1396 0.01022949669783479
1396.5 0.01012535675288323
1397 0.009964927577314467
1397.5 0.008878231183214604
1398 0.009725256839006286
1398.5 0.009710259065667312
1399 0.009502339344328861
1399.5 0.00901354309491547
1400 0.009239909987044536
1400.5 0.008679796089777611
1401 0.009130529031222611
1401.5 0.00889170944463214
1402 0.008693252340910817
1402.5 0.008535071580705798
1403 0.008584943227098204
1403.5 0.008746569943658109
1404 0.008213526210080334
1404.5 0.008111962867731484
1405 0.008345310912537323
1405.5 0.008211934062800819
1406 0.007664858361017243
1406.5 0.007778715180081218
1407 0.007836771936683069
1407.5 0.007767665870140247
1408 0.00757166783193238
1408.5 0.007328359345102843
1409 0.007093319750331377
1409.5 0.007207086260301912
1410 0.007012033540094432
1410.5 0.006738169040953978
1411 0.007183868001685934
1411.5 0.007052420222744077
1412 0.006573915177852636
1412.5 0.006805849966056
1413 0.006824676288040907
1413.5 0.00639459276205393
1414 0.006649766231375448
1414.5 0.00622041081945268
1415 0.006553927895625535
1415.5 0.006368682449903877
1416 0.006168002307387312
1416.5 0.006524371121447813
1417 0.006057428291295011
1417.5 0.005896541089769594
1418 0.006111489365079307
1418.5 0.005942968114863312
1419 0.005962223269976898
1419.5 0.005583207082719491
1420 0.005688520502810369
1420.5 0.005583146636478695
1421 0.00564155593588669
1421.5 0.005474066703500486
1422 0.004808811687406436
1422.5 0.005209772281336149
1423 0.00519834148945185
1423.5 0.005194690327851067
1424 0.005276396484139547
1424.5 0.00525718517927944
1425 0.004749842772440262
1425.5 0.004839428326824607
1426 0.004603905523052514
1426.5 0.004716662171063931
1427 0.00441201164654911
1427.5 0.004594235148288581
1428 0.004498426491086737
1428.5 0.004425882614202836
1429 0.004538363997881274
1429.5 0.004119399868641177
1430 0.003947242228551784
1430.5 0.004267423524988866
1431 0.003841839566777968
1431.5 0.004123253812010354
1432 0.003890186402952607
1432.5 0.003948811983150054
1433 0.003800474158488299
1433.5 0.00385142175014332
1434 0.003611537961350538
1434.5 0.00352491223676594
1435 0.003323792802049893
1435.5 0.003451282658908355
1436 0.003487031001009557
1436.5 0.003202480676426572
1437 0.00348979912895739
1437.5 0.003038125270874323
1438 0.003142539662829778
1438.5 0.003246808174704787
1439 0.003016597779751702
1439.5 0.00293857050217189
1440 0.002928942249207619
1440.5 0.002964822653578873
1441 0.002826372236440495
1441.5 0.00271840176376631
1442 0.00281488662371282
1442.5 0.002933922043385509
1443 0.002637188983981821
1443.5 0.002567401725716106
1444 0.002829732413055366
1444.5 0.002382870706900559
1445 0.002547003221503026
1445.5 0.002311802194420504
1446 0.0022274276852815
1446.5 0.002353726244068691
1447 0.002337070507859694
1447.5 0.002110171063326936
1448 0.002206270178845289
1448.5 0.002167251598035645
1449 0.001940937188898412
1449.5 0.002269105441557868
1450 0.002132835416347085
1450.5 0.002019188137113319
1451 0.002040216757413543
1451.5 0.001680339072138147
1452 0.001925462041661016
1452.5 0.001692941936695098
1453 0.001840832244061947
1453.5 0.001742746717367177
1454 0.001600140564772733
1454.5 0.001673414605304252
1455 0.001523618939584074
1455.5 0.001693397505261518
1456 0.001662546329903808
1456.5 0.001609486150978203
1457 0.001452731842621443
1457.5 0.001362853532904012
1458 0.001287901617075309
1458.5 0.001316605374443275
1459 0.001433968576054688
1459.5 0.001240936535668587
1460 0.00146153078265599
1460.5 0.001261367032516708
1461 0.001363702964856651
1461.5 0.001023919111127042
1462 0.00123669619523282
1462.5 0.001177000700518567
1463 0.001132088964004003
1463.5 0.0009550066307047403
1464 0.001130542922581055
1464.5 0.0009537028675383428
1465 0.0008724091264797245
1465.5 0.0009011186000140314
1466 0.001054248616263402
1466.5 0.0007974635679589246
1467 0.000818853638588125
1467.5 0.0009717261928987838
1468 0.0006790149331782366
1468.5 0.0008536629800299663
1469 0.0007364211795705173
1469.5 0.0006557704107177656
1470 0.0008009520252131335
1470.5 0.0006694316752144026
1471 0.0006907911229567771
1471.5 0.0006757886662108415
1472 0.0006680680394959934
1472.5 0.0005660209213575893
1473 0.0005656367225420094
1473.5 0.0005072782568434952
1474 0.0005721114141411611
1474.5 0.0004559313797982485
1475 0.0005568717319842077
1475.5 0.0005492671839213341
1476 0.0004261159443170073
1476.5 0.0004258273945068834
1477 0.0004471767209626815
1477.5 0.0003531747033909189
1478 0.0005113967559848844
1478.5 0.000352697117639736
1479 0.0003524586879574224
1479.5 0.0003306559795614496
1480 0.0003232492836830869
1480.5 0.0003014955837942354
1481 0.0003012920424776426
1481.5 0.0002509072560077323
1482 0.00022924615444657
1482.5 0.000272046210495564
1483 0.0001717028199518259
1483.5 0.0002573806466269042
1484 0.0002643518842721993
1484.5 0.0002141950050539255
1485 0.0001997807375908897
1485.5 0.0001568649288036851
1486 0.0001353831049680296
1486.5 0.0001352920452060395
1487 0.0001707803081487807
1487.5 7.822169536199128e-05
1488 7.8169135850381e-05
1488.5 0.0001349287233285141
1489 0.0001064511485810402
1489.5 6.382781572197583e-05
1490 9.922108847661588e-05
1490.5 4.957726532310243e-05
1491 7.077717126010988e-05
1491.5 8.487567063488976e-05
1492 2.827293099607134e-05
1492.5 5.650798166361774e-05
1493 3.529383711665745e-05
1493.5 6.348637699908474e-05
1494 1.409864219592304e-05
1494.5 2.113381513352188e-05
1495 2.815957488835183e-05
1495.5 7.035187124377539e-06
1496 0
1496.5 7.02578807783241e-06
