33.8 2098
34 41
34.2 326
34.4 584
34.6 1050
34.8 1075
35 622
35.2 1886
35.4 2248
35.6 6286
35.8 5738
36 8073
36.2 8446
36.4 10348
36.6 26242
36.8 70581
37 191547
37.2 364507
37.4 529156
37.6 647485
37.8 625676
38 797131
38.2 774305
38.4 834474
38.6 923060
38.8 890685
39 782075
39.2 678115
39.4 725943
39.6 700419
39.8 619702
40 641474
40.2 666074
40.4 599396
40.6 640884
40.8 658657
41 611125
41.2 668938
41.4 673308
41.6 670187
41.8 616479
42 590609
42.2 553230
42.4 511345
42.6 523542
42.8 496477
43 429933
43.2 458458
43.4 411685
43.6 413279
43.8 361392
44 354884
44.2 333878
44.4 327285
44.6 306137
44.8 285395
45 276641
45.2 257620
45.4 238684
45.6 223033
45.8 215385
46 205540
46.2 190124
46.4 183225
46.6 176251
46.8 161665
47 149382
47.2 142757
47.4 133606
47.6 129148
47.8 122774
48 115361
48.2 104383
48.4 103767
48.6 95905
48.8 91668
49 86690
49.2 81978
49.4 77963
49.6 73560
49.8 69876
50 66584
50.2 63786
50.4 60766
50.6 57499
50.8 55274
51 51533
51.2 51366
51.4 48631
51.6 46774
51.8 46271
52 43337
52.2 42002
52.4 40644
52.6 39753
52.8 38085
53 37696
53.2 36391
53.4 34829
53.6 34803
53.8 34322
54 32752
54.2 32450
54.4 31889
54.6 31471
54.8 30881
55 30698
55.2 29699
55.4 29824
55.6 28938
55.8 28410
56 28409
56.2 28256
56.4 27709
56.6 27227
56.8 27488
57 27316
57.2 27091
57.4 26713
57.6 26225
57.8 26644
58 26530
58.2 25974
58.4 25764
58.6 25849
58.8 26087
59 25225
59.2 25331
59.4 25147
59.6 24958
59.8 25157
60 24657
60.2 24555
60.4 24943
60.6 24750
60.8 24340
61 24546
61.2 23971
61.4 24325
61.6 23973
61.8 24200
62 24234
62.2 24297
62.4 24295
62.6 24133
62.8 24202
63 24102
63.2 23879
63.4 24026
63.6 24038
63.8 23825
64 23763
64.2 23755
64.4 23681
64.6 23684
64.8 23526
65 23713
65.2 23677
65.4 23643
65.6 23373
65.8 23377
66 23331
66.2 23331
66.4 23407
66.6 23369
66.8 23566
67 23008
67.2 23286
67.4 23058
67.6 23226
67.8 23405
68 23410
68.2 23176
68.4 23495
68.6 23277
68.8 23200
69 23120
69.2 22967
69.4 23133
69.6 23356
69.8 23204
70 23055
70.2 22925
70.4 22977
70.6 23071
70.8 22923
71 23169
71.2 23232
71.4 23094
71.6 22861
71.8 22955
72 22852
72.2 23054
72.4 22802
72.6 22727
72.8 22839
73 23163
73.2 22978
73.4 22919
73.6 23189
73.8 22841
74 22841
74.2 23217
74.4 22937
74.6 22725
74.8 22918
75 22942
75.2 23000
75.4 22981
75.6 23048
75.8 23028
76 23039
76.2 23275
76.4 22992
76.6 23046
76.8 22794
77 22747
77.2 23050
77.4 23001
77.6 22772
77.8 23123
78 22832
78.2 22860
78.4 22712
78.6 22620
78.8 22626
79 22969
79.2 22717
79.4 22536
79.6 23195
79.8 22619
80 22545
80.2 22927
80.4 22926
80.6 22776
80.8 22567
81 22668
81.2 22798
81.4 22728
81.6 22736
81.8 23028
82 22943
82.2 22688
82.4 22912
82.6 22846
82.8 22872
83 22661
83.2 22613
83.4 22418
83.6 22651
83.8 22633
84 22652
84.2 22692
84.4 22511
84.6 22780
84.8 22542
85 22919
85.2 22864
85.4 22558
85.6 22673
85.8 22679
86 22827
86.2 22414
86.4 22781
86.6 22605
86.8 22796
87 22948
87.2 22466
87.4 22661
87.6 22644
87.8 22552
88 22891
88.2 22867
88.4 22779
88.6 22601
88.8 22550
89 22730
89.2 22608
89.4 22385
89.6 22920
89.8 22363
90 22499
90.2 22722
90.4 22661
90.6 22691
90.8 22308
91 22465
91.2 22674
91.4 22751
91.6 22697
91.8 22553
92 22725
92.2 22519
92.4 22642
92.6 22448
92.8 22624
93 22711
93.2 22571
93.4 22365
93.6 22645
93.8 22612
94 22409
94.2 22570
94.4 22603
94.6 22419
94.8 22486
95 23055
95.2 22531
95.4 22591
95.6 22584
95.8 22697
96 22383
96.2 22614
96.4 22493
96.6 22757
96.8 22567
97 22496
97.2 22263
97.4 22470
97.6 22557
97.8 22841
98 22582
98.2 22757
98.4 22621
98.6 22573
98.8 22497
99 22519
99.2 22769
99.4 22760
99.6 22604
99.8 22611
100 22903
100.2 22585
100.4 22482
100.6 22671
100.8 22595
101 22593
101.2 22900
101.4 22682
101.6 22712
101.8 22509
102 22599
102.2 22415
102.4 22326
102.6 22395
102.8 22514
103 22818
103.2 22606
103.4 22306
103.6 22364
103.8 22762
104 22419
104.2 22665
104.4 22611
104.6 22502
104.8 22480
105 22869
105.2 22355
105.4 22572
105.6 22672
105.8 22866
106 22505
106.2 22556
106.4 22464
106.6 22587
106.8 22435
107 22320
107.2 22509
107.4 22509
107.6 22722
107.8 22688
108 22345
108.2 22383
108.4 22361
108.6 22579
108.8 22277
109 22475
109.2 22548
109.4 22393
109.6 22389
109.8 22910
110 22700
110.2 22398
110.4 22374
110.6 22227
110.8 22455
111 22643
111.2 22371
111.4 22610
111.6 22760
111.8 22670
112 22555
112.2 22538
112.4 22500
112.6 22348
112.8 22625
113 22630
113.2 22433
113.4 22662
113.6 22591
113.8 22512
114 22477
114.2 22736
114.4 22281
114.6 22491
114.8 22468
115 22463
115.2 22414
115.4 22407
115.6 22626
115.8 22805
116 22538
116.2 22698
116.4 22418
116.6 22716
116.8 22277
117 22560
117.2 22581
117.4 22977
117.6 22781
117.8 22550
118 22368
118.2 22620
118.4 22633
118.6 22744
118.8 22653
119 22739
119.2 22615
119.4 22468
119.6 22470
119.8 22303
120 22354
120.2 22465
120.4 22347
120.6 22359
120.8 22446
121 22740
121.2 22711
121.4 22753
121.6 22535
121.8 22388
122 22682
122.2 22542
122.4 22626
122.6 22685
122.8 22282
123 22406
123.2 22446
123.4 22502
123.6 22547
123.8 22498
124 22503
124.2 22523
124.4 22606
124.6 22576
124.8 22349
125 22330
125.2 22662
125.4 22484
125.6 22639
125.8 22486
126 22453
126.2 22865
126.4 22309
126.6 22340
126.8 22523
127 22401
127.2 22395
127.4 22612
127.6 22500
127.8 22326
128 22656
128.2 22617
128.4 22782
128.6 22587
128.8 22509
129 22453
129.2 22747
129.4 22345
129.6 22639
129.8 22812
130 22316
130.2 22580
130.4 22827
130.6 22418
130.8 22659
131 22584
131.2 22446
131.4 22528
131.6 22492
131.8 22293
132 22629
132.2 22592
132.4 22678
132.6 22471
132.8 22459
133 22513
133.2 22785
133.4 22480
133.6 22579
133.8 22329
134 22671
134.2 22347
134.4 22449
134.6 22127
134.8 22617
135 22446
135.2 22511
135.4 22352
135.6 22562
135.8 22827
136 22750
136.2 22724
136.4 22895
136.6 22642
136.8 22599
137 22523
137.2 22464
137.4 22447
137.6 22556
137.8 22510
138 22515
138.2 22161
138.4 22726
138.6 22467
138.8 22468
139 22548
139.2 22505
139.4 22524
139.6 22444
139.8 22299
140 22721
140.2 22641
140.4 22495
140.6 22525
140.8 22426
141 22383
141.2 22399
141.4 22470
141.6 22224
141.8 22613
142 22535
142.2 22233
142.4 22543
142.6 22560
142.8 22525
143 22373
143.2 22418
143.4 22526
143.6 22455
143.8 22487
144 22724
144.2 22336
144.4 22382
144.6 22367
144.8 22434
145 22544
145.2 22636
145.4 22514
145.6 22455
145.8 22656
146 22280
146.2 22658
146.4 22580
146.6 22601
146.8 22724
147 22407
147.2 22454
147.4 22249
147.6 22606
147.8 22528
148 22682
148.2 22285
148.4 22691
148.6 22774
148.8 22613
149 22495
149.2 22541
149.4 22414
149.6 22291
149.8 22512
150 22542
150.2 22497
150.4 22444
150.6 22542
150.8 22471
151 22475
151.2 22477
151.4 22540
151.6 22630
151.8 22554
152 22158
152.2 22538
152.4 22453
152.6 22672
152.8 22680
153 22150
153.2 22171
153.4 22636
153.6 22320
153.8 22297
154 22490
154.2 22493
154.4 22601
154.6 22263
154.8 22620
155 22568
155.2 22501
155.4 22248
155.6 22627
155.8 22752
156 22629
156.2 22647
156.4 22246
156.6 22566
156.8 22242
157 22434
157.2 22519
157.4 22502
157.6 22404
157.8 22577
158 22631
158.2 22561
158.4 22534
158.6 22469
158.8 22707
159 22784
159.2 22513
159.4 22695
159.6 22420
159.8 22763
160 22412
160.2 22390
160.4 22649
160.6 22508
160.8 22463
161 22658
161.2 22247
161.4 22393
161.6 22564
161.8 22567
162 22289
162.2 22567
162.4 22627
162.6 22513
162.8 22518
163 22826
163.2 22583
163.4 22593
163.6 22582
163.8 22604
164 22505
164.2 22441
164.4 22534
164.6 22824
164.8 22607
165 22740
165.2 22665
165.4 22447
165.6 22683
165.8 22462
166 22613
166.2 22564
166.4 22529
166.6 22464
166.8 22554
167 22350
167.2 22427
167.4 22666
167.6 22445
167.8 22433
168 22700
168.2 22838
168.4 22474
168.6 22320
168.8 22531
169 22783
169.2 22545
169.4 22771
169.6 22584
169.8 22687
170 22691
170.2 22402
170.4 22489
170.6 22535
170.8 22558
171 22495
171.2 22519
171.4 22669
171.6 22692
171.8 22656
172 22864
172.2 22415
172.4 22583
172.6 22348
172.8 22681
173 22642
173.2 22453
173.4 22812
173.6 22708
173.8 22502
174 22644
174.2 22604
174.4 22584
174.6 22604
174.8 22420
175 22658
175.2 22436
175.4 22393
175.6 22533
175.8 22587
176 22639
176.2 22476
176.4 22743
176.6 22401
176.8 22516
177 22486
177.2 22885
177.4 22701
177.6 22812
177.8 22565
178 22570
178.2 22355
178.4 22557
178.6 22665
178.8 22611
179 22221
179.2 22688
179.4 22573
179.6 22686
179.8 22510
180 22497
180.2 22545
180.4 22783
180.6 22699
180.8 22472
181 22467
181.2 22790
181.4 22527
181.6 22454
181.8 22570
182 22390
182.2 22467
182.4 22444
182.6 22511
182.8 22677
183 22372
183.2 22487
183.4 22529
183.6 22414
183.8 22731
184 22618
184.2 22546
184.4 22777
184.6 23025
184.8 22405
185 22565
185.2 22551
185.4 22195
185.6 22551
185.8 22342
186 22497
186.2 22600
186.4 22344
186.6 22514
186.8 22817
187 22564
187.2 22736
187.4 22592
187.6 22708
187.8 22560
188 22391
188.2 22546
188.4 22523
188.6 22352
188.8 22652
189 22464
189.2 22451
189.4 22348
189.6 22661
189.8 22738
190 22545
190.2 22234
190.4 22521
190.6 22657
190.8 22760
191 22447
191.2 22515
191.4 22537
191.6 22526
191.8 22320
192 22440
192.2 22556
192.4 22558
192.6 22452
192.8 22359
193 22360
193.2 22426
193.4 22460
193.6 22751
193.8 22582
194 22557
194.2 22425
194.4 22536
194.6 22582
194.8 22703
195 22551
195.2 22316
195.4 22459
195.6 22576
195.8 22489
196 22507
196.2 22432
196.4 22626
196.6 22296
196.8 22528
197 22601
197.2 22642
197.4 22726
197.6 22441
197.8 22507
198 22539
198.2 22627
198.4 22302
198.6 22541
198.8 22739
199 22383
199.2 22199
199.4 22592
199.6 22362
199.8 22328
200 22606
200.2 22853
200.4 22281
200.6 22496
200.8 22727
201 22718
201.2 22356
201.4 22265
201.6 22483
201.8 22310
202 22642
202.2 22675
202.4 22640
202.6 22396
202.8 22355
203 22780
203.2 22627
203.4 22552
203.6 22272
203.8 22438
204 22410
204.2 22600
204.4 22564
204.6 22552
204.8 22541
205 22389
205.2 22371
205.4 22556
205.6 22472
205.8 22469
206 22522
206.2 22557
206.4 22706
206.6 22610
206.8 22637
207 22239
207.2 22505
207.4 22432
207.6 22594
207.8 22745
208 22524
208.2 22719
208.4 22387
208.6 22591
208.8 22359
209 22501
209.2 22525
209.4 22496
209.6 22501
209.8 22551
210 22101
210.2 22334
210.4 22315
210.6 22388
210.8 22447
211 22253
211.2 22469
211.4 22372
211.6 22516
211.8 22534
212 22365
212.2 22459
212.4 22251
212.6 22379
212.8 22624
213 22491
213.2 22415
213.4 22411
213.6 22345
213.8 22306
214 22404
214.2 22497
214.4 22719
214.6 22559
214.8 22847
215 22243
215.2 22411
215.4 22570
215.6 22446
215.8 22505
216 22628
216.2 22457
216.4 22600
216.6 22735
216.8 22460
217 22601
217.2 22669
217.4 22299
217.6 22377
217.8 22375
218 22199
218.2 22477
218.4 22435
218.6 22326
218.8 22363
219 22656
219.2 22358
219.4 22632
219.6 22633
219.8 22468
220 22718
220.2 22636
220.4 22334
220.6 22291
220.8 22263
221 22596
221.2 22417
221.4 22541
221.6 22470
221.8 22362
222 22506
222.2 22527
222.4 22398
222.6 22808
222.8 22597
223 22452
223.2 22394
223.4 22666
223.6 22457
223.8 22587
224 22678
224.2 22486
224.4 22331
224.6 22282
224.8 22454
225 22478
225.2 22338
225.4 22621
225.6 22452
225.8 22441
226 22511
226.2 22344
226.4 22492
226.6 22454
226.8 22273
227 22600
227.2 22517
227.4 22701
227.6 22561
227.8 22335
228 22710
228.2 22442
228.4 22481
228.6 22301
228.8 22212
229 22658
229.2 22311
229.4 22580
229.6 22458
229.8 22450
230 22613
230.2 22369
230.4 22453
230.6 22759
230.8 22578
231 22726
231.2 22556
231.4 22454
231.6 22363
231.8 22428
232 22665
232.2 22310
232.4 22394
232.6 22557
232.8 22598
233 22380
233.2 22816
233.4 22429
233.6 22163
233.8 22541
234 22201
234.2 22482
234.4 22474
234.6 22660
234.8 22156
235 22141
235.2 22579
235.4 22356
235.6 22183
235.8 22453
236 22278
236.2 22379
236.4 22640
236.6 22418
236.8 22272
237 22727
237.2 22502
237.4 22569
237.6 22248
237.8 22647
238 22483
238.2 22547
238.4 22542
238.6 22529
238.8 22645
239 22511
239.2 22304
239.4 22376
239.6 22207
239.8 22616
240 22392
240.2 22302
240.4 22372
240.6 22349
240.8 22401
241 22212
241.2 22352
241.4 22585
241.6 22515
241.8 22548
242 22607
242.2 22647
242.4 22223
242.6 22335
242.8 22440
243 22613
243.2 22338
243.4 22608
243.6 22581
243.8 22365
244 22536
244.2 22191
244.4 22309
244.6 22149
244.8 22414
245 22216
245.2 22512
245.4 22361
245.6 22509
245.8 22416
246 22404
246.2 22471
246.4 22615
246.6 22473
246.8 22551
247 22207
247.2 22588
247.4 22333
247.6 22178
247.8 22345
248 22387
248.2 22366
248.4 22542
248.6 22552
248.8 22306
249 22137
249.2 22468
249.4 22518
249.6 22482
249.8 22417
250 22440
