34.4 3834
34.6 9712
34.8 48060
35 139163
35.2 1212650
35.4 4098359
35.6 8451228
35.8 9879871
36 8457924
36.2 6095707
36.4 3756027
36.6 2547527
36.8 1544503
37 961433
37.2 650749
37.4 655642
37.6 411208
37.8 329761
38 227219
38.2 174079
38.4 105147
38.6 42615
38.8 32103
39 28018
39.2 22340
39.4 14363
39.6 12764
39.8 11570
40 9795
40.2 5946
40.4 12445
40.6 9545
40.8 2667
41 18628
41.2 4730
41.4 2128
41.6 2035
41.8 4774
42 138
42.2 860
42.4 15
42.6 18
43 318
43.4 5
43.6 1108
43.8 485
44.2 979
44.6 13
44.8 69
45.2 129
45.4 246
45.8 298
46.4 121
46.8 79
47.2 4
47.8 14
48 7
48.4 26
48.8 2
49.2 2
49.4 5
49.8 1
50 9
50.4 1
50.6 1
51.4 5
52.4 2
53 4
53.6 1
54 1
54.2 2
54.4 4
54.6 2
55 2
55.2 6
55.6 1
55.8 1
56.2 1
56.4 2
56.6 1
57 1
57.2 2
57.8 2
58 2
58.4 1
58.6 6
58.8 1
59.2 3
59.8 2
60.4 1
60.8 1
61.2 1
61.4 5
61.6 1
61.8 3
62 3
62.2 2
62.4 2
62.6 1
62.8 3
63 1
63.4 1
63.6 1
63.8 2
64.2 1
64.6 2
65.4 2
66 1
67 1
67.6 1
68 2
68.2 3
68.4 1
68.6 2
68.8 3
69.2 1
69.4 1
69.6 1
69.8 2
70.2 2
70.4 1
70.8 1
71 3
71.8 1
72 2
72.2 1
72.8 1
73.2 1
73.4 2
73.6 2
73.8 2
74 2
74.4 2
74.6 4
74.8 1
75.2 1
75.4 2
76 1
76.2 1
77.2 4
77.6 1
77.8 3
78 1
78.2 3
78.8 1
79 1
79.2 2
79.4 1
79.6 3
79.8 2
80.2 2
80.4 1
80.6 2
81 3
81.2 1
81.4 1
82 5
82.4 2
82.6 1
82.8 1
83 3
83.2 4
83.4 1
83.6 1
83.8 2
84.2 1
84.6 1
84.8 1
85.2 3
85.4 1
85.8 1
86.2 1
86.4 1
86.8 1
87 4
87.6 1
87.8 1
88 3
88.2 1
88.4 2
88.6 3
88.8 1
89 2
89.2 4
89.4 3
89.6 4
89.8 3
90 1
90.2 1
90.4 2
90.6 3
90.8 1
91 1
91.2 1
91.4 2
91.8 1
92 2
92.2 6
92.6 4
92.8 3
93 3
93.2 3
93.6 1
93.8 1
94 3
94.2 1
94.4 2
94.6 3
95 1
95.2 1
95.4 1
95.6 2
95.8 1
96 1
96.2 2
96.4 2
96.8 1
97 2
97.2 3
97.4 1
97.6 2
98 1
98.2 1
99.2 1
99.4 4
99.8 4
100 3
100.2 1
100.4 2
100.6 4
100.8 1
101.2 1
101.4 1
101.6 3
102 1
102.4 2
102.8 2
103 1
103.2 1
103.4 3
103.8 1
104 1
104.4 3
104.8 2
105 2
105.4 2
105.6 1
105.8 3
106 2
106.2 1
106.4 1
106.6 3
106.8 2
107 2
107.6 2
107.8 1
108.4 3
108.6 1
108.8 2
109 1
109.2 1
109.4 1
109.6 1
109.8 2
110.2 2
110.4 1
110.6 3
110.8 1
111 1
111.2 1
111.4 3
111.6 1
111.8 5
112 1
112.2 1
112.6 2
113.2 1
113.4 1
114 3
114.2 1
114.6 1
114.8 1
115.2 2
115.4 2
115.6 1
115.8 2
116 1
116.2 1
116.4 4
116.6 4
116.8 2
117 1
117.2 3
117.4 1
117.6 1
118.4 2
119 1
119.6 3
119.8 1
120.2 1
120.6 1
121 2
121.6 1
121.8 1
122 1
122.4 2
122.8 1
123.2 1
123.4 2
123.6 1
124.2 2
124.4 1
124.6 1
124.8 1
125 1
125.6 2
126 1
126.6 1
127 1
127.2 1
127.4 4
128.4 1
128.6 1
128.8 1
129 2
129.4 1
129.8 1
130 2
130.4 1
130.8 1
131 1
131.2 2
131.6 2
131.8 1
132 2
132.2 1
133.4 1
133.6 2
134 1
134.2 1
134.8 1
135 2
135.2 1
136.2 1
136.6 2
137 1
137.2 1
138 1
138.2 2
138.4 1
138.8 1
139.2 3
139.8 1
140.2 1
140.6 1
141 1
141.2 1
142.2 1
142.8 1
143.4 1
143.8 1
144 1
144.8 2
146.6 1
147 1
147.4 1
148 1
148.6 1
149.4 1
149.6 1
149.8 1
150.2 2
151 1
151.2 1
151.4 1
152.2 2
152.4 1
153.2 1
154 1
154.8 1
155 1
155.6 1
156.8 1
157.2 1
157.8 1
159 1
159.4 1
161 1
161.8 1
162 1
163 1
163.4 1
165.6 1
166 1
166.8 2
167.4 1
169.4 1
169.8 1
170.2 1
171.8 1
172 2
172.4 1
172.8 1
173 1
174.4 1
174.8 1
175.8 1
176 1
176.2 2
176.4 2
177.4 1
178.4 1
178.8 1
179.4 1
179.6 1
181 1
182.4 1
183 1
184 1
185.2 2
185.4 1
185.6 2
186.4 2
186.6 1
186.8 1
187.4 1
187.6 1
188.4 2
188.8 1
189.2 1
191.4 1
191.6 1
193.2 1
193.4 1
193.6 1
194 1
194.4 1
194.8 1
195 1
196.6 1
197.6 1
198.4 2
199.6 1
199.8 1
200.2 1
200.4 1
201.4 1
201.6 2
202 2
203 1
203.4 1
203.8 2
204.2 1
205.2 1
205.6 1
206 1
206.2 1
206.6 1
206.8 1
207.2 1
207.4 1
207.6 1
208 1
210 1
210.8 1
211.4 1
211.8 1
212 1
212.4 1
213 1
213.2 1
213.6 1
213.8 1
214.6 1
214.8 1
215.2 1
215.4 1
216.4 1
219.6 1
219.8 1
220.4 1
220.8 1
221.6 1
222 1
223.6 2
224 2
225 1
226.6 2
228.2 1
229.2 1
230.4 1
230.8 1
231.4 1
234.8 1
235.2 1
235.6 1
235.8 1
236.2 1
237.2 1
238.2 1
239.6 1
241.6 1
242.2 1
242.4 1
242.6 1
243.2 2
244.2 1
244.4 1
244.6 1
245 3
246 1
247.6 1
248.8 1
249.4 2
