34.8 182
35 14
35.2 500
35.4 650
35.6 96
35.8 60
36 588
36.2 3345
36.4 1960
36.6 55408
36.8 328048
37 1270718
37.2 2515766
37.4 3335509
37.6 3915777
37.8 3809464
38 3452175
38.2 3224479
38.4 2644412
38.6 2282986
38.8 2155654
39 1738169
39.2 1439409
39.4 1204603
39.6 1112106
39.8 1110950
40 1109014
40.2 1047836
40.4 1012790
40.6 913922
40.8 799180
41 776986
41.2 698199
41.4 623506
41.6 642663
41.8 545861
42 536807
42.2 420190
42.4 422358
42.6 353804
42.8 278404
43 241645
43.2 222027
43.4 195840
43.6 152251
43.8 142238
44 120125
44.2 98691
44.4 90298
44.6 88859
44.8 74613
45 66222
45.2 58719
45.4 48599
45.6 47170
45.8 42023
46 34443
46.2 30130
46.4 28970
46.6 31804
46.8 23486
47 24534
47.2 19226
47.4 19998
47.6 15119
47.8 14923
48 15716
48.2 12930
48.4 12613
48.6 11411
48.8 10824
49 9501
49.2 8853
49.4 8057
49.6 7360
49.8 7776
50 6347
50.2 7739
50.4 6403
50.6 5870
50.8 5865
51 5702
51.2 5087
51.4 5035
51.6 4621
51.8 4298
52 4640
52.2 4036
52.4 4028
52.6 3911
52.8 3873
53 3607
53.2 3735
53.4 3444
53.6 3390
53.8 3229
54 3277
54.2 3091
54.4 3082
54.6 3142
54.8 2962
55 3082
55.2 2851
55.4 2876
55.6 2928
55.8 2710
56 2676
56.2 2794
56.4 2534
56.6 2689
56.8 2521
57 2648
57.2 2628
57.4 2456
57.6 2445
57.8 2617
58 2557
58.2 2427
58.4 2340
58.6 2431
58.8 2510
59 2406
59.2 2353
59.4 2406
59.6 2361
59.8 2327
60 2383
60.2 2388
60.4 2388
60.6 2320
60.8 2384
61 2344
61.2 2325
61.4 2297
61.6 2326
61.8 2302
62 2312
62.2 2224
62.4 2294
62.6 2300
62.8 2279
63 2204
63.2 2232
63.4 2268
63.6 2309
63.8 2284
64 2254
64.2 2230
64.4 2261
64.6 2269
64.8 2219
65 2295
65.2 2199
65.4 2105
65.6 2201
65.8 2308
66 2263
66.2 2166
66.4 2196
66.6 2253
66.8 2208
67 2200
67.2 2177
67.4 2112
67.6 2174
67.8 2272
68 2207
68.2 2153
68.4 2211
68.6 2294
68.8 2197
69 2191
69.2 2224
69.4 2096
69.6 2181
69.8 2199
70 2168
70.2 2069
70.4 2209
70.6 2161
70.8 2104
71 2125
71.2 2214
71.4 2235
71.6 2169
71.8 2109
72 2122
72.2 2148
72.4 2222
72.6 2068
72.8 2146
73 2139
73.2 2169
73.4 2192
73.6 2176
73.8 2130
74 2268
74.2 2254
74.4 2121
74.6 2184
74.8 2087
75 2145
75.2 2110
75.4 2148
75.6 2148
75.8 2179
76 2110
76.2 2142
76.4 2146
76.6 2110
76.8 2149
77 2181
77.2 2197
77.4 2120
77.6 2117
77.8 2139
78 2138
78.2 2095
78.4 2047
78.6 2131
78.8 2198
79 2204
79.2 2105
79.4 2221
79.6 2144
79.8 2091
80 2145
80.2 2146
80.4 2086
80.6 2052
80.8 2139
81 2175
81.2 2199
81.4 2097
81.6 2068
81.8 2015
82 2181
82.2 2114
82.4 2120
82.6 2130
82.8 2153
83 2214
83.2 2207
83.4 2164
83.6 2149
83.8 2210
84 2105
84.2 2070
84.4 2157
84.6 2050
84.8 2150
85 2055
85.2 2131
85.4 2102
85.6 2133
85.8 2113
86 2115
86.2 2134
86.4 2152
86.6 2065
86.8 2065
87 2108
87.2 2154
87.4 2087
87.6 2103
87.8 2140
88 2111
88.2 2191
88.4 2082
88.6 2107
88.8 2063
89 2074
89.2 2165
89.4 2128
89.6 2119
89.8 2174
90 2169
90.2 2112
90.4 2124
90.6 2114
90.8 2080
91 2107
91.2 2085
91.4 2085
91.6 2108
91.8 2069
92 2117
92.2 2132
92.4 2132
92.6 2015
92.8 2184
93 2074
93.2 2095
93.4 1994
93.6 2106
93.8 2174
94 2056
94.2 2071
94.4 2025
94.6 2097
94.8 2106
95 2129
95.2 2030
95.4 2043
95.6 2104
95.8 2114
96 2105
96.2 2125
96.4 2113
96.6 2152
96.8 2091
97 2080
97.2 2050
97.4 2095
97.6 2108
97.8 2105
98 2063
98.2 2099
98.4 2109
98.6 2141
98.8 2183
99 2105
99.2 2042
99.4 2161
99.6 2069
99.8 2152
100 2016
100.2 2168
100.4 2063
100.6 2140
100.8 2146
101 2063
101.2 2045
101.4 2083
101.6 2141
101.8 2108
102 2110
102.2 2005
102.4 2087
102.6 2116
102.8 2075
103 2057
103.2 2101
103.4 2018
103.6 2070
103.8 2040
104 2073
104.2 2065
104.4 2107
104.6 2081
104.8 2003
105 2140
105.2 2081
105.4 2107
105.6 2092
105.8 2101
106 2035
106.2 2119
106.4 2132
106.6 2106
106.8 2131
107 2129
107.2 2043
107.4 2032
107.6 2081
107.8 2103
108 2057
108.2 2136
108.4 2093
108.6 2184
108.8 2092
109 2071
109.2 2143
109.4 2142
109.6 2031
109.8 2042
110 2055
110.2 2068
110.4 2089
110.6 2058
110.8 2030
111 2122
111.2 2117
111.4 2046
111.6 2019
111.8 2085
112 2025
112.2 2142
112.4 2090
112.6 2127
112.8 2117
113 2034
113.2 2100
113.4 1993
113.6 2083
113.8 2042
114 2120
114.2 2037
114.4 2125
114.6 2045
114.8 2094
115 2063
115.2 2074
115.4 2119
115.6 2142
115.8 2131
116 2090
116.2 2039
116.4 2062
116.6 2100
116.8 2101
117 2060
117.2 2141
117.4 2100
117.6 2141
117.8 2112
118 2083
118.2 2180
118.4 2105
118.6 2088
118.8 2167
119 2176
119.2 2060
119.4 2098
119.6 2069
119.8 2075
120 2160
120.2 2123
120.4 2083
120.6 2111
120.8 2155
121 2072
121.2 2025
121.4 2145
121.6 2033
121.8 2076
122 2074
122.2 2071
122.4 2155
122.6 2121
122.8 2071
123 2156
123.2 2095
123.4 2185
123.6 2056
123.8 2090
124 2028
124.2 2136
124.4 2138
124.6 2015
124.8 2130
125 2055
125.2 2178
125.4 2029
125.6 2057
125.8 2016
126 2115
126.2 2032
126.4 2119
126.6 2057
126.8 2059
127 2105
127.2 2130
127.4 2122
127.6 2114
127.8 1972
128 2168
128.2 2187
128.4 2098
128.6 2086
128.8 2187
129 2085
129.2 2123
129.4 2132
129.6 2065
129.8 2127
130 2112
130.2 2043
130.4 2004
130.6 2107
130.8 2122
131 2069
131.2 2024
131.4 2128
131.6 2096
131.8 2083
132 2054
132.2 2081
132.4 2110
132.6 2127
132.8 2108
133 2118
133.2 2080
133.4 2101
133.6 2090
133.8 2011
134 2106
134.2 2105
134.4 2106
134.6 2060
134.8 2132
135 2117
135.2 2112
135.4 2101
135.6 2081
135.8 2107
136 2086
136.2 2109
136.4 2109
136.6 2121
136.8 2150
137 2089
137.2 1990
137.4 2099
137.6 2124
137.8 2111
138 2124
138.2 2173
138.4 2062
138.6 2010
138.8 2096
139 2127
139.2 2042
139.4 2161
139.6 2075
139.8 2100
140 2075
140.2 2099
140.4 2079
140.6 2092
140.8 2038
141 2153
141.2 2121
141.4 2190
141.6 2057
141.8 2020
142 2088
142.2 2086
142.4 2006
142.6 2070
142.8 2025
143 2019
143.2 2123
143.4 2061
143.6 2060
143.8 2113
144 2137
144.2 2059
144.4 2190
144.6 2086
144.8 2094
145 2049
145.2 2058
145.4 2104
145.6 2054
145.8 2118
146 2080
146.2 2087
146.4 2045
146.6 2043
146.8 2118
147 2108
147.2 2149
147.4 2113
147.6 2037
147.8 2052
148 2074
148.2 2078
148.4 2098
148.6 2036
148.8 2161
149 2085
149.2 1986
149.4 2186
149.6 2128
149.8 2092
150 2021
150.2 2041
150.4 2106
150.6 2097
150.8 2146
151 1981
151.2 2096
151.4 2031
151.6 2032
151.8 2098
152 2156
152.2 2048
152.4 2181
152.6 2120
152.8 2049
153 2064
153.2 2138
153.4 2033
153.6 2064
153.8 2049
154 2062
154.2 2126
154.4 2061
154.6 2057
154.8 2042
155 2076
155.2 2160
155.4 2050
155.6 2095
155.8 2096
156 2009
156.2 2119
156.4 2048
156.6 2112
156.8 2046
157 2083
157.2 2074
157.4 2028
157.6 2011
157.8 2064
158 2044
158.2 2088
158.4 2140
158.6 2049
158.8 2105
159 2019
159.2 2000
159.4 2013
159.6 2149
159.8 2135
160 2079
160.2 2157
160.4 2153
160.6 2095
160.8 2126
161 2035
161.2 2096
161.4 2120
161.6 2015
161.8 2061
162 2112
162.2 2079
162.4 2082
162.6 2078
162.8 2031
163 2058
163.2 2090
163.4 2070
163.6 2159
163.8 2076
164 1998
164.2 2159
164.4 2054
164.6 1982
164.8 2060
165 2030
165.2 2069
165.4 2074
165.6 2060
165.8 2073
166 2131
166.2 2145
166.4 2104
166.6 2016
166.8 2147
167 2013
167.2 2015
167.4 2097
167.6 2102
167.8 1989
168 2017
168.2 2113
168.4 2038
168.6 2087
168.8 2100
169 2082
169.2 2135
169.4 2106
169.6 2059
169.8 2062
170 2007
170.2 2122
170.4 2084
170.6 2131
170.8 2092
171 2079
171.2 2021
171.4 2158
171.6 2141
171.8 2046
172 2023
172.2 2086
172.4 2108
172.6 2043
172.8 2039
173 2109
173.2 2039
173.4 2072
173.6 2056
173.8 2054
174 2051
174.2 2104
174.4 2061
174.6 2130
174.8 2143
175 2044
175.2 2128
175.4 2083
175.6 2052
175.8 2023
176 2058
176.2 2088
176.4 2113
176.6 2028
176.8 2134
177 2139
177.2 2054
177.4 2086
177.6 2031
177.8 2004
178 2096
178.2 2188
178.4 2038
178.6 2058
178.8 2153
179 2135
179.2 2069
179.4 2070
179.6 2060
179.8 2034
180 2168
180.2 2072
180.4 2165
180.6 2151
180.8 2059
181 2066
181.2 1984
181.4 2086
181.6 2039
181.8 2084
182 2030
182.2 2066
182.4 2146
182.6 2078
182.8 2104
183 2149
183.2 2100
183.4 2195
183.6 2083
183.8 2133
184 2179
184.2 2058
184.4 2031
184.6 2103
184.8 2160
185 2057
185.2 2066
185.4 1993
185.6 2032
185.8 2085
186 2047
186.2 2065
186.4 2064
186.6 2116
186.8 2077
187 2130
187.2 2080
187.4 2105
187.6 2079
187.8 2088
188 2218
188.2 2136
188.4 2149
188.6 2117
188.8 2074
189 2143
189.2 2161
189.4 2130
189.6 2053
189.8 2076
190 2046
190.2 2042
190.4 2094
190.6 2086
190.8 2160
191 2058
191.2 2104
191.4 2071
191.6 2131
191.8 2094
192 2087
192.2 2130
192.4 2060
192.6 2057
192.8 2041
193 2054
193.2 2120
193.4 2150
193.6 2162
193.8 2073
194 2171
194.2 2155
194.4 2149
194.6 2105
194.8 2132
195 2133
195.2 2088
195.4 2080
195.6 2127
195.8 2187
196 2081
196.2 2113
196.4 2046
196.6 2107
196.8 2076
197 2045
197.2 2092
197.4 2174
197.6 2210
197.8 2141
198 2087
198.2 2179
198.4 2099
198.6 2098
198.8 2035
199 2249
199.2 2080
199.4 2075
199.6 2144
199.8 2124
200 2167
200.2 2133
200.4 2105
200.6 2144
200.8 2133
201 2073
201.2 2077
201.4 2176
201.6 2005
201.8 2081
202 2131
202.2 2072
202.4 2141
202.6 2120
202.8 2102
203 2056
203.2 2060
203.4 2126
203.6 2124
203.8 2084
204 2118
204.2 2067
204.4 2095
204.6 2129
204.8 2110
205 2119
205.2 1992
205.4 2055
205.6 2120
205.8 2178
206 2051
206.2 2115
206.4 2124
206.6 2127
206.8 2088
207 2131
207.2 2144
207.4 2165
207.6 2135
207.8 2112
208 2176
208.2 2214
208.4 2133
208.6 2063
208.8 2102
209 2202
209.2 2044
209.4 2095
209.6 2145
209.8 2024
210 2074
210.2 2120
210.4 2097
210.6 2025
210.8 2166
211 2189
211.2 2174
211.4 2201
211.6 2052
211.8 2073
212 2069
212.2 2153
212.4 2124
212.6 2188
212.8 2093
213 2100
213.2 2079
213.4 2097
213.6 2145
213.8 2072
214 2124
214.2 2138
214.4 2062
214.6 2101
214.8 2062
215 2154
215.2 2117
215.4 2173
215.6 1998
215.8 2125
216 2132
216.2 2191
216.4 2046
216.6 2069
216.8 2084
217 2099
217.2 2108
217.4 2112
217.6 2174
217.8 2102
218 2138
218.2 2160
218.4 2043
218.6 2106
218.8 2043
219 2229
219.2 2066
219.4 2160
219.6 2202
219.8 2105
220 2094
220.2 2143
220.4 2138
220.6 2058
220.8 2064
221 2182
221.2 2082
221.4 2142
221.6 2084
221.8 2101
222 2051
222.2 2092
222.4 2179
222.6 2148
222.8 2127
223 2037
223.2 2085
223.4 2129
223.6 2069
223.8 2174
224 2072
224.2 2097
224.4 2157
224.6 2117
224.8 2136
225 2139
225.2 2078
225.4 2119
225.6 2103
225.8 2091
226 2139
226.2 2158
226.4 2086
226.6 2071
226.8 2075
227 2055
227.2 2089
227.4 2121
227.6 2127
227.8 2121
228 2074
228.2 2208
228.4 2090
228.6 2213
228.8 2135
229 2135
229.2 2122
229.4 2180
229.6 2049
229.8 2101
230 2180
230.2 2138
230.4 2116
230.6 2087
230.8 2191
231 2160
231.2 2204
231.4 2092
231.6 2170
231.8 2134
232 2035
232.2 2029
232.4 2041
232.6 2090
232.8 2097
233 2045
233.2 2130
233.4 2122
233.6 2082
233.8 2133
234 2029
234.2 2055
234.4 2092
234.6 2100
234.8 2140
235 2133
235.2 2069
235.4 2101
235.6 2064
235.8 2098
236 2078
236.2 2120
236.4 2120
236.6 2096
236.8 2094
237 2058
237.2 2129
237.4 2101
237.6 2063
237.8 2134
238 2110
238.2 2129
238.4 2131
238.6 2022
238.8 2108
239 2081
239.2 2220
239.4 2119
239.6 2057
239.8 2101
240 2072
240.2 2087
240.4 2108
240.6 2006
240.8 2062
241 2076
241.2 2051
241.4 2048
241.6 2073
241.8 2171
242 2091
242.2 2029
242.4 2121
242.6 2048
242.8 2130
243 2130
243.2 2050
243.4 2131
243.6 2178
243.8 2103
244 2111
244.2 2059
244.4 2180
244.6 2023
244.8 2144
245 2156
245.2 2181
245.4 2073
245.6 2179
245.8 2123
246 2205
246.2 2144
246.4 1976
246.6 2122
246.8 2056
247 2087
247.2 2107
247.4 2093
247.6 2040
247.8 2111
248 2085
248.2 2058
248.4 2097
248.6 2027
248.8 2196
249 2093
249.2 2077
249.4 2057
249.6 2010
249.8 2140
250 2162
