33 940
33.2 971
33.4 317
33.6 2252
33.8 389
34 99
34.2 1297
34.4 3937
34.6 2129
34.8 4012
35 3429
35.2 6051
35.4 6232
35.6 8240
35.8 6074
36 9311
36.2 16790
36.4 13436
36.6 19531
36.8 18448
37 19784
37.2 21781
37.4 25028
37.6 28433
37.8 30240
38 35572
38.2 41917
38.4 49041
38.6 55061
38.8 60658
39 61120
39.2 65789
39.4 74810
39.6 84014
39.8 87459
40 88275
40.2 98588
40.4 114936
40.6 123293
40.8 128619
41 148259
41.2 161009
41.4 173742
41.6 166658
41.8 177727
42 196799
42.2 210925
42.4 219725
42.6 226977
42.8 243958
43 243682
43.2 245580
43.4 247262
43.6 254736
43.8 251627
44 251225
44.2 250665
44.4 251186
44.6 254778
44.8 247130
45 244682
45.2 231754
45.4 227675
45.6 220506
45.8 210903
46 206880
46.2 199348
46.4 188187
46.6 182293
46.8 170629
47 166684
47.2 157719
47.4 150141
47.6 142171
47.8 140234
48 130287
48.2 126221
48.4 118840
48.6 113563
48.8 109308
49 102939
49.2 98860
49.4 94261
49.6 90725
49.8 87598
50 85074
50.2 81176
50.4 78069
50.6 75813
50.8 72236
51 69629
51.2 68289
51.4 65892
51.6 64287
51.8 62068
52 60866
52.2 58776
52.4 56616
52.6 55267
52.8 54573
53 54609
53.2 51231
53.4 51373
53.6 50196
53.8 49485
54 48286
54.2 48107
54.4 46917
54.6 46789
54.8 46544
55 45730
55.2 45694
55.4 44855
55.6 44545
55.8 43926
56 43152
56.2 43033
56.4 43135
56.6 42524
56.8 42799
57 41752
57.2 42276
57.4 42225
57.6 42264
57.8 41719
58 41342
58.2 41082
58.4 40886
58.6 40990
58.8 40172
59 40611
59.2 40783
59.4 40423
59.6 39948
59.8 40012
60 40045
60.2 39709
60.4 39665
60.6 39999
60.8 40276
61 39770
61.2 39712
61.4 39985
61.6 39952
61.8 39554
62 39266
62.2 39995
62.4 39591
62.6 39893
62.8 39365
63 39399
63.2 40233
63.4 39004
63.6 39660
63.8 39509
64 39843
64.2 39515
64.4 39814
64.6 39710
64.8 39921
65 39461
65.2 39814
65.4 39596
65.6 39682
65.8 39561
66 39848
66.2 39675
66.4 40037
66.6 39934
66.8 39870
67 39732
67.2 39809
67.4 40178
67.6 40226
67.8 40015
68 40398
68.2 40098
68.4 40577
68.6 39727
68.8 40379
69 40155
69.2 40307
69.4 40578
69.6 40735
69.8 40975
70 40386
70.2 40584
70.4 40228
70.6 40407
70.8 40819
71 40589
71.2 41009
71.4 40868
71.6 40894
71.8 40590
72 40727
72.2 40673
72.4 41144
72.6 41003
72.8 41020
73 40909
73.2 41024
73.4 40889
73.6 41163
73.8 41500
74 41652
74.2 41400
74.4 41360
74.6 41838
74.8 41834
75 41748
75.2 41732
75.4 41785
75.6 41741
75.8 41364
76 41730
76.2 41924
76.4 42323
76.6 41981
76.8 41858
77 42542
77.2 42274
77.4 42235
77.6 42310
77.8 42264
78 42246
78.2 42663
78.4 42606
78.6 42353
78.8 42500
79 42638
79.2 43489
79.4 43015
79.6 42949
79.8 42757
80 43284
80.2 42792
80.4 43317
80.6 43007
80.8 43874
81 43395
81.2 43455
81.4 43210
81.6 42864
81.8 43438
82 43459
82.2 43489
82.4 43606
82.6 42952
82.8 43762
83 44394
83.2 43321
83.4 43433
83.6 43527
83.8 43428
84 43668
84.2 43468
84.4 43327
84.6 43508
84.8 43481
85 43619
85.2 43087
85.4 43543
85.6 43423
85.8 43205
86 42863
86.2 42909
86.4 43488
86.6 43134
86.8 42665
87 42682
87.2 42710
87.4 42436
87.6 42442
87.8 42559
88 42791
88.2 41799
88.4 41775
88.6 42098
88.8 41872
89 42261
89.2 42147
89.4 41729
89.6 41572
89.8 41834
90 41264
90.2 41105
90.4 41467
90.6 41233
90.8 41111
91 40993
91.2 41276
91.4 41275
91.6 41296
91.8 40729
92 40818
92.2 40930
92.4 40583
92.6 41140
92.8 41014
93 40846
93.2 41307
93.4 40815
93.6 40590
93.8 40376
94 40779
94.2 40575
94.4 40430
94.6 40371
94.8 40314
95 40386
95.2 40310
95.4 40483
95.6 40287
95.8 40266
96 40349
96.2 40367
96.4 40191
96.6 40251
96.8 40091
97 40397
97.2 40261
97.4 40287
97.6 40009
97.8 39954
98 39762
98.2 40231
98.4 40357
98.6 39878
98.8 39495
99 40110
99.2 39938
99.4 39690
99.6 39853
99.8 39820
100 39747
100.2 39711
100.4 39667
100.6 39756
100.8 39429
101 39599
101.2 39727
101.4 39540
101.6 39745
101.8 39835
102 39906
102.2 40023
102.4 39647
102.6 39700
102.8 39765
103 39684
103.2 39931
103.4 40064
103.6 39421
103.8 39790
104 39768
104.2 39616
104.4 39745
104.6 39360
104.8 39509
105 39255
105.2 39834
105.4 39560
105.6 39958
105.8 39296
106 39556
106.2 39568
106.4 39199
106.6 39490
106.8 39619
107 39647
107.2 39583
107.4 39169
107.6 39622
107.8 39471
108 39273
108.2 39740
108.4 39693
108.6 39702
108.8 39636
109 39631
109.2 39570
109.4 39393
109.6 39461
109.8 39563
110 39413
110.2 39313
110.4 39612
110.6 39259
110.8 39322
111 39230
111.2 39304
111.4 39790
111.6 39541
111.8 39485
112 39153
112.2 39459
112.4 39370
112.6 39782
112.8 39337
113 39694
113.2 39685
113.4 39527
113.6 39418
113.8 39516
114 39634
114.2 39471
114.4 39391
114.6 39384
114.8 39605
115 39574
115.2 39323
115.4 39280
115.6 39295
115.8 39218
116 39336
116.2 39470
116.4 38993
116.6 39175
116.8 39335
117 39351
117.2 39423
117.4 39360
117.6 39697
117.8 39401
118 38981
118.2 39109
118.4 39169
118.6 39410
118.8 39121
119 39417
119.2 39594
119.4 39415
119.6 39502
119.8 39362
120 39296
120.2 39433
120.4 39078
120.6 39337
120.8 39505
121 39163
121.2 39260
121.4 39725
121.6 39569
121.8 38999
122 39519
122.2 39051
122.4 39550
122.6 39159
122.8 39340
123 39430
123.2 39234
123.4 39333
123.6 38977
123.8 39215
124 39299
124.2 38959
124.4 39298
124.6 39427
124.8 39226
125 39161
125.2 39276
125.4 38942
125.6 39159
125.8 39295
126 39432
126.2 38961
126.4 39267
126.6 39168
126.8 39431
127 39819
127.2 38960
127.4 39337
127.6 39513
127.8 39175
128 39166
128.2 39264
128.4 39539
128.6 39203
128.8 39127
129 39212
129.2 39780
129.4 39197
129.6 39290
129.8 39366
130 39318
130.2 39301
130.4 39133
130.6 38921
130.8 39348
131 39140
131.2 39483
131.4 39325
131.6 39161
131.8 39152
132 39017
132.2 39089
132.4 39037
132.6 39530
132.8 39025
133 39274
133.2 39464
133.4 39243
133.6 39146
133.8 39150
134 38968
134.2 39411
134.4 39001
134.6 39213
134.8 39132
135 39088
135.2 39103
135.4 38916
135.6 38990
135.8 39209
136 39217
136.2 39182
136.4 39247
136.6 39304
136.8 39113
137 39432
137.2 39018
137.4 39372
137.6 39062
137.8 39330
138 38884
138.2 39414
138.4 39238
138.6 39589
138.8 39560
139 39271
139.2 39068
139.4 38816
139.6 38739
139.8 39417
140 39038
140.2 38722
140.4 39148
140.6 39014
140.8 39031
141 39196
141.2 38956
141.4 39133
141.6 38787
141.8 39248
142 39265
142.2 39085
142.4 39231
142.6 38982
142.8 39477
143 39225
143.2 39505
143.4 39039
143.6 39398
143.8 39238
144 38849
144.2 39473
144.4 39171
144.6 38944
144.8 39227
145 39243
145.2 39264
145.4 39149
145.6 39119
145.8 39234
146 39026
146.2 39065
146.4 39108
146.6 39092
146.8 39236
147 39314
147.2 38788
147.4 39194
147.6 39209
147.8 39005
148 39069
148.2 38918
148.4 38953
148.6 39143
148.8 39199
149 38958
149.2 39297
149.4 39300
149.6 39086
149.8 39378
150 39077
150.2 39159
150.4 39468
150.6 38877
150.8 38733
151 38992
151.2 39228
151.4 38848
151.6 39462
151.8 39190
152 39025
152.2 39091
152.4 39397
152.6 39244
152.8 39373
153 38863
153.2 38863
153.4 38922
153.6 39199
153.8 39027
154 38928
154.2 39496
154.4 38914
154.6 39339
154.8 39223
155 39291
155.2 38879
155.4 39143
155.6 39344
155.8 39182
156 39147
156.2 39184
156.4 39244
156.6 39213
156.8 39289
157 39041
157.2 38888
157.4 39069
157.6 39293
157.8 39027
158 38900
158.2 39206
158.4 38788
158.6 38837
158.8 38998
159 38949
159.2 39157
159.4 39249
159.6 38993
159.8 39375
160 39176
160.2 39279
160.4 39268
160.6 38936
160.8 39279
161 39002
161.2 38840
161.4 39186
161.6 39197
161.8 38868
162 39407
162.2 38829
162.4 39216
162.6 38770
162.8 39259
163 39254
163.2 39149
163.4 38936
163.6 38718
163.8 39085
164 39258
164.2 38879
164.4 38831
164.6 39208
164.8 39270
165 39266
165.2 39126
165.4 39223
165.6 38777
165.8 39324
166 39123
166.2 39250
166.4 38986
166.6 39101
166.8 39208
167 38796
167.2 38954
167.4 38725
167.6 38928
167.8 39312
168 38885
168.2 39238
168.4 38969
168.6 39132
168.8 39024
169 39193
169.2 39278
169.4 39204
169.6 38828
169.8 39288
170 38875
170.2 39076
170.4 38660
170.6 38978
170.8 39253
171 38938
171.2 39279
171.4 38973
171.6 38829
171.8 39138
172 39184
172.2 38984
172.4 38892
172.6 38742
172.8 38982
173 38992
173.2 39014
173.4 39089
173.6 39064
173.8 39096
174 38866
174.2 39072
174.4 39163
174.6 39033
174.8 38890
175 38785
175.2 38956
175.4 39283
175.6 38782
175.8 39263
176 39043
176.2 39371
176.4 39073
176.6 39095
176.8 39010
177 39513
177.2 39038
177.4 38956
177.6 39192
177.8 38879
178 38939
178.2 39380
178.4 38741
178.6 39121
178.8 39337
179 39015
179.2 39065
179.4 38863
179.6 38601
179.8 39214
180 38986
180.2 39052
180.4 39186
180.6 39165
180.8 38891
181 38782
181.2 38783
181.4 38950
181.6 38825
181.8 39412
182 38721
182.2 39075
182.4 39182
182.6 38779
182.8 38961
183 38966
183.2 38885
183.4 38992
183.6 39081
183.8 38817
184 39131
184.2 39558
184.4 39120
184.6 39070
184.8 38960
185 38981
185.2 39235
185.4 38624
185.6 39032
185.8 39026
186 39363
186.2 39225
186.4 39292
186.6 38949
186.8 38763
187 39356
187.2 39245
187.4 39050
187.6 38815
187.8 38900
188 39154
188.2 38974
188.4 38828
188.6 39019
188.8 38991
189 39037
189.2 39011
189.4 39034
189.6 39183
189.8 39221
190 39135
190.2 39026
190.4 39405
190.6 38895
190.8 39254
191 39357
191.2 38878
191.4 39216
191.6 39278
191.8 38777
192 38997
192.2 38713
192.4 39131
192.6 39267
192.8 39122
193 39361
193.2 38907
193.4 39165
193.6 38822
193.8 39370
194 38670
194.2 39081
194.4 38761
194.6 39047
194.8 39408
195 38714
195.2 39327
195.4 39159
195.6 39183
195.8 39336
196 38989
196.2 39569
196.4 39263
196.6 39210
196.8 39206
197 39104
197.2 39640
197.4 39099
197.6 39032
197.8 39140
198 39220
198.2 39171
198.4 38601
198.6 39182
198.8 39003
199 38910
199.2 39312
199.4 38850
199.6 39298
199.8 39078
200 39241
200.2 39489
200.4 39031
200.6 39469
200.8 39266
201 39272
201.2 39052
201.4 39487
201.6 39070
201.8 39381
202 38914
202.2 39153
202.4 39266
202.6 39274
202.8 38996
203 39101
203.2 39194
203.4 39406
203.6 39373
203.8 38753
204 39238
204.2 39092
204.4 39171
204.6 39213
204.8 39470
205 39326
205.2 39344
205.4 39223
205.6 39468
205.8 39244
206 39016
206.2 39484
206.4 39260
206.6 39108
206.8 39231
207 39076
207.2 39289
207.4 39126
207.6 39259
207.8 39426
208 39385
208.2 39150
208.4 39028
208.6 39119
208.8 39444
209 39285
209.2 39398
209.4 39233
209.6 39503
209.8 39313
210 39443
210.2 39171
210.4 39293
210.6 38943
210.8 39103
211 39387
211.2 39078
211.4 38920
211.6 39258
211.8 39141
212 39603
212.2 39171
212.4 39111
212.6 39587
212.8 39163
213 38808
213.2 39394
213.4 38843
213.6 39219
213.8 39141
214 39359
214.2 39530
214.4 39330
214.6 39532
214.8 39208
215 38869
215.2 39394
215.4 39424
215.6 39609
215.8 39455
216 39144
216.2 38826
216.4 39416
216.6 38875
216.8 39309
217 39021
217.2 39152
217.4 39107
217.6 39381
217.8 39053
218 39169
218.2 39266
218.4 39273
218.6 39386
218.8 39465
219 39547
219.2 39321
219.4 39190
219.6 39552
219.8 39331
220 39472
220.2 39326
220.4 39369
220.6 39329
220.8 39254
221 39313
221.2 39590
221.4 39467
221.6 39143
221.8 39272
222 39673
222.2 39551
222.4 39252
222.6 39126
222.8 39053
223 39503
223.2 39544
223.4 39153
223.6 39655
223.8 38892
224 39375
224.2 39582
224.4 39251
224.6 39010
224.8 39121
225 39356
225.2 39176
225.4 39284
225.6 39535
225.8 39264
226 39439
226.2 38975
226.4 39230
226.6 39166
226.8 39228
227 39318
227.2 39326
227.4 39408
227.6 39202
227.8 39092
228 39419
228.2 39548
228.4 38770
228.6 39744
228.8 39926
229 39474
229.2 39409
229.4 39373
229.6 39033
229.8 39033
230 38836
230.2 38868
230.4 39301
230.6 39169
230.8 39043
231 39288
231.2 39036
231.4 39223
231.6 39550
231.8 38979
232 39246
232.2 39405
232.4 39050
232.6 39493
232.8 39258
233 39473
233.2 39328
233.4 39725
233.6 39482
233.8 39692
234 39487
234.2 39377
234.4 39405
234.6 39251
234.8 39358
235 39465
235.2 39357
235.4 39127
235.6 39643
235.8 39508
236 39107
236.2 39240
236.4 39423
236.6 39336
236.8 38852
237 39526
237.2 39209
237.4 39471
237.6 39197
237.8 39405
238 39190
238.2 39388
238.4 39508
238.6 39106
238.8 39203
239 39594
239.2 39449
239.4 39288
239.6 39463
239.8 39219
240 39092
240.2 39139
240.4 39111
240.6 39339
240.8 39385
241 38865
241.2 39329
241.4 39069
241.6 39533
241.8 38758
242 38908
242.2 39113
242.4 39306
242.6 39416
242.8 39109
243 39356
243.2 39072
243.4 39231
243.6 39524
243.8 38842
244 39077
244.2 39306
244.4 39549
244.6 38956
244.8 39116
245 39126
245.2 39452
245.4 39229
245.6 38852
245.8 39176
246 38779
246.2 39137
246.4 39313
246.6 39214
246.8 38945
247 39119
247.2 39302
247.4 39333
247.6 39431
247.8 39074
248 39432
248.2 39552
248.4 38834
248.6 39215
248.8 39548
249 39126
249.2 39573
249.4 38784
249.6 39315
249.8 39322
250 39476
