35.2 24
35.6 1
36 23
36.2 18
36.4 7
36.6 18
36.8 84
37 30
37.2 53
37.4 68
37.6 53
37.8 2017
38 3620
38.2 6124
38.4 3374
38.6 7171
38.8 10098
39 39837
39.2 138223
39.4 328913
39.6 626071
39.8 985982
40 1490503
40.2 1645022
40.4 1639694
40.6 1654159
40.8 1636276
41 1638883
41.2 1823182
41.4 1612516
41.6 1810272
41.8 1811700
42 1622862
42.2 1749227
42.4 1752024
42.6 1871789
42.8 1962817
43 2254848
43.2 2590054
43.4 2411340
43.6 2123729
43.8 1683487
44 1195367
44.2 795593
44.4 655040
44.6 472518
44.8 343142
45 280286
45.2 242036
45.4 225778
45.6 209028
45.8 173428
46 157824
46.2 125796
46.4 121359
46.6 90709
46.8 64153
47 50834
47.2 45088
47.4 32583
47.6 35274
47.8 27438
48 23994
48.2 20902
48.4 21638
48.6 16991
48.8 16625
49 15407
49.2 14859
49.4 13055
49.6 11657
49.8 11034
50 10469
50.2 9502
50.4 9122
50.6 9081
50.8 8453
51 8660
51.2 8010
51.4 7524
51.6 7028
51.8 7292
52 7923
52.2 6682
52.4 6576
52.6 6974
52.8 6730
53 6051
53.2 6158
53.4 6074
53.6 5967
53.8 6385
54 5788
54.2 5717
54.4 5856
54.6 5358
54.8 5540
55 5634
55.2 5456
55.4 5325
55.6 5442
55.8 5356
56 5141
56.2 5293
56.4 5112
56.6 5134
56.8 4925
57 5050
57.2 4919
57.4 5016
57.6 4845
57.8 4883
58 5202
58.2 4948
58.4 4752
58.6 4966
58.8 4939
59 4811
59.2 4743
59.4 4887
59.6 4950
59.8 4851
60 4739
60.2 4779
60.4 4773
60.6 4658
60.8 4689
61 4838
61.2 4793
61.4 4762
61.6 4628
61.8 4894
62 4875
62.2 4686
62.4 4858
62.6 4739
62.8 4741
63 4767
63.2 4894
63.4 4788
63.6 4754
63.8 4802
64 4879
64.2 4833
64.4 4848
64.6 4821
64.8 4915
65 4856
65.2 4992
65.4 4780
65.6 4894
65.8 4846
66 4874
66.2 5037
66.4 4943
66.6 4907
66.8 4958
67 4918
67.2 5076
67.4 4969
67.6 5059
67.8 5019
68 4869
68.2 5123
68.4 4899
68.6 4890
68.8 5140
69 4905
69.2 5121
69.4 5104
69.6 5218
69.8 5067
70 4962
70.2 5209
70.4 4917
70.6 5135
70.8 5078
71 5077
71.2 5158
71.4 5224
71.6 5118
71.8 5036
72 5123
72.2 5259
72.4 5189
72.6 5322
72.8 5194
73 5218
73.2 5181
73.4 5244
73.6 5160
73.8 5192
74 5384
74.2 5181
74.4 5154
74.6 5230
74.8 5240
75 5249
75.2 5246
75.4 5208
75.6 5300
75.8 5205
76 5330
76.2 5410
76.4 5470
76.6 5489
76.8 5274
77 5433
77.2 5345
77.4 5413
77.6 5346
77.8 5403
78 5456
78.2 5363
78.4 5544
78.6 5557
78.8 5462
79 5572
79.2 5579
79.4 5438
79.6 5470
79.8 5612
80 5629
80.2 5607
80.4 5367
80.6 5579
80.8 5666
81 5543
81.2 5664
81.4 5613
81.6 5594
81.8 5597
82 5423
82.2 5617
82.4 5530
82.6 5666
82.8 5648
83 5550
83.2 5567
83.4 5567
83.6 5738
83.8 5652
84 5556
84.2 5709
84.4 5735
84.6 5592
84.8 5695
85 5738
85.2 5695
85.4 5438
85.6 5551
85.8 5538
86 5598
86.2 5686
86.4 5616
86.6 5513
86.8 5697
87 5635
87.2 5614
87.4 5619
87.6 5733
87.8 5604
88 5653
88.2 5533
88.4 5554
88.6 5522
88.8 5573
89 5562
89.2 5563
89.4 5682
89.6 5529
89.8 5575
90 5630
90.2 5591
90.4 5604
90.6 5676
90.8 5478
91 5699
91.2 5498
91.4 5668
91.6 5606
91.8 5535
92 5532
92.2 5525
92.4 5519
92.6 5494
92.8 5469
93 5642
93.2 5687
93.4 5521
93.6 5695
93.8 5631
94 5563
94.2 5520
94.4 5593
94.6 5553
94.8 5506
95 5690
95.2 5593
95.4 5626
95.6 5548
95.8 5506
96 5611
96.2 5645
96.4 5509
96.6 5519
96.8 5480
97 5497
97.2 5531
97.4 5481
97.6 5549
97.8 5672
98 5661
98.2 5514
98.4 5582
98.6 5423
98.8 5620
99 5571
99.2 5470
99.4 5525
99.6 5583
99.8 5609
100 5569
100.2 5471
100.4 5439
100.6 5623
100.8 5553
101 5577
101.2 5453
101.4 5601
101.6 5617
101.8 5592
102 5546
102.2 5595
102.4 5553
102.6 5592
102.8 5408
103 5649
103.2 5479
103.4 5487
103.6 5605
103.8 5476
104 5543
104.2 5504
104.4 5403
104.6 5493
104.8 5572
105 5649
105.2 5556
105.4 5493
105.6 5408
105.8 5529
106 5526
106.2 5533
106.4 5532
106.6 5553
106.8 5541
107 5610
107.2 5669
107.4 5405
107.6 5574
107.8 5482
108 5431
108.2 5520
108.4 5497
108.6 5572
108.8 5467
109 5445
109.2 5667
109.4 5593
109.6 5562
109.8 5605
110 5516
110.2 5493
110.4 5632
110.6 5531
110.8 5452
111 5728
111.2 5529
111.4 5575
111.6 5593
111.8 5556
112 5391
112.2 5483
112.4 5470
112.6 5477
112.8 5575
113 5597
113.2 5557
113.4 5557
113.6 5576
113.8 5601
114 5576
114.2 5558
114.4 5451
114.6 5537
114.8 5575
115 5538
115.2 5592
115.4 5468
115.6 5511
115.8 5558
116 5610
116.2 5399
116.4 5444
116.6 5534
116.8 5609
117 5449
117.2 5540
117.4 5713
117.6 5582
117.8 5567
118 5590
118.2 5578
118.4 5552
118.6 5537
118.8 5615
119 5482
119.2 5605
119.4 5634
119.6 5514
119.8 5543
120 5625
120.2 5544
120.4 5586
120.6 5562
120.8 5441
121 5654
121.2 5486
121.4 5575
121.6 5572
121.8 5517
122 5636
122.2 5561
122.4 5544
122.6 5671
122.8 5557
123 5442
123.2 5616
123.4 5604
123.6 5579
123.8 5476
124 5462
124.2 5589
124.4 5529
124.6 5607
124.8 5650
125 5608
125.2 5574
125.4 5618
125.6 5590
125.8 5704
126 5712
126.2 5695
126.4 5424
126.6 5683
126.8 5611
127 5449
127.2 5315
127.4 5762
127.6 5702
127.8 5650
128 5624
128.2 5640
128.4 5592
128.6 5472
128.8 5677
129 5621
129.2 5628
129.4 5476
129.6 5582
129.8 5554
130 5556
130.2 5640
130.4 5569
130.6 5722
130.8 5562
131 5553
131.2 5625
131.4 5660
131.6 5559
131.8 5532
132 5766
132.2 5619
132.4 5556
132.6 5663
132.8 5451
133 5505
133.2 5572
133.4 5542
133.6 5534
133.8 5554
134 5539
134.2 5576
134.4 5622
134.6 5582
134.8 5449
135 5689
135.2 5547
135.4 5403
135.6 5731
135.8 5522
136 5604
136.2 5595
136.4 5620
136.6 5624
136.8 5640
137 5603
137.2 5624
137.4 5550
137.6 5629
137.8 5699
138 5568
138.2 5560
138.4 5609
138.6 5435
138.8 5589
139 5710
139.2 5705
139.4 5484
139.6 5622
139.8 5592
140 5595
140.2 5547
140.4 5483
140.6 5625
140.8 5555
141 5505
141.2 5694
141.4 5585
141.6 5620
141.8 5534
142 5561
142.2 5533
142.4 5514
142.6 5518
142.8 5538
143 5527
143.2 5716
143.4 5560
143.6 5475
143.8 5626
144 5580
144.2 5717
144.4 5664
144.6 5658
144.8 5596
145 5492
145.2 5567
145.4 5639
145.6 5617
145.8 5665
146 5596
146.2 5448
146.4 5610
146.6 5589
146.8 5475
147 5580
147.2 5484
147.4 5588
147.6 5654
147.8 5575
148 5705
148.2 5676
148.4 5692
148.6 5645
148.8 5446
149 5580
149.2 5515
149.4 5600
149.6 5515
149.8 5514
150 5633
150.2 5550
150.4 5534
150.6 5507
150.8 5561
151 5616
151.2 5485
151.4 5691
151.6 5595
151.8 5581
152 5408
152.2 5439
152.4 5597
152.6 5585
152.8 5608
153 5526
153.2 5692
153.4 5564
153.6 5661
153.8 5497
154 5793
154.2 5626
154.4 5572
154.6 5558
154.8 5526
155 5596
155.2 5595
155.4 5536
155.6 5513
155.8 5670
156 5538
156.2 5644
156.4 5426
156.6 5580
156.8 5560
157 5579
157.2 5591
157.4 5499
157.6 5466
157.8 5582
158 5502
158.2 5560
158.4 5631
158.6 5692
158.8 5669
159 5583
159.2 5523
159.4 5699
159.6 5600
159.8 5579
160 5568
160.2 5646
160.4 5575
160.6 5588
160.8 5438
161 5600
161.2 5428
161.4 5552
161.6 5552
161.8 5530
162 5621
162.2 5554
162.4 5612
162.6 5691
162.8 5564
163 5495
163.2 5514
163.4 5556
163.6 5641
163.8 5641
164 5421
164.2 5537
164.4 5564
164.6 5597
164.8 5438
165 5511
165.2 5504
165.4 5544
165.6 5620
165.8 5557
166 5667
166.2 5532
166.4 5657
166.6 5619
166.8 5466
167 5631
167.2 5430
167.4 5569
167.6 5569
167.8 5556
168 5537
168.2 5580
168.4 5539
168.6 5753
168.8 5658
169 5548
169.2 5604
169.4 5462
169.6 5510
169.8 5607
170 5514
170.2 5545
170.4 5504
170.6 5551
170.8 5625
171 5635
171.2 5715
171.4 5513
171.6 5570
171.8 5679
172 5504
172.2 5590
172.4 5600
172.6 5646
172.8 5708
173 5652
173.2 5565
173.4 5654
173.6 5528
173.8 5509
174 5550
174.2 5615
174.4 5508
174.6 5567
174.8 5617
175 5609
175.2 5473
175.4 5564
175.6 5476
175.8 5585
176 5701
176.2 5520
176.4 5545
176.6 5637
176.8 5660
177 5633
177.2 5571
177.4 5553
177.6 5602
177.8 5632
178 5529
178.2 5550
178.4 5502
178.6 5633
178.8 5527
179 5485
179.2 5670
179.4 5540
179.6 5519
179.8 5580
180 5609
180.2 5619
180.4 5677
180.6 5582
180.8 5420
181 5571
181.2 5521
181.4 5463
181.6 5532
181.8 5642
182 5689
182.2 5635
182.4 5651
182.6 5627
182.8 5591
183 5580
183.2 5476
183.4 5641
183.6 5476
183.8 5525
184 5582
184.2 5489
184.4 5564
184.6 5620
184.8 5621
185 5562
185.2 5591
185.4 5565
185.6 5510
185.8 5655
186 5677
186.2 5429
186.4 5602
186.6 5586
186.8 5654
187 5622
187.2 5557
187.4 5527
187.6 5621
187.8 5592
188 5552
188.2 5597
188.4 5573
188.6 5693
188.8 5633
189 5575
189.2 5555
189.4 5623
189.6 5600
189.8 5582
190 5438
190.2 5768
190.4 5689
190.6 5501
190.8 5483
191 5514
191.2 5612
191.4 5619
191.6 5424
191.8 5530
192 5642
192.2 5604
192.4 5588
192.6 5512
192.8 5611
193 5788
193.2 5544
193.4 5637
193.6 5562
193.8 5503
194 5576
194.2 5560
194.4 5538
194.6 5480
194.8 5551
195 5620
195.2 5498
195.4 5511
195.6 5701
195.8 5555
196 5586
196.2 5618
196.4 5630
196.6 5500
196.8 5498
197 5596
197.2 5577
197.4 5584
197.6 5453
197.8 5732
198 5697
198.2 5609
198.4 5538
198.6 5584
198.8 5621
199 5690
199.2 5586
199.4 5718
199.6 5482
199.8 5534
200 5521
200.2 5627
200.4 5693
200.6 5593
200.8 5681
201 5677
201.2 5649
201.4 5534
201.6 5692
201.8 5586
202 5740
202.2 5481
202.4 5567
202.6 5632
202.8 5584
203 5569
203.2 5563
203.4 5454
203.6 5561
203.8 5548
204 5498
204.2 5570
204.4 5469
204.6 5637
204.8 5553
205 5749
205.2 5585
205.4 5641
205.6 5587
205.8 5501
206 5581
206.2 5537
206.4 5608
206.6 5551
206.8 5541
207 5616
207.2 5579
207.4 5537
207.6 5454
207.8 5544
208 5758
208.2 5456
208.4 5582
208.6 5491
208.8 5612
209 5618
209.2 5589
209.4 5464
209.6 5597
209.8 5573
210 5453
210.2 5509
210.4 5616
210.6 5538
210.8 5537
211 5592
211.2 5596
211.4 5526
211.6 5506
211.8 5596
212 5575
212.2 5578
212.4 5668
212.6 5604
212.8 5608
213 5480
213.2 5397
213.4 5502
213.6 5632
213.8 5445
214 5541
214.2 5575
214.4 5574
214.6 5477
214.8 5622
215 5632
215.2 5638
215.4 5522
215.6 5672
215.8 5636
216 5570
216.2 5492
216.4 5553
216.6 5739
216.8 5620
217 5597
217.2 5624
217.4 5640
217.6 5654
217.8 5533
218 5547
218.2 5608
218.4 5685
218.6 5618
218.8 5547
219 5656
219.2 5604
219.4 5427
219.6 5485
219.8 5637
220 5513
220.2 5570
220.4 5457
220.6 5569
220.8 5567
221 5568
221.2 5640
221.4 5581
221.6 5534
221.8 5576
222 5507
222.2 5520
222.4 5504
222.6 5694
222.8 5506
223 5496
223.2 5552
223.4 5581
223.6 5542
223.8 5604
224 5567
224.2 5616
224.4 5671
224.6 5490
224.8 5407
225 5689
225.2 5651
225.4 5663
225.6 5645
225.8 5624
226 5624
226.2 5609
226.4 5478
226.6 5480
226.8 5553
227 5624
227.2 5651
227.4 5432
227.6 5585
227.8 5608
228 5473
228.2 5632
228.4 5583
228.6 5437
228.8 5544
229 5644
229.2 5704
229.4 5529
229.6 5611
229.8 5544
230 5515
230.2 5506
230.4 5559
230.6 5573
230.8 5599
231 5541
231.2 5508
231.4 5549
231.6 5726
231.8 5545
232 5423
232.2 5606
232.4 5553
232.6 5625
232.8 5637
233 5513
233.2 5482
233.4 5664
233.6 5443
233.8 5408
234 5391
234.2 5503
234.4 5609
234.6 5493
234.8 5624
235 5633
235.2 5640
235.4 5717
235.6 5518
235.8 5691
236 5657
236.2 5484
236.4 5535
236.6 5470
236.8 5565
237 5506
237.2 5603
237.4 5582
237.6 5492
237.8 5619
238 5560
238.2 5691
238.4 5498
238.6 5504
238.8 5581
239 5622
239.2 5564
239.4 5587
239.6 5574
239.8 5675
240 5426
240.2 5626
240.4 5661
240.6 5739
240.8 5603
241 5563
241.2 5541
241.4 5507
241.6 5593
241.8 5665
242 5581
242.2 5560
242.4 5472
242.6 5589
242.8 5647
243 5611
243.2 5603
243.4 5595
243.6 5463
243.8 5734
244 5589
244.2 5435
244.4 5630
244.6 5590
244.8 5621
245 5596
245.2 5720
245.4 5500
245.6 5486
245.8 5637
246 5515
246.2 5564
246.4 5632
246.6 5648
246.8 5547
247 5497
247.2 5601
247.4 5535
247.6 5538
247.8 5645
248 5533
248.2 5541
248.4 5507
248.6 5570
248.8 5606
249 5617
249.2 5547
249.4 5563
249.6 5572
249.8 5565
250 5500
