33.6 708
34.2 1148
34.4 563
34.6 1251
34.8 1432
35 1840
35.2 3386
35.4 2820
35.6 17487
35.8 16698
36 46177
36.2 76463
36.4 82979
36.6 89640
36.8 97606
37 87886
37.2 72059
37.4 65642
37.6 84367
37.8 67347
38 79954
38.2 85926
38.4 86127
38.6 89309
38.8 85485
39 86656
39.2 98745
39.4 120694
39.6 116000
39.8 119260
40 120323
40.2 133281
40.4 137124
40.6 155954
40.8 156707
41 137725
41.2 150396
41.4 164403
41.6 169615
41.8 170654
42 174872
42.2 185009
42.4 195978
42.6 203307
42.8 200024
43 204553
43.2 202425
43.4 205805
43.6 215612
43.8 212523
44 217953
44.2 221989
44.4 214301
44.6 219439
44.8 215837
45 213403
45.2 213212
45.4 207115
45.6 203080
45.8 201289
46 195824
46.2 194169
46.4 190623
46.6 186184
46.8 179372
47 172973
47.2 164026
47.4 162140
47.6 151687
47.8 150108
48 143782
48.2 138135
48.4 132516
48.6 129168
48.8 123146
49 117917
49.2 112982
49.4 107843
49.6 104911
49.8 100447
50 95683
50.2 92362
50.4 88925
50.6 86101
50.8 83060
51 79795
51.2 78648
51.4 75754
51.6 72303
51.8 69976
52 67993
52.2 66753
52.4 63723
52.6 62110
52.8 61413
53 59980
53.2 58703
53.4 57164
53.6 55759
53.8 55109
54 54034
54.2 52989
54.4 52301
54.6 51706
54.8 50837
55 50269
55.2 49791
55.4 48884
55.6 48450
55.8 47664
56 47251
56.2 46285
56.4 46977
56.6 46101
56.8 45376
57 45524
57.2 44759
57.4 44398
57.6 44736
57.8 44053
58 44002
58.2 43505
58.4 43460
58.6 43373
58.8 43264
59 42825
59.2 42986
59.4 42067
59.6 42599
59.8 42217
60 42011
60.2 41998
60.4 41876
60.6 41773
60.8 41593
61 41839
61.2 41308
61.4 41343
61.6 41467
61.8 41005
62 40997
62.2 41294
62.4 41004
62.6 40462
62.8 40672
63 40854
63.2 40393
63.4 40892
63.6 40182
63.8 40318
64 40286
64.2 40428
64.4 40638
64.6 40498
64.8 40407
65 39981
65.2 40104
65.4 39740
65.6 40262
65.8 39903
66 39825
66.2 39800
66.4 39693
66.6 39948
66.8 40027
67 39929
67.2 39435
67.4 39423
67.6 39870
67.8 39555
68 39881
68.2 39736
68.4 39768
68.6 39389
68.8 39746
69 39779
69.2 39279
69.4 40088
69.6 39288
69.8 39495
70 39574
70.2 39464
70.4 39565
70.6 39544
70.8 39141
71 39065
71.2 39300
71.4 39345
71.6 39410
71.8 39480
72 39295
72.2 39141
72.4 39171
72.6 38919
72.8 39184
73 39308
73.2 39237
73.4 39173
73.6 39359
73.8 38962
74 39372
74.2 39303
74.4 38875
74.6 39078
74.8 39281
75 39053
75.2 39021
75.4 39852
75.6 39201
75.8 39145
76 39042
76.2 39127
76.4 39091
76.6 39086
76.8 39125
77 39303
77.2 38478
77.4 39114
77.6 38919
77.8 39050
78 39151
78.2 38945
78.4 39320
78.6 39080
78.8 38999
79 39251
79.2 38923
79.4 38764
79.6 39021
79.8 39219
80 39117
80.2 38732
80.4 38743
80.6 39017
80.8 38839
81 38928
81.2 38832
81.4 38639
81.6 38803
81.8 38632
82 38848
82.2 38940
82.4 39028
82.6 38892
82.8 38632
83 39262
83.2 39176
83.4 38951
83.6 39141
83.8 38819
84 39041
84.2 38881
84.4 38858
84.6 39089
84.8 38903
85 39026
85.2 38745
85.4 38534
85.6 38914
85.8 39094
86 38672
86.2 38906
86.4 38826
86.6 38812
86.8 38578
87 38708
87.2 38919
87.4 38685
87.6 38657
87.8 39222
88 38696
88.2 38743
88.4 38883
88.6 38926
88.8 39170
89 39272
89.2 38661
89.4 38407
89.6 38823
89.8 38895
90 38674
90.2 38837
90.4 38643
90.6 38767
90.8 38769
91 38854
91.2 38560
91.4 38914
91.6 38908
91.8 38589
92 38850
92.2 38838
92.4 38754
92.6 38779
92.8 38798
93 38626
93.2 39129
93.4 38647
93.6 38680
93.8 38514
94 38436
94.2 38759
94.4 38768
94.6 38531
94.8 38733
95 38950
95.2 39202
95.4 38717
95.6 38471
95.8 38951
96 38523
96.2 38546
96.4 38604
96.6 38719
96.8 38808
97 38660
97.2 38396
97.4 38808
97.6 38695
97.8 38704
98 38888
98.2 38682
98.4 38694
98.6 38618
98.8 38595
99 38704
99.2 38450
99.4 38672
99.6 38786
99.8 38708
100 38699
100.2 38801
100.4 38524
100.6 38861
100.8 38724
101 38891
101.2 38589
101.4 38881
101.6 38463
101.8 38659
102 38776
102.2 38688
102.4 38529
102.6 38552
102.8 38454
103 38822
103.2 38617
103.4 38973
103.6 38851
103.8 38815
104 38318
104.2 38457
104.4 38554
104.6 38340
104.8 38658
105 38787
105.2 38399
105.4 38557
105.6 38327
105.8 38638
106 38525
106.2 38588
106.4 38900
106.6 38515
106.8 38557
107 38375
107.2 38617
107.4 38583
107.6 38524
107.8 38265
108 38509
108.2 38778
108.4 38408
108.6 38706
108.8 38411
109 38358
109.2 38759
109.4 38495
109.6 38789
109.8 38492
110 38738
110.2 38761
110.4 38517
110.6 38526
110.8 38397
111 38624
111.2 38580
111.4 38367
111.6 38597
111.8 38543
112 38591
112.2 39100
112.4 38920
112.6 38307
112.8 38352
113 38341
113.2 38295
113.4 38553
113.6 38621
113.8 38523
114 38393
114.2 38598
114.4 38664
114.6 38659
114.8 38701
115 38338
115.2 38432
115.4 38331
115.6 38536
115.8 38658
116 38567
116.2 38264
116.4 38683
116.6 38530
116.8 39068
117 38544
117.2 38328
117.4 38161
117.6 38633
117.8 38403
118 38938
118.2 38899
118.4 38473
118.6 38670
118.8 38685
119 38809
119.2 38571
119.4 38524
119.6 38302
119.8 38542
120 38521
120.2 38601
120.4 38708
120.6 38520
120.8 38590
121 38643
121.2 38746
121.4 38661
121.6 38246
121.8 38436
122 39145
122.2 38536
122.4 38783
122.6 38613
122.8 38753
123 38474
123.2 38696
123.4 38590
123.6 38377
123.8 38311
124 38407
124.2 38745
124.4 38615
124.6 38783
124.8 38672
125 38692
125.2 38278
125.4 38845
125.6 38696
125.8 38595
126 38428
126.2 38870
126.4 38550
126.6 38458
126.8 38885
127 38351
127.2 38308
127.4 38658
127.6 38208
127.8 38328
128 38855
128.2 38823
128.4 38484
128.6 38821
128.8 38533
129 38302
129.2 38712
129.4 38497
129.6 38778
129.8 38787
130 38667
130.2 38777
130.4 38268
130.6 38532
130.8 38532
131 38745
131.2 38433
131.4 38880
131.6 38590
131.8 38546
132 38809
132.2 38855
132.4 38531
132.6 38734
132.8 38857
133 38606
133.2 38657
133.4 38409
133.6 38612
133.8 38692
134 38785
134.2 38601
134.4 38614
134.6 38574
134.8 38536
135 38750
135.2 38870
135.4 38461
135.6 38940
135.8 39168
136 38492
136.2 38749
136.4 38552
136.6 38408
136.8 38558
137 38543
137.2 38420
137.4 38497
137.6 38626
137.8 38758
138 38465
138.2 38389
138.4 38839
138.6 38591
138.8 38416
139 38282
139.2 38435
139.4 38609
139.6 38573
139.8 38871
140 38248
140.2 38292
140.4 38585
140.6 38673
140.8 37899
141 38416
141.2 38482
141.4 38672
141.6 38581
141.8 38529
142 38629
142.2 38123
142.4 38462
142.6 38637
142.8 38302
143 38720
143.2 38518
143.4 38667
143.6 38542
143.8 38590
144 38716
144.2 38816
144.4 38524
144.6 38430
144.8 38681
145 38437
145.2 38680
145.4 38661
145.6 38762
145.8 38676
146 38497
146.2 38443
146.4 38612
146.6 38531
146.8 38404
147 38391
147.2 38297
147.4 39037
147.6 38256
147.8 38588
148 38744
148.2 38584
148.4 38626
148.6 38393
148.8 38142
149 38485
149.2 38528
149.4 38401
149.6 38630
149.8 38693
150 38683
150.2 38586
150.4 38399
150.6 38762
150.8 38474
151 38361
151.2 38712
151.4 38680
151.6 38676
151.8 38479
152 38660
152.2 38523
152.4 38388
152.6 38687
152.8 38740
153 39000
153.2 38571
153.4 38819
153.6 38462
153.8 38479
154 38559
154.2 38558
154.4 38580
154.6 38565
154.8 38882
155 38575
155.2 38737
155.4 38447
155.6 38630
155.8 38608
156 38709
156.2 38627
156.4 38921
156.6 38687
156.8 38546
157 38385
157.2 38441
157.4 38581
157.6 38567
157.8 38392
158 38732
158.2 38250
158.4 38383
158.6 38508
158.8 38235
159 38717
159.2 38813
159.4 38529
159.6 38610
159.8 38801
160 38548
160.2 38507
160.4 38447
160.6 38659
160.8 38093
161 38771
161.2 38476
161.4 38153
161.6 38254
161.8 38799
162 38672
162.2 38717
162.4 38613
162.6 38561
162.8 38578
163 38544
163.2 38213
163.4 38704
163.6 38524
163.8 38620
164 38599
164.2 38440
164.4 38402
164.6 38797
164.8 38713
165 38392
165.2 38785
165.4 38449
165.6 38659
165.8 38596
166 38437
166.2 38516
166.4 38466
166.6 38566
166.8 38572
167 38667
167.2 38214
167.4 38484
167.6 38760
167.8 38408
168 38780
168.2 38700
168.4 38516
168.6 38783
168.8 38429
169 38521
169.2 38409
169.4 38437
169.6 38398
169.8 38720
170 38489
170.2 38769
170.4 38717
170.6 38276
170.8 38938
171 38464
171.2 38683
171.4 38820
171.6 38491
171.8 38396
172 38581
172.2 38688
172.4 38502
172.6 38367
172.8 38401
173 38640
173.2 38353
173.4 38627
173.6 38602
173.8 38903
174 38678
174.2 38508
174.4 38478
174.6 38407
174.8 38715
175 38567
175.2 38406
175.4 38446
175.6 38566
175.8 38920
176 38439
176.2 38546
176.4 38779
176.6 38626
176.8 38820
177 38608
177.2 38679
177.4 38535
177.6 38452
177.8 38674
178 38604
178.2 38431
178.4 38579
178.6 38481
178.8 38810
179 38505
179.2 38623
179.4 38214
179.6 38730
179.8 38471
180 38750
180.2 38419
180.4 38549
180.6 38721
180.8 38209
181 38319
181.2 38494
181.4 38557
181.6 38654
181.8 38533
182 38766
182.2 38685
182.4 38546
182.6 38698
182.8 39000
183 38583
183.2 38604
183.4 38880
183.6 38739
183.8 38275
184 38390
184.2 38426
184.4 38210
184.6 38771
184.8 38545
185 38735
185.2 38475
185.4 38621
185.6 38655
185.8 38371
186 38496
186.2 38405
186.4 38390
186.6 38808
186.8 38326
187 38694
187.2 38862
187.4 38495
187.6 38880
187.8 38355
188 38519
188.2 38606
188.4 38613
188.6 38462
188.8 38660
189 38141
189.2 38219
189.4 38678
189.6 38465
189.8 38454
190 38744
190.2 38561
190.4 38620
190.6 38660
190.8 38543
191 38607
191.2 38484
191.4 38253
191.6 38490
191.8 38948
192 38524
192.2 38680
192.4 38707
192.6 38447
192.8 38723
193 38703
193.2 38891
193.4 38552
193.6 38942
193.8 38422
194 38363
194.2 38537
194.4 38765
194.6 38661
194.8 38576
195 38716
195.2 38669
195.4 38435
195.6 38546
195.8 38630
196 38750
196.2 38517
196.4 38988
196.6 38773
196.8 38552
197 38724
197.2 38622
197.4 38613
197.6 38787
197.8 38466
198 38455
198.2 38607
198.4 38559
198.6 38535
198.8 38813
199 38578
199.2 38643
199.4 38496
199.6 38769
199.8 38733
200 38792
200.2 38732
200.4 38648
200.6 38606
200.8 38641
201 38514
201.2 38309
201.4 38399
201.6 38508
201.8 38409
202 38430
202.2 38771
202.4 38345
202.6 38508
202.8 38649
203 38614
203.2 38529
203.4 38671
203.6 38745
203.8 38899
204 38712
204.2 38400
204.4 38904
204.6 38637
204.8 38638
205 38734
205.2 38695
205.4 38362
205.6 38659
205.8 38427
206 38487
206.2 38892
206.4 38042
206.6 38682
206.8 38834
207 38626
207.2 38815
207.4 38400
207.6 38665
207.8 38476
208 38978
208.2 38457
208.4 38767
208.6 38613
208.8 38983
209 38689
209.2 38225
209.4 38371
209.6 38502
209.8 39062
210 38311
210.2 38739
210.4 38392
210.6 38594
210.8 38370
211 38292
211.2 38944
211.4 38524
211.6 38658
211.8 38407
212 38704
212.2 38368
212.4 38679
212.6 38552
212.8 38638
213 38506
213.2 38435
213.4 38524
213.6 38420
213.8 38439
214 38255
214.2 38188
214.4 38391
214.6 38850
214.8 38469
215 38638
215.2 38646
215.4 38942
215.6 38255
215.8 38489
216 38476
216.2 38221
216.4 38476
216.6 38617
216.8 38920
217 38594
217.2 38383
217.4 38477
217.6 38484
217.8 38825
218 38573
218.2 38528
218.4 38772
218.6 38880
218.8 38507
219 38825
219.2 38314
219.4 38276
219.6 38789
219.8 38968
220 38669
220.2 38596
220.4 38640
220.6 38168
220.8 38124
221 38524
221.2 38703
221.4 38301
221.6 38390
221.8 38489
222 38813
222.2 38395
222.4 38433
222.6 38749
222.8 38729
223 38390
223.2 38501
223.4 38384
223.6 38327
223.8 38716
224 38255
224.2 38666
224.4 38788
224.6 38420
224.8 38439
225 38323
225.2 38884
225.4 38245
225.6 38618
225.8 38297
226 38624
226.2 38476
226.4 38480
226.6 38563
226.8 38592
227 38623
227.2 38785
227.4 38319
227.6 38621
227.8 38780
228 38606
228.2 38781
228.4 39008
228.6 38443
228.8 38442
229 38491
229.2 38669
229.4 38373
229.6 38396
229.8 38768
230 38600
230.2 38843
230.4 38046
230.6 38440
230.8 38838
231 38157
231.2 38444
231.4 38839
231.6 38531
231.8 38334
232 38081
232.2 38216
232.4 38436
232.6 38549
232.8 38563
233 38593
233.2 38589
233.4 38311
233.6 38481
233.8 38506
234 38715
234.2 38854
234.4 38646
234.6 38736
234.8 38335
235 38558
235.2 38344
235.4 38765
235.6 38580
235.8 38551
236 38843
236.2 38677
236.4 38226
236.6 39007
236.8 38757
237 38519
237.2 38753
237.4 38502
237.6 38648
237.8 38506
238 38504
238.2 38384
238.4 38323
238.6 38880
238.8 38598
239 38757
239.2 38448
239.4 39033
239.6 38589
239.8 38351
240 38113
240.2 38768
240.4 38326
240.6 38542
240.8 38409
241 38543
241.2 38545
241.4 38518
241.6 38655
241.8 38959
242 38244
242.2 38406
242.4 38609
242.6 38761
242.8 38805
243 38652
243.2 38737
243.4 38536
243.6 38598
243.8 38586
244 38157
244.2 38584
244.4 38640
244.6 38441
244.8 38640
245 38599
245.2 38577
245.4 38351
245.6 38676
245.8 38543
246 38140
246.2 38864
246.4 38692
246.6 38867
246.8 38870
247 38567
247.2 38802
247.4 38798
247.6 38616
247.8 38341
248 38446
248.2 38803
248.4 38697
248.6 38606
248.8 38343
249 38501
249.2 38499
249.4 38516
249.6 38424
249.8 38713
250 38528
