35.4 444
35.6 533
35.8 1956
36 1657
36.2 821
36.4 6001
36.6 35170
36.8 79358
37 345259
37.2 537542
37.4 856602
37.6 1100652
37.8 1054416
38 998410
38.2 885642
38.4 734074
38.6 684542
38.8 664158
39 653409
39.2 698279
39.4 691113
39.6 677485
39.8 663829
40 549940
40.2 525200
40.4 497486
40.6 441306
40.8 462599
41 420935
41.2 429016
41.4 401190
41.6 399895
41.8 359908
42 385167
42.2 368047
42.4 361353
42.6 349326
42.8 330803
43 329754
43.2 306594
43.4 323745
43.6 319062
43.8 298449
44 276713
44.2 257926
44.4 256946
44.6 251019
44.8 240999
45 251950
45.2 223689
45.4 215767
45.6 213168
45.8 191960
46 186526
46.2 182481
46.4 170709
46.6 166315
46.8 158216
47 152421
47.2 140397
47.4 133892
47.6 133189
47.8 127632
48 117462
48.2 112111
48.4 106674
48.6 101495
48.8 98577
49 92283
49.2 87851
49.4 84687
49.6 78483
49.8 79131
50 74161
50.2 70305
50.4 68437
50.6 66139
50.8 62539
51 58809
51.2 56702
51.4 55979
51.6 52358
51.8 51147
52 49527
52.2 47022
52.4 46871
52.6 45818
52.8 44359
53 43072
53.2 41972
53.4 40453
53.6 39936
53.8 38422
54 37829
54.2 36441
54.4 35851
54.6 35241
54.8 34727
55 33561
55.2 33051
55.4 32852
55.6 32327
55.8 31670
56 31791
56.2 30298
56.4 30784
56.6 30574
56.8 30033
57 29820
57.2 29649
57.4 29194
57.6 28354
57.8 28456
58 28064
58.2 27939
58.4 27610
58.6 27305
58.8 27629
59 27132
59.2 26744
59.4 26542
59.6 26680
59.8 26173
60 26546
60.2 26856
60.4 26476
60.6 25855
60.8 26058
61 26374
61.2 25970
61.4 25959
61.6 25566
61.8 25694
62 25680
62.2 25683
62.4 25752
62.6 25703
62.8 25033
63 25524
63.2 25400
63.4 25163
63.6 25602
63.8 25266
64 25266
64.2 25099
64.4 24952
64.6 24984
64.8 24835
65 25008
65.2 25039
65.4 25167
65.6 24849
65.8 25128
66 25468
66.2 24754
66.4 25123
66.6 24792
66.8 25010
67 24963
67.2 24553
67.4 25124
67.6 24627
67.8 25488
68 24861
68.2 24698
68.4 25237
68.6 24843
68.8 25002
69 24706
69.2 24827
69.4 24881
69.6 25028
69.8 24582
70 25027
70.2 24785
70.4 25079
70.6 25031
70.8 24989
71 24928
71.2 24551
71.4 24914
71.6 25360
71.8 24932
72 25065
72.2 24867
72.4 25194
72.6 24877
72.8 25188
73 24945
73.2 24943
73.4 25247
73.6 25364
73.8 24925
74 25063
74.2 25087
74.4 25350
74.6 25371
74.8 25212
75 25302
75.2 25516
75.4 25295
75.6 24999
75.8 25266
76 25230
76.2 25397
76.4 25353
76.6 25611
76.8 25515
77 25390
77.2 25556
77.4 25471
77.6 25331
77.8 25413
78 25653
78.2 25355
78.4 25495
78.6 25645
78.8 25766
79 25500
79.2 25685
79.4 25689
79.6 25661
79.8 25942
80 25767
80.2 25624
80.4 25741
80.6 25947
80.8 25840
81 25838
81.2 26123
81.4 25824
81.6 26119
81.8 25958
82 25900
82.2 26095
82.4 26023
82.6 26227
82.8 26447
83 26179
83.2 25981
83.4 25991
83.6 25987
83.8 26222
84 26145
84.2 26030
84.4 26096
84.6 25912
84.8 25840
85 25954
85.2 25922
85.4 26036
85.6 26036
85.8 25602
86 25819
86.2 26208
86.4 25786
86.6 25829
86.8 26126
87 25878
87.2 25638
87.4 25624
87.6 25945
87.8 25987
88 25882
88.2 25740
88.4 25627
88.6 25640
88.8 25871
89 25907
89.2 25455
89.4 25612
89.6 25698
89.8 25614
90 25922
90.2 25751
90.4 25841
90.6 25657
90.8 25730
91 25293
91.2 25653
91.4 25861
91.6 25815
91.8 25463
92 25839
92.2 25668
92.4 25539
92.6 25613
92.8 25173
93 25499
93.2 25122
93.4 25529
93.6 25484
93.8 25804
94 25521
94.2 25263
94.4 25333
94.6 25260
94.8 25564
95 25347
95.2 25218
95.4 25579
95.6 25624
95.8 25753
96 25450
96.2 25581
96.4 25258
96.6 25456
96.8 25367
97 25507
97.2 25290
97.4 25430
97.6 25346
97.8 25480
98 25493
98.2 25405
98.4 25287
98.6 25590
98.8 25432
99 25464
99.2 25455
99.4 25626
99.6 25690
99.8 25568
100 25645
100.2 25705
100.4 25372
100.6 25615
100.8 25542
101 25422
101.2 25597
101.4 25509
101.6 25664
101.8 25273
102 25410
102.2 25521
102.4 25527
102.6 25572
102.8 25668
103 25533
103.2 25678
103.4 25387
103.6 25409
103.8 25277
104 25724
104.2 25789
104.4 25811
104.6 25757
104.8 25874
105 25664
105.2 25488
105.4 25552
105.6 25957
105.8 25509
106 25524
106.2 26035
106.4 25696
106.6 25368
106.8 25933
107 25632
107.2 25182
107.4 25577
107.6 25182
107.8 25736
108 25818
108.2 25526
108.4 25441
108.6 25478
108.8 25718
109 25661
109.2 25600
109.4 25424
109.6 25671
109.8 25885
110 25682
110.2 25302
110.4 25659
110.6 25454
110.8 25584
111 25453
111.2 25759
111.4 25715
111.6 25411
111.8 25376
112 25284
112.2 25295
112.4 25373
112.6 25435
112.8 25429
113 25313
113.2 25481
113.4 25385
113.6 25459
113.8 25444
114 25354
114.2 25166
114.4 25181
114.6 25626
114.8 25389
115 25372
115.2 25034
115.4 25407
115.6 25170
115.8 25445
116 25259
116.2 25303
116.4 24919
116.6 24848
116.8 24922
117 24964
117.2 25304
117.4 25209
117.6 25226
117.8 25100
118 25447
118.2 25425
118.4 25247
118.6 25243
118.8 25178
119 25048
119.2 25205
119.4 24945
119.6 25002
119.8 25201
120 25240
120.2 25208
120.4 25099
120.6 25077
120.8 24979
121 24865
121.2 25209
121.4 25177
121.6 25220
121.8 24943
122 25373
122.2 25091
122.4 25071
122.6 25133
122.8 25062
123 25008
123.2 25416
123.4 25261
123.6 24747
123.8 25091
124 25558
124.2 24930
124.4 25054
124.6 24867
124.8 24877
125 24606
125.2 24982
125.4 25052
125.6 25233
125.8 25173
126 25171
126.2 25117
126.4 25014
126.6 25278
126.8 25172
127 25132
127.2 25195
127.4 25106
127.6 25179
127.8 25108
128 25152
128.2 24982
128.4 25025
128.6 24969
128.8 24841
129 25108
129.2 25089
129.4 25353
129.6 24864
129.8 25024
130 24868
130.2 25137
130.4 25064
130.6 25122
130.8 25001
131 25111
131.2 25069
131.4 25171
131.6 25341
131.8 25096
132 24956
132.2 25074
132.4 24790
132.6 25008
132.8 25142
133 24860
133.2 25204
133.4 24951
133.6 25180
133.8 25265
134 25152
134.2 25122
134.4 25270
134.6 25124
134.8 25148
135 25122
135.2 24787
135.4 25213
135.6 25169
135.8 24873
136 25000
136.2 25118
136.4 25088
136.6 25032
136.8 25050
137 25047
137.2 25119
137.4 25005
137.6 24821
137.8 25161
138 24950
138.2 25077
138.4 25089
138.6 25016
138.8 25260
139 24954
139.2 25044
139.4 24944
139.6 24991
139.8 25145
140 25068
140.2 25233
140.4 24861
140.6 25091
140.8 25017
141 25010
141.2 25185
141.4 25051
141.6 25320
141.8 24768
142 24995
142.2 24859
142.4 25146
142.6 25415
142.8 25122
143 25048
143.2 24985
143.4 24949
143.6 24966
143.8 25110
144 25139
144.2 25228
144.4 25201
144.6 25094
144.8 24997
145 25160
145.2 25039
145.4 25058
145.6 24605
145.8 24847
146 24970
146.2 24982
146.4 25236
146.6 25101
146.8 24682
147 25111
147.2 24927
147.4 24903
147.6 25009
147.8 25029
148 25215
148.2 25072
148.4 24976
148.6 25057
148.8 25029
149 24651
149.2 25001
149.4 25068
149.6 25197
149.8 25124
150 25115
150.2 24960
150.4 24823
150.6 25083
150.8 24927
151 25048
151.2 25244
151.4 25003
151.6 24825
151.8 24971
152 25018
152.2 24841
152.4 24874
152.6 24928
152.8 25039
153 25287
153.2 24898
153.4 24793
153.6 25142
153.8 25106
154 24968
154.2 24950
154.4 25051
154.6 24986
154.8 24823
155 25254
155.2 24908
155.4 24994
155.6 25031
155.8 25202
156 25107
156.2 24904
156.4 24733
156.6 24932
156.8 25284
157 24855
157.2 24820
157.4 24876
157.6 24950
157.8 24766
158 24792
158.2 24859
158.4 24992
158.6 24993
158.8 24860
159 24889
159.2 25178
159.4 24996
159.6 24869
159.8 24890
160 24970
160.2 24817
160.4 24983
160.6 24995
160.8 24744
161 24821
161.2 24963
161.4 25083
161.6 24839
161.8 25440
162 24914
162.2 25060
162.4 25053
162.6 24961
162.8 25038
163 24939
163.2 24916
163.4 25033
163.6 25288
163.8 24887
164 24839
164.2 24951
164.4 24876
164.6 24948
164.8 25097
165 24926
165.2 24856
165.4 25100
165.6 24983
165.8 25001
166 24938
166.2 24896
166.4 24863
166.6 24931
166.8 25091
167 25315
167.2 24712
167.4 24945
167.6 25376
167.8 24878
168 24806
168.2 24929
168.4 24848
168.6 24725
168.8 24675
169 25101
169.2 25095
169.4 24883
169.6 25015
169.8 24957
170 24703
170.2 24788
170.4 24673
170.6 24989
170.8 25180
171 24853
171.2 25387
171.4 24970
171.6 25244
171.8 24963
172 24964
172.2 25139
172.4 24893
172.6 24779
172.8 24951
173 24920
173.2 24986
173.4 24614
173.6 24963
173.8 25106
174 24953
174.2 25015
174.4 24710
174.6 24910
174.8 25059
175 25166
175.2 25035
175.4 24877
175.6 25039
175.8 25162
176 25164
176.2 25056
176.4 24950
176.6 24598
176.8 25141
177 24863
177.2 24857
177.4 25095
177.6 24597
177.8 24891
178 25140
178.2 25115
178.4 25040
178.6 25273
178.8 24850
179 25122
179.2 25262
179.4 24927
179.6 25191
179.8 24785
180 24925
180.2 25110
180.4 24820
180.6 25052
180.8 25063
181 25241
181.2 25168
181.4 24787
181.6 24958
181.8 25142
182 25077
182.2 24927
182.4 25015
182.6 25028
182.8 24934
183 24624
183.2 25088
183.4 25209
183.6 24904
183.8 25208
184 25448
184.2 24819
184.4 25231
184.6 24828
184.8 25225
185 24922
185.2 25098
185.4 25133
185.6 25017
185.8 25115
186 24906
186.2 24868
186.4 24792
186.6 24702
186.8 25110
187 25073
187.2 24860
187.4 24997
187.6 24989
187.8 25150
188 25123
188.2 24845
188.4 24989
188.6 25152
188.8 25194
189 24846
189.2 24971
189.4 24845
189.6 24971
189.8 24971
190 24911
190.2 24991
190.4 24993
190.6 25084
190.8 24801
191 25333
191.2 25290
191.4 25121
191.6 25347
191.8 25109
192 25193
192.2 24777
192.4 25107
192.6 24928
192.8 25415
193 24914
193.2 25214
193.4 24749
193.6 25145
193.8 24685
194 24983
194.2 24765
194.4 24852
194.6 25117
194.8 25179
195 24969
195.2 25137
195.4 24882
195.6 25050
195.8 25104
196 24887
196.2 25037
196.4 25192
196.6 25043
196.8 25114
197 25037
197.2 24903
197.4 25225
197.6 25123
197.8 25080
198 25223
198.2 24986
198.4 25092
198.6 24894
198.8 25138
199 24912
199.2 24884
199.4 25113
199.6 24940
199.8 25069
200 25016
200.2 24731
200.4 25198
200.6 24782
200.8 24940
201 24810
201.2 25168
201.4 24854
201.6 25164
201.8 25188
202 25230
202.2 25387
202.4 24876
202.6 25010
202.8 24459
203 25004
203.2 25116
203.4 25249
203.6 24856
203.8 24805
204 24877
204.2 25172
204.4 24995
204.6 25188
204.8 24945
205 25013
205.2 24985
205.4 25159
205.6 24980
205.8 25142
206 25211
206.2 24920
206.4 24855
206.6 25204
206.8 24723
207 24736
207.2 24587
207.4 24678
207.6 24993
207.8 24889
208 25159
208.2 25024
208.4 25411
208.6 24620
208.8 25117
209 24701
209.2 24752
209.4 24896
209.6 25096
209.8 24939
210 24887
210.2 24660
210.4 25044
210.6 24797
210.8 25017
211 25044
211.2 24770
211.4 24968
211.6 25033
211.8 25064
212 25044
212.2 25018
212.4 25053
212.6 25154
212.8 25094
213 24764
213.2 24896
213.4 25044
213.6 25012
213.8 24748
214 25147
214.2 25046
214.4 24957
214.6 24792
214.8 25038
215 25265
215.2 24940
215.4 24882
215.6 25082
215.8 24878
216 24998
216.2 25123
216.4 25041
216.6 24952
216.8 24821
217 25215
217.2 24929
217.4 24889
217.6 24694
217.8 24815
218 25031
218.2 24957
218.4 25062
218.6 25208
218.8 24928
219 24772
219.2 24953
219.4 25093
219.6 24773
219.8 24931
220 24990
220.2 25140
220.4 25074
220.6 24871
220.8 24903
221 24894
221.2 24939
221.4 25103
221.6 24958
221.8 25132
222 24948
222.2 24767
222.4 25031
222.6 25062
222.8 24767
223 24893
223.2 25204
223.4 24919
223.6 24959
223.8 25126
224 25104
224.2 25018
224.4 24945
224.6 25018
224.8 24704
225 25109
225.2 24849
225.4 25021
225.6 24692
225.8 25072
226 24863
226.2 24861
226.4 24984
226.6 25052
226.8 25082
227 24980
227.2 25315
227.4 25135
227.6 24803
227.8 24909
228 25008
228.2 24850
228.4 24935
228.6 24970
228.8 24896
229 24838
229.2 24893
229.4 24998
229.6 25087
229.8 24899
230 25268
230.2 25148
230.4 24943
230.6 24961
230.8 25101
231 24847
231.2 25081
231.4 24954
231.6 24875
231.8 24882
232 25160
232.2 24864
232.4 24820
232.6 25098
232.8 24783
233 25119
233.2 24755
233.4 25278
233.6 24835
233.8 24758
234 25187
234.2 25089
234.4 25182
234.6 25284
234.8 24861
235 25330
235.2 24989
235.4 24887
235.6 24969
235.8 24835
236 24900
236.2 25023
236.4 24854
236.6 24823
236.8 25182
237 25176
237.2 24882
237.4 25227
237.6 24835
237.8 25196
238 24990
238.2 24685
238.4 25160
238.6 24922
238.8 25367
239 24675
239.2 25145
239.4 24981
239.6 24932
239.8 24774
240 24853
240.2 24696
240.4 24586
240.6 24907
240.8 24927
241 24781
241.2 25037
241.4 25162
241.6 25218
241.8 25131
242 24964
242.2 24864
242.4 25242
242.6 25221
242.8 25048
243 24941
243.2 25175
243.4 25004
243.6 24776
243.8 25498
244 25084
244.2 24835
244.4 25060
244.6 25049
244.8 24746
245 24760
245.2 25379
245.4 24774
245.6 25094
245.8 24813
246 25234
246.2 25102
246.4 24855
246.6 24860
246.8 25168
247 24754
247.2 24950
247.4 25268
247.6 24880
247.8 24963
248 25077
248.2 24976
248.4 24996
248.6 25025
248.8 25005
249 24950
249.2 24965
249.4 24895
249.6 24885
249.8 25209
250 24560
