36.4 682
36.6 1105
36.8 21
37 77
37.2 130
37.4 209
38 1440
38.2 290
38.4 11671
38.6 7084
38.8 6324
39 19330
39.2 11491
39.4 14781
39.6 5348
39.8 12842
40 9279
40.2 20421
40.4 13724
40.6 9763
40.8 10891
41 11548
41.2 5931
41.4 4946
41.6 4605
41.8 4705
42 4775
42.2 6710
42.4 7271
42.6 6512
42.8 7601
43 8055
43.2 4834
43.4 6006
43.6 9451
43.8 6425
44 7802
44.2 6480
44.4 5567
44.6 6959
44.8 5788
45 5582
45.2 4168
45.4 5102
45.6 5801
45.8 4593
46 4523
46.2 3350
46.4 4669
46.6 3439
46.8 3502
47 4197
47.2 3830
47.4 3396
47.6 3031
47.8 3302
48 2527
48.2 2820
48.4 2225
48.6 2304
48.8 2610
49 2136
49.2 2083
49.4 1778
49.6 1972
49.8 1751
50 1814
50.2 1847
50.4 1845
50.6 1430
50.8 1406
51 1503
51.2 1325
51.4 1503
51.6 1453
51.8 1535
52 1118
52.2 1343
52.4 1084
52.6 1158
52.8 1099
53 1047
53.2 1100
53.4 992
53.6 942
53.8 857
54 943
54.2 880
54.4 885
54.6 857
54.8 802
55 842
55.2 908
55.4 840
55.6 851
55.8 762
56 767
56.2 768
56.4 778
56.6 763
56.8 748
57 766
57.2 760
57.4 736
57.6 731
57.8 782
58 791
58.2 682
58.4 678
58.6 721
58.8 593
59 736
59.2 720
59.4 638
59.6 716
59.8 659
60 673
60.2 608
60.4 600
60.6 656
60.8 617
61 584
61.2 613
61.4 703
61.6 663
61.8 625
62 605
62.2 659
62.4 610
62.6 689
62.8 640
63 609
63.2 605
63.4 618
63.6 645
63.8 596
64 597
64.2 639
64.4 608
64.6 628
64.8 655
65 612
65.2 561
65.4 647
65.6 693
65.8 643
66 576
66.2 578
66.4 640
66.6 578
66.8 603
67 600
67.2 632
67.4 577
67.6 606
67.8 681
68 625
68.2 653
68.4 672
68.6 589
68.8 600
69 595
69.2 617
69.4 653
69.6 614
69.8 613
70 652
70.2 635
70.4 653
70.6 600
70.8 593
71 608
71.2 596
71.4 623
71.6 625
71.8 640
72 645
72.2 619
72.4 695
72.6 665
72.8 622
73 615
73.2 628
73.4 619
73.6 646
73.8 590
74 590
74.2 619
74.4 579
74.6 671
74.8 610
75 566
75.2 592
75.4 579
75.6 619
75.8 675
76 602
76.2 639
76.4 653
76.6 602
76.8 582
77 616
77.2 639
77.4 629
77.6 635
77.8 546
78 612
78.2 591
78.4 651
78.6 680
78.8 583
79 602
79.2 677
79.4 656
79.6 647
79.8 660
80 620
80.2 697
80.4 668
80.6 628
80.8 654
81 633
81.2 592
81.4 592
81.6 607
81.8 595
82 679
82.2 618
82.4 637
82.6 612
82.8 655
83 612
83.2 609
83.4 642
83.6 603
83.8 650
84 640
84.2 615
84.4 637
84.6 617
84.8 658
85 636
85.2 631
85.4 605
85.6 660
85.8 612
86 632
86.2 662
86.4 638
86.6 646
86.8 646
87 647
87.2 642
87.4 583
87.6 660
87.8 621
88 644
88.2 673
88.4 602
88.6 646
88.8 659
89 616
89.2 617
89.4 610
89.6 640
89.8 621
90 650
90.2 623
90.4 622
90.6 581
90.8 636
91 664
91.2 631
91.4 632
91.6 640
91.8 629
92 601
92.2 609
92.4 586
92.6 601
92.8 625
93 606
93.2 597
93.4 666
93.6 645
93.8 606
94 614
94.2 655
94.4 634
94.6 650
94.8 637
95 614
95.2 617
95.4 619
95.6 613
95.8 623
96 596
96.2 609
96.4 637
96.6 638
96.8 638
97 650
97.2 628
97.4 654
97.6 619
97.8 611
98 674
98.2 635
98.4 634
98.6 647
98.8 626
99 631
99.2 685
99.4 611
99.6 642
99.8 671
100 610
100.2 629
100.4 705
100.6 572
100.8 599
101 651
101.2 604
101.4 654
101.6 579
101.8 619
102 596
102.2 586
102.4 664
102.6 611
102.8 611
103 675
103.2 611
103.4 628
103.6 643
103.8 589
104 612
104.2 624
104.4 659
104.6 619
104.8 623
105 612
105.2 661
105.4 605
105.6 604
105.8 605
106 641
106.2 602
106.4 588
106.6 611
106.8 652
107 643
107.2 624
107.4 634
107.6 623
107.8 607
108 626
108.2 585
108.4 622
108.6 607
108.8 606
109 596
109.2 663
109.4 641
109.6 634
109.8 650
110 635
110.2 633
110.4 596
110.6 618
110.8 596
111 610
111.2 616
111.4 578
111.6 594
111.8 617
112 613
112.2 609
112.4 610
112.6 700
112.8 614
113 600
113.2 662
113.4 598
113.6 619
113.8 673
114 578
114.2 598
114.4 611
114.6 649
114.8 637
115 636
115.2 623
115.4 592
115.6 602
115.8 623
116 640
116.2 640
116.4 600
116.6 578
116.8 609
117 636
117.2 621
117.4 605
117.6 610
117.8 610
118 641
118.2 519
118.4 627
118.6 623
118.8 627
119 607
119.2 638
119.4 680
119.6 639
119.8 637
120 636
120.2 609
120.4 574
120.6 572
120.8 615
121 616
121.2 630
121.4 630
121.6 573
121.8 624
122 563
122.2 601
122.4 603
122.6 620
122.8 593
123 626
123.2 651
123.4 626
123.6 629
123.8 589
124 590
124.2 619
124.4 626
124.6 579
124.8 613
125 599
125.2 635
125.4 585
125.6 625
125.8 632
126 566
126.2 621
126.4 606
126.6 594
126.8 607
127 593
127.2 585
127.4 608
127.6 641
127.8 639
128 618
128.2 616
128.4 598
128.6 591
128.8 631
129 595
129.2 617
129.4 615
129.6 608
129.8 636
130 647
130.2 640
130.4 596
130.6 603
130.8 622
131 646
131.2 661
131.4 627
131.6 599
131.8 598
132 565
132.2 617
132.4 624
132.6 643
132.8 623
133 606
133.2 645
133.4 613
133.6 575
133.8 603
134 593
134.2 588
134.4 598
134.6 620
134.8 578
135 647
135.2 621
135.4 663
135.6 620
135.8 628
136 612
136.2 572
136.4 625
136.6 591
136.8 610
137 639
137.2 582
137.4 614
137.6 600
137.8 571
138 595
138.2 628
138.4 638
138.6 583
138.8 596
139 659
139.2 627
139.4 584
139.6 588
139.8 589
140 611
140.2 549
140.4 647
140.6 588
140.8 576
141 574
141.2 594
141.4 602
141.6 567
141.8 632
142 616
142.2 623
142.4 573
142.6 655
142.8 582
143 608
143.2 552
143.4 609
143.6 640
143.8 574
144 576
144.2 652
144.4 635
144.6 590
144.8 592
145 618
145.2 610
145.4 579
145.6 602
145.8 594
146 595
146.2 597
146.4 596
146.6 557
146.8 563
147 600
147.2 627
147.4 612
147.6 644
147.8 605
148 609
148.2 605
148.4 622
148.6 595
148.8 590
149 569
149.2 569
149.4 587
149.6 587
149.8 590
150 553
150.2 630
150.4 596
150.6 614
150.8 598
151 565
151.2 617
151.4 585
151.6 631
151.8 608
152 597
152.2 591
152.4 581
152.6 586
152.8 602
153 589
153.2 586
153.4 572
153.6 558
153.8 584
154 590
154.2 565
154.4 549
154.6 582
154.8 637
155 597
155.2 612
155.4 608
155.6 572
155.8 610
156 587
156.2 581
156.4 616
156.6 607
156.8 610
157 630
157.2 632
157.4 610
157.6 621
157.8 565
158 608
158.2 551
158.4 579
158.6 555
158.8 667
159 626
159.2 580
159.4 545
159.6 626
159.8 619
160 607
160.2 585
160.4 563
160.6 573
160.8 592
161 599
161.2 612
161.4 604
161.6 589
161.8 617
162 581
162.2 582
162.4 605
162.6 577
162.8 562
163 564
163.2 632
163.4 622
163.6 625
163.8 634
164 586
164.2 618
164.4 581
164.6 608
164.8 607
165 572
165.2 607
165.4 611
165.6 597
165.8 613
166 642
166.2 562
166.4 568
166.6 610
166.8 605
167 600
167.2 623
167.4 589
167.6 602
167.8 589
168 589
168.2 634
168.4 619
168.6 590
168.8 621
169 613
169.2 602
169.4 594
169.6 609
169.8 573
170 612
170.2 588
170.4 611
170.6 601
170.8 587
171 616
171.2 628
171.4 607
171.6 601
171.8 581
172 587
172.2 614
172.4 610
172.6 585
172.8 624
173 594
173.2 592
173.4 581
173.6 593
173.8 607
174 547
174.2 588
174.4 642
174.6 576
174.8 593
175 580
175.2 614
175.4 609
175.6 602
175.8 614
176 600
176.2 593
176.4 634
176.6 584
176.8 579
177 631
177.2 571
177.4 576
177.6 597
177.8 586
178 609
178.2 576
178.4 664
178.6 588
178.8 620
179 606
179.2 597
179.4 592
179.6 617
179.8 603
180 597
180.2 595
180.4 621
180.6 566
180.8 594
181 582
181.2 655
181.4 568
181.6 586
181.8 598
182 547
182.2 610
182.4 596
182.6 641
182.8 579
183 587
183.2 654
183.4 590
183.6 613
183.8 593
184 611
184.2 604
184.4 547
184.6 608
184.8 620
185 561
185.2 580
185.4 589
185.6 618
185.8 612
186 591
186.2 634
186.4 581
186.6 587
186.8 609
187 614
187.2 565
187.4 575
187.6 571
187.8 546
188 576
188.2 590
188.4 601
188.6 617
188.8 640
189 599
189.2 600
189.4 575
189.6 602
189.8 613
190 616
190.2 624
190.4 603
190.6 589
190.8 610
191 583
191.2 588
191.4 600
191.6 600
191.8 559
192 594
192.2 575
192.4 599
192.6 638
192.8 567
193 591
193.2 611
193.4 576
193.6 592
193.8 606
194 593
194.2 607
194.4 621
194.6 587
194.8 568
195 614
195.2 606
195.4 606
195.6 585
195.8 607
196 538
196.2 616
196.4 604
196.6 628
196.8 633
197 589
197.2 577
197.4 596
197.6 599
197.8 635
198 682
198.2 625
198.4 550
198.6 584
198.8 617
199 651
199.2 609
199.4 653
199.6 574
199.8 585
200 592
200.2 557
200.4 583
200.6 590
200.8 624
201 627
201.2 566
201.4 607
201.6 586
201.8 608
202 557
202.2 582
202.4 574
202.6 588
202.8 609
203 593
203.2 627
203.4 586
203.6 557
203.8 581
204 590
204.2 601
204.4 618
204.6 617
204.8 570
205 643
205.2 550
205.4 605
205.6 591
205.8 623
206 594
206.2 625
206.4 598
206.6 584
206.8 604
207 612
207.2 540
207.4 622
207.6 604
207.8 623
208 595
208.2 644
208.4 594
208.6 563
208.8 635
209 619
209.2 611
209.4 584
209.6 585
209.8 623
210 583
210.2 586
210.4 622
210.6 571
210.8 600
211 647
211.2 629
211.4 588
211.6 590
211.8 624
212 599
212.2 608
212.4 568
212.6 587
212.8 617
213 620
213.2 543
213.4 612
213.6 606
213.8 612
214 593
214.2 593
214.4 577
214.6 582
214.8 588
215 599
215.2 563
215.4 577
215.6 629
215.8 582
216 593
216.2 574
216.4 612
216.6 561
216.8 584
217 601
217.2 581
217.4 582
217.6 588
217.8 576
218 592
218.2 605
218.4 588
218.6 616
218.8 582
219 615
219.2 602
219.4 567
219.6 633
219.8 614
220 592
220.2 614
220.4 591
220.6 615
220.8 609
221 573
221.2 632
221.4 569
221.6 584
221.8 629
222 612
222.2 567
222.4 573
222.6 583
222.8 639
223 609
223.2 626
223.4 605
223.6 632
223.8 590
224 605
224.2 605
224.4 582
224.6 617
224.8 609
225 617
225.2 605
225.4 614
225.6 580
225.8 593
226 630
226.2 624
226.4 574
226.6 575
226.8 561
227 567
227.2 582
227.4 579
227.6 613
227.8 553
228 605
228.2 629
228.4 564
228.6 568
228.8 624
229 616
229.2 588
229.4 598
229.6 588
229.8 572
230 611
230.2 614
230.4 607
230.6 599
230.8 593
231 598
231.2 614
231.4 661
231.6 623
231.8 577
232 574
232.2 622
232.4 566
232.6 611
232.8 589
233 586
233.2 621
233.4 635
233.6 541
233.8 596
234 547
234.2 580
234.4 617
234.6 604
234.8 553
235 558
235.2 564
235.4 648
235.6 575
235.8 577
236 604
236.2 651
236.4 554
236.6 597
236.8 560
237 589
237.2 601
237.4 576
237.6 618
237.8 572
238 575
238.2 591
238.4 580
238.6 630
238.8 609
239 603
239.2 628
239.4 595
239.6 574
239.8 617
240 624
240.2 582
240.4 561
240.6 582
240.8 553
241 644
241.2 596
241.4 595
241.6 590
241.8 585
242 611
242.2 602
242.4 615
242.6 596
242.8 605
243 595
243.2 597
243.4 625
243.6 580
243.8 592
244 593
244.2 593
244.4 583
244.6 553
244.8 561
245 634
245.2 613
245.4 623
245.6 569
245.8 570
246 541
246.2 581
246.4 607
246.6 563
246.8 618
247 546
247.2 586
247.4 600
247.6 582
247.8 581
248 575
248.2 570
248.4 606
248.6 643
248.8 640
249 601
249.2 566
249.4 585
249.6 540
249.8 590
250 622
