35.107183	2.1798166387972975
35.801666000000004	6.910928402186581
36.496149	1.5429435983992286
37.190632	-1.0625414326262779
37.885115	-1.2036846947256326
38.579598000000004	-0.7395261523847529
39.274081	-0.4850263216710852
39.968564	-0.17419827007487
40.663047	-0.14551258157086822
41.357530000000004	0.06221091470083241
42.052013	-0.0268457384976863
42.746496	-0.11278121555990918
43.440979	-0.18556631083673825
44.135462000000004	-0.18419297312673763
44.829945	-0.1465826869521407
45.524428	-0.16400585172637838
46.218911000000006	-0.18315463193500559
46.913394000000004	-0.2103457761627616
47.607877	-0.20838421837362356
48.30236	-0.21236811310992912
48.996843	-0.219119304408976
49.691326000000004	-0.21447673971308978
50.385809	-0.21449745680104332
51.080292	-0.20171560912685135
51.774775000000005	-0.187856476275393
52.469258	-0.16528835129788746
53.163741	-0.14251865054430093
53.85822400000001	-0.12530559512734876
54.552707	-0.103875869094157
55.24719	-0.08728519942479068
55.941673	-0.07164780995359299
56.636156	-0.05890111487476248
57.330639000000005	-0.04699652869313637
58.025122	-0.03793148496430824
58.719605	-0.03119570949632544
59.41408800000001	-0.025583358261031794
60.108571000000005	-0.021240063744405232
60.803054	-0.018194148462788787
61.49753700000001	-0.015215260896650297
62.19202	-0.012860710881929936
62.886503000000005	-0.01110032878676846
63.580986	-0.009446297960625929
64.275469	-0.008199870178886058
64.969952	-0.007082145734825152
65.664435	-0.006253471247584289
66.358918	-0.005477604453122381
67.05340100000001	-0.004821808122204674
67.747884	-0.004211001677035396
68.442367	-0.0037695807367133394
69.13685000000001	-0.0033611945793482465
69.831333	-0.0029828674831645662
70.525816	-0.0026690945710910324
71.22029900000001	-0.0023750894488854604
71.914782	-0.0021873632021854844
72.60926500000001	-0.0019630963844351357
73.30374800000001	-0.0017899658426408108
73.998231	-0.001643029084313219
74.692714	-0.0014768631507064884
75.38719700000001	-0.0013360640683110787
76.08168	-0.00122409753361507
76.776163	-0.0011344261567928125
77.470646	-0.0010482210452503337
78.16512900000001	-0.0009714944816026702
78.859612	-0.0008926515695693651
79.554095	-0.0008367330012097846
80.24857800000001	-0.0007678106053291929
80.943061	-0.0007179049146581178
81.637544	-0.0006644115941183612
82.33202700000001	-0.0006222865190120042
83.02651	-0.000580064267408737
83.720993	-0.0005501400583108798
84.41547600000001	-0.0005138774467882963
85.109959	-0.00048298307014472833
85.80444200000001	-0.00045319569455498757
86.49892500000001	-0.0004288345605036288
87.193408	-0.0003968284968677012
87.887891	-0.00037149203961447664
88.58237400000002	-0.00035210849187354435
89.276857	-0.0003319245759478657
89.97134	-0.0003180657031328674
90.66582300000002	-0.000301151287727656
91.36030600000001	-0.0002869291160809346
92.054789	-0.00026985077648667246
92.749272	-0.0002541597605870487
93.44375500000001	-0.00024233925384564315
94.138238	-0.00022747083429383483
94.832721	-0.00021455567863297486
95.52720400000001	-0.00019987155738488918
96.221687	-0.00018559237650715197
96.91617000000001	-0.00017313547783649315
97.61065300000001	-0.0001651170354365708
98.305136	-0.0001561935249333785
98.99961900000001	-0.0001490827984878643
99.694102	-0.00014409011195001839
100.388585	-0.00014018493913390976
101.08306800000001	-0.00013470777132844705
101.777551	-0.0001247344976246205
102.47203400000001	-0.000101228617184712
103.16651700000001	-9.17041964373032e-05
103.861	-8.521178537654782e-05
