34.603063999999996	0.9467964193710243
35.300528	4.298271894382975
35.997991999999996	4.687796154376449
36.695456	0.5282722530855866
37.39292	-1.1634881325829731
38.090384	-0.8702313878845367
38.787848	-0.5384243045887165
39.485312	-0.21437924738226802
40.182776	-0.18946405307776673
40.88024	-0.012598599138416442
41.577704	-0.020018076662915052
42.275168	-0.06767850491980965
42.972632	-0.11072657936885287
43.670096	-0.1123526441654914
44.36756	-0.13156164494557204
45.065024	-0.13741123592851184
45.762488	-0.16243546935153363
46.459952	-0.20880819966327963
47.157416	-0.20653068842968872
47.85488	-0.20599623532354816
48.552344	-0.21260597469047365
49.249808	-0.22127972139002272
49.947272	-0.21255967617902438
50.644735999999995	-0.21086984134461162
51.3422	-0.1999259287884441
52.039664	-0.1810111366147774
52.737128	-0.16080829136560726
53.434591999999995	-0.13725777489387483
54.132056	-0.11435758864138781
54.82952	-0.09675128039854525
55.526984	-0.07926239103242705
56.224447999999995	-0.06416396823190895
56.921912	-0.052839435332787066
57.619376	-0.042509795066761245
58.31684	-0.03487971192327318
59.014303999999996	-0.028342554850720406
59.711768	-0.023598557187085888
60.409232	-0.019671235221427993
61.106696	-0.016531588468501997
61.804159999999996	-0.014147786234693156
62.501624	-0.01203114131626843
63.199088	-0.010234669141314517
63.896552	-0.008812422508415416
64.594016	-0.00763683771786567
65.29148	-0.006608355360453
65.988944	-0.005826043160167705
66.686408	-0.005096834418396621
67.383872	-0.004411857530393054
68.081336	-0.00396509623812301
68.77879999999999	-0.0035127004088012564
69.476264	-0.0031395401653680037
70.173728	-0.002842055271709981
70.87119200000001	-0.002543005277739796
71.568656	-0.0022583980851233663
72.26612	-0.002055782340964639
72.963584	-0.0018544394113314787
73.661048	-0.001688537017890037
74.35851199999999	-0.0015419789530177561
75.055976	-0.0013881838745038446
75.75344	-0.0012844622113457112
76.45090400000001	-0.0011774405761478073
77.148368	-0.0010805880333809718
77.845832	-0.0009948299466447453
78.543296	-0.000907763736299086
79.24076	-0.0008592284463957607
79.93822399999999	-0.0007884785545931157
80.63568799999999	-0.0007361943741767299
81.333152	-0.0006818639532041973
82.030616	-0.0006318559830339471
82.72808	-0.0005850958106980852
83.425544	-0.0005613881924380035
84.123008	-0.0005244902473864705
84.820472	-0.000487966094804172
85.51793599999999	-0.0004598894697859817
86.21539999999999	-0.0004273623486987481
86.912864	-0.0004078228584286857
87.610328	-0.0003835957286262661
88.307792	-0.00036084031799041755
89.005256	-0.00034088603023409636
89.70272	-0.0003226667520463483
90.400184	-0.00030663325262697365
91.09764799999999	-0.00028957718065441196
91.79511199999999	-0.00027602979010782694
92.492576	-0.0002577872403501493
93.19004	-0.00024225446021795732
93.887504	-0.00023066380905831731
94.584968	-0.00021741110636045637
95.282432	-0.0002044048583441799
95.979896	-0.00018969939152740415
96.67736	-0.00017528454499489443
97.37482399999999	-0.00016609107480142538
98.07228799999999	-0.00015714271971785463
98.76975200000001	-0.00015002069926486745
99.46721600000001	-0.00014582639888216492
100.16468	-0.00014144416291709622
100.862144	-0.0001339981551181833
101.559608	-0.00013291060300981878
102.257072	-0.00010923852547112676
102.95453599999999	-9.111982748973292e-05
103.652	-8.43525919181104e-05
