33.6 4
34 2
34.2 9
34.4 30
34.6 1
34.8 500
35 56
35.2 24
35.4 499
35.6 335
35.8 1813
36 7001
36.2 12242
36.4 28980
36.6 100188
36.8 214669
37 468437
37.2 887160
37.4 1184147
37.6 1625271
37.8 1841806
38 1771910
38.2 1731936
38.4 1702582
38.6 1441693
38.8 1385309
39 1286627
39.2 1144625
39.4 1110568
39.6 1007525
39.8 1012408
40 972110
40.2 846219
40.4 862287
40.6 944261
40.8 929121
41 846488
41.2 788723
41.4 752081
41.6 686957
41.8 589699
42 577986
42.2 503181
42.4 475665
42.6 441538
42.8 422382
43 354173
43.2 323126
43.4 284165
43.6 248763
43.8 209828
44 170212
44.2 176196
44.4 142888
44.6 123738
44.8 104720
45 94704
45.2 95008
45.4 89715
45.6 76308
45.8 69926
46 62760
46.2 57800
46.4 59517
46.6 50606
46.8 47539
47 45608
47.2 42156
47.4 37831
47.6 35688
47.8 37338
48 36155
48.2 31817
48.4 31269
48.6 28522
48.8 28981
49 28011
49.2 26912
49.4 25641
49.6 24762
49.8 24668
50 23644
50.2 22767
50.4 23293
50.6 22004
50.8 20813
51 20782
51.2 20103
51.4 20584
51.6 19574
51.8 19451
52 18979
52.2 18760
52.4 18863
52.6 18208
52.8 18552
53 17940
53.2 17768
53.4 17688
53.6 17471
53.8 17667
54 17214
54.2 17042
54.4 17115
54.6 17092
54.8 16715
55 16853
55.2 16773
55.4 16315
55.6 16338
55.8 16135
56 16140
56.2 16351
56.4 16653
56.6 16316
56.8 16382
57 16287
57.2 16145
57.4 15829
57.6 16273
57.8 15898
58 16305
58.2 16115
58.4 16259
58.6 15756
58.8 15749
59 16122
59.2 16045
59.4 16046
59.6 15799
59.8 16010
60 15744
60.2 15821
60.4 15905
60.6 15747
60.8 16113
61 15834
61.2 15705
61.4 15719
61.6 15656
61.8 15962
62 16014
62.2 15711
62.4 15787
62.6 15916
62.8 16075
63 15880
63.2 16208
63.4 15932
63.6 15925
63.8 15906
64 15497
64.2 16037
64.4 15702
64.6 16019
64.8 15608
65 15880
65.2 15984
65.4 15636
65.6 15636
65.8 15817
66 15807
66.2 15985
66.4 15991
66.6 15838
66.8 16032
67 16023
67.2 15855
67.4 16123
67.6 15756
67.8 16047
68 15947
68.2 15989
68.4 15898
68.6 15948
68.8 15754
69 15817
69.2 15774
69.4 16005
69.6 15989
69.8 15857
70 16026
70.2 15933
70.4 15878
70.6 15939
70.8 15893
71 16043
71.2 15881
71.4 15762
71.6 15893
71.8 16141
72 15964
72.2 16179
72.4 15867
72.6 15827
72.8 15901
73 16124
73.2 15863
73.4 16048
73.6 15961
73.8 15834
74 15892
74.2 15793
74.4 16274
74.6 16062
74.8 16006
75 15945
75.2 15990
75.4 15817
75.6 16027
75.8 16118
76 15976
76.2 15940
76.4 15929
76.6 15849
76.8 15859
77 15937
77.2 15936
77.4 15959
77.6 16042
77.8 15927
78 16107
78.2 15668
78.4 16084
78.6 16127
78.8 15783
79 15926
79.2 15851
79.4 15983
79.6 15956
79.8 15763
80 15884
80.2 15944
80.4 16109
80.6 15987
80.8 15845
81 15929
81.2 15653
81.4 15996
81.6 15925
81.8 16171
82 15762
82.2 15914
82.4 16042
82.6 16060
82.8 16278
83 15902
83.2 16047
83.4 15802
83.6 16040
83.8 15690
84 16053
84.2 15904
84.4 16085
84.6 15987
84.8 16057
85 15688
85.2 16048
85.4 15852
85.6 15997
85.8 15816
86 15730
86.2 16009
86.4 15648
86.6 16080
86.8 15968
87 16032
87.2 15806
87.4 15797
87.6 15921
87.8 16070
88 16157
88.2 15929
88.4 15930
88.6 15935
88.8 15890
89 15888
89.2 16096
89.4 15980
89.6 16159
89.8 15928
90 15944
90.2 15651
90.4 15953
90.6 16022
90.8 16015
91 15930
91.2 15936
91.4 15969
91.6 15797
91.8 16101
92 15771
92.2 16204
92.4 15594
92.6 16006
92.8 15884
93 16092
93.2 15824
93.4 16078
93.6 15895
93.8 15957
94 16034
94.2 15828
94.4 15951
94.6 15904
94.8 15670
95 16135
95.2 16011
95.4 15989
95.6 16028
95.8 15880
96 15893
96.2 15908
96.4 15794
96.6 16295
96.8 15920
97 15708
97.2 15944
97.4 15771
97.6 15904
97.8 15924
98 15714
98.2 15783
98.4 15923
98.6 16039
98.8 15875
99 15746
99.2 15922
99.4 15947
99.6 15876
99.8 16260
100 16208
100.2 15988
100.4 16045
100.6 15975
100.8 15871
101 15937
101.2 16003
101.4 15768
101.6 16006
101.8 15732
102 15858
102.2 15869
102.4 15846
102.6 15827
102.8 15976
103 15843
103.2 16029
103.4 15717
103.6 15861
103.8 15937
104 15574
104.2 15865
104.4 16039
104.6 15945
104.8 16007
105 15951
105.2 15876
105.4 15998
105.6 15906
105.8 16016
106 15972
106.2 16118
106.4 15977
106.6 15879
106.8 15908
107 15904
107.2 16040
107.4 15869
107.6 15860
107.8 15845
108 15877
108.2 15967
108.4 16138
108.6 15620
108.8 15974
109 15866
109.2 15945
109.4 15938
109.6 15965
109.8 16184
110 16102
110.2 15900
110.4 15727
110.6 15815
110.8 15860
111 15925
111.2 15958
111.4 15909
111.6 16083
111.8 15853
112 16152
112.2 16171
112.4 15707
112.6 15754
112.8 16148
113 15905
113.2 15921
113.4 15491
113.6 15814
113.8 16042
114 15922
114.2 16192
114.4 15858
114.6 16078
114.8 15927
115 16021
115.2 15598
115.4 16145
115.6 16096
115.8 15957
116 15816
116.2 15839
116.4 16051
116.6 15866
116.8 16013
117 16068
117.2 15757
117.4 15953
117.6 15987
117.8 15734
118 15640
118.2 16042
118.4 16139
118.6 15686
118.8 15849
119 15908
119.2 15863
119.4 15751
119.6 16097
119.8 15869
120 16071
120.2 16104
120.4 16129
120.6 16068
120.8 15982
121 15959
121.2 16040
121.4 16187
121.6 15708
121.8 15712
122 16025
122.2 16164
122.4 15949
122.6 15807
122.8 16113
123 15925
123.2 16109
123.4 16043
123.6 16038
123.8 15985
124 15868
124.2 16159
124.4 15903
124.6 16020
124.8 15885
125 15841
125.2 16071
125.4 15887
125.6 15994
125.8 15870
126 15916
126.2 15898
126.4 16035
126.6 15998
126.8 16148
127 16039
127.2 15897
127.4 15910
127.6 15784
127.8 15930
128 16183
128.2 16058
128.4 15954
128.6 16127
128.8 15855
129 15986
129.2 15817
129.4 15901
129.6 16058
129.8 16007
130 16149
130.2 15912
130.4 15991
130.6 15977
130.8 15985
131 15825
131.2 16048
131.4 16026
131.6 15789
131.8 16045
132 15965
132.2 16158
132.4 15947
132.6 15959
132.8 16124
133 15905
133.2 15999
133.4 16188
133.6 16087
133.8 15548
134 15982
134.2 15860
134.4 16020
134.6 16069
134.8 16260
135 15883
135.2 16122
135.4 15973
135.6 15798
135.8 16038
136 15974
136.2 16028
136.4 15760
136.6 15932
136.8 16124
137 15780
137.2 15891
137.4 16033
137.6 15990
137.8 16109
138 15974
138.2 15765
138.4 16243
138.6 15948
138.8 16056
139 16021
139.2 15803
139.4 16185
139.6 15888
139.8 15969
140 15804
140.2 15880
140.4 15981
140.6 15884
140.8 15689
141 15888
141.2 15843
141.4 16270
141.6 16065
141.8 15951
142 16067
142.2 15890
142.4 15868
142.6 16080
142.8 16052
143 16177
143.2 15983
143.4 16067
143.6 15990
143.8 15940
144 15911
144.2 15847
144.4 15802
144.6 15952
144.8 16021
145 15880
145.2 16016
145.4 16085
145.6 16122
145.8 15735
146 15785
146.2 16138
146.4 16059
146.6 16007
146.8 15999
147 15869
147.2 15959
147.4 15947
147.6 15985
147.8 15769
148 15948
148.2 15946
148.4 15956
148.6 16099
148.8 15971
149 16014
149.2 15991
149.4 16028
149.6 16011
149.8 15894
150 15904
150.2 16013
150.4 15807
150.6 16095
150.8 15958
151 16124
151.2 16086
151.4 16197
151.6 15961
151.8 16236
152 15844
152.2 16029
152.4 16060
152.6 16077
152.8 15932
153 15988
153.2 16120
153.4 15761
153.6 16119
153.8 15881
154 15897
154.2 15907
154.4 16026
154.6 15688
154.8 15716
155 15800
155.2 15905
155.4 16250
155.6 15925
155.8 16192
156 15805
156.2 15848
156.4 16102
156.6 15862
156.8 16107
157 16093
157.2 16052
157.4 15926
157.6 15782
157.8 16048
158 15975
158.2 16060
158.4 15958
158.6 16207
158.8 16103
159 15857
159.2 16131
159.4 16069
159.6 16150
159.8 15854
160 16043
160.2 15946
160.4 15823
160.6 16050
160.8 15885
161 16053
161.2 15888
161.4 15902
161.6 15917
161.8 15645
162 15959
162.2 16010
162.4 15983
162.6 16000
162.8 15625
163 16019
163.2 15978
163.4 15953
163.6 16144
163.8 15880
164 15876
164.2 15855
164.4 16121
164.6 15936
164.8 16216
165 16132
165.2 15918
165.4 16066
165.6 15923
165.8 16334
166 16078
166.2 15948
166.4 15773
166.6 16289
166.8 15903
167 16094
167.2 16106
167.4 15880
167.6 15865
167.8 15986
168 15928
168.2 16050
168.4 16036
168.6 16044
168.8 15807
169 16118
169.2 15937
169.4 15998
169.6 16287
169.8 15734
170 15892
170.2 15921
170.4 15985
170.6 16380
170.8 16075
171 15936
171.2 15929
171.4 15783
171.6 16304
171.8 16110
172 15828
172.2 15897
172.4 15954
172.6 15735
172.8 16091
173 15940
173.2 15817
173.4 15947
173.6 16060
173.8 15910
174 16254
174.2 16168
174.4 15725
174.6 16052
174.8 15990
175 15934
175.2 16002
175.4 15766
175.6 15857
175.8 15943
176 16137
176.2 15523
176.4 16037
176.6 16032
176.8 16170
177 16146
177.2 15958
177.4 16310
177.6 16145
177.8 15888
178 15988
178.2 16075
178.4 16163
178.6 16025
178.8 15966
179 16016
179.2 16164
179.4 15845
179.6 16065
179.8 15922
180 16016
180.2 16035
180.4 16157
180.6 16079
180.8 15879
181 16054
181.2 16012
181.4 15763
181.6 16044
181.8 15976
182 16016
182.2 16031
182.4 16140
182.6 15969
182.8 16035
183 15914
183.2 15996
183.4 15995
183.6 15731
183.8 16109
184 16053
184.2 15982
184.4 16225
184.6 15874
184.8 16160
185 15945
185.2 16167
185.4 15937
185.6 16076
185.8 16074
186 16139
186.2 16082
186.4 15915
186.6 15856
186.8 15709
187 16087
187.2 16167
187.4 16168
187.6 16100
187.8 16046
188 16017
188.2 16089
188.4 15984
188.6 15954
188.8 15871
189 15928
189.2 15811
189.4 15840
189.6 16133
189.8 16027
190 16106
190.2 16039
190.4 15921
190.6 16278
190.8 15906
191 15837
191.2 15776
191.4 15909
191.6 16166
191.8 16039
192 15961
192.2 16051
192.4 16106
192.6 15927
192.8 16003
193 16049
193.2 15862
193.4 15921
193.6 16109
193.8 15956
194 15867
194.2 16060
194.4 15883
194.6 15960
194.8 15898
195 16155
195.2 16003
195.4 16012
195.6 15965
195.8 15929
196 15976
196.2 15721
196.4 15799
196.6 15993
196.8 16114
197 16092
197.2 15876
197.4 16068
197.6 15958
197.8 15913
198 16044
198.2 15862
198.4 15889
198.6 15876
198.8 16019
199 15874
199.2 16141
199.4 15996
199.6 16262
199.8 15913
200 16168
200.2 16008
200.4 16287
200.6 15947
200.8 16070
201 15879
201.2 16049
201.4 16087
201.6 15926
201.8 16072
202 15960
202.2 16001
202.4 16013
202.6 15815
202.8 15899
203 16043
203.2 15946
203.4 16144
203.6 15923
203.8 16081
204 15967
204.2 15633
204.4 15837
204.6 15875
204.8 15916
205 16036
205.2 15981
205.4 16241
205.6 16240
205.8 16021
206 15765
206.2 15984
206.4 16019
206.6 15924
206.8 15854
207 15960
207.2 16171
207.4 15922
207.6 15955
207.8 16003
208 16139
208.2 16201
208.4 15924
208.6 15806
208.8 16095
209 15972
209.2 16062
209.4 16042
209.6 16041
209.8 16022
210 15858
210.2 16087
210.4 16017
210.6 16140
210.8 15915
211 15802
211.2 15897
211.4 16015
211.6 15916
211.8 15952
212 16186
212.2 15951
212.4 15785
212.6 15835
212.8 16040
213 16134
213.2 16191
213.4 16013
213.6 15864
213.8 15794
214 16208
214.2 16008
214.4 16207
214.6 15892
214.8 15713
215 16041
215.2 15953
215.4 16106
215.6 16109
215.8 16359
216 15922
216.2 15924
216.4 16000
216.6 15981
216.8 15954
217 15974
217.2 16067
217.4 15996
217.6 15899
217.8 15981
218 16006
218.2 15936
218.4 15905
218.6 16078
218.8 15934
219 16090
219.2 16020
219.4 15955
219.6 16040
219.8 15998
220 16140
220.2 15917
220.4 16053
220.6 15884
220.8 16114
221 15891
221.2 16144
221.4 15921
221.6 16210
221.8 15968
222 16115
222.2 16160
222.4 16047
222.6 15945
222.8 15857
223 16019
223.2 15877
223.4 16117
223.6 16142
223.8 16063
224 16055
224.2 15766
224.4 15968
224.6 15940
224.8 16020
225 16133
225.2 15897
225.4 16229
225.6 15871
225.8 16001
226 16054
226.2 16014
226.4 15978
226.6 16055
226.8 16108
227 16102
227.2 15788
227.4 16052
227.6 16035
227.8 16034
228 15930
228.2 15934
228.4 16054
228.6 15977
228.8 16138
229 16013
229.2 15862
229.4 15941
229.6 16171
229.8 15989
230 16153
230.2 16063
230.4 15902
230.6 15906
230.8 16386
231 16079
231.2 16112
231.4 15910
231.6 15901
231.8 15980
232 16036
232.2 16075
232.4 15752
232.6 15806
232.8 16290
233 16043
233.2 15808
233.4 15869
233.6 15987
233.8 16243
234 15984
234.2 16134
234.4 16129
234.6 16319
234.8 15778
235 15851
235.2 16072
235.4 15973
235.6 16118
235.8 15817
236 16276
236.2 15883
236.4 16009
236.6 16116
236.8 15933
237 16110
237.2 16140
237.4 16186
237.6 15962
237.8 15947
238 15977
238.2 16010
238.4 16132
238.6 15860
238.8 16319
239 16026
239.2 15993
239.4 15923
239.6 16060
239.8 15982
240 15945
240.2 15998
240.4 15819
240.6 15933
240.8 15939
241 16347
241.2 16060
241.4 16061
241.6 15947
241.8 16060
242 16031
242.2 16222
242.4 16014
242.6 16101
242.8 16156
243 15812
243.2 16074
243.4 15911
243.6 16196
243.8 15707
244 15909
244.2 16093
244.4 16248
244.6 15977
244.8 16025
245 15991
245.2 16125
245.4 15799
245.6 15955
245.8 15817
246 15958
246.2 16209
246.4 16235
246.6 15876
246.8 15926
247 15876
247.2 15845
247.4 15897
247.6 15921
247.8 16099
248 15896
248.2 15814
248.4 15815
248.6 16196
248.8 15960
249 15900
249.2 16088
249.4 16263
249.6 16018
249.8 16099
250 16080
