0.00402477 1.29438
0.00569189 1.28903
0.00697111 1.27449
0.00804954 1.28391
0.0113838 1.27728
0.0120743 1.28313
0.0139422 1.2723
0.0160991 1.26821
0.0170757 1.2593
0.0201239 1.25887
0.0209133 1.25714
0.0227675 1.2376
0.0241486 1.25374
0.0278844 1.24055
0.0281734 1.2366
0.0284594 1.23693
0.0321982 1.21776
0.0341513 1.20371
0.0348555 1.20505
0.0362229 1.20875
0.0398432 1.18368
0.0402477 1.19472
0.0418267 1.1727
0.0442725 1.1688
0.0455351 1.15817
0.0482973 1.14301
0.0487978 1.14673
0.051227 1.14108
0.052322 1.12483
0.0557689 1.11159
0.0563468 1.11855
0.0569189 1.10733
0.0603716 1.09125
0.0626108 1.07806
0.06274 1.08576
0.0643963 1.07664
0.0683026 1.0518
0.0684211 1.05758
0.0697111 1.05336
0.0724459 1.03569
0.0739945 1.03775
0.0764707 1.03134
0.0766822 1.01807
0.0796864 1.00579
0.0804954 1.00046
0.0836533 0.997331
0.0845202 0.987652
0.0853783 0.985064
0.088545 0.98441
0.0906244 0.973668
0.0910702 0.975608
0.0925698 0.970491
0.0965945 0.964402
0.0967621 0.959561
0.0975955 0.951929
0.100619 0.950002
0.102454 0.947844
0.104567 0.947088
0.104644 0.952066
0.108146 0.938407
0.108669 0.932321
0.111538 0.940254
0.112694 0.94022
0.113838 0.935027
0.116718 0.938262
0.118509 0.931549
0.11953 0.935952
0.120743 0.932097
0.124768 0.932556
0.125222 0.930576
0.12548 0.938495
0.128793 0.948673
0.130913 0.943605
0.132451 0.942382
0.132817 0.944022
0.136605 0.944635
0.136842 0.945438
0.139422 0.956195
0.140867 0.948193
0.142297 0.958902
0.144892 0.949109
0.146393 0.957003
0.147989 0.957993
0.148917 0.965967
0.152941 0.970894
0.153364 0.971367
0.153681 0.972747
0.156966 0.978278
0.159373 0.991412
0.160336 0.982772
0.160991 0.985388
0.165016 0.994152
0.165065 0.991142
0.167307 1.00442
0.16904 0.997643
0.170757 1.00819
0.173065 1.00726
0.174278 1.00785
0.176448 1.01498
0.17709 1.01369
0.181115 1.02407
0.181249 1.01907
0.18214 1.02126
0.18514 1.03256
0.187832 1.03498
0.18822 1.02122
0.189164 1.02682
0.193189 1.03278
0.193524 1.03588
0.195191 1.02716
0.197214 1.03504
0.199216 1.04381
0.201239 1.02609
0.202162 1.03936
0.204908 1.03218
0.205263 1.03054
0.209133 1.03813
0.209288 1.02255
0.2106 1.03544
0.213313 1.02405
0.216104 1.02732
0.216292 1.04317
0.217338 1.03637
0.221362 1.03185
0.221984 1.0362
0.223075 1.03806
0.225387 1.02176
0.227675 1.02602
0.229412 1.0264
0.230047 1.02981
0.233367 1.01735
0.233437 1.02397
0.237018 1.01828
0.237462 1.01402
0.239059 1.0107
0.241486 1.01073
0.243989 1.00868
0.244751 1.00524
0.245511 1.01234
0.249536 0.999388
0.250443 1.00549
0.25096 0.996789
0.253561 0.999312
0.256135 0.992341
0.257585 0.998559
0.257931 0.990068
0.26161 0.993027
0.261827 0.994102
0.264902 0.991519
0.265635 0.995075
0.267519 0.997488
0.26966 0.986745
0.271873 0.982861
0.273211 0.977586
0.273684 0.978063
0.277709 0.986599
0.278844 0.983126
0.278902 0.987499
0.281734 0.973839
0.284594 0.983061
0.285759 0.974369
0.285815 0.980958
0.289784 0.97799
0.290286 0.975515
0.292787 0.972612
0.293808 0.983182
0.295978 0.974342
0.297833 0.978849
0.299758 0.985514
0.30167 0.977245
0.301858 0.986569
0.305883 0.977581
0.306729 0.986521
0.307362 0.979519
0.309907 0.983285
0.313054 0.984044
0.3137 0.97641
0.313932 0.989692
0.317957 0.98596
0.318746 0.978427
0.320671 0.986469
0.321982 0.988897
0.324438 0.985817
0.326007 0.989321
0.327642 0.998916
0.330031 0.9916
0.330129 0.9959
0.334056 1.00167
0.334613 1.00184
0.335821 0.994438
0.338081 0.996721
0.341513 1.00146
0.341584 1.0093
0.342106 0.98764
0.34613 1.00267
0.347205 1.00724
0.348555 1.00768
0.350155 0.997163
0.352897 1.00972
0.35418 1.00896
0.355527 1.02443
0.358205 1.02075
0.358589 1.01016
0.362229 1.01082
0.362498 1.01091
0.364281 1.0181
0.366254 1.01046
0.369469 1.01129
0.369973 1.01431
0.370279 1.01446
0.374304 1.01196
0.375665 1.00806
0.37644 1.02265
0.378329 1.02589
0.381356 1.01666
0.382353 1.01136
0.383411 1.00811
0.386378 1.01085
0.387048 1.01355
0.390382 1.01925
0.390403 1.01471
0.39274 1.02194
0.394428 1.02519
0.397353 1.02087
0.398432 1.02081
0.398452 1.00749
0.402477 1.01669
0.404124 1.01366
0.404324 1.01266
0.406502 1.00597
0.409816 1.01381
0.410527 1.02191
0.411295 1.00358
0.414551 0.999888
0.415508 1.00847
0.418267 1.00286
0.418576 0.997106
0.4212 0.998246
0.422601 0.994154
0.425238 0.997716
0.426626 1.00558
0.426892 1.00348
0.430651 1.00284
0.432209 0.993277
0.432583 0.992812
0.434675 0.997173
0.438275 0.992304
0.4387 0.993506
0.43918 0.993092
0.442725 0.989315
0.443967 0.986119
0.446151 0.990981
0.44675 0.986402
0.449659 0.99844
0.450774 0.986687
0.453122 0.996124
0.454799 0.993076
0.455351 0.989445
0.458824 0.985221
0.460093 0.986531
0.461043 0.980507
0.462849 0.977282
0.466735 0.991374
0.466874 0.98002
0.467064 0.982563
0.470898 0.990855
0.472427 0.977642
0.474035 0.98785
0.474923 0.98794
0.478118 0.985247
0.478948 0.989197
0.481007 0.986326
0.482973 0.984178
0.48381 0.981739
0.486997 0.984767
0.487978 0.98673
0.489502 0.985534
0.491022 0.990348
0.494949 0.987254
0.495047 0.991039
0.495194 0.994912
0.499072 1.00677
0.500886 0.994643
0.50192 0.992348
0.503096 0.991804
0.506578 0.998826
0.507121 1.00252
0.508891 0.996386
0.511146 0.993266
0.51227 0.996529
0.515171 1.00129
0.515862 1.01487
0.517962 1.00217
0.519196 1.00525
0.522833 1.00383
0.52322 1.00236
0.523654 1.01057
0.527245 0.99971
0.529345 1.00935
0.529804 1.00625
0.53127 1.00638
0.535037 1.00752
0.535295 1.00372
0.536775 1.00278
0.539319 1.00592
0.540729 1.0104
0.543344 1.01927
0.543747 1.00379
0.546421 1.01146
0.547369 1.01238
0.550718 1.01124
0.551394 1.01948
0.552113 1.01271
0.555419 1.0087
0.557689 1.00458
0.557805 1.00662
0.559443 1.01606
0.563468 1.0217
0.563497 1.01364
0.56466 1.00795
0.567493 1.01745
0.569189 1.01014
0.571518 1.00902
0.571631 1.00973
0.574881 1.00286
0.575542 1.00937
0.578602 0.988989
0.579567 0.99589
0.580572 1.01008
0.583592 1.0103
0.585573 1.00095
0.586264 1.00273
0.587617 0.995313
0.591641 0.999893
0.591956 0.996663
0.592544 1.01146
0.595666 1.00091
0.597648 1.00342
0.599515 1.00631
0.599691 0.996875
0.60334 0.998264
0.603716 1.00703
0.606487 1.00563
0.607741 1.00428
0.609032 0.995004
0.611765 0.996848
0.613458 1.00343
0.614724 0.993122
0.61579 0.987231
0.619815 0.996509
0.620416 0.988827
0.620429 0.993556
0.62384 0.994094
0.626108 0.986781
0.6274 0.98968
0.627864 0.997321
0.631799 0.9932
0.631889 0.99174
0.634371 0.993421
0.635914 0.985969
0.637491 0.990887
0.639939 0.996185
0.641342 0.991871
0.643183 0.990774
0.643963 0.996336
0.647988 0.998878
0.648313 0.99531
0.648875 1.00241
0.652013 0.991881
0.654567 0.996002
0.655284 1.00772
0.656038 0.988749
0.660063 0.994212
0.660259 0.993614
0.662255 0.997272
0.664087 0.997976
0.665951 0.992846
0.668112 1.00242
0.669226 0.994471
0.671643 0.998735
0.672137 0.995964
0.676162 0.997427
0.676198 1.00563
0.677335 0.99853
0.680186 0.990794
0.683026 0.993564
0.683169 0.998275
0.684211 1.00452
0.688236 1.0014
0.688718 1.00502
0.69014 0.999167
0.692261 0.997845
0.69441 1.00027
0.696286 0.997217
0.697111 1.00165
0.700102 1.00159
0.70031 0.998466
0.704082 1.00898
0.704335 1.01093
0.705794 1.00653
0.70836 1.00916
0.711053 1.00248
0.711486 1.00602
0.712385 1.002
0.716409 1.00462
0.717178 1.00682
0.718024 1.00782
0.720434 1.00414
0.72287 1.00463
0.724459 0.999618
0.724995 1.00439
0.728484 1.00007
0.728562 1.00937
0.731966 1.00986
0.732508 1.01235
0.734253 1.01026
0.736533 1.00573
0.738938 1.00424
0.739945 1.01333
0.740558 1.00753
0.744583 0.996817
0.745637 1.0047
0.745909 1.00259
0.748608 1.00926
0.751329 1.00732
0.752632 1.0138
0.75288 1.00159
0.756657 1.00927
0.757021 1.00106
0.759851 1.00252
0.760682 1.01033
0.762713 1.00123
0.764707 1.0053
0.766822 1.00676
0.768405 1.00058
0.768731 0.99226
0.772756 1.00345
0.773793 1.00577
0.774097 1.00496
0.776781 1.00535
0.779789 0.990607
0.780764 0.99121
0.780806 1.00171
0.784831 0.996833
0.78548 1.00478
0.787735 1.00163
0.788855 0.988675
0.791172 0.996704
0.79288 0.989116
0.794706 0.990402
0.796864 0.993996
0.796905 0.981509
0.80093 0.997469
0.801678 0.986489
0.802556 0.994849
0.804954 0.988542
0.808248 0.994039
0.808649 0.997413
0.81394 0.994824
0.81562 0.997544
0.819632 0.991679
0.822591 0.985275
0.825324 0.999145
0.829562 0.993592
0.831015 0.993717
0.836533 0.99692
0.836707 0.994756
0.842399 1.00104
0.843504 0.997764
0.848091 0.992761
0.850475 0.999458
0.853783 1.00107
0.857446 1.00206
0.859475 0.99863
0.864418 1.00334
0.865167 1.00028
0.870859 1.00898
0.871389 1.00363
0.876551 0.997326
0.87836 1.00728
0.882242 1.00614
0.885331 1.01038
0.887934 0.997966
0.892302 1.01072
0.893626 1.00634
0.899273 0.996669
0.899318 1.01544
0.90501 1.00292
0.906244 1.00573
0.910702 1.00764
0.913215 1.00498
0.916394 1.00523
0.920186 0.998596
0.922086 1.00115
0.927158 1.00094
0.927778 1.00612
0.933469 1.00601
0.934129 0.994276
0.939161 1.00316
0.9411 1.00229
0.944853 1.0018
0.948071 0.994102
0.950545 1.00334
0.955042 0.994268
0.956237 0.994468
0.961929 0.995122
0.962013 0.9889
0.967621 1.00059
0.968984 1.005
0.973313 0.994967
0.975955 0.993818
0.979005 0.995854
0.982926 0.994047
0.984696 0.993807
0.989898 0.991467
0.990388 0.989034
0.99608 0.991606
0.996869 0.998013
1.00177 0.994909
1.00384 0.993074
1.00746 0.998822
1.01081 1.00043
1.01316 1.00413
1.01778 1.00019
1.01885 0.990359
1.02454 0.998195
1.02475 0.991912
1.03023 0.999106
1.03172 1.00032
1.03592 0.992427
1.0387 0.998022
1.04162 1.00283
1.04567 1.00575
1.04731 1.00255
1.05264 1.01533
1.053 0.992233
1.05869 1.00619
1.05961 1.00463
1.06438 1.00175
1.06658 0.995953
1.07007 1.0005
1.07355 1.00206
1.07577 1.0089
1.08052 1.00226
1.08146 1.00339
1.08715 1.01562
1.08749 1.00173
1.09284 1.00659
1.09446 1.00073
1.09853 0.998761
1.10144 1.0057
1.10423 1.00347
1.10841 0.991099
1.10992 1.00061
1.11538 0.99836
1.11561 1.00716
1.1213 0.995726
1.12235 0.998299
1.12699 0.994251
1.12932 0.992206
1.13269 1.00028
1.13629 0.994796
1.13838 0.994537
1.14326 1.00165
1.15023 1.00016
1.1572 1.00529
1.16418 1.01071
1.17115 0.99312
1.17812 0.998624
1.18509 1.00285
1.19206 0.987622
1.19903 0.997971
1.206 1.00288
1.21297 0.997602
1.21994 1.00117
1.22692 1.00271
1.23389 0.999657
1.24086 1.00066
1.24783 1.00523
1.2548 1.00723
1.26177 1.01146
1.26874 1.00083
1.27571 0.996556
1.28268 1.00286
1.28966 0.995356
1.29663 0.998611
1.3036 0.9976
1.31057 0.997422
1.31754 1.00985
1.32451 0.995687
1.33148 0.998488
1.33845 0.996876
1.34542 1.00239
1.3524 0.997643
1.35937 0.999728
1.36634 1.00808
1.37331 0.993298
1.38028 1.0036
1.38725 1.00237
1.39422 1.00957
