#total particle-self-energy nonbondedEM
100 -1188.925760108817 0 -1188.925760108817
200 -1151.813833709137 0 -1151.813833709137
300 -1161.844393589476 0 -1161.844393589476
400 -1145.041014876057 0 -1145.041014876057
500 -1175.229701243312 0 -1175.229701243312
600 -1189.296247700862 0 -1189.296247700862
700 -1161.440222280682 0 -1161.440222280682
800 -1126.286512687395 0 -1126.286512687395
900 -1125.334366334777 0 -1125.334366334777
1000 -1105.453306430456 0 -1105.453306430456
1100 -1094.019262109592 0 -1094.019262109592
1200 -1080.766711660741 0 -1080.766711660741
1300 -1061.54984868429 0 -1061.54984868429
1400 -1044.566809114913 0 -1044.566809114913
1500 -1109.89685927119 0 -1109.89685927119
1600 -1093.25118527819 0 -1093.25118527819
1700 -1112.771657010082 0 -1112.771657010082
1800 -1095.321057588211 0 -1095.321057588211
1900 -1102.205870036385 0 -1102.205870036385
2000 -1111.234580939352 0 -1111.234580939352
2100 -1082.490806713045 0 -1082.490806713045
2200 -1092.824131533896 0 -1092.824131533896
2300 -1094.078935589365 0 -1094.078935589365
2400 -1082.628527686349 0 -1082.628527686349
2500 -1079.741284680247 0 -1079.741284680247
2600 -1101.862573073944 0 -1101.862573073944
2700 -1130.717124056362 0 -1130.717124056362
2800 -1122.081224859634 0 -1122.081224859634
2900 -1139.124987134797 0 -1139.124987134797
3000 -1078.113122812225 0 -1078.113122812225
3100 -1042.931734225422 0 -1042.931734225422
3200 -1044.474676650629 0 -1044.474676650629
3300 -1034.581709205755 0 -1034.581709205755
3400 -1041.147266687098 0 -1041.147266687098
3500 -1050.487587849871 0 -1050.487587849871
3600 -1037.769523818453 0 -1037.769523818453
3700 -1076.152970042051 0 -1076.152970042051
3800 -1051.726479008066 0 -1051.726479008066
3900 -1057.642344142339 0 -1057.642344142339
4000 -1045.809642211185 0 -1045.809642211185
4100 -1035.023082318228 0 -1035.023082318228
4200 -1037.938315191306 0 -1037.938315191306
4300 -1000.855606147379 0 -1000.855606147379
4400 -995.6139677807805 0 -995.6139677807805
4500 -1002.48157023621 0 -1002.48157023621
4600 -1033.366725799773 0 -1033.366725799773
4700 -1044.73857634468 0 -1044.73857634468
4800 -1063.674784755858 0 -1063.674784755858
4900 -1035.397263931678 0 -1035.397263931678
5000 -1048.395350881736 0 -1048.395350881736
5100 -1065.095209444873 0 -1065.095209444873
5200 -1065.284772314451 0 -1065.284772314451
5300 -1073.813998358819 0 -1073.813998358819
5400 -1088.091964058782 0 -1088.091964058782
5500 -1147.328273237188 0 -1147.328273237188
5600 -1120.491559678303 0 -1120.491559678303
5700 -1135.976711153766 0 -1135.976711153766
5800 -1157.824675556956 0 -1157.824675556956
5900 -1178.74849017497 0 -1178.74849017497
6000 -1153.370971168362 0 -1153.370971168362
6100 -1170.262144896842 0 -1170.262144896842
6200 -1163.548818730385 0 -1163.548818730385
6300 -1195.978875083616 0 -1195.978875083616
6400 -1184.141057847533 0 -1184.141057847533
6500 -1166.383680643405 0 -1166.383680643405
6600 -1153.689606951055 0 -1153.689606951055
6700 -1098.067080724257 0 -1098.067080724257
6800 -1123.843576228144 0 -1123.843576228144
6900 -1159.294021815585 0 -1159.294021815585
7000 -1160.903048090084 0 -1160.903048090084
7100 -1103.603607597732 0 -1103.603607597732
7200 -1073.741526266131 0 -1073.741526266131
7300 -1091.575631324908 0 -1091.575631324908
7400 -1082.913665828142 0 -1082.913665828142
7500 -1063.728495037642 0 -1063.728495037642
7600 -1057.110669578135 0 -1057.110669578135
7700 -1036.821159445466 0 -1036.821159445466
7800 -1053.779576044064 0 -1053.779576044064
7900 -1104.990402487994 0 -1104.990402487994
8000 -1093.841113144881 0 -1093.841113144881
8100 -1086.771313388437 0 -1086.771313388437
8200 -1077.183306643019 0 -1077.183306643019
8300 -1069.146067089518 0 -1069.146067089518
8400 -1078.08961701591 0 -1078.08961701591
8500 -1070.925229175191 0 -1070.925229175191
8600 -1056.209905959899 0 -1056.209905959899
8700 -1024.528635933908 0 -1024.528635933908
8800 -1010.127012350858 0 -1010.127012350858
8900 -1015.012941126246 0 -1015.012941126246
9000 -1056.854876398633 0 -1056.854876398633
9100 -1063.084884079843 0 -1063.084884079843
9200 -1038.836546628387 0 -1038.836546628387
9300 -1071.189802307512 0 -1071.189802307512
9400 -1049.52159143606 0 -1049.52159143606
9500 -1068.019531998085 0 -1068.019531998085
9600 -1081.821015198075 0 -1081.821015198075
9700 -1089.129035851307 0 -1089.129035851307
9800 -1100.293031774549 0 -1100.293031774549
9900 -1111.005026212602 0 -1111.005026212602
10000 -1079.628859194661 0 -1079.628859194661
10100 -1055.459879753646 0 -1055.459879753646
10200 -1055.509219873021 0 -1055.509219873021
10300 -1086.403991911357 0 -1086.403991911357
10400 -1032.634709030905 0 -1032.634709030905
10500 -1031.993520882821 0 -1031.993520882821
10600 -1034.738019244978 0 -1034.738019244978
10700 -1030.769118694909 0 -1030.769118694909
10800 -1021.834332997503 0 -1021.834332997503
10900 -1019.690084351518 0 -1019.690084351518
11000 -1059.266283509758 0 -1059.266283509758
11100 -1063.382195947459 0 -1063.382195947459
11200 -1109.50104839525 0 -1109.50104839525
11300 -1120.304518755163 0 -1120.304518755163
11400 -1107.23443156834 0 -1107.23443156834
11500 -1079.720581550035 0 -1079.720581550035
11600 -1095.831575200253 0 -1095.831575200253
11700 -1099.355402878235 0 -1099.355402878235
11800 -1099.644996710902 0 -1099.644996710902
11900 -1070.979432908658 0 -1070.979432908658
12000 -1046.851554089721 0 -1046.851554089721
12100 -1027.008355260099 0 -1027.008355260099
12200 -1038.376311006868 0 -1038.376311006868
12300 -1087.029132099226 0 -1087.029132099226
12400 -1080.38906637422 0 -1080.38906637422
12500 -1072.466675147822 0 -1072.466675147822
12600 -1062.077852890478 0 -1062.077852890478
12700 -1088.581743829331 0 -1088.581743829331
12800 -1093.221606431929 0 -1093.221606431929
12900 -1114.035595568654 0 -1114.035595568654
13000 -1102.486913386208 0 -1102.486913386208
13100 -1075.880769577154 0 -1075.880769577154
13200 -1097.981617284502 0 -1097.981617284502
13300 -1086.157486638316 0 -1086.157486638316
13400 -1093.912513041665 0 -1093.912513041665
13500 -1062.112216087564 0 -1062.112216087564
13600 -1089.865729337029 0 -1089.865729337029
13700 -1093.510864426426 0 -1093.510864426426
13800 -1107.196298720792 0 -1107.196298720792
13900 -1101.899162643007 0 -1101.899162643007
14000 -1128.783619113499 0 -1128.783619113499
14100 -1130.727289513423 0 -1130.727289513423
14200 -1129.566447537625 0 -1129.566447537625
14300 -1152.123102254336 0 -1152.123102254336
14400 -1169.477368315871 0 -1169.477368315871
14500 -1190.011186091317 0 -1190.011186091317
14600 -1168.153866091336 0 -1168.153866091336
14700 -1141.728668382159 0 -1141.728668382159
14800 -1122.186641171651 0 -1122.186641171651
14900 -1110.591190964391 0 -1110.591190964391
15000 -1085.991674867299 0 -1085.991674867299
15100 -1104.491413871903 0 -1104.491413871903
15200 -1104.127021388995 0 -1104.127021388995
15300 -1106.228450335168 0 -1106.228450335168
15400 -1080.602884383974 0 -1080.602884383974
15500 -1093.144667829241 0 -1093.144667829241
15600 -1086.254443574726 0 -1086.254443574726
15700 -1058.804048047692 0 -1058.804048047692
15800 -1051.108749333653 0 -1051.108749333653
15900 -1078.20476946389 0 -1078.20476946389
16000 -1059.81976675964 0 -1059.81976675964
16100 -1050.037556046766 0 -1050.037556046766
16200 -1027.680246760341 0 -1027.680246760341
16300 -991.9592074419379 0 -991.9592074419379
16400 -1019.34298095576 0 -1019.34298095576
16500 -1047.171710710003 0 -1047.171710710003
16600 -1049.063290999151 0 -1049.063290999151
16700 -1052.408371882862 0 -1052.408371882862
16800 -1054.486822512961 0 -1054.486822512961
16900 -1037.089314011857 0 -1037.089314011857
17000 -1015.695491855749 0 -1015.695491855749
17100 -1019.247395495942 0 -1019.247395495942
17200 -1055.94232598698 0 -1055.94232598698
17300 -1074.105540452991 0 -1074.105540452991
17400 -1092.391335004446 0 -1092.391335004446
17500 -1107.774365735946 0 -1107.774365735946
17600 -1071.595173416987 0 -1071.595173416987
17700 -1086.282023321339 0 -1086.282023321339
17800 -1084.876192623415 0 -1084.876192623415
17900 -1106.679238741868 0 -1106.679238741868
18000 -1114.252858245745 0 -1114.252858245745
18100 -1115.887689053161 0 -1115.887689053161
18200 -1102.445904893801 0 -1102.445904893801
18300 -1119.099557189213 0 -1119.099557189213
18400 -1138.349203357386 0 -1138.349203357386
18500 -1170.11259284646 0 -1170.11259284646
18600 -1146.045813260309 0 -1146.045813260309
18700 -1128.130320704659 0 -1128.130320704659
18800 -1144.901237483951 0 -1144.901237483951
18900 -1136.56673657964 0 -1136.56673657964
19000 -1147.789708574972 0 -1147.789708574972
19100 -1126.279254743713 0 -1126.279254743713
19200 -1098.249490768249 0 -1098.249490768249
19300 -1120.195943849165 0 -1120.195943849165
19400 -1101.87438655497 0 -1101.87438655497
19500 -1082.640921605176 0 -1082.640921605176
19600 -1123.228657287065 0 -1123.228657287065
19700 -1117.784447513093 0 -1117.784447513093
19800 -1148.187990184757 0 -1148.187990184757
19900 -1109.495795123687 0 -1109.495795123687
20000 -1092.00977164373 0 -1092.00977164373
20100 -1092.021532045532 0 -1092.021532045532
20200 -1084.460106713203 0 -1084.460106713203
20300 -1111.969875024501 0 -1111.969875024501
20400 -1125.759645405105 0 -1125.759645405105
20500 -1102.235304576636 0 -1102.235304576636
20600 -1119.632909577689 0 -1119.632909577689
20700 -1127.25460288841 0 -1127.25460288841
20800 -1156.999659244204 0 -1156.999659244204
20900 -1092.016610511426 0 -1092.016610511426
21000 -1094.171760623969 0 -1094.171760623969
21100 -1063.97524598983 0 -1063.97524598983
21200 -1057.609533965966 0 -1057.609533965966
21300 -1061.817241334007 0 -1061.817241334007
21400 -1058.791648228624 0 -1058.791648228624
21500 -1040.063278173926 0 -1040.063278173926
21600 -1029.35743267677 0 -1029.35743267677
21700 -1015.573247867236 0 -1015.573247867236
21800 -1009.498894789343 0 -1009.498894789343
21900 -987.5143811685703 0 -987.5143811685703
22000 -991.9461673293845 0 -991.9461673293845
22100 -988.7584629514604 0 -988.7584629514604
22200 -1035.934925562286 0 -1035.934925562286
22300 -1021.354544831354 0 -1021.354544831354
22400 -1003.681268367643 0 -1003.681268367643
22500 -1013.083706685997 0 -1013.083706685997
22600 -1027.115534192497 0 -1027.115534192497
22700 -1007.209400217864 0 -1007.209400217864
22800 -998.0602229315846 0 -998.0602229315846
22900 -1005.971070204774 0 -1005.971070204774
23000 -992.0738174113794 0 -992.0738174113794
23100 -1015.805537768843 0 -1015.805537768843
23200 -1029.958235134298 0 -1029.958235134298
23300 -992.0974148416281 0 -992.0974148416281
23400 -1002.341202298994 0 -1002.341202298994
23500 -1015.309938951686 0 -1015.309938951686
23600 -1009.363169645068 0 -1009.363169645068
23700 -982.917025387258 0 -982.917025387258
23800 -968.9124525744701 0 -968.9124525744701
23900 -937.7114531639963 0 -937.7114531639963
24000 -948.4274095271976 0 -948.4274095271976
24100 -973.4794949667544 0 -973.4794949667544
24200 -963.5595541906368 0 -963.5595541906368
24300 -950.1088498996687 0 -950.1088498996687
24400 -938.5883974241442 0 -938.5883974241442
24500 -903.9927820458252 0 -903.9927820458252
24600 -881.8616691067 0 -881.8616691067
24700 -920.9623442249722 0 -920.9623442249722
24800 -914.8954241152387 0 -914.8954241152387
24900 -930.3275445559484 0 -930.3275445559484
25000 -923.8723251121846 0 -923.8723251121846
25100 -938.6549852901371 0 -938.6549852901371
25200 -961.0278231696866 0 -961.0278231696866
25300 -987.6121468217389 0 -987.6121468217389
25400 -1001.605245683822 0 -1001.605245683822
25500 -1016.394379272475 0 -1016.394379272475
25600 -1014.876395952684 0 -1014.876395952684
25700 -1036.613274950185 0 -1036.613274950185
25800 -1007.751659188889 0 -1007.751659188889
25900 -1007.685937338574 0 -1007.685937338574
26000 -982.2331517763714 0 -982.2331517763714
26100 -960.3884279362974 0 -960.3884279362974
26200 -984.3130617932475 0 -984.3130617932475
26300 -983.3507393944892 0 -983.3507393944892
26400 -1006.096434410167 0 -1006.096434410167
26500 -978.8262250919943 0 -978.8262250919943
26600 -952.2177412332385 0 -952.2177412332385
26700 -961.5961910212936 0 -961.5961910212936
26800 -967.2747146755864 0 -967.2747146755864
26900 -989.7756781127246 0 -989.7756781127246
27000 -987.9437201287074 0 -987.9437201287074
27100 -979.2952081296971 0 -979.2952081296971
27200 -987.5110902052547 0 -987.5110902052547
27300 -1011.391533181537 0 -1011.391533181537
27400 -1028.887971784236 0 -1028.887971784236
27500 -1013.347339659522 0 -1013.347339659522
27600 -994.0465141902714 0 -994.0465141902714
27700 -1008.752334145771 0 -1008.752334145771
27800 -994.7732081133581 0 -994.7732081133581
27900 -1017.914245072832 0 -1017.914245072832
28000 -984.8242447921075 0 -984.8242447921075
28100 -992.4572401850601 0 -992.4572401850601
28200 -1031.836528068525 0 -1031.836528068525
28300 -1022.596136224514 0 -1022.596136224514
28400 -1003.64396273141 0 -1003.64396273141
28500 -1015.909971130663 0 -1015.909971130663
28600 -995.9877213676809 0 -995.9877213676809
28700 -967.503580337805 0 -967.503580337805
28800 -962.2999128880037 0 -962.2999128880037
28900 -996.7927150371252 0 -996.7927150371252
29000 -974.2514594257518 0 -974.2514594257518
29100 -948.1213862050245 0 -948.1213862050245
29200 -950.496391869121 0 -950.496391869121
29300 -969.8539130591671 0 -969.8539130591671
29400 -943.7199395530042 0 -943.7199395530042
29500 -936.8879865392555 0 -936.8879865392555
29600 -949.1428372694136 0 -949.1428372694136
29700 -948.1575506305671 0 -948.1575506305671
29800 -920.350652119494 0 -920.350652119494
29900 -904.5250101356651 0 -904.5250101356651
30000 -950.0952297429903 0 -950.0952297429903
30100 -923.9677416773484 0 -923.9677416773484
30200 -933.9600182160502 0 -933.9600182160502
30300 -940.3590716238832 0 -940.3590716238832
30400 -953.4075336353853 0 -953.4075336353853
30500 -952.0041633090186 0 -952.0041633090186
30600 -987.6566796706757 0 -987.6566796706757
30700 -991.1122295092209 0 -991.1122295092209
30800 -943.3653874610154 0 -943.3653874610154
30900 -933.7167527820493 0 -933.7167527820493
31000 -916.0935093550652 0 -916.0935093550652
31100 -927.8565467927838 0 -927.8565467927838
31200 -906.0899260785081 0 -906.0899260785081
31300 -883.9122951856916 0 -883.9122951856916
31400 -889.2729391880566 0 -889.2729391880566
31500 -904.6154032066115 0 -904.6154032066115
31600 -921.9212548393698 0 -921.9212548393698
31700 -910.0571264238388 0 -910.0571264238388
31800 -926.1971630552034 0 -926.1971630552034
31900 -965.606993575755 0 -965.606993575755
32000 -943.2926644245599 0 -943.2926644245599
32100 -926.0474595582637 0 -926.0474595582637
32200 -926.6536337341822 0 -926.6536337341822
32300 -953.3521389303205 0 -953.3521389303205
32400 -994.7418069886626 0 -994.7418069886626
32500 -966.379712581489 0 -966.379712581489
32600 -1015.448343627741 0 -1015.448343627741
32700 -976.7180769104525 0 -976.7180769104525
32800 -964.7342091070532 0 -964.7342091070532
32900 -957.9966112949769 0 -957.9966112949769
33000 -985.0200943325763 0 -985.0200943325763
33100 -1006.731938093493 0 -1006.731938093493
33200 -993.8077038874762 0 -993.8077038874762
33300 -1015.915514445747 0 -1015.915514445747
33400 -1027.229543114008 0 -1027.229543114008
33500 -1015.884336657669 0 -1015.884336657669
33600 -998.2922438468813 0 -998.2922438468813
33700 -977.7076937410457 0 -977.7076937410457
33800 -957.6404866229568 0 -957.6404866229568
33900 -989.2953180265904 0 -989.2953180265904
34000 -1008.645328989835 0 -1008.645328989835
34100 -987.2517937208759 0 -987.2517937208759
34200 -1016.932858377288 0 -1016.932858377288
34300 -1008.262692795281 0 -1008.262692795281
34400 -1009.139646470096 0 -1009.139646470096
34500 -1018.185991002712 0 -1018.185991002712
34600 -979.1631915202342 0 -979.1631915202342
34700 -988.52625537524 0 -988.52625537524
34800 -1054.361468361065 0 -1054.361468361065
34900 -1056.838238843229 0 -1056.838238843229
35000 -1046.093102697516 0 -1046.093102697516
35100 -1043.830149828951 0 -1043.830149828951
35200 -1037.338455731253 0 -1037.338455731253
35300 -1044.109856523995 0 -1044.109856523995
35400 -1017.47899724255 0 -1017.47899724255
35500 -1046.973477416323 0 -1046.973477416323
35600 -1062.799383840698 0 -1062.799383840698
35700 -1056.301486305892 0 -1056.301486305892
35800 -1063.715020699477 0 -1063.715020699477
35900 -1070.948227402294 0 -1070.948227402294
36000 -1065.118023262126 0 -1065.118023262126
36100 -1041.810071312371 0 -1041.810071312371
36200 -1069.980647907039 0 -1069.980647907039
36300 -1065.389591311818 0 -1065.389591311818
36400 -1057.066670605447 0 -1057.066670605447
36500 -1064.687219699947 0 -1064.687219699947
36600 -1092.479386382431 0 -1092.479386382431
36700 -1110.344827709952 0 -1110.344827709952
36800 -1111.481786638484 0 -1111.481786638484
36900 -1117.385899073764 0 -1117.385899073764
37000 -1104.542439910962 0 -1104.542439910962
37100 -1114.056666302728 0 -1114.056666302728
37200 -1118.705426008906 0 -1118.705426008906
37300 -1118.333699462528 0 -1118.333699462528
37400 -1103.362072095566 0 -1103.362072095566
37500 -1144.129570957986 0 -1144.129570957986
37600 -1128.141862846416 0 -1128.141862846416
37700 -1112.592529589208 0 -1112.592529589208
37800 -1120.257687396195 0 -1120.257687396195
37900 -1153.048313188745 0 -1153.048313188745
38000 -1146.183613971458 0 -1146.183613971458
38100 -1135.447963747516 0 -1135.447963747516
38200 -1158.925687693205 0 -1158.925687693205
38300 -1156.37317620698 0 -1156.37317620698
38400 -1169.889895678629 0 -1169.889895678629
38500 -1143.990776173276 0 -1143.990776173276
38600 -1134.948744776717 0 -1134.948744776717
38700 -1157.941446500481 0 -1157.941446500481
38800 -1203.980196806602 0 -1203.980196806602
38900 -1235.815742054343 0 -1235.815742054343
39000 -1231.185433514474 0 -1231.185433514474
39100 -1214.188174718351 0 -1214.188174718351
39200 -1191.001606089048 0 -1191.001606089048
39300 -1144.175130949792 0 -1144.175130949792
39400 -1182.029569457547 0 -1182.029569457547
39500 -1166.393087819277 0 -1166.393087819277
39600 -1158.580727789842 0 -1158.580727789842
39700 -1162.405493480386 0 -1162.405493480386
39800 -1175.401735921594 0 -1175.401735921594
39900 -1177.172056698531 0 -1177.172056698531
40000 -1194.032093583301 0 -1194.032093583301
40100 -1201.047571695512 0 -1201.047571695512
40200 -1193.943599649472 0 -1193.943599649472
40300 -1217.571840512741 0 -1217.571840512741
40400 -1199.207147542707 0 -1199.207147542707
40500 -1182.958749731823 0 -1182.958749731823
40600 -1183.577648125087 0 -1183.577648125087
40700 -1169.176652389448 0 -1169.176652389448
40800 -1187.999064548058 0 -1187.999064548058
40900 -1204.754327522089 0 -1204.754327522089
41000 -1258.142636057652 0 -1258.142636057652
41100 -1182.912755101803 0 -1182.912755101803
41200 -1167.362052256343 0 -1167.362052256343
41300 -1161.024161961788 0 -1161.024161961788
41400 -1119.414877474977 0 -1119.414877474977
41500 -1135.575322444398 0 -1135.575322444398
41600 -1185.915680467442 0 -1185.915680467442
41700 -1181.811239884664 0 -1181.811239884664
41800 -1182.145123557741 0 -1182.145123557741
41900 -1197.453164420469 0 -1197.453164420469
42000 -1251.256148721174 0 -1251.256148721174
42100 -1223.231428849162 0 -1223.231428849162
42200 -1217.123579886422 0 -1217.123579886422
42300 -1177.317007052348 0 -1177.317007052348
42400 -1186.626900294097 0 -1186.626900294097
42500 -1170.181238190038 0 -1170.181238190038
42600 -1143.601978514685 0 -1143.601978514685
42700 -1177.437261590399 0 -1177.437261590399
42800 -1148.612785862228 0 -1148.612785862228
42900 -1149.474463399383 0 -1149.474463399383
43000 -1173.330907428084 0 -1173.330907428084
43100 -1143.881352901808 0 -1143.881352901808
43200 -1131.054199900012 0 -1131.054199900012
43300 -1124.354215385152 0 -1124.354215385152
43400 -1120.38128443248 0 -1120.38128443248
43500 -1134.557822062503 0 -1134.557822062503
43600 -1132.539830182795 0 -1132.539830182795
43700 -1134.408851210203 0 -1134.408851210203
43800 -1105.7464201767 0 -1105.7464201767
43900 -1105.768364127027 0 -1105.768364127027
44000 -1097.596420772781 0 -1097.596420772781
44100 -1098.920301194274 0 -1098.920301194274
44200 -1113.216221919392 0 -1113.216221919392
44300 -1120.200685623189 0 -1120.200685623189
44400 -1109.714295616672 0 -1109.714295616672
44500 -1124.455486113053 0 -1124.455486113053
44600 -1105.503549942936 0 -1105.503549942936
44700 -1119.686889235454 0 -1119.686889235454
44800 -1112.821014097543 0 -1112.821014097543
44900 -1096.190056041192 0 -1096.190056041192
45000 -1102.73150597536 0 -1102.73150597536
45100 -1119.100360338754 0 -1119.100360338754
45200 -1101.116883848794 0 -1101.116883848794
45300 -1058.93143620569 0 -1058.93143620569
45400 -1078.801931564472 0 -1078.801931564472
45500 -1072.557098990204 0 -1072.557098990204
45600 -1054.590192281874 0 -1054.590192281874
45700 -1059.920854030584 0 -1059.920854030584
45800 -999.3452687182726 0 -999.3452687182726
45900 -1021.524054556889 0 -1021.524054556889
46000 -1003.665656332247 0 -1003.665656332247
46100 -995.2520261348982 0 -995.2520261348982
46200 -1012.306553262228 0 -1012.306553262228
46300 -1022.524831612118 0 -1022.524831612118
46400 -1032.033328320947 0 -1032.033328320947
46500 -1023.517481777686 0 -1023.517481777686
46600 -1022.731652563896 0 -1022.731652563896
46700 -1005.87774747907 0 -1005.87774747907
46800 -983.1016085486517 0 -983.1016085486517
46900 -983.8283782278595 0 -983.8283782278595
47000 -1006.214682221384 0 -1006.214682221384
47100 -958.5673090716882 0 -958.5673090716882
47200 -1000.029262929282 0 -1000.029262929282
47300 -987.7268554732073 0 -987.7268554732073
47400 -1035.235675416421 0 -1035.235675416421
47500 -1022.160821034982 0 -1022.160821034982
47600 -1058.375217374749 0 -1058.375217374749
47700 -1036.862966289831 0 -1036.862966289831
47800 -992.9113498480583 0 -992.9113498480583
47900 -1007.542461064062 0 -1007.542461064062
48000 -1050.892700730688 0 -1050.892700730688
48100 -1019.002817911591 0 -1019.002817911591
48200 -1042.909506475786 0 -1042.909506475786
48300 -1046.061397194644 0 -1046.061397194644
48400 -1057.500022082822 0 -1057.500022082822
48500 -1060.935978425492 0 -1060.935978425492
48600 -1044.917187042302 0 -1044.917187042302
48700 -1031.103988175513 0 -1031.103988175513
48800 -1041.303682909347 0 -1041.303682909347
48900 -990.5759793487377 0 -990.5759793487377
49000 -990.0824875720609 0 -990.0824875720609
49100 -998.7497079068562 0 -998.7497079068562
49200 -1000.411120212986 0 -1000.411120212986
49300 -1005.077635120979 0 -1005.077635120979
49400 -974.1572640506784 0 -974.1572640506784
49500 -975.8442309217789 0 -975.8442309217789
49600 -967.4740003927727 0 -967.4740003927727
49700 -961.0343450171968 0 -961.0343450171968
49800 -953.4904615334672 0 -953.4904615334672
49900 -959.7460939076263 0 -959.7460939076263
50000 -949.4022320958029 0 -949.4022320958029
50100 -962.7612410854927 0 -962.7612410854927
50200 -980.364525273646 0 -980.364525273646
50300 -988.0494869394315 0 -988.0494869394315
50400 -990.8275696646742 0 -990.8275696646742
50500 -964.1695391333196 0 -964.1695391333196
50600 -963.4813862461306 0 -963.4813862461306
50700 -959.7112488948333 0 -959.7112488948333
50800 -974.1992325194733 0 -974.1992325194733
50900 -968.244362208643 0 -968.244362208643
51000 -934.4454088929924 0 -934.4454088929924
51100 -965.0717361494244 0 -965.0717361494244
51200 -970.6944034691551 0 -970.6944034691551
51300 -974.7529320679023 0 -974.7529320679023
51400 -948.0014684047783 0 -948.0014684047783
51500 -945.6718961427105 0 -945.6718961427105
51600 -986.2883169910638 0 -986.2883169910638
51700 -976.3868739528698 0 -976.3868739528698
51800 -999.5279321249109 0 -999.5279321249109
51900 -998.9360780638963 0 -998.9360780638963
52000 -981.681246224005 0 -981.681246224005
52100 -1001.413019047177 0 -1001.413019047177
52200 -1012.642922485968 0 -1012.642922485968
52300 -1003.693515610517 0 -1003.693515610517
52400 -978.3706725542434 0 -978.3706725542434
52500 -976.8362346114009 0 -976.8362346114009
52600 -989.2305944777327 0 -989.2305944777327
52700 -998.0978819197771 0 -998.0978819197771
52800 -1028.697853301856 0 -1028.697853301856
52900 -1006.088543909129 0 -1006.088543909129
53000 -986.2618483841943 0 -986.2618483841943
53100 -982.7832526213606 0 -982.7832526213606
53200 -963.4995395574952 0 -963.4995395574952
53300 -958.1261839627405 0 -958.1261839627405
53400 -940.3997740652121 0 -940.3997740652121
53500 -954.9801389836357 0 -954.9801389836357
53600 -984.3669223627367 0 -984.3669223627367
53700 -1003.762592476327 0 -1003.762592476327
53800 -958.8845607838011 0 -958.8845607838011
53900 -983.9365597918513 0 -983.9365597918513
54000 -1071.145473523269 0 -1071.145473523269
54100 -1044.990604772902 0 -1044.990604772902
54200 -1041.550859662733 0 -1041.550859662733
54300 -1026.632484397531 0 -1026.632484397531
54400 -1028.790059220573 0 -1028.790059220573
54500 -1065.511258548562 0 -1065.511258548562
54600 -1046.324971429836 0 -1046.324971429836
54700 -1021.498762574745 0 -1021.498762574745
54800 -1014.31696530286 0 -1014.31696530286
54900 -1014.728137071477 0 -1014.728137071477
55000 -1014.548484942614 0 -1014.548484942614
55100 -1008.066482857685 0 -1008.066482857685
55200 -1015.631472312612 0 -1015.631472312612
55300 -995.913128907705 0 -995.913128907705
55400 -1003.935833137009 0 -1003.935833137009
55500 -1014.382347664614 0 -1014.382347664614
55600 -1031.229214213847 0 -1031.229214213847
55700 -990.1326055841346 0 -990.1326055841346
55800 -994.6396320809672 0 -994.6396320809672
55900 -961.6202789859381 0 -961.6202789859381
56000 -994.9616008450466 0 -994.9616008450466
56100 -993.1464581076289 0 -993.1464581076289
56200 -986.3082961367618 0 -986.3082961367618
56300 -944.619369993874 0 -944.619369993874
56400 -922.9441221494635 0 -922.9441221494635
56500 -936.5996369433706 0 -936.5996369433706
56600 -913.1789656463079 0 -913.1789656463079
56700 -915.2081838731756 0 -915.2081838731756
56800 -927.4337647971115 0 -927.4337647971115
56900 -932.9412591350847 0 -932.9412591350847
57000 -946.6338820461606 0 -946.6338820461606
57100 -928.1125611868847 0 -928.1125611868847
57200 -913.5044443014631 0 -913.5044443014631
57300 -896.4466982260856 0 -896.4466982260856
57400 -898.7479092064896 0 -898.7479092064896
57500 -903.2556847291708 0 -903.2556847291708
57600 -901.9881642245527 0 -901.9881642245527
57700 -907.6387944461167 0 -907.6387944461167
57800 -898.0179915114859 0 -898.0179915114859
57900 -923.5712537600775 0 -923.5712537600775
58000 -909.7262068520067 0 -909.7262068520067
58100 -922.6413907560345 0 -922.6413907560345
58200 -921.9146861831832 0 -921.9146861831832
58300 -938.1220194340567 0 -938.1220194340567
58400 -917.3230519137123 0 -917.3230519137123
58500 -909.6424519230495 0 -909.6424519230495
58600 -900.506376885849 0 -900.506376885849
58700 -901.287948957397 0 -901.287948957397
58800 -913.7178468912171 0 -913.7178468912171
58900 -887.9935911284119 0 -887.9935911284119
59000 -884.7471257219731 0 -884.7471257219731
59100 -920.68409567247 0 -920.68409567247
59200 -909.5309045072936 0 -909.5309045072936
59300 -916.8403675875306 0 -916.8403675875306
59400 -878.8441173228593 0 -878.8441173228593
59500 -853.502487663558 0 -853.502487663558
59600 -848.757445503019 0 -848.757445503019
59700 -845.2821722333829 0 -845.2821722333829
59800 -846.0685502365814 0 -846.0685502365814
59900 -856.78265149051 0 -856.78265149051
60000 -847.8874015745096 0 -847.8874015745096
60100 -858.5110818885441 0 -858.5110818885441
60200 -877.5180610349271 0 -877.5180610349271
60300 -864.9248568566109 0 -864.9248568566109
60400 -916.8230024504592 0 -916.8230024504592
60500 -896.1809676177509 0 -896.1809676177509
60600 -896.947366211778 0 -896.947366211778
60700 -903.8243015875341 0 -903.8243015875341
60800 -888.5130031328299 0 -888.5130031328299
60900 -877.7198166395538 0 -877.7198166395538
61000 -860.3960559906845 0 -860.3960559906845
61100 -874.9952644258155 0 -874.9952644258155
61200 -857.6356144148303 0 -857.6356144148303
61300 -842.2212652214803 0 -842.2212652214803
61400 -838.2272868635046 0 -838.2272868635046
61500 -844.5627126431791 0 -844.5627126431791
61600 -839.8801198853998 0 -839.8801198853998
61700 -835.0453775687783 0 -835.0453775687783
61800 -846.9500451705244 0 -846.9500451705244
61900 -820.6294320384914 0 -820.6294320384914
62000 -829.5348950580228 0 -829.5348950580228
62100 -818.7802821828518 0 -818.7802821828518
62200 -836.6404137623613 0 -836.6404137623613
62300 -860.2665985973726 0 -860.2665985973726
62400 -878.388205543306 0 -878.388205543306
62500 -852.5065136310877 0 -852.5065136310877
62600 -836.1623389103916 0 -836.1623389103916
62700 -814.2701852816972 0 -814.2701852816972
62800 -818.6614158896846 0 -818.6614158896846
62900 -839.9657796529355 0 -839.9657796529355
63000 -854.8570087270928 0 -854.8570087270928
63100 -888.6460027794528 0 -888.6460027794528
63200 -899.3444523601502 0 -899.3444523601502
63300 -880.4105586056248 0 -880.4105586056248
63400 -895.565291632116 0 -895.565291632116
63500 -908.7923437803038 0 -908.7923437803038
63600 -868.0830092625038 0 -868.0830092625038
63700 -894.745875792345 0 -894.745875792345
63800 -905.9550536702445 0 -905.9550536702445
63900 -912.473942954035 0 -912.473942954035
64000 -905.6405007085559 0 -905.6405007085559
64100 -893.6635550349165 0 -893.6635550349165
64200 -916.1530668650812 0 -916.1530668650812
64300 -949.8945359860445 0 -949.8945359860445
64400 -961.2894174195681 0 -961.2894174195681
64500 -968.564613678609 0 -968.564613678609
64600 -972.6668198641128 0 -972.6668198641128
64700 -974.1134448793018 0 -974.1134448793018
64800 -1001.948901910422 0 -1001.948901910422
64900 -1017.405652666319 0 -1017.405652666319
65000 -1016.121042822517 0 -1016.121042822517
65100 -1012.821957524109 0 -1012.821957524109
65200 -1050.935448459856 0 -1050.935448459856
65300 -1045.559809092461 0 -1045.559809092461
65400 -1051.286122494799 0 -1051.286122494799
65500 -1007.869965244783 0 -1007.869965244783
65600 -1051.885737970151 0 -1051.885737970151
65700 -1102.245497447082 0 -1102.245497447082
65800 -1108.016707161034 0 -1108.016707161034
65900 -1091.083664500591 0 -1091.083664500591
66000 -1095.948939000766 0 -1095.948939000766
66100 -1089.071458205297 0 -1089.071458205297
66200 -1076.795234448604 0 -1076.795234448604
66300 -1108.644101389102 0 -1108.644101389102
66400 -1108.142890524519 0 -1108.142890524519
66500 -1086.769883164874 0 -1086.769883164874
66600 -1085.858922360669 0 -1085.858922360669
66700 -1133.331010473135 0 -1133.331010473135
66800 -1125.534869762487 0 -1125.534869762487
66900 -1113.391671224599 0 -1113.391671224599
67000 -1089.419624197893 0 -1089.419624197893
67100 -1074.137272512962 0 -1074.137272512962
67200 -1042.81553791574 0 -1042.81553791574
67300 -1060.574161826808 0 -1060.574161826808
67400 -1080.92305035561 0 -1080.92305035561
67500 -1074.856469262129 0 -1074.856469262129
67600 -1077.36750162777 0 -1077.36750162777
67700 -1083.94571885094 0 -1083.94571885094
67800 -1063.562387868311 0 -1063.562387868311
67900 -1039.538520342991 0 -1039.538520342991
68000 -1010.607568317206 0 -1010.607568317206
68100 -1014.743446370216 0 -1014.743446370216
68200 -1027.613933110173 0 -1027.613933110173
68300 -964.9093320741667 0 -964.9093320741667
68400 -957.8127351019648 0 -957.8127351019648
68500 -923.7180341042695 0 -923.7180341042695
68600 -912.558047506689 0 -912.558047506689
68700 -975.2668927039485 0 -975.2668927039485
68800 -978.5073058520502 0 -978.5073058520502
68900 -1017.628132884583 0 -1017.628132884583
69000 -986.8162827785854 0 -986.8162827785854
69100 -959.6744419760616 0 -959.6744419760616
69200 -945.6637508774875 0 -945.6637508774875
69300 -983.7823167850584 0 -983.7823167850584
69400 -1017.112642570894 0 -1017.112642570894
69500 -990.934729793109 0 -990.934729793109
69600 -1003.765122177603 0 -1003.765122177603
69700 -1013.893577452895 0 -1013.893577452895
69800 -1003.710295265366 0 -1003.710295265366
69900 -988.9153559367114 0 -988.9153559367114
70000 -990.1879230557533 0 -990.1879230557533
70100 -968.3688555155532 0 -968.3688555155532
70200 -951.3036744770652 0 -951.3036744770652
70300 -972.5009268835129 0 -972.5009268835129
70400 -974.3029185888845 0 -974.3029185888845
70500 -965.9911104814673 0 -965.9911104814673
70600 -944.4850888383808 0 -944.4850888383808
70700 -960.7531565511154 0 -960.7531565511154
70800 -919.8734387012955 0 -919.8734387012955
70900 -956.820733888504 0 -956.820733888504
71000 -953.7323072836443 0 -953.7323072836443
71100 -924.9357458451705 0 -924.9357458451705
71200 -941.2659898569182 0 -941.2659898569182
71300 -956.8045116489229 0 -956.8045116489229
71400 -950.7594801835658 0 -950.7594801835658
71500 -896.4442333769402 0 -896.4442333769402
71600 -917.6452422910952 0 -917.6452422910952
71700 -896.5039785972622 0 -896.5039785972622
71800 -920.6461439836421 0 -920.6461439836421
71900 -926.0502255314004 0 -926.0502255314004
72000 -969.2799798760097 0 -969.2799798760097
72100 -1004.713305612393 0 -1004.713305612393
72200 -983.8737131938688 0 -983.8737131938688
72300 -996.2964673235547 0 -996.2964673235547
72400 -981.7619606206572 0 -981.7619606206572
72500 -985.0189038219614 0 -985.0189038219614
72600 -960.8714895085141 0 -960.8714895085141
72700 -933.3035779298516 0 -933.3035779298516
72800 -878.9786155411566 0 -878.9786155411566
72900 -894.2030573856209 0 -894.2030573856209
73000 -891.2867835215002 0 -891.2867835215002
73100 -900.3164644979988 0 -900.3164644979988
73200 -897.919649393938 0 -897.919649393938
73300 -896.0217540295853 0 -896.0217540295853
73400 -908.6270366292738 0 -908.6270366292738
73500 -902.8731598539161 0 -902.8731598539161
73600 -907.5198137994448 0 -907.5198137994448
73700 -897.8311886652082 0 -897.8311886652082
73800 -907.0210228819997 0 -907.0210228819997
73900 -883.738966259587 0 -883.738966259587
74000 -875.6448206567438 0 -875.6448206567438
74100 -868.343717223237 0 -868.343717223237
74200 -901.8784853463003 0 -901.8784853463003
74300 -902.8554836979774 0 -902.8554836979774
74400 -897.6574524472235 0 -897.6574524472235
74500 -890.3561858385801 0 -890.3561858385801
74600 -885.9061779589247 0 -885.9061779589247
74700 -956.5462923128707 0 -956.5462923128707
74800 -945.1809962086554 0 -945.1809962086554
74900 -913.8661001171276 0 -913.8661001171276
75000 -918.6794969970069 0 -918.6794969970069
75100 -854.0337793549115 0 -854.0337793549115
75200 -858.5422005620203 0 -858.5422005620203
75300 -857.4799973858753 0 -857.4799973858753
75400 -861.1432497678616 0 -861.1432497678616
75500 -841.019183947501 0 -841.019183947501
75600 -837.5008496570169 0 -837.5008496570169
75700 -816.5364909673226 0 -816.5364909673226
75800 -810.3871886886191 0 -810.3871886886191
75900 -811.6485749251151 0 -811.6485749251151
76000 -785.2066856994061 0 -785.2066856994061
76100 -791.7584853177832 0 -791.7584853177832
76200 -801.6147186005546 0 -801.6147186005546
76300 -783.1999711689859 0 -783.1999711689859
76400 -809.9433141144982 0 -809.9433141144982
76500 -816.7469135960855 0 -816.7469135960855
76600 -815.7616782717752 0 -815.7616782717752
76700 -808.1537253896822 0 -808.1537253896822
76800 -790.0463975815001 0 -790.0463975815001
76900 -782.6928892875221 0 -782.6928892875221
77000 -791.8312488271622 0 -791.8312488271622
77100 -794.0005064288562 0 -794.0005064288562
77200 -800.1615535894816 0 -800.1615535894816
77300 -798.7856154879701 0 -798.7856154879701
77400 -773.023312101097 0 -773.023312101097
77500 -777.3399405932869 0 -777.3399405932869
77600 -774.1369990782696 0 -774.1369990782696
77700 -831.2304137484462 0 -831.2304137484462
77800 -805.682361508967 0 -805.682361508967
77900 -821.0029549595783 0 -821.0029549595783
78000 -817.1124680487269 0 -817.1124680487269
78100 -816.0378842641512 0 -816.0378842641512
78200 -812.0038364527572 0 -812.0038364527572
78300 -776.1576162259444 0 -776.1576162259444
78400 -786.3244049684217 0 -786.3244049684217
78500 -799.6994530032389 0 -799.6994530032389
78600 -809.1132287945511 0 -809.1132287945511
78700 -825.7236076654372 0 -825.7236076654372
78800 -836.1693126673636 0 -836.1693126673636
78900 -851.6752398049794 0 -851.6752398049794
79000 -834.1555471000538 0 -834.1555471000538
79100 -799.7014942029055 0 -799.7014942029055
79200 -801.2457534468849 0 -801.2457534468849
79300 -830.8020937248657 0 -830.8020937248657
79400 -830.7178370375623 0 -830.7178370375623
79500 -831.0302120958659 0 -831.0302120958659
79600 -819.6262395824233 0 -819.6262395824233
79700 -806.9430717847135 0 -806.9430717847135
79800 -822.630240864004 0 -822.630240864004
79900 -804.3331859995924 0 -804.3331859995924
80000 -832.6539658846086 0 -832.6539658846086
80100 -863.8520661117509 0 -863.8520661117509
80200 -848.903959844587 0 -848.903959844587
80300 -838.7693494663108 0 -838.7693494663108
80400 -833.2224259193754 0 -833.2224259193754
80500 -798.3350319889578 0 -798.3350319889578
80600 -812.8711786648491 0 -812.8711786648491
80700 -804.389199138097 0 -804.389199138097
80800 -798.1650376077705 0 -798.1650376077705
80900 -818.0160575782684 0 -818.0160575782684
81000 -811.0436530193838 0 -811.0436530193838
81100 -806.9487154722156 0 -806.9487154722156
81200 -812.6986974334286 0 -812.6986974334286
81300 -810.7311816948932 0 -810.7311816948932
81400 -829.8133816211048 0 -829.8133816211048
81500 -832.0311814179877 0 -832.0311814179877
81600 -778.906489150042 0 -778.906489150042
81700 -784.5875595150865 0 -784.5875595150865
81800 -797.3189967766448 0 -797.3189967766448
81900 -779.5973922175508 0 -779.5973922175508
82000 -767.7550692564109 0 -767.7550692564109
82100 -764.1688449489884 0 -764.1688449489884
82200 -798.2790733462898 0 -798.2790733462898
82300 -818.7460322596598 0 -818.7460322596598
82400 -790.4837809814126 0 -790.4837809814126
82500 -780.3480625030352 0 -780.3480625030352
82600 -803.1330555123859 0 -803.1330555123859
82700 -803.1546209939552 0 -803.1546209939552
82800 -774.9363138246699 0 -774.9363138246699
82900 -769.4060034194263 0 -769.4060034194263
83000 -738.2318816985353 0 -738.2318816985353
83100 -754.4951681015082 0 -754.4951681015082
83200 -759.1833727951162 0 -759.1833727951162
83300 -742.3286091218179 0 -742.3286091218179
83400 -737.7587333846604 0 -737.7587333846604
83500 -749.0165912803968 0 -749.0165912803968
83600 -773.3234064611606 0 -773.3234064611606
83700 -784.0044331805839 0 -784.0044331805839
83800 -777.2055434229405 0 -777.2055434229405
83900 -804.2903213887184 0 -804.2903213887184
84000 -805.5528477586049 0 -805.5528477586049
84100 -848.7395900631673 0 -848.7395900631673
84200 -863.3896368808055 0 -863.3896368808055
84300 -887.8783588611113 0 -887.8783588611113
84400 -867.4424635569667 0 -867.4424635569667
84500 -864.9985462049808 0 -864.9985462049808
84600 -850.052792882896 0 -850.052792882896
84700 -853.8511427610065 0 -853.8511427610065
84800 -834.8070164511446 0 -834.8070164511446
84900 -838.4434567407588 0 -838.4434567407588
85000 -796.546689035725 0 -796.546689035725
85100 -779.7552084077088 0 -779.7552084077088
85200 -783.9342304402307 0 -783.9342304402307
85300 -777.839881182641 0 -777.839881182641
85400 -804.6180341091822 0 -804.6180341091822
85500 -806.0164646613412 0 -806.0164646613412
85600 -813.2603748626716 0 -813.2603748626716
85700 -792.3482544722137 0 -792.3482544722137
85800 -796.3148127313034 0 -796.3148127313034
85900 -791.3675796187017 0 -791.3675796187017
86000 -797.8837752213585 0 -797.8837752213585
86100 -739.2565806744969 0 -739.2565806744969
86200 -754.3617754746811 0 -754.3617754746811
86300 -739.6877379717189 0 -739.6877379717189
86400 -765.0445778758731 0 -765.0445778758731
86500 -790.2326576644555 0 -790.2326576644555
86600 -778.4405099331198 0 -778.4405099331198
86700 -794.4093891387747 0 -794.4093891387747
86800 -758.7510735732358 0 -758.7510735732358
86900 -791.0831539403371 0 -791.0831539403371
87000 -801.556369431717 0 -801.556369431717
87100 -809.8591536610984 0 -809.8591536610984
87200 -807.5671929595119 0 -807.5671929595119
87300 -801.3602187122742 0 -801.3602187122742
87400 -782.0453847942117 0 -782.0453847942117
87500 -742.9959311432267 0 -742.9959311432267
87600 -729.1133314421604 0 -729.1133314421604
87700 -745.4651507589733 0 -745.4651507589733
87800 -761.2842502666754 0 -761.2842502666754
87900 -769.4389741708292 0 -769.4389741708292
88000 -760.2029862380878 0 -760.2029862380878
88100 -772.9695165025769 0 -772.9695165025769
88200 -772.5891183459789 0 -772.5891183459789
88300 -794.1777967275702 0 -794.1777967275702
88400 -767.7606982398138 0 -767.7606982398138
88500 -761.1886460591049 0 -761.1886460591049
88600 -732.5675924622919 0 -732.5675924622919
88700 -763.2387131479918 0 -763.2387131479918
88800 -754.3790405907203 0 -754.3790405907203
88900 -751.9636123104137 0 -751.9636123104137
89000 -776.6539880594064 0 -776.6539880594064
89100 -750.9106152405002 0 -750.9106152405002
89200 -748.8098197985673 0 -748.8098197985673
89300 -736.710880210012 0 -736.710880210012
89400 -751.9291773228906 0 -751.9291773228906
89500 -742.884024527204 0 -742.884024527204
89600 -755.2637695831363 0 -755.2637695831363
89700 -729.9053197822213 0 -729.9053197822213
89800 -724.8682256765896 0 -724.8682256765896
89900 -753.197886938462 0 -753.197886938462
90000 -778.1678670890687 0 -778.1678670890687
90100 -809.7051281157037 0 -809.7051281157037
90200 -813.4018694073184 0 -813.4018694073184
90300 -844.999821295838 0 -844.999821295838
90400 -816.3710833611112 0 -816.3710833611112
90500 -852.9463473680808 0 -852.9463473680808
90600 -890.4683712711849 0 -890.4683712711849
90700 -916.0025675204815 0 -916.0025675204815
90800 -920.2239252009022 0 -920.2239252009022
90900 -939.1982515556592 0 -939.1982515556592
91000 -917.5098581696075 0 -917.5098581696075
91100 -918.0370412406919 0 -918.0370412406919
91200 -892.6873045026587 0 -892.6873045026587
91300 -859.7940123169828 0 -859.7940123169828
91400 -882.9107400495559 0 -882.9107400495559
91500 -884.5927569516352 0 -884.5927569516352
91600 -832.2801035585078 0 -832.2801035585078
91700 -861.6753897233575 0 -861.6753897233575
91800 -862.8574088671885 0 -862.8574088671885
91900 -861.175833378511 0 -861.175833378511
92000 -882.1112958414742 0 -882.1112958414742
92100 -879.7955407971749 0 -879.7955407971749
92200 -900.0487414708477 0 -900.0487414708477
92300 -956.6631122770777 0 -956.6631122770777
92400 -900.6365633698879 0 -900.6365633698879
92500 -879.6474238478841 0 -879.6474238478841
92600 -872.0072466710844 0 -872.0072466710844
92700 -883.9101589482307 0 -883.9101589482307
92800 -880.1543347352417 0 -880.1543347352417
92900 -889.2659239009954 0 -889.2659239009954
93000 -893.0893320256728 0 -893.0893320256728
93100 -914.0978387067153 0 -914.0978387067153
93200 -887.8848690832965 0 -887.8848690832965
93300 -893.9772186174232 0 -893.9772186174232
93400 -906.9794417009252 0 -906.9794417009252
93500 -874.40810819529 0 -874.40810819529
93600 -889.6484597533999 0 -889.6484597533999
93700 -885.8822485386627 0 -885.8822485386627
93800 -907.5793853053183 0 -907.5793853053183
93900 -948.559220645373 0 -948.559220645373
94000 -968.0978076593456 0 -968.0978076593456
94100 -946.5929132289994 0 -946.5929132289994
94200 -975.6818816583254 0 -975.6818816583254
94300 -980.5620812082489 0 -980.5620812082489
94400 -965.6869611151924 0 -965.6869611151924
94500 -961.1668920928787 0 -961.1668920928787
94600 -942.0080803640594 0 -942.0080803640594
94700 -955.3528933295456 0 -955.3528933295456
94800 -1002.815650485572 0 -1002.815650485572
94900 -990.6925561956195 0 -990.6925561956195
95000 -1010.336733860022 0 -1010.336733860022
95100 -963.9361010529683 0 -963.9361010529683
95200 -974.4020221984101 0 -974.4020221984101
95300 -988.4464577173203 0 -988.4464577173203
95400 -994.898613245372 0 -994.898613245372
95500 -991.9676783677132 0 -991.9676783677132
95600 -981.7003143572656 0 -981.7003143572656
95700 -996.9146856039879 0 -996.9146856039879
95800 -959.1626585191698 0 -959.1626585191698
95900 -952.5985507797741 0 -952.5985507797741
96000 -967.6422393122048 0 -967.6422393122048
96100 -973.4155448106467 0 -973.4155448106467
96200 -967.2392839388922 0 -967.2392839388922
96300 -985.9632338891388 0 -985.9632338891388
96400 -982.6952374982066 0 -982.6952374982066
96500 -1013.489946282862 0 -1013.489946282862
96600 -994.0666892599547 0 -994.0666892599547
96700 -948.0114282701797 0 -948.0114282701797
96800 -958.9845866756659 0 -958.9845866756659
96900 -975.5920343395082 0 -975.5920343395082
97000 -961.4860434153234 0 -961.4860434153234
97100 -913.1726004614902 0 -913.1726004614902
97200 -914.541373788059 0 -914.541373788059
97300 -932.0266046276956 0 -932.0266046276956
97400 -975.6009658139665 0 -975.6009658139665
97500 -967.8089500576898 0 -967.8089500576898
97600 -992.6881559672765 0 -992.6881559672765
97700 -1033.458678736097 0 -1033.458678736097
97800 -999.382006706699 0 -999.382006706699
97900 -967.5933359951305 0 -967.5933359951305
98000 -951.8058761677821 0 -951.8058761677821
98100 -857.1482388659497 0 -857.1482388659497
98200 -874.788425400242 0 -874.788425400242
98300 -903.3488959305687 0 -903.3488959305687
98400 -872.8980970734556 0 -872.8980970734556
98500 -864.7763507618438 0 -864.7763507618438
98600 -884.2241524756246 0 -884.2241524756246
98700 -886.451202311684 0 -886.451202311684
98800 -890.7548102618894 0 -890.7548102618894
98900 -900.166277220691 0 -900.166277220691
99000 -905.8873314490775 0 -905.8873314490775
99100 -916.6874449692004 0 -916.6874449692004
99200 -909.1892093014612 0 -909.1892093014612
99300 -905.1730825705163 0 -905.1730825705163
99400 -880.5762989553623 0 -880.5762989553623
99500 -891.9872386672068 0 -891.9872386672068
99600 -887.8568898387366 0 -887.8568898387366
99700 -877.4787294784619 0 -877.4787294784619
99800 -883.6363171021221 0 -883.6363171021221
99900 -869.2757846363966 0 -869.2757846363966
100000 -886.2987742529658 0 -886.2987742529658
100100 -906.5400589694473 0 -906.5400589694473
100200 -911.2671618222375 0 -911.2671618222375
100300 -910.6702760359767 0 -910.6702760359767
100400 -925.8965770128998 0 -925.8965770128998
100500 -965.7277264502191 0 -965.7277264502191
100600 -935.4527586905751 0 -935.4527586905751
100700 -969.9518325662211 0 -969.9518325662211
100800 -940.4690892882645 0 -940.4690892882645
100900 -934.9941646603984 0 -934.9941646603984
101000 -906.3233110514993 0 -906.3233110514993
101100 -909.0646238618647 0 -909.0646238618647
101200 -885.0118585672171 0 -885.0118585672171
101300 -893.4732447023416 0 -893.4732447023416
101400 -895.825939858456 0 -895.825939858456
101500 -887.9358552519698 0 -887.9358552519698
101600 -867.9837587177753 0 -867.9837587177753
101700 -886.8858929030539 0 -886.8858929030539
101800 -867.1971603113489 0 -867.1971603113489
101900 -852.9989394625882 0 -852.9989394625882
102000 -920.2131933107739 0 -920.2131933107739
102100 -915.5043005149055 0 -915.5043005149055
102200 -926.2671804785496 0 -926.2671804785496
102300 -931.8670161969494 0 -931.8670161969494
102400 -920.3435981354123 0 -920.3435981354123
102500 -946.1184998316312 0 -946.1184998316312
102600 -925.8543111644103 0 -925.8543111644103
102700 -911.3415982551815 0 -911.3415982551815
102800 -909.3871261231543 0 -909.3871261231543
102900 -923.5666510963147 0 -923.5666510963147
103000 -889.2364852421451 0 -889.2364852421451
103100 -926.5548621106136 0 -926.5548621106136
103200 -937.3882458436128 0 -937.3882458436128
103300 -898.5509868597728 0 -898.5509868597728
103400 -876.3969991976592 0 -876.3969991976592
103500 -901.3106960719742 0 -901.3106960719742
103600 -875.4197148063686 0 -875.4197148063686
103700 -846.123669486351 0 -846.123669486351
103800 -828.5865628167376 0 -828.5865628167376
103900 -813.6713828123757 0 -813.6713828123757
104000 -811.7047279620892 0 -811.7047279620892
104100 -800.3964629521652 0 -800.3964629521652
104200 -786.0725546147441 0 -786.0725546147441
104300 -792.697642801184 0 -792.697642801184
104400 -791.5169128510024 0 -791.5169128510024
104500 -825.1510293332394 0 -825.1510293332394
104600 -787.5392949706002 0 -787.5392949706002
104700 -818.1544925740163 0 -818.1544925740163
104800 -804.5491029242912 0 -804.5491029242912
104900 -821.7920807464689 0 -821.7920807464689
105000 -804.8192349132441 0 -804.8192349132441
105100 -819.5150202058867 0 -819.5150202058867
105200 -844.9024006659165 0 -844.9024006659165
105300 -823.3586613491498 0 -823.3586613491498
105400 -809.6788189626823 0 -809.6788189626823
105500 -787.0215063921933 0 -787.0215063921933
105600 -788.4311288689205 0 -788.4311288689205
105700 -824.1606631013419 0 -824.1606631013419
105800 -803.4181119568675 0 -803.4181119568675
105900 -839.8993139889499 0 -839.8993139889499
106000 -829.3890430187603 0 -829.3890430187603
106100 -842.851107950235 0 -842.851107950235
106200 -817.6228332621395 0 -817.6228332621395
106300 -842.8192088985816 0 -842.8192088985816
106400 -858.4899094262382 0 -858.4899094262382
106500 -859.9321929820871 0 -859.9321929820871
106600 -880.7396682639956 0 -880.7396682639956
106700 -884.4068944497849 0 -884.4068944497849
106800 -904.5647467498784 0 -904.5647467498784
106900 -923.2640560464642 0 -923.2640560464642
107000 -920.8341500370443 0 -920.8341500370443
107100 -956.0172304640146 0 -956.0172304640146
107200 -978.698391759739 0 -978.698391759739
107300 -975.7382307859662 0 -975.7382307859662
107400 -974.6443937603035 0 -974.6443937603035
107500 -975.9595500224023 0 -975.9595500224023
107600 -1011.600149145699 0 -1011.600149145699
107700 -982.3497857566108 0 -982.3497857566108
107800 -986.1306431934063 0 -986.1306431934063
107900 -965.8109902064607 0 -965.8109902064607
108000 -933.0694218260178 0 -933.0694218260178
108100 -953.2985105457192 0 -953.2985105457192
108200 -966.7181045444431 0 -966.7181045444431
108300 -945.7617504068185 0 -945.7617504068185
108400 -930.4142598518301 0 -930.4142598518301
108500 -934.8557903922629 0 -934.8557903922629
108600 -929.715240145335 0 -929.715240145335
108700 -951.1842348794889 0 -951.1842348794889
108800 -960.9418111012346 0 -960.9418111012346
108900 -957.5110220050647 0 -957.5110220050647
109000 -948.1990375066525 0 -948.1990375066525
109100 -968.5281926585822 0 -968.5281926585822
109200 -946.6804708345298 0 -946.6804708345298
109300 -919.3224955388869 0 -919.3224955388869
109400 -906.0322679427118 0 -906.0322679427118
109500 -918.9918223613058 0 -918.9918223613058
109600 -924.5772020731529 0 -924.5772020731529
109700 -903.3838169579831 0 -903.3838169579831
109800 -928.8917958655802 0 -928.8917958655802
109900 -870.6870677666375 0 -870.6870677666375
110000 -865.687833926655 0 -865.687833926655
110100 -868.5123868394239 0 -868.5123868394239
110200 -880.4291332667635 0 -880.4291332667635
110300 -890.126657750865 0 -890.126657750865
110400 -874.8143956014537 0 -874.8143956014537
110500 -915.8179225659114 0 -915.8179225659114
110600 -898.384660036274 0 -898.384660036274
110700 -897.8830769120541 0 -897.8830769120541
110800 -893.7571926583478 0 -893.7571926583478
110900 -901.3718788703409 0 -901.3718788703409
111000 -936.8982650414109 0 -936.8982650414109
111100 -922.1465158784413 0 -922.1465158784413
111200 -944.9766229067318 0 -944.9766229067318
111300 -926.8112353550532 0 -926.8112353550532
111400 -915.4415256995126 0 -915.4415256995126
111500 -901.9540547018696 0 -901.9540547018696
111600 -895.4240927685751 0 -895.4240927685751
111700 -922.1899556049611 0 -922.1899556049611
111800 -944.4315173589857 0 -944.4315173589857
111900 -908.9939175476029 0 -908.9939175476029
112000 -898.9556870877714 0 -898.9556870877714
112100 -882.8270237970137 0 -882.8270237970137
112200 -877.2425299741881 0 -877.2425299741881
112300 -921.3284867495677 0 -921.3284867495677
112400 -911.7899860047328 0 -911.7899860047328
112500 -918.1006343049812 0 -918.1006343049812
112600 -966.5206451222184 0 -966.5206451222184
112700 -964.4082422287465 0 -964.4082422287465
112800 -952.4748380430392 0 -952.4748380430392
112900 -943.1408512020716 0 -943.1408512020716
113000 -925.3211312830681 0 -925.3211312830681
113100 -933.2368831840504 0 -933.2368831840504
113200 -937.1623337916972 0 -937.1623337916972
113300 -923.2396155790484 0 -923.2396155790484
113400 -884.3524430514444 0 -884.3524430514444
113500 -894.6872291077889 0 -894.6872291077889
113600 -891.6774966366647 0 -891.6774966366647
113700 -897.2513749301361 0 -897.2513749301361
113800 -891.7380909690255 0 -891.7380909690255
113900 -935.8218316365674 0 -935.8218316365674
114000 -948.2971434093779 0 -948.2971434093779
114100 -943.3212571163021 0 -943.3212571163021
114200 -901.7582375200291 0 -901.7582375200291
114300 -937.989420218124 0 -937.989420218124
114400 -903.7187893226946 0 -903.7187893226946
114500 -921.733443719073 0 -921.733443719073
114600 -907.4579873291659 0 -907.4579873291659
114700 -903.3354472511564 0 -903.3354472511564
114800 -922.7133220202231 0 -922.7133220202231
114900 -911.4487096205594 0 -911.4487096205594
115000 -901.934647578717 0 -901.934647578717
115100 -885.4633860541799 0 -885.4633860541799
115200 -906.1740146912052 0 -906.1740146912052
115300 -939.9944690243574 0 -939.9944690243574
115400 -970.9879333780555 0 -970.9879333780555
115500 -981.81309714909 0 -981.81309714909
115600 -961.746960625278 0 -961.746960625278
115700 -928.6381482441211 0 -928.6381482441211
115800 -887.7118237628893 0 -887.7118237628893
115900 -886.1808245541906 0 -886.1808245541906
116000 -926.9734969095734 0 -926.9734969095734
116100 -900.6772857969336 0 -900.6772857969336
116200 -888.2010035118146 0 -888.2010035118146
116300 -883.9805722502642 0 -883.9805722502642
116400 -895.7647958897578 0 -895.7647958897578
116500 -870.2066930812434 0 -870.2066930812434
116600 -921.0138761169001 0 -921.0138761169001
116700 -974.6666706195256 0 -974.6666706195256
116800 -1010.975687470054 0 -1010.975687470054
116900 -1013.219968613987 0 -1013.219968613987
117000 -968.8804985893075 0 -968.8804985893075
117100 -987.1759372804372 0 -987.1759372804372
117200 -932.9901413329935 0 -932.9901413329935
117300 -943.2113044734283 0 -943.2113044734283
117400 -919.2010296440276 0 -919.2010296440276
117500 -908.2088435632177 0 -908.2088435632177
117600 -923.0090275225084 0 -923.0090275225084
117700 -922.292564257019 0 -922.292564257019
117800 -909.9894486744597 0 -909.9894486744597
117900 -907.9966908743954 0 -907.9966908743954
118000 -908.7797228175332 0 -908.7797228175332
118100 -875.9582486513536 0 -875.9582486513536
118200 -902.9781374412123 0 -902.9781374412123
118300 -874.0659620525839 0 -874.0659620525839
118400 -847.1990395196335 0 -847.1990395196335
118500 -895.3944838130265 0 -895.3944838130265
118600 -883.6710447525256 0 -883.6710447525256
118700 -929.687129466327 0 -929.687129466327
118800 -943.0788282277645 0 -943.0788282277645
118900 -939.6015074127354 0 -939.6015074127354
119000 -961.8624327706639 0 -961.8624327706639
119100 -990.0371852701646 0 -990.0371852701646
119200 -950.6619601242419 0 -950.6619601242419
119300 -933.8330170887202 0 -933.8330170887202
119400 -904.5964904011526 0 -904.5964904011526
119500 -861.6986883661011 0 -861.6986883661011
119600 -886.138097516483 0 -886.138097516483
119700 -901.7411673900206 0 -901.7411673900206
119800 -866.0282264684938 0 -866.0282264684938
119900 -845.6014137341699 0 -845.6014137341699
120000 -858.3536297067767 0 -858.3536297067767
120100 -846.660889337516 0 -846.660889337516
120200 -833.6968354388955 0 -833.6968354388955
120300 -864.040140781588 0 -864.040140781588
120400 -897.1823966682132 0 -897.1823966682132
120500 -904.2461646094889 0 -904.2461646094889
120600 -949.3286039591476 0 -949.3286039591476
120700 -921.7191150794097 0 -921.7191150794097
120800 -919.4480476430326 0 -919.4480476430326
120900 -959.3630363951088 0 -959.3630363951088
121000 -907.4224730138667 0 -907.4224730138667
121100 -918.8382808431925 0 -918.8382808431925
121200 -922.0719474719954 0 -922.0719474719954
121300 -930.3766935858293 0 -930.3766935858293
121400 -902.2279897201224 0 -902.2279897201224
121500 -889.7510608790753 0 -889.7510608790753
121600 -903.3176272822748 0 -903.3176272822748
121700 -908.6214433708228 0 -908.6214433708228
121800 -894.1572124150262 0 -894.1572124150262
121900 -887.8323464398854 0 -887.8323464398854
122000 -893.4682480939082 0 -893.4682480939082
122100 -897.3530651275578 0 -897.3530651275578
122200 -878.3053650425318 0 -878.3053650425318
122300 -885.2154661403329 0 -885.2154661403329
122400 -910.9179418468266 0 -910.9179418468266
122500 -920.9276788088609 0 -920.9276788088609
122600 -968.0962823920563 0 -968.0962823920563
122700 -971.946681604182 0 -971.946681604182
122800 -954.0712064671025 0 -954.0712064671025
122900 -975.4185155021551 0 -975.4185155021551
123000 -969.0569057641551 0 -969.0569057641551
123100 -971.833797816711 0 -971.833797816711
123200 -971.3510544929595 0 -971.3510544929595
123300 -953.4419143130217 0 -953.4419143130217
123400 -876.2431087633013 0 -876.2431087633013
123500 -877.5105966063566 0 -877.5105966063566
123600 -891.9916632696404 0 -891.9916632696404
123700 -899.3884270870476 0 -899.3884270870476
123800 -871.5719033873174 0 -871.5719033873174
123900 -859.5525663206099 0 -859.5525663206099
124000 -849.4913890236348 0 -849.4913890236348
124100 -860.420644454658 0 -860.420644454658
124200 -839.9257044100377 0 -839.9257044100377
124300 -862.2337472596555 0 -862.2337472596555
124400 -896.9229420569027 0 -896.9229420569027
124500 -885.2424612554896 0 -885.2424612554896
124600 -882.8628849874513 0 -882.8628849874513
124700 -846.2922674870933 0 -846.2922674870933
124800 -843.5892049381218 0 -843.5892049381218
124900 -879.721446375901 0 -879.721446375901
125000 -881.8691630303802 0 -881.8691630303802
125100 -896.9930263417482 0 -896.9930263417482
125200 -860.6402375399693 0 -860.6402375399693
125300 -881.6536430381529 0 -881.6536430381529
125400 -873.9232890109342 0 -873.9232890109342
125500 -872.1641103748698 0 -872.1641103748698
125600 -869.435180391476 0 -869.435180391476
125700 -877.6714073451221 0 -877.6714073451221
125800 -856.4258008037286 0 -856.4258008037286
125900 -877.8801743432705 0 -877.8801743432705
126000 -863.3788115528296 0 -863.3788115528296
126100 -874.5428026045993 0 -874.5428026045993
126200 -877.7174262907647 0 -877.7174262907647
126300 -899.85365788942 0 -899.85365788942
126400 -893.1923107033072 0 -893.1923107033072
126500 -893.0744947997446 0 -893.0744947997446
126600 -877.2823013609159 0 -877.2823013609159
126700 -898.1319801509671 0 -898.1319801509671
126800 -940.1516423746943 0 -940.1516423746943
126900 -938.8647224345332 0 -938.8647224345332
127000 -927.0740540303523 0 -927.0740540303523
127100 -916.5533856951079 0 -916.5533856951079
127200 -937.6329515983816 0 -937.6329515983816
127300 -916.9257358622854 0 -916.9257358622854
127400 -964.7538151189801 0 -964.7538151189801
127500 -986.2770677055887 0 -986.2770677055887
127600 -929.4048437314632 0 -929.4048437314632
127700 -932.9794433070929 0 -932.9794433070929
127800 -915.0039875490183 0 -915.0039875490183
127900 -924.9671108759649 0 -924.9671108759649
128000 -946.9533854285837 0 -946.9533854285837
128100 -972.8316814688042 0 -972.8316814688042
128200 -974.5651893633112 0 -974.5651893633112
128300 -990.1897757845009 0 -990.1897757845009
128400 -1027.671917235188 0 -1027.671917235188
128500 -1003.855425954127 0 -1003.855425954127
128600 -1021.817717413243 0 -1021.817717413243
128700 -1033.066980635689 0 -1033.066980635689
128800 -994.1979234524188 0 -994.1979234524188
128900 -997.281452701136 0 -997.281452701136
129000 -985.333702520933 0 -985.333702520933
129100 -993.408200177917 0 -993.408200177917
129200 -995.154057826192 0 -995.154057826192
129300 -992.6922782695838 0 -992.6922782695838
129400 -955.1683728954449 0 -955.1683728954449
129500 -940.1745686889626 0 -940.1745686889626
129600 -924.557366830064 0 -924.557366830064
129700 -945.4128887436527 0 -945.4128887436527
129800 -924.6128152628371 0 -924.6128152628371
129900 -890.5767480799113 0 -890.5767480799113
130000 -881.4999833603797 0 -881.4999833603797
130100 -859.5028367739869 0 -859.5028367739869
130200 -847.8879529736296 0 -847.8879529736296
130300 -857.0896124696278 0 -857.0896124696278
130400 -842.944043479205 0 -842.944043479205
130500 -878.9499655344262 0 -878.9499655344262
130600 -870.0149753144615 0 -870.0149753144615
130700 -871.7758977707999 0 -871.7758977707999
130800 -890.0076766071434 0 -890.0076766071434
130900 -910.92877540263 0 -910.92877540263
131000 -901.7620433076227 0 -901.7620433076227
131100 -915.0540458412288 0 -915.0540458412288
131200 -925.0449129005719 0 -925.0449129005719
131300 -910.6015476946341 0 -910.6015476946341
131400 -916.5949587724826 0 -916.5949587724826
131500 -938.317265795471 0 -938.317265795471
131600 -963.5480359079811 0 -963.5480359079811
131700 -949.2677082032678 0 -949.2677082032678
131800 -986.0354862263193 0 -986.0354862263193
131900 -1012.855569298146 0 -1012.855569298146
132000 -1000.35480041313 0 -1000.35480041313
132100 -987.8167825146229 0 -987.8167825146229
132200 -1027.921008558624 0 -1027.921008558624
132300 -989.2754996816002 0 -989.2754996816002
132400 -1000.386398247763 0 -1000.386398247763
132500 -987.2794229959545 0 -987.2794229959545
132600 -965.8704372068969 0 -965.8704372068969
132700 -996.6978174174437 0 -996.6978174174437
132800 -983.9287451200944 0 -983.9287451200944
132900 -950.3866132743424 0 -950.3866132743424
133000 -964.9016809878522 0 -964.9016809878522
133100 -968.1586732278447 0 -968.1586732278447
133200 -960.5478470535018 0 -960.5478470535018
133300 -956.5096801667532 0 -956.5096801667532
133400 -928.8647271321097 0 -928.8647271321097
133500 -939.8929973359409 0 -939.8929973359409
133600 -936.1882453409198 0 -936.1882453409198
133700 -956.2803226117758 0 -956.2803226117758
133800 -948.2745992187665 0 -948.2745992187665
133900 -936.6292093820448 0 -936.6292093820448
134000 -951.8122958716413 0 -951.8122958716413
134100 -932.0987558324559 0 -932.0987558324559
134200 -932.5363193429075 0 -932.5363193429075
134300 -908.7713611571962 0 -908.7713611571962
134400 -939.4996198921581 0 -939.4996198921581
134500 -963.0046856599511 0 -963.0046856599511
134600 -926.1585396253795 0 -926.1585396253795
134700 -902.7928644550266 0 -902.7928644550266
134800 -887.8361610104366 0 -887.8361610104366
134900 -923.781300188828 0 -923.781300188828
135000 -927.164124250161 0 -927.164124250161
135100 -931.3102926492866 0 -931.3102926492866
135200 -957.7870103596506 0 -957.7870103596506
135300 -947.3344587979955 0 -947.3344587979955
135400 -971.4538504043303 0 -971.4538504043303
135500 -968.7866310927348 0 -968.7866310927348
135600 -974.8847706730012 0 -974.8847706730012
135700 -945.9442974964986 0 -945.9442974964986
135800 -950.6107168071903 0 -950.6107168071903
135900 -981.3245317102846 0 -981.3245317102846
136000 -995.8596757017694 0 -995.8596757017694
136100 -983.0726360655681 0 -983.0726360655681
136200 -990.8351530498185 0 -990.8351530498185
136300 -1000.532593927541 0 -1000.532593927541
136400 -968.6481919544167 0 -968.6481919544167
136500 -966.5695137629809 0 -966.5695137629809
136600 -948.7246298218379 0 -948.7246298218379
136700 -981.2826185434824 0 -981.2826185434824
136800 -1003.010143600201 0 -1003.010143600201
136900 -1014.4760047702 0 -1014.4760047702
137000 -992.0380712682963 0 -992.0380712682963
137100 -981.1952180994413 0 -981.1952180994413
137200 -989.5517326554236 0 -989.5517326554236
137300 -973.842955178814 0 -973.842955178814
137400 -979.7229033712647 0 -979.7229033712647
137500 -987.8094287463 0 -987.8094287463
137600 -972.4798230750457 0 -972.4798230750457
137700 -967.3634173750761 0 -967.3634173750761
137800 -981.6160379800895 0 -981.6160379800895
137900 -980.9013811549885 0 -980.9013811549885
138000 -974.5747850408661 0 -974.5747850408661
138100 -999.5868616529915 0 -999.5868616529915
138200 -970.2840935596614 0 -970.2840935596614
138300 -942.0878279088793 0 -942.0878279088793
138400 -932.5974878646839 0 -932.5974878646839
138500 -936.6653795048624 0 -936.6653795048624
138600 -942.7319599923212 0 -942.7319599923212
138700 -933.9153139542323 0 -933.9153139542323
138800 -933.2107794369804 0 -933.2107794369804
138900 -918.6117942333804 0 -918.6117942333804
139000 -914.4375942671904 0 -914.4375942671904
139100 -926.7978540529948 0 -926.7978540529948
139200 -932.110708299384 0 -932.110708299384
139300 -935.2010232130997 0 -935.2010232130997
139400 -923.7249953392602 0 -923.7249953392602
139500 -903.018379611487 0 -903.018379611487
139600 -917.0052298004739 0 -917.0052298004739
139700 -901.0085375558556 0 -901.0085375558556
139800 -928.2809493010282 0 -928.2809493010282
139900 -887.9656552511442 0 -887.9656552511442
140000 -862.3426236282685 0 -862.3426236282685
140100 -913.3814768143639 0 -913.3814768143639
140200 -886.3643384849129 0 -886.3643384849129
140300 -876.7157289777533 0 -876.7157289777533
140400 -911.9073604566511 0 -911.9073604566511
140500 -898.2235734111746 0 -898.2235734111746
140600 -905.6062232384575 0 -905.6062232384575
140700 -915.0081353203568 0 -915.0081353203568
140800 -913.2991746942862 0 -913.2991746942862
140900 -919.359218282887 0 -919.359218282887
141000 -863.8757386757352 0 -863.8757386757352
141100 -832.7549703409313 0 -832.7549703409313
141200 -822.2488890218665 0 -822.2488890218665
141300 -842.010828249011 0 -842.010828249011
141400 -860.9590180544474 0 -860.9590180544474
141500 -888.8532273207675 0 -888.8532273207675
141600 -875.7653101954056 0 -875.7653101954056
141700 -900.1198634120956 0 -900.1198634120956
141800 -882.5550340056652 0 -882.5550340056652
141900 -910.4911413909867 0 -910.4911413909867
142000 -889.1756726934618 0 -889.1756726934618
142100 -944.9335655013383 0 -944.9335655013383
142200 -949.1293707297009 0 -949.1293707297009
142300 -939.8536125519331 0 -939.8536125519331
142400 -920.6408870001615 0 -920.6408870001615
142500 -925.4218358857033 0 -925.4218358857033
142600 -934.252872761921 0 -934.252872761921
142700 -973.5410565873899 0 -973.5410565873899
142800 -974.7397384324813 0 -974.7397384324813
142900 -983.8385749949666 0 -983.8385749949666
143000 -996.89690559468 0 -996.89690559468
143100 -1043.212737144757 0 -1043.212737144757
143200 -1030.718321264154 0 -1030.718321264154
143300 -1036.138958160998 0 -1036.138958160998
143400 -1012.328058395942 0 -1012.328058395942
143500 -1022.923181543829 0 -1022.923181543829
143600 -1025.940494001752 0 -1025.940494001752
143700 -998.8615076658316 0 -998.8615076658316
143800 -1042.597033333004 0 -1042.597033333004
143900 -1017.227228375006 0 -1017.227228375006
144000 -1014.112880447654 0 -1014.112880447654
144100 -1008.787068914287 0 -1008.787068914287
144200 -1015.091464508354 0 -1015.091464508354
144300 -986.827455448918 0 -986.827455448918
144400 -969.2033470065799 0 -969.2033470065799
144500 -999.5311725343927 0 -999.5311725343927
144600 -990.0955637237348 0 -990.0955637237348
144700 -939.9966443422018 0 -939.9966443422018
144800 -968.9113129228354 0 -968.9113129228354
144900 -952.4176929935347 0 -952.4176929935347
145000 -986.83007241019 0 -986.83007241019
145100 -1032.799328682202 0 -1032.799328682202
145200 -1033.043072672997 0 -1033.043072672997
145300 -1060.235009034339 0 -1060.235009034339
145400 -1076.856180120754 0 -1076.856180120754
145500 -1072.929675608844 0 -1072.929675608844
145600 -1087.510588008969 0 -1087.510588008969
145700 -1093.859532605609 0 -1093.859532605609
145800 -1084.951555237101 0 -1084.951555237101
145900 -1104.133822852422 0 -1104.133822852422
146000 -1098.68278267479 0 -1098.68278267479
146100 -1102.700612799861 0 -1102.700612799861
146200 -1104.958897744742 0 -1104.958897744742
146300 -1132.331076208793 0 -1132.331076208793
146400 -1110.359913357879 0 -1110.359913357879
146500 -1087.733218788169 0 -1087.733218788169
146600 -1111.213804577215 0 -1111.213804577215
146700 -1082.817491976733 0 -1082.817491976733
146800 -1036.309639515704 0 -1036.309639515704
146900 -1011.308787063928 0 -1011.308787063928
147000 -1058.177934695952 0 -1058.177934695952
147100 -1129.583134881628 0 -1129.583134881628
147200 -1084.880463211986 0 -1084.880463211986
147300 -1109.455768119748 0 -1109.455768119748
147400 -1121.961180565777 0 -1121.961180565777
147500 -1136.728554230831 0 -1136.728554230831
147600 -1125.065300779504 0 -1125.065300779504
147700 -1144.935570905844 0 -1144.935570905844
147800 -1151.359087066958 0 -1151.359087066958
147900 -1135.590377783607 0 -1135.590377783607
148000 -1155.510652842626 0 -1155.510652842626
148100 -1159.77073798835 0 -1159.77073798835
148200 -1200.244768043805 0 -1200.244768043805
148300 -1185.937701601259 0 -1185.937701601259
148400 -1145.461338511654 0 -1145.461338511654
148500 -1141.898321407127 0 -1141.898321407127
148600 -1146.222090303461 0 -1146.222090303461
148700 -1124.72375931975 0 -1124.72375931975
148800 -1121.775979486934 0 -1121.775979486934
148900 -1136.910281777702 0 -1136.910281777702
149000 -1134.189919368888 0 -1134.189919368888
149100 -1153.159493452709 0 -1153.159493452709
149200 -1208.503766577443 0 -1208.503766577443
149300 -1208.497827341329 0 -1208.497827341329
149400 -1203.664216371079 0 -1203.664216371079
149500 -1201.714394902083 0 -1201.714394902083
149600 -1223.218590514967 0 -1223.218590514967
149700 -1243.284689663386 0 -1243.284689663386
149800 -1206.356717884475 0 -1206.356717884475
149900 -1232.816406849655 0 -1232.816406849655
150000 -1233.612729168963 0 -1233.612729168963
150100 -1240.390884176013 0 -1240.390884176013
150200 -1232.986350910393 0 -1232.986350910393
150300 -1235.123596263556 0 -1235.123596263556
150400 -1237.195468618306 0 -1237.195468618306
150500 -1209.948758417711 0 -1209.948758417711
150600 -1217.533340403119 0 -1217.533340403119
150700 -1234.286597880156 0 -1234.286597880156
150800 -1215.149988721985 0 -1215.149988721985
150900 -1189.49040292931 0 -1189.49040292931
151000 -1218.686715469259 0 -1218.686715469259
151100 -1209.394846333598 0 -1209.394846333598
151200 -1204.083170909501 0 -1204.083170909501
151300 -1195.970341816839 0 -1195.970341816839
151400 -1179.635114740169 0 -1179.635114740169
151500 -1202.55140767456 0 -1202.55140767456
151600 -1228.191761566181 0 -1228.191761566181
151700 -1181.979078681907 0 -1181.979078681907
151800 -1199.042336483981 0 -1199.042336483981
151900 -1151.403117631999 0 -1151.403117631999
152000 -1161.125030124211 0 -1161.125030124211
152100 -1143.000086833403 0 -1143.000086833403
152200 -1145.848571240094 0 -1145.848571240094
152300 -1169.835493813269 0 -1169.835493813269
152400 -1161.809286545555 0 -1161.809286545555
152500 -1193.136133634122 0 -1193.136133634122
152600 -1218.079173829348 0 -1218.079173829348
152700 -1207.485547148241 0 -1207.485547148241
152800 -1187.342613810062 0 -1187.342613810062
152900 -1200.175919314817 0 -1200.175919314817
153000 -1192.815070123863 0 -1192.815070123863
153100 -1202.213770179136 0 -1202.213770179136
153200 -1221.215045508987 0 -1221.215045508987
153300 -1223.593817659246 0 -1223.593817659246
153400 -1215.079072957335 0 -1215.079072957335
153500 -1239.664350380714 0 -1239.664350380714
153600 -1211.677115642649 0 -1211.677115642649
153700 -1191.274390905543 0 -1191.274390905543
153800 -1193.159154215828 0 -1193.159154215828
153900 -1202.87503407702 0 -1202.87503407702
154000 -1192.157044128146 0 -1192.157044128146
154100 -1202.189521481883 0 -1202.189521481883
154200 -1239.781973967241 0 -1239.781973967241
154300 -1226.150890404238 0 -1226.150890404238
154400 -1214.420481679219 0 -1214.420481679219
154500 -1203.544829083607 0 -1203.544829083607
154600 -1195.625052518706 0 -1195.625052518706
154700 -1168.034145231417 0 -1168.034145231417
154800 -1176.249062874076 0 -1176.249062874076
154900 -1174.340711295838 0 -1174.340711295838
155000 -1169.652284895787 0 -1169.652284895787
155100 -1151.429261449928 0 -1151.429261449928
155200 -1125.975581042876 0 -1125.975581042876
155300 -1117.678299818966 0 -1117.678299818966
155400 -1143.205486818741 0 -1143.205486818741
155500 -1128.186715045944 0 -1128.186715045944
155600 -1194.727016084478 0 -1194.727016084478
155700 -1252.615141060116 0 -1252.615141060116
155800 -1242.212754665143 0 -1242.212754665143
155900 -1281.231249979435 0 -1281.231249979435
156000 -1297.229506438685 0 -1297.229506438685
156100 -1315.301202896342 0 -1315.301202896342
156200 -1312.679404731884 0 -1312.679404731884
156300 -1318.520242446364 0 -1318.520242446364
156400 -1299.614042096626 0 -1299.614042096626
156500 -1293.661724622012 0 -1293.661724622012
156600 -1308.269374968862 0 -1308.269374968862
156700 -1293.231813453953 0 -1293.231813453953
156800 -1295.523885356815 0 -1295.523885356815
156900 -1277.078868909623 0 -1277.078868909623
157000 -1293.985703611281 0 -1293.985703611281
157100 -1297.916734600905 0 -1297.916734600905
157200 -1293.760651229211 0 -1293.760651229211
157300 -1284.682082932675 0 -1284.682082932675
157400 -1285.54207047337 0 -1285.54207047337
157500 -1284.8575363194 0 -1284.8575363194
157600 -1280.313794660324 0 -1280.313794660324
157700 -1247.460668100397 0 -1247.460668100397
157800 -1240.543452319544 0 -1240.543452319544
157900 -1216.019433237205 0 -1216.019433237205
158000 -1207.709887677425 0 -1207.709887677425
158100 -1198.0246628881 0 -1198.0246628881
158200 -1205.261956875782 0 -1205.261956875782
158300 -1216.155073201295 0 -1216.155073201295
158400 -1242.643999850945 0 -1242.643999850945
158500 -1180.86735725528 0 -1180.86735725528
158600 -1178.858443597215 0 -1178.858443597215
158700 -1178.241241176554 0 -1178.241241176554
158800 -1210.367740978283 0 -1210.367740978283
158900 -1177.71208285126 0 -1177.71208285126
159000 -1176.840948106896 0 -1176.840948106896
159100 -1209.541824229789 0 -1209.541824229789
159200 -1216.36189488024 0 -1216.36189488024
159300 -1230.50293894991 0 -1230.50293894991
159400 -1230.286939679459 0 -1230.286939679459
159500 -1224.647481019594 0 -1224.647481019594
159600 -1248.696734777775 0 -1248.696734777775
159700 -1232.804470445553 0 -1232.804470445553
159800 -1236.720056271181 0 -1236.720056271181
159900 -1234.016127853458 0 -1234.016127853458
160000 -1217.441501104113 0 -1217.441501104113
160100 -1245.021179082949 0 -1245.021179082949
160200 -1246.944536113107 0 -1246.944536113107
160300 -1258.060260702157 0 -1258.060260702157
160400 -1242.630021302357 0 -1242.630021302357
160500 -1208.885602583388 0 -1208.885602583388
160600 -1190.886368160121 0 -1190.886368160121
160700 -1195.609928236256 0 -1195.609928236256
160800 -1159.946753992265 0 -1159.946753992265
160900 -1161.401585987012 0 -1161.401585987012
161000 -1168.393563518028 0 -1168.393563518028
161100 -1193.448407928408 0 -1193.448407928408
161200 -1173.885753608789 0 -1173.885753608789
161300 -1170.187222705514 0 -1170.187222705514
161400 -1161.137804032449 0 -1161.137804032449
161500 -1157.222802592209 0 -1157.222802592209
161600 -1169.428829130308 0 -1169.428829130308
161700 -1168.37896493954 0 -1168.37896493954
161800 -1210.905235729122 0 -1210.905235729122
161900 -1198.557385072636 0 -1198.557385072636
162000 -1170.620360336943 0 -1170.620360336943
162100 -1164.876028425148 0 -1164.876028425148
162200 -1160.480739460603 0 -1160.480739460603
162300 -1149.545966330857 0 -1149.545966330857
162400 -1155.213236579613 0 -1155.213236579613
162500 -1172.815372970887 0 -1172.815372970887
162600 -1201.915085738001 0 -1201.915085738001
162700 -1199.227110640961 0 -1199.227110640961
162800 -1182.825614051311 0 -1182.825614051311
162900 -1174.855046352935 0 -1174.855046352935
163000 -1175.13600747264 0 -1175.13600747264
163100 -1173.145556652526 0 -1173.145556652526
163200 -1192.802686461684 0 -1192.802686461684
163300 -1187.80870443827 0 -1187.80870443827
163400 -1177.838227103304 0 -1177.838227103304
163500 -1153.618874594453 0 -1153.618874594453
163600 -1172.28997484853 0 -1172.28997484853
163700 -1161.860310875869 0 -1161.860310875869
163800 -1155.814024707492 0 -1155.814024707492
163900 -1146.532938397388 0 -1146.532938397388
164000 -1148.466966484673 0 -1148.466966484673
164100 -1152.7511681139 0 -1152.7511681139
164200 -1148.062871541973 0 -1148.062871541973
164300 -1161.775017383708 0 -1161.775017383708
164400 -1158.793773730587 0 -1158.793773730587
164500 -1215.167862891394 0 -1215.167862891394
164600 -1190.465955801872 0 -1190.465955801872
164700 -1197.379873687081 0 -1197.379873687081
164800 -1201.280076542433 0 -1201.280076542433
164900 -1169.840565563762 0 -1169.840565563762
165000 -1150.361264417705 0 -1150.361264417705
165100 -1131.585570538315 0 -1131.585570538315
165200 -1136.904704196128 0 -1136.904704196128
165300 -1151.63599085818 0 -1151.63599085818
165400 -1131.465655044114 0 -1131.465655044114
165500 -1122.560967009835 0 -1122.560967009835
165600 -1132.225735610688 0 -1132.225735610688
165700 -1116.796416181198 0 -1116.796416181198
165800 -1103.616570556989 0 -1103.616570556989
165900 -1105.276677343412 0 -1105.276677343412
166000 -1132.212099515025 0 -1132.212099515025
166100 -1135.413492737251 0 -1135.413492737251
166200 -1115.972327190815 0 -1115.972327190815
166300 -1106.120246812068 0 -1106.120246812068
166400 -1089.126506978093 0 -1089.126506978093
166500 -1087.783007995877 0 -1087.783007995877
166600 -1102.293520547057 0 -1102.293520547057
166700 -1150.059974897711 0 -1150.059974897711
166800 -1129.699703720835 0 -1129.699703720835
166900 -1128.025058350147 0 -1128.025058350147
167000 -1155.138677536394 0 -1155.138677536394
167100 -1135.499030378618 0 -1135.499030378618
167200 -1146.694313116124 0 -1146.694313116124
167300 -1156.743894415646 0 -1156.743894415646
167400 -1170.845411713914 0 -1170.845411713914
167500 -1189.001180839611 0 -1189.001180839611
167600 -1275.897233621072 0 -1275.897233621072
167700 -1258.950100104965 0 -1258.950100104965
167800 -1235.650309452001 0 -1235.650309452001
167900 -1225.926116290197 0 -1225.926116290197
168000 -1222.674710393287 0 -1222.674710393287
168100 -1225.964406287094 0 -1225.964406287094
168200 -1219.057186006365 0 -1219.057186006365
168300 -1247.938962544285 0 -1247.938962544285
168400 -1244.750731604174 0 -1244.750731604174
168500 -1221.367944527767 0 -1221.367944527767
168600 -1193.651404463053 0 -1193.651404463053
168700 -1212.763567897986 0 -1212.763567897986
168800 -1198.469917721337 0 -1198.469917721337
168900 -1166.357978761662 0 -1166.357978761662
169000 -1184.620577370137 0 -1184.620577370137
169100 -1239.718555613552 0 -1239.718555613552
169200 -1210.167701020953 0 -1210.167701020953
169300 -1207.161084478896 0 -1207.161084478896
169400 -1175.973477213061 0 -1175.973477213061
169500 -1201.335551991877 0 -1201.335551991877
169600 -1162.08673757215 0 -1162.08673757215
169700 -1165.892681131518 0 -1165.892681131518
169800 -1172.355147889175 0 -1172.355147889175
169900 -1176.324444283207 0 -1176.324444283207
170000 -1163.392797480676 0 -1163.392797480676
170100 -1196.757534740464 0 -1196.757534740464
170200 -1150.337581498556 0 -1150.337581498556
170300 -1129.546173832379 0 -1129.546173832379
170400 -1155.066427277547 0 -1155.066427277547
170500 -1129.937012998882 0 -1129.937012998882
170600 -1134.743396224716 0 -1134.743396224716
170700 -1138.227082998317 0 -1138.227082998317
170800 -1145.971170682606 0 -1145.971170682606
170900 -1146.199126594734 0 -1146.199126594734
171000 -1167.204244675493 0 -1167.204244675493
171100 -1191.468427906038 0 -1191.468427906038
171200 -1188.990542316897 0 -1188.990542316897
171300 -1164.296086747083 0 -1164.296086747083
171400 -1177.880592594331 0 -1177.880592594331
171500 -1179.902823868404 0 -1179.902823868404
171600 -1150.632604020648 0 -1150.632604020648
171700 -1171.596702975337 0 -1171.596702975337
171800 -1148.935937745729 0 -1148.935937745729
171900 -1150.71823369668 0 -1150.71823369668
172000 -1112.476924456918 0 -1112.476924456918
172100 -1114.117092646447 0 -1114.117092646447
172200 -1121.646602327586 0 -1121.646602327586
172300 -1133.26809390675 0 -1133.26809390675
172400 -1125.706704413518 0 -1125.706704413518
172500 -1108.127304258116 0 -1108.127304258116
172600 -1111.469798497106 0 -1111.469798497106
172700 -1109.10994905862 0 -1109.10994905862
172800 -1103.738895346476 0 -1103.738895346476
172900 -1126.546500807395 0 -1126.546500807395
173000 -1119.19422024925 0 -1119.19422024925
173100 -1130.588764112763 0 -1130.588764112763
173200 -1132.442178658501 0 -1132.442178658501
173300 -1121.764803354803 0 -1121.764803354803
173400 -1124.933081675088 0 -1124.933081675088
173500 -1125.912212570445 0 -1125.912212570445
173600 -1116.44850950162 0 -1116.44850950162
173700 -1099.984967635304 0 -1099.984967635304
173800 -1136.267062893545 0 -1136.267062893545
173900 -1145.210566312104 0 -1145.210566312104
174000 -1138.245296434354 0 -1138.245296434354
174100 -1166.750512677398 0 -1166.750512677398
174200 -1184.586722732347 0 -1184.586722732347
174300 -1174.425515666866 0 -1174.425515666866
174400 -1174.10409903698 0 -1174.10409903698
174500 -1175.145157732302 0 -1175.145157732302
174600 -1158.483448495681 0 -1158.483448495681
174700 -1181.249190108167 0 -1181.249190108167
174800 -1220.212834357866 0 -1220.212834357866
174900 -1224.976447682071 0 -1224.976447682071
175000 -1217.424785565585 0 -1217.424785565585
175100 -1167.611567914697 0 -1167.611567914697
175200 -1148.09511939012 0 -1148.09511939012
175300 -1162.20713066819 0 -1162.20713066819
175400 -1151.357987828696 0 -1151.357987828696
175500 -1147.652575213579 0 -1147.652575213579
175600 -1211.1995716893 0 -1211.1995716893
175700 -1158.589506970136 0 -1158.589506970136
175800 -1125.965359411872 0 -1125.965359411872
175900 -1156.646753449626 0 -1156.646753449626
176000 -1153.559341218206 0 -1153.559341218206
176100 -1156.650927087467 0 -1156.650927087467
176200 -1179.206422460149 0 -1179.206422460149
176300 -1201.274325290877 0 -1201.274325290877
176400 -1236.093178611758 0 -1236.093178611758
176500 -1211.93707712178 0 -1211.93707712178
176600 -1226.413187495287 0 -1226.413187495287
176700 -1207.154854556953 0 -1207.154854556953
176800 -1205.737729042283 0 -1205.737729042283
176900 -1188.637348053569 0 -1188.637348053569
177000 -1197.591398066259 0 -1197.591398066259
177100 -1223.246044143671 0 -1223.246044143671
177200 -1210.834173063398 0 -1210.834173063398
177300 -1191.023789236075 0 -1191.023789236075
177400 -1191.200882848774 0 -1191.200882848774
177500 -1195.460611240356 0 -1195.460611240356
177600 -1157.385421636191 0 -1157.385421636191
177700 -1158.457631767797 0 -1158.457631767797
177800 -1200.53126836993 0 -1200.53126836993
177900 -1194.755745831324 0 -1194.755745831324
178000 -1211.706027138163 0 -1211.706027138163
178100 -1269.048319037014 0 -1269.048319037014
178200 -1299.444270071923 0 -1299.444270071923
178300 -1261.125857069856 0 -1261.125857069856
178400 -1235.847604848546 0 -1235.847604848546
178500 -1190.415192375265 0 -1190.415192375265
178600 -1176.765357928176 0 -1176.765357928176
178700 -1175.721785856103 0 -1175.721785856103
178800 -1191.587048699643 0 -1191.587048699643
178900 -1172.141767924478 0 -1172.141767924478
179000 -1179.30622497492 0 -1179.30622497492
179100 -1188.151227291739 0 -1188.151227291739
179200 -1152.058002282894 0 -1152.058002282894
179300 -1142.95302072863 0 -1142.95302072863
179400 -1140.001308970437 0 -1140.001308970437
179500 -1142.470232862921 0 -1142.470232862921
179600 -1125.552572731467 0 -1125.552572731467
179700 -1139.786658064408 0 -1139.786658064408
179800 -1144.339694334136 0 -1144.339694334136
179900 -1150.653753771709 0 -1150.653753771709
180000 -1141.79007432505 0 -1141.79007432505
180100 -1135.783196672812 0 -1135.783196672812
180200 -1125.679584524711 0 -1125.679584524711
180300 -1139.556851921894 0 -1139.556851921894
180400 -1142.671027943255 0 -1142.671027943255
180500 -1106.632409530081 0 -1106.632409530081
180600 -1120.402245827165 0 -1120.402245827165
180700 -1139.813931898752 0 -1139.813931898752
180800 -1117.05166058171 0 -1117.05166058171
180900 -1084.548265634934 0 -1084.548265634934
181000 -1080.420639374479 0 -1080.420639374479
181100 -1076.509143497475 0 -1076.509143497475
181200 -1088.066631149355 0 -1088.066631149355
181300 -1095.173701708753 0 -1095.173701708753
181400 -1117.113963012933 0 -1117.113963012933
181500 -1133.868043187336 0 -1133.868043187336
181600 -1168.289539074151 0 -1168.289539074151
181700 -1161.999307820613 0 -1161.999307820613
181800 -1141.812966879545 0 -1141.812966879545
181900 -1119.226734644595 0 -1119.226734644595
182000 -1128.825573523558 0 -1128.825573523558
182100 -1133.396756441682 0 -1133.396756441682
182200 -1149.380024168349 0 -1149.380024168349
182300 -1126.882574187402 0 -1126.882574187402
182400 -1121.649455757404 0 -1121.649455757404
182500 -1133.149954798108 0 -1133.149954798108
182600 -1191.725333558396 0 -1191.725333558396
182700 -1168.949437029543 0 -1168.949437029543
182800 -1164.482928864396 0 -1164.482928864396
182900 -1174.092329661624 0 -1174.092329661624
183000 -1183.16223244826 0 -1183.16223244826
183100 -1135.044281097347 0 -1135.044281097347
183200 -1144.895279104778 0 -1144.895279104778
183300 -1127.349441387109 0 -1127.349441387109
183400 -1133.917321815999 0 -1133.917321815999
183500 -1147.64626593401 0 -1147.64626593401
183600 -1148.812567856396 0 -1148.812567856396
183700 -1195.32423567865 0 -1195.32423567865
183800 -1163.999436769678 0 -1163.999436769678
183900 -1200.646227941015 0 -1200.646227941015
184000 -1245.336075570087 0 -1245.336075570087
184100 -1221.977236496896 0 -1221.977236496896
184200 -1237.204029693807 0 -1237.204029693807
184300 -1211.200130168232 0 -1211.200130168232
184400 -1198.483175982983 0 -1198.483175982983
184500 -1203.135652349738 0 -1203.135652349738
184600 -1214.528053415801 0 -1214.528053415801
184700 -1215.749930820893 0 -1215.749930820893
184800 -1199.177610285347 0 -1199.177610285347
184900 -1204.917164335231 0 -1204.917164335231
185000 -1209.962409812113 0 -1209.962409812113
185100 -1241.050525367522 0 -1241.050525367522
185200 -1239.11991178547 0 -1239.11991178547
185300 -1186.428142102595 0 -1186.428142102595
185400 -1195.913120223384 0 -1195.913120223384
185500 -1210.483619328035 0 -1210.483619328035
185600 -1191.045946558355 0 -1191.045946558355
185700 -1235.472117744444 0 -1235.472117744444
185800 -1210.785657903849 0 -1210.785657903849
185900 -1217.271895163314 0 -1217.271895163314
186000 -1218.89586208621 0 -1218.89586208621
186100 -1213.114941306863 0 -1213.114941306863
186200 -1218.483412294765 0 -1218.483412294765
186300 -1213.525652770259 0 -1213.525652770259
186400 -1202.831282199622 0 -1202.831282199622
186500 -1204.702476737875 0 -1204.702476737875
186600 -1208.943415441918 0 -1208.943415441918
186700 -1180.907475850865 0 -1180.907475850865
186800 -1199.77512268693 0 -1199.77512268693
186900 -1205.31835529895 0 -1205.31835529895
187000 -1189.707439269725 0 -1189.707439269725
187100 -1194.839948542285 0 -1194.839948542285
187200 -1202.454339983466 0 -1202.454339983466
187300 -1229.503124678042 0 -1229.503124678042
187400 -1183.351542824501 0 -1183.351542824501
187500 -1186.345963817148 0 -1186.345963817148
187600 -1167.73760026347 0 -1167.73760026347
187700 -1172.96233888538 0 -1172.96233888538
187800 -1166.298400058266 0 -1166.298400058266
187900 -1152.576577229687 0 -1152.576577229687
188000 -1133.893120655906 0 -1133.893120655906
188100 -1133.355716832863 0 -1133.355716832863
188200 -1155.528447675082 0 -1155.528447675082
188300 -1141.105226285727 0 -1141.105226285727
188400 -1126.865921029414 0 -1126.865921029414
188500 -1145.496941848483 0 -1145.496941848483
188600 -1147.824377974699 0 -1147.824377974699
188700 -1171.8349701478 0 -1171.8349701478
188800 -1172.66534582536 0 -1172.66534582536
188900 -1200.399961955627 0 -1200.399961955627
189000 -1207.316704265291 0 -1207.316704265291
189100 -1184.245410710821 0 -1184.245410710821
189200 -1208.038705981787 0 -1208.038705981787
189300 -1223.816926629341 0 -1223.816926629341
189400 -1206.162471639298 0 -1206.162471639298
189500 -1181.824469516912 0 -1181.824469516912
189600 -1192.086560540381 0 -1192.086560540381
189700 -1201.008128822607 0 -1201.008128822607
189800 -1213.682902287022 0 -1213.682902287022
189900 -1215.146522526448 0 -1215.146522526448
190000 -1233.166968035686 0 -1233.166968035686
190100 -1225.625099092667 0 -1225.625099092667
190200 -1213.658851018132 0 -1213.658851018132
190300 -1218.56576567109 0 -1218.56576567109
190400 -1195.747043337033 0 -1195.747043337033
190500 -1208.071181675048 0 -1208.071181675048
190600 -1228.102683746896 0 -1228.102683746896
190700 -1214.948909356579 0 -1214.948909356579
190800 -1249.030670545239 0 -1249.030670545239
190900 -1269.352775109423 0 -1269.352775109423
191000 -1246.253619374183 0 -1246.253619374183
191100 -1234.386471336358 0 -1234.386471336358
191200 -1212.27465851566 0 -1212.27465851566
191300 -1198.064261628928 0 -1198.064261628928
191400 -1187.417268473182 0 -1187.417268473182
191500 -1227.824634336983 0 -1227.824634336983
191600 -1224.600367605541 0 -1224.600367605541
191700 -1197.844356800604 0 -1197.844356800604
191800 -1197.869343914936 0 -1197.869343914936
191900 -1204.745434188699 0 -1204.745434188699
192000 -1204.458756957676 0 -1204.458756957676
192100 -1192.855443487817 0 -1192.855443487817
192200 -1210.272208740353 0 -1210.272208740353
192300 -1231.287431910401 0 -1231.287431910401
192400 -1275.750103328912 0 -1275.750103328912
192500 -1294.493773237074 0 -1294.493773237074
192600 -1285.497477254507 0 -1285.497477254507
192700 -1266.183542816427 0 -1266.183542816427
192800 -1275.746743469179 0 -1275.746743469179
192900 -1264.075050473562 0 -1264.075050473562
193000 -1261.519412371097 0 -1261.519412371097
193100 -1243.7852990666 0 -1243.7852990666
193200 -1262.754868677061 0 -1262.754868677061
193300 -1250.709815839742 0 -1250.709815839742
193400 -1239.478218190721 0 -1239.478218190721
193500 -1248.430459661307 0 -1248.430459661307
193600 -1290.369749127363 0 -1290.369749127363
193700 -1294.430340431543 0 -1294.430340431543
193800 -1293.213807298569 0 -1293.213807298569
193900 -1307.880431075915 0 -1307.880431075915
194000 -1311.844993079139 0 -1311.844993079139
194100 -1262.907470838683 0 -1262.907470838683
194200 -1265.951903050474 0 -1265.951903050474
194300 -1247.011911343056 0 -1247.011911343056
194400 -1270.329617066309 0 -1270.329617066309
194500 -1264.059182116092 0 -1264.059182116092
194600 -1259.892870163399 0 -1259.892870163399
194700 -1305.958049709327 0 -1305.958049709327
194800 -1266.912684181494 0 -1266.912684181494
194900 -1255.649788154697 0 -1255.649788154697
195000 -1272.516865812053 0 -1272.516865812053
195100 -1265.872243077112 0 -1265.872243077112
195200 -1240.746946428961 0 -1240.746946428961
195300 -1258.86150449171 0 -1258.86150449171
195400 -1233.313413429714 0 -1233.313413429714
195500 -1237.707923357535 0 -1237.707923357535
195600 -1203.727375072267 0 -1203.727375072267
195700 -1216.866654053563 0 -1216.866654053563
195800 -1210.874348801473 0 -1210.874348801473
195900 -1169.801233709673 0 -1169.801233709673
196000 -1151.57945529162 0 -1151.57945529162
196100 -1185.794907605741 0 -1185.794907605741
196200 -1172.464656664233 0 -1172.464656664233
196300 -1174.593050324242 0 -1174.593050324242
196400 -1162.263814251841 0 -1162.263814251841
196500 -1132.006836924105 0 -1132.006836924105
196600 -1103.134012298938 0 -1103.134012298938
196700 -1095.464654703945 0 -1095.464654703945
196800 -1102.927277315406 0 -1102.927277315406
196900 -1125.829382851225 0 -1125.829382851225
197000 -1107.15581700109 0 -1107.15581700109
197100 -1085.447062958367 0 -1085.447062958367
197200 -1091.060939952935 0 -1091.060939952935
197300 -1092.832174969488 0 -1092.832174969488
197400 -1107.28824254169 0 -1107.28824254169
197500 -1121.649368934974 0 -1121.649368934974
197600 -1127.479238032538 0 -1127.479238032538
197700 -1103.460425534984 0 -1103.460425534984
197800 -1135.779436132696 0 -1135.779436132696
197900 -1195.054362064486 0 -1195.054362064486
198000 -1147.520283358521 0 -1147.520283358521
198100 -1169.118966259819 0 -1169.118966259819
198200 -1153.132274917727 0 -1153.132274917727
198300 -1159.132255313947 0 -1159.132255313947
198400 -1155.836033959931 0 -1155.836033959931
198500 -1157.155783080932 0 -1157.155783080932
198600 -1177.774143567629 0 -1177.774143567629
198700 -1189.817723373708 0 -1189.817723373708
198800 -1201.334540366137 0 -1201.334540366137
198900 -1222.906206897504 0 -1222.906206897504
199000 -1214.689373813532 0 -1214.689373813532
199100 -1198.93736638155 0 -1198.93736638155
199200 -1190.500979744196 0 -1190.500979744196
199300 -1221.026184561689 0 -1221.026184561689
199400 -1205.414666322453 0 -1205.414666322453
199500 -1226.048973431076 0 -1226.048973431076
199600 -1216.785873218905 0 -1216.785873218905
199700 -1197.662819393416 0 -1197.662819393416
199800 -1194.631214705238 0 -1194.631214705238
199900 -1198.449948297784 0 -1198.449948297784
200000 -1203.06635084239 0 -1203.06635084239
