33.4 2
33.8 3
34.2 10
34.4 23
34.6 16
34.8 17
35 173
35.2 133
35.4 63
35.6 128
35.8 172
36 213
36.2 238
36.4 198
36.6 1279
36.8 1052
37 7943
37.2 8456
37.4 22802
37.6 37142
37.8 53188
38 76321
38.2 103628
38.4 113711
38.6 134351
38.8 208531
39 305777
39.2 363549
39.4 541088
39.6 586234
39.8 704072
40 720589
40.2 812655
40.4 961221
40.6 973495
40.8 1023743
41 996590
41.2 1015724
41.4 911377
41.6 919813
41.8 1019534
42 1110184
42.2 1081488
42.4 1087362
42.6 1107478
42.8 1016813
43 989241
43.2 887503
43.4 784143
43.6 736306
43.8 589072
44 521410
44.2 493493
44.4 406547
44.6 372313
44.8 354945
45 278443
45.2 248937
45.4 228590
45.6 210636
45.8 162829
46 148608
46.2 132058
46.4 118076
46.6 99796
46.8 88760
47 89075
47.2 73585
47.4 67422
47.6 58817
47.8 57002
48 53628
48.2 50373
48.4 45974
48.6 44822
48.8 41187
49 39911
49.2 36225
49.4 34374
49.6 34087
49.8 31173
50 29140
50.2 29290
50.4 28279
50.6 27737
50.8 26833
51 25467
51.2 25405
51.4 25462
51.6 24575
51.8 23973
52 22873
52.2 22731
52.4 22146
52.6 22085
52.8 21420
53 21378
53.2 20998
53.4 20815
53.6 20602
53.8 20683
54 20657
54.2 20166
54.4 20008
54.6 20225
54.8 19909
55 19956
55.2 19860
55.4 19985
55.6 19674
55.8 19494
56 20040
56.2 19408
56.4 19411
56.6 19674
56.8 19417
57 19577
57.2 19590
57.4 19374
57.6 19009
57.8 19396
58 19494
58.2 19428
58.4 19441
58.6 19350
58.8 19349
59 19437
59.2 19477
59.4 19432
59.6 19604
59.8 19669
60 19715
60.2 19939
60.4 19744
60.6 19594
60.8 19720
61 19666
61.2 19899
61.4 19819
61.6 19645
61.8 19686
62 19761
62.2 19994
62.4 19881
62.6 20215
62.8 19747
63 19701
63.2 20073
63.4 20144
63.6 20049
63.8 20278
64 20523
64.2 20313
64.4 20134
64.6 20307
64.8 20554
65 20716
65.2 20570
65.4 20778
65.6 20511
65.8 20974
66 20393
66.2 20590
66.4 20574
66.6 20563
66.8 20885
67 20890
67.2 20944
67.4 21038
67.6 20870
67.8 20994
68 20915
68.2 21268
68.4 21095
68.6 21319
68.8 21122
69 21332
69.2 21546
69.4 21249
69.6 21414
69.8 21465
70 21409
70.2 21425
70.4 21545
70.6 21452
70.8 21526
71 22037
71.2 21688
71.4 21592
71.6 21665
71.8 21458
72 22012
72.2 21721
72.4 21965
72.6 22194
72.8 21805
73 21970
73.2 21864
73.4 22053
73.6 21988
73.8 22366
74 21964
74.2 22358
74.4 22489
74.6 22398
74.8 22364
75 22598
75.2 22470
75.4 22708
75.6 22835
75.8 22524
76 22718
76.2 22663
76.4 22947
76.6 22788
76.8 22931
77 23006
77.2 23023
77.4 23143
77.6 22854
77.8 23354
78 22914
78.2 23447
78.4 23098
78.6 22957
78.8 23480
79 23615
79.2 23441
79.4 23281
79.6 23166
79.8 23426
80 23459
80.2 23666
80.4 23591
80.6 23443
80.8 23660
81 23893
81.2 23781
81.4 23646
81.6 23864
81.8 23879
82 23613
82.2 23517
82.4 23507
82.6 23868
82.8 23883
83 23968
83.2 23973
83.4 24114
83.6 24184
83.8 24185
84 24056
84.2 24014
84.4 23886
84.6 24163
84.8 24166
85 23907
85.2 24027
85.4 24152
85.6 24005
85.8 23738
86 23866
86.2 24021
86.4 24086
86.6 24144
86.8 23906
87 23787
87.2 23465
87.4 23635
87.6 23561
87.8 23843
88 24281
88.2 23795
88.4 24048
88.6 24109
88.8 23889
89 23866
89.2 23957
89.4 23667
89.6 24009
89.8 23893
90 24206
90.2 23825
90.4 23873
90.6 24031
90.8 23809
91 23749
91.2 23596
91.4 23850
91.6 23794
91.8 23836
92 23673
92.2 23658
92.4 23829
92.6 24008
92.8 23844
93 23707
93.2 23790
93.4 23812
93.6 23751
93.8 23841
94 23861
94.2 23669
94.4 23764
94.6 23935
94.8 23750
95 23529
95.2 23849
95.4 23955
95.6 23767
95.8 23746
96 23709
96.2 23616
96.4 23878
96.6 23752
96.8 23863
97 23529
97.2 23837
97.4 23561
97.6 23776
97.8 23523
98 23663
98.2 23589
98.4 23683
98.6 23757
98.8 23665
99 23526
99.2 23847
99.4 23945
99.6 23886
99.8 24035
100 23924
100.2 23586
100.4 23942
100.6 23748
100.8 23553
101 23994
101.2 23754
101.4 23649
101.6 23525
101.8 23778
102 23677
102.2 23906
102.4 23670
102.6 23871
102.8 23777
103 24072
103.2 23798
103.4 23888
103.6 23641
103.8 23400
104 23711
104.2 23549
104.4 24012
104.6 23683
104.8 23834
105 23756
105.2 23737
105.4 23566
105.6 23343
105.8 23775
106 23385
106.2 23798
106.4 23702
106.6 23939
106.8 23734
107 23819
107.2 23805
107.4 23742
107.6 23754
107.8 23583
108 23778
108.2 23595
108.4 23631
108.6 23659
108.8 23822
109 23690
109.2 24178
109.4 23745
109.6 23794
109.8 23990
110 23689
110.2 23640
110.4 23799
110.6 23852
110.8 23587
111 23466
111.2 23770
111.4 23757
111.6 23465
111.8 23950
112 24115
112.2 23604
112.4 23870
112.6 23543
112.8 23728
113 23790
113.2 23754
113.4 23737
113.6 23687
113.8 23904
114 23838
114.2 24214
114.4 23843
114.6 23990
114.8 23924
115 23939
115.2 23825
115.4 23706
115.6 23697
115.8 23635
116 23632
116.2 23613
116.4 23964
116.6 23836
116.8 23920
117 23804
117.2 23484
117.4 23685
117.6 23779
117.8 23731
118 23728
118.2 23892
118.4 23654
118.6 23704
118.8 23677
119 23875
119.2 23855
119.4 23539
119.6 23977
119.8 23843
120 23447
120.2 23700
120.4 23711
120.6 23768
120.8 23519
121 23929
121.2 23556
121.4 24017
121.6 23699
121.8 23932
122 23709
122.2 23897
122.4 23523
122.6 23453
122.8 23732
123 23799
123.2 23722
123.4 23858
123.6 23975
123.8 23923
124 23822
124.2 23772
124.4 23557
124.6 23773
124.8 23395
125 23846
125.2 23739
125.4 23873
125.6 23692
125.8 23639
126 23638
126.2 23669
126.4 23648
126.6 23543
126.8 23722
127 23504
127.2 23781
127.4 24059
127.6 23788
127.8 23754
128 23590
128.2 23574
128.4 23580
128.6 24015
128.8 23631
129 23524
129.2 23860
129.4 23782
129.6 23564
129.8 23630
130 23752
130.2 23535
130.4 23804
130.6 23667
130.8 24024
131 23731
131.2 23648
131.4 23619
131.6 23840
131.8 23775
132 23577
132.2 23896
132.4 23684
132.6 23594
132.8 23760
133 23726
133.2 23877
133.4 23589
133.6 24131
133.8 23746
134 23789
134.2 23788
134.4 23610
134.6 23758
134.8 23366
135 23850
135.2 23210
135.4 23841
135.6 23726
135.8 23939
136 23559
136.2 23536
136.4 23773
136.6 23734
136.8 23890
137 23863
137.2 23600
137.4 23678
137.6 23711
137.8 23649
138 23542
138.2 23734
138.4 23565
138.6 23375
138.8 23313
139 23515
139.2 23874
139.4 23577
139.6 23667
139.8 23806
140 23629
140.2 24105
140.4 24096
140.6 23444
140.8 23884
141 23736
141.2 23682
141.4 23700
141.6 23755
141.8 23893
142 23482
142.2 23587
142.4 23912
142.6 23914
142.8 23787
143 23603
143.2 23617
143.4 23437
143.6 23751
143.8 23725
144 23386
144.2 23699
144.4 23933
144.6 23589
144.8 23585
145 23143
145.2 23969
145.4 23764
145.6 23810
145.8 23837
146 23772
146.2 23475
146.4 23500
146.6 23587
146.8 23869
147 23576
147.2 23832
147.4 24038
147.6 23962
147.8 24009
148 23715
148.2 23597
148.4 23835
148.6 23792
148.8 23607
149 23476
149.2 23443
149.4 23637
149.6 23724
149.8 23815
150 23763
150.2 23614
150.4 23730
150.6 23740
150.8 23627
151 23572
151.2 23772
151.4 23716
151.6 23666
151.8 23823
152 23333
152.2 23572
152.4 23724
152.6 23577
152.8 23542
153 23671
153.2 23433
153.4 23474
153.6 23619
153.8 23582
154 23444
154.2 23859
154.4 23746
154.6 23800
154.8 23748
155 23663
155.2 23638
155.4 23582
155.6 23849
155.8 23702
156 23714
156.2 23747
156.4 23528
156.6 23929
156.8 23536
157 23517
157.2 23860
157.4 23617
157.6 23474
157.8 23702
158 23473
158.2 23679
158.4 23699
158.6 24232
158.8 23667
159 23538
159.2 23599
159.4 23780
159.6 23642
159.8 23695
160 23594
160.2 23760
160.4 23976
160.6 23617
160.8 23622
161 23610
161.2 23690
161.4 23877
161.6 23689
161.8 23607
162 23611
162.2 23524
162.4 23695
162.6 23501
162.8 23860
163 23556
163.2 23495
163.4 23213
163.6 23602
163.8 23589
164 23766
164.2 23847
164.4 23707
164.6 23538
164.8 23657
165 23591
165.2 23552
165.4 23621
165.6 23622
165.8 23785
166 23604
166.2 24148
166.4 23873
166.6 23616
166.8 24029
167 23601
167.2 23733
167.4 23769
167.6 23605
167.8 23375
168 23648
168.2 23782
168.4 23670
168.6 23646
168.8 23544
169 23852
169.2 23658
169.4 23935
169.6 23783
169.8 23710
170 23395
170.2 23566
170.4 23613
170.6 23658
170.8 23559
171 23579
171.2 23603
171.4 23435
171.6 23341
171.8 23393
172 23649
172.2 23454
172.4 23709
172.6 23379
172.8 23539
173 23536
173.2 23741
173.4 23726
173.6 23807
173.8 23685
174 23543
174.2 23473
174.4 23531
174.6 23599
174.8 23663
175 23936
175.2 23745
175.4 23165
175.6 23681
175.8 23813
176 23550
176.2 23653
176.4 23840
176.6 23818
176.8 23700
177 23409
177.2 23650
177.4 23705
177.6 23688
177.8 23486
178 23375
178.2 23687
178.4 23447
178.6 23687
178.8 23949
179 23526
179.2 23474
179.4 23879
179.6 23346
179.8 23430
180 23326
180.2 23610
180.4 23624
180.6 23709
180.8 23761
181 23597
181.2 23639
181.4 23343
181.6 23832
181.8 23761
182 23733
182.2 23853
182.4 23566
182.6 23490
182.8 23777
183 23657
183.2 23408
183.4 23586
183.6 23624
183.8 23623
184 23495
184.2 23634
184.4 23546
184.6 23581
184.8 23302
185 23769
185.2 23730
185.4 23342
185.6 23857
185.8 23807
186 23761
186.2 23604
186.4 23812
186.6 23618
186.8 23997
187 23665
187.2 23351
187.4 23903
187.6 23803
187.8 23881
188 23549
188.2 23551
188.4 23729
188.6 23692
188.8 23805
189 23942
189.2 23848
189.4 23647
189.6 23538
189.8 23621
190 23547
190.2 23553
190.4 23826
190.6 23430
190.8 23725
191 23287
191.2 23532
191.4 23940
191.6 23771
191.8 23454
192 23222
192.2 23410
192.4 23688
192.6 23478
192.8 23466
193 23833
193.2 23703
193.4 23559
193.6 23669
193.8 23659
194 23708
194.2 23901
194.4 23807
194.6 23736
194.8 23979
195 23465
195.2 23862
195.4 23573
195.6 23657
195.8 23868
196 23874
196.2 23773
196.4 23617
196.6 23676
196.8 23784
197 23449
197.2 23611
197.4 23822
197.6 23774
197.8 23638
198 23701
198.2 23750
198.4 23706
198.6 23799
198.8 23451
199 23641
199.2 23756
199.4 23453
199.6 23671
199.8 23784
200 23590
200.2 24062
200.4 23722
200.6 23753
200.8 23547
201 23672
201.2 23744
201.4 23759
201.6 23749
201.8 24099
202 23624
202.2 23599
202.4 23459
202.6 23501
202.8 23528
203 23753
203.2 23948
203.4 23879
203.6 23814
203.8 23807
204 23891
204.2 23265
204.4 23718
204.6 23624
204.8 23686
205 23702
205.2 23784
205.4 23721
205.6 23431
205.8 23512
206 23474
206.2 23822
206.4 23567
206.6 23479
206.8 23694
207 23504
207.2 23764
207.4 23815
207.6 23917
207.8 23412
208 23643
208.2 23445
208.4 23338
208.6 23669
208.8 23769
209 23408
209.2 23660
209.4 23787
209.6 23571
209.8 23708
210 23666
210.2 23705
210.4 23563
210.6 23523
210.8 23520
211 23799
211.2 23842
211.4 23866
211.6 23470
211.8 23525
212 23744
212.2 23794
212.4 23692
212.6 23771
212.8 23534
213 23672
213.2 23739
213.4 23669
213.6 23658
213.8 23748
214 23431
214.2 23706
214.4 23898
214.6 23531
214.8 23677
215 23723
215.2 23628
215.4 23722
215.6 23560
215.8 23698
216 23656
216.2 23810
216.4 23408
216.6 23329
216.8 23466
217 23597
217.2 23344
217.4 23474
217.6 23610
217.8 23499
218 23439
218.2 24067
218.4 23413
218.6 23555
218.8 23505
219 23711
219.2 23732
219.4 23867
219.6 23567
219.8 23634
220 23610
220.2 23844
220.4 23716
220.6 23393
220.8 23287
221 23650
221.2 23667
221.4 23999
221.6 23430
221.8 23600
222 23830
222.2 23609
222.4 23604
222.6 23598
222.8 23921
223 23712
223.2 23495
223.4 23699
223.6 23695
223.8 23678
224 23483
224.2 23737
224.4 23718
224.6 23617
224.8 23682
225 23586
225.2 23627
225.4 23609
225.6 23847
225.8 23822
226 23212
226.2 23724
226.4 23417
226.6 23180
226.8 23495
227 23727
227.2 23475
227.4 23742
227.6 23762
227.8 23627
228 23562
228.2 23559
228.4 23491
228.6 23676
228.8 23651
229 23329
229.2 23431
229.4 23591
229.6 23794
229.8 23619
230 23718
230.2 23854
230.4 23811
230.6 23530
230.8 23532
231 23716
231.2 23313
231.4 23526
231.6 23670
231.8 23510
232 23425
232.2 23531
232.4 23798
232.6 23619
232.8 23540
233 23342
233.2 23865
233.4 23400
233.6 23692
233.8 23562
234 23919
234.2 23567
234.4 23846
234.6 23611
234.8 23714
235 23594
235.2 23649
235.4 23304
235.6 23673
235.8 23307
236 23623
236.2 23557
236.4 23665
236.6 23611
236.8 23544
237 23430
237.2 23617
237.4 23537
237.6 23600
237.8 23474
238 23668
238.2 23371
238.4 23567
238.6 23649
238.8 23739
239 23793
239.2 23642
239.4 23425
239.6 23463
239.8 23589
240 23842
240.2 23440
240.4 23680
240.6 23593
240.8 23503
241 23614
241.2 23558
241.4 23594
241.6 23731
241.8 23490
242 23653
242.2 23440
242.4 23896
242.6 23542
242.8 23659
243 23452
243.2 23481
243.4 23600
243.6 23400
243.8 23286
244 23628
244.2 23496
244.4 23630
244.6 23604
244.8 23378
245 23535
245.2 23554
245.4 23442
245.6 23662
245.8 23897
246 23790
246.2 23633
246.4 23682
246.6 23714
246.8 23771
247 23374
247.2 23398
247.4 23733
247.6 23675
247.8 23586
248 23582
248.2 23608
248.4 23458
248.6 23553
248.8 23847
249 23871
249.2 23328
249.4 23629
249.6 23697
249.8 23552
250 23554
