33.2 4
33.6 11
33.8 1
34 2
34.2 14
34.4 15
34.6 19
34.8 16
35 70
35.2 104
35.4 177
35.6 1003
35.8 164
36 273
36.2 2090
36.4 679
36.6 2610
36.8 964
37 2744
37.2 2430
37.4 3360
37.6 4115
37.8 3772
38 4396
38.2 6872
38.4 7330
38.6 9089
38.8 8804
39 9492
39.2 10618
39.4 12310
39.6 12631
39.8 16337
40 19480
40.2 17627
40.4 20922
40.6 21416
40.8 24323
41 27565
41.2 28776
41.4 33364
41.6 33940
41.8 37315
42 41065
42.2 42322
42.4 43230
42.6 46869
42.8 50230
43 52887
43.2 57283
43.4 61012
43.6 62527
43.8 64605
44 67142
44.2 71391
44.4 72224
44.6 75781
44.8 77064
45 80992
45.2 84890
45.4 86277
45.6 87333
45.8 88803
46 88911
46.2 92080
46.4 95125
46.6 93985
46.8 97951
47 98686
47.2 98967
47.4 99984
47.6 100772
47.8 100664
48 101404
48.2 100692
48.4 100943
48.6 101194
48.8 102669
49 102143
49.2 101734
49.4 101764
49.6 101573
49.8 101790
50 100573
50.2 100741
50.4 101028
50.6 99850
50.8 100924
51 99190
51.2 99558
51.4 99817
51.6 99352
51.8 97998
52 97666
52.2 97832
52.4 97476
52.6 97654
52.8 96125
53 96558
53.2 96299
53.4 95592
53.6 95724
53.8 95423
54 95327
54.2 95429
54.4 95000
54.6 95188
54.8 94684
55 95527
55.2 94581
55.4 94200
55.6 94864
55.8 94879
56 94216
56.2 95352
56.4 94634
56.6 94462
56.8 94536
57 94352
57.2 94233
57.4 94196
57.6 94189
57.8 94096
58 94242
58.2 94459
58.4 93916
58.6 94050
58.8 93895
59 94704
59.2 94450
59.4 94110
59.6 93920
59.8 94562
60 93972
60.2 94975
60.4 94185
60.6 94430
60.8 94279
61 94018
61.2 94530
61.4 94325
61.6 94360
61.8 94691
62 94915
62.2 94383
62.4 94672
62.6 94750
62.8 95098
63 94730
63.2 94814
63.4 95018
63.6 94959
63.8 94814
64 95238
64.2 94800
64.4 95018
64.6 95037
64.8 94897
65 95604
65.2 95554
65.4 95398
65.6 94813
65.8 95293
66 94700
66.2 95360
66.4 95072
66.6 95297
66.8 95190
67 94661
67.2 95556
67.4 96003
67.6 95372
67.8 95610
68 95576
68.2 95589
68.4 95812
68.6 95910
68.8 95817
69 95442
69.2 95039
69.4 95479
69.6 95267
69.8 96051
70 96134
70.2 95998
70.4 95715
70.6 95805
70.8 96032
71 96005
71.2 96119
71.4 95233
71.6 95774
71.8 95891
72 96115
72.2 95763
72.4 96241
72.6 96346
72.8 96124
73 95690
73.2 95931
73.4 96403
73.6 95471
73.8 96074
74 95961
74.2 95940
74.4 96102
74.6 96195
74.8 96387
75 96126
75.2 96419
75.4 96340
75.6 95657
75.8 96309
76 96402
76.2 96060
76.4 96457
76.6 96080
76.8 95634
77 95706
77.2 96020
77.4 96342
77.6 95523
77.8 95949
78 96141
78.2 95391
78.4 97014
78.6 96312
78.8 96148
79 96776
79.2 96187
79.4 95763
79.6 96258
79.8 96077
80 95993
80.2 96019
80.4 96333
80.6 96481
80.8 96884
81 96239
81.2 96583
81.4 96513
81.6 96661
81.8 97020
82 96363
82.2 97315
82.4 96061
82.6 96078
82.8 95543
83 96161
83.2 96455
83.4 96341
83.6 96686
83.8 96300
84 96277
84.2 96042
84.4 96367
84.6 96157
84.8 96594
85 96004
85.2 96367
85.4 96585
85.6 96263
85.8 96335
86 96302
86.2 96026
86.4 96991
86.6 96616
86.8 95977
87 97186
87.2 96348
87.4 96794
87.6 96396
87.8 95946
88 96395
88.2 96400
88.4 97272
88.6 96739
88.8 96840
89 96463
89.2 96778
89.4 96552
89.6 96036
89.8 96748
90 96627
90.2 96430
90.4 96538
90.6 96724
90.8 96302
91 96539
91.2 96595
91.4 96409
91.6 96374
91.8 96483
92 95929
92.2 96633
92.4 95642
92.6 97112
92.8 96728
93 96356
93.2 96404
93.4 96163
93.6 96862
93.8 96525
94 96086
94.2 96285
94.4 96662
94.6 96777
94.8 97261
95 96087
95.2 96254
95.4 96692
95.6 96539
95.8 96860
96 96575
96.2 96202
96.4 96557
96.6 96453
96.8 96609
97 96804
97.2 96307
97.4 96986
97.6 96478
97.8 96266
98 96819
98.2 96032
98.4 97004
98.6 96926
98.8 96539
99 96608
99.2 96931
99.4 96578
99.6 96996
99.8 96907
100 96461
100.2 96250
100.4 96253
100.6 96672
100.8 96159
101 96693
101.2 96536
101.4 96349
101.6 97111
101.8 96814
102 96716
102.2 96656
102.4 96028
102.6 96667
102.8 96564
103 96185
103.2 97028
103.4 96388
103.6 96668
103.8 96643
104 96679
104.2 96691
104.4 96441
104.6 97202
104.8 96627
105 96659
105.2 96785
105.4 96642
105.6 96846
105.8 96746
106 96624
106.2 96043
106.4 96373
106.6 96479
106.8 97034
107 96607
107.2 96184
107.4 96288
107.6 96078
107.8 96265
108 97085
108.2 95985
108.4 96429
108.6 96420
108.8 96385
109 96579
109.2 95853
109.4 96319
109.6 96540
109.8 96431
110 96018
110.2 96424
110.4 96167
110.6 96260
110.8 96718
111 96356
111.2 96207
111.4 96323
111.6 96479
111.8 96809
112 96580
112.2 96545
112.4 96852
112.6 96163
112.8 96428
113 96602
113.2 95703
113.4 96197
113.6 96557
113.8 96341
114 96375
114.2 96388
114.4 96247
114.6 96538
114.8 96844
115 96875
115.2 96441
115.4 96551
115.6 96215
115.8 96018
116 96354
116.2 96319
116.4 96513
116.6 96793
116.8 96669
117 96248
117.2 95953
117.4 96823
117.6 96071
117.8 96543
118 96163
118.2 96317
118.4 96288
118.6 96588
118.8 96246
119 96116
119.2 96377
119.4 95958
119.6 96110
119.8 95951
120 96292
120.2 95932
120.4 96534
120.6 95818
120.8 96935
121 96667
121.2 96247
121.4 96290
121.6 96448
121.8 95703
122 96411
122.2 96171
122.4 96304
122.6 96081
122.8 95980
123 96224
123.2 96395
123.4 96342
123.6 96004
123.8 96221
124 96549
124.2 96414
124.4 95930
124.6 95894
124.8 96306
125 96162
125.2 96378
125.4 96029
125.6 96370
125.8 96082
126 95619
126.2 96018
126.4 96273
126.6 96528
126.8 96253
127 96622
127.2 95944
127.4 96122
127.6 96148
127.8 96082
128 96403
128.2 96150
128.4 96249
128.6 96107
128.8 95946
129 95994
129.2 96833
129.4 96045
129.6 96527
129.8 96103
130 96577
130.2 96097
130.4 96384
130.6 96131
130.8 95853
131 96702
131.2 96170
131.4 95920
131.6 96542
131.8 96530
132 96292
132.2 96277
132.4 96135
132.6 96032
132.8 96319
133 95877
133.2 96168
133.4 96226
133.6 96102
133.8 96590
134 96738
134.2 96144
134.4 96616
134.6 96079
134.8 96990
135 96205
135.2 96339
135.4 96172
135.6 96264
135.8 96435
136 96215
136.2 96122
136.4 96518
136.6 96333
136.8 96460
137 96457
137.2 96468
137.4 96265
137.6 96104
137.8 96886
138 96074
138.2 96250
138.4 95790
138.6 96372
138.8 96269
139 95244
139.2 95966
139.4 96555
139.6 96184
139.8 96096
140 95896
140.2 96254
140.4 96452
140.6 96565
140.8 95876
141 96250
141.2 96331
141.4 96404
141.6 96038
141.8 96664
142 96324
142.2 96422
142.4 96588
142.6 96183
142.8 96972
143 96804
143.2 96566
143.4 96219
143.6 95880
143.8 96510
144 96241
144.2 96803
144.4 96476
144.6 96196
144.8 96243
145 96623
145.2 96317
145.4 96462
145.6 96408
145.8 96175
146 96533
146.2 96194
146.4 96541
146.6 96555
146.8 96063
147 95913
147.2 96168
147.4 96896
147.6 96572
147.8 96552
148 96628
148.2 96162
148.4 96259
148.6 96310
148.8 96104
149 96383
149.2 96432
149.4 96927
149.6 96442
149.8 96481
150 96866
150.2 96625
150.4 96415
150.6 96874
150.8 96733
151 96586
151.2 96297
151.4 96592
151.6 96526
151.8 96740
152 96588
152.2 96705
152.4 96552
152.6 96630
152.8 96180
153 96749
153.2 96490
153.4 96945
153.6 96221
153.8 96840
154 96428
154.2 96463
154.4 96257
154.6 96668
154.8 96473
155 96383
155.2 96714
155.4 95981
155.6 96633
155.8 96008
156 96961
156.2 97141
156.4 96777
156.6 96227
156.8 96458
157 95702
157.2 96492
157.4 96620
157.6 96251
157.8 96894
158 96504
158.2 96993
158.4 96485
158.6 96812
158.8 96804
159 96515
159.2 96897
159.4 97239
159.6 96441
159.8 96527
160 96542
160.2 96846
160.4 96421
160.6 96572
160.8 96386
161 96254
161.2 96388
161.4 96140
161.6 96273
161.8 96316
162 95872
162.2 96491
162.4 96685
162.6 95939
162.8 96888
163 96045
163.2 96042
163.4 96113
163.6 96021
163.8 96824
164 96842
164.2 95976
164.4 96705
164.6 96962
164.8 96638
165 96346
165.2 96707
165.4 97152
165.6 96359
165.8 96214
166 96646
166.2 96438
166.4 96570
166.6 96508
166.8 96349
167 96581
167.2 96766
167.4 96339
167.6 96524
167.8 96225
168 96081
168.2 96450
168.4 96361
168.6 96199
168.8 97077
169 96706
169.2 96616
169.4 96429
169.6 96293
169.8 97037
170 96116
170.2 96858
170.4 96928
170.6 95897
170.8 96300
171 95862
171.2 95650
171.4 95867
171.6 96192
171.8 96278
172 96439
172.2 96610
172.4 96287
172.6 96921
172.8 96342
173 96466
173.2 95970
173.4 96713
173.6 96139
173.8 96059
174 96557
174.2 96124
174.4 96872
174.6 96945
174.8 96265
175 96205
175.2 95724
175.4 96294
175.6 96475
175.8 96831
176 96683
176.2 96527
176.4 96514
176.6 96534
176.8 96790
177 96460
177.2 95904
177.4 96603
177.6 96196
177.8 96492
178 96269
178.2 96546
178.4 96685
178.6 96179
178.8 96364
179 95901
179.2 97108
179.4 96908
179.6 95629
179.8 96341
180 96442
180.2 96214
180.4 96545
180.6 96446
180.8 96127
181 96320
181.2 96811
181.4 96432
181.6 97150
181.8 96006
182 96172
182.2 96243
182.4 96321
182.6 96572
182.8 96022
183 96167
183.2 96503
183.4 96717
183.6 96412
183.8 96180
184 96726
184.2 97161
184.4 96473
184.6 96365
184.8 96871
185 96694
185.2 96820
185.4 96764
185.6 96139
185.8 96650
186 96620
186.2 96443
186.4 96516
186.6 95982
186.8 96681
187 96553
187.2 96070
187.4 96428
187.6 95991
187.8 96489
188 96629
188.2 96675
188.4 95895
188.6 96154
188.8 96731
189 96000
189.2 96811
189.4 96432
189.6 96863
189.8 97073
190 95871
190.2 97071
190.4 96134
190.6 96322
190.8 96485
191 96578
191.2 96410
191.4 96493
191.6 96258
191.8 96437
192 96163
192.2 96622
192.4 96034
192.6 96486
192.8 96436
193 96376
193.2 96674
193.4 96986
193.6 96648
193.8 96661
194 96051
194.2 97001
194.4 96182
194.6 96538
194.8 96460
195 96394
195.2 96637
195.4 96628
195.6 95903
195.8 96317
196 96339
196.2 95987
196.4 96588
196.6 96378
196.8 95740
197 95924
197.2 96168
197.4 96131
197.6 95987
197.8 96688
198 96288
198.2 96498
198.4 96516
198.6 97083
198.8 96458
199 96836
199.2 96397
199.4 95935
199.6 96269
199.8 96537
200 96193
200.2 96474
200.4 96020
200.6 96142
200.8 96209
201 96417
201.2 96542
201.4 96267
201.6 96439
201.8 96619
202 96330
202.2 96120
202.4 96676
202.6 96401
202.8 96614
203 96023
203.2 95939
203.4 96461
203.6 96750
203.8 96059
204 96104
204.2 95987
204.4 96330
204.6 96311
204.8 96248
205 96026
205.2 96546
205.4 96076
205.6 97046
205.8 96386
206 95868
206.2 96641
206.4 96537
206.6 96018
206.8 96410
207 96097
207.2 96498
207.4 96044
207.6 96440
207.8 96202
208 96460
208.2 95842
208.4 95933
208.6 96037
208.8 96164
209 96081
209.2 96416
209.4 96276
209.6 96175
209.8 96091
210 96378
210.2 96214
210.4 96192
210.6 96571
210.8 96623
211 96220
211.2 96346
211.4 96496
211.6 96197
211.8 95823
212 96154
212.2 96253
212.4 96799
212.6 96302
212.8 96224
213 96103
213.2 95950
213.4 96631
213.6 96112
213.8 96150
214 96175
214.2 95900
214.4 96185
214.6 96214
214.8 96156
215 96017
215.2 96170
215.4 95636
215.6 96217
215.8 95986
216 95867
216.2 96649
216.4 96764
216.6 96332
216.8 96700
217 96279
217.2 96532
217.4 96367
217.6 96301
217.8 96453
218 96300
218.2 95662
218.4 96082
218.6 96614
218.8 95928
219 96322
219.2 96696
219.4 96391
219.6 96139
219.8 95750
220 95806
220.2 96249
220.4 96141
220.6 95453
220.8 96299
221 96205
221.2 95983
221.4 96231
221.6 96264
221.8 96281
222 96477
222.2 96609
222.4 96349
222.6 96430
222.8 96854
223 96826
223.2 96607
223.4 96510
223.6 96050
223.8 96211
224 96182
224.2 95305
224.4 96368
224.6 95920
224.8 96012
225 96374
225.2 96763
225.4 96015
225.6 96427
225.8 96271
226 97030
226.2 96636
226.4 96318
226.6 95870
226.8 96765
227 96204
227.2 96901
227.4 96246
227.6 96248
227.8 96446
228 96136
228.2 96045
228.4 96007
228.6 96079
228.8 95777
229 96138
229.2 95856
229.4 95638
229.6 96130
229.8 95714
230 96073
230.2 96539
230.4 96456
230.6 95848
230.8 95998
231 96646
231.2 95717
231.4 96150
231.6 97016
231.8 95510
232 95881
232.2 95749
232.4 96161
232.6 96379
232.8 96728
233 95418
233.2 96069
233.4 96359
233.6 96403
233.8 96234
234 96246
234.2 96044
234.4 96428
234.6 96323
234.8 96388
235 95989
235.2 96852
235.4 96315
235.6 96243
235.8 96660
236 96165
236.2 96349
236.4 95455
236.6 96198
236.8 96157
237 96452
237.2 96165
237.4 96058
237.6 96107
237.8 95920
238 96368
238.2 96298
238.4 96277
238.6 96685
238.8 96415
239 95798
239.2 96923
239.4 96388
239.6 95913
239.8 95890
240 95958
240.2 96196
240.4 96298
240.6 96099
240.8 96008
241 96345
241.2 95556
241.4 96446
241.6 96282
241.8 96227
242 95882
242.2 96399
242.4 96349
242.6 96216
242.8 96063
243 95787
243.2 95748
243.4 96499
243.6 96315
243.8 96326
244 96399
244.2 95560
244.4 96361
244.6 95742
244.8 97009
245 96337
245.2 95775
245.4 95967
245.6 96570
245.8 96682
246 96013
246.2 96227
246.4 96600
246.6 96370
246.8 96346
247 96264
247.2 96304
247.4 96538
247.6 95720
247.8 96087
248 95829
248.2 95651
248.4 96173
248.6 96255
248.8 95997
249 96803
249.2 96567
249.4 96078
249.6 96606
249.8 96062
250 96174
