10053096.49148734
544
-8.681501051420108  17.34363809270376 -215.8610944118767 1 2 14 44 0
-9.833654490819944  15.54855469447031 -215.5722898935493 -1 3.08 122.06 19 0
-5.156837029014321  15.22352864442261 -217.5551104907257 0 2.78 90.06 58 0
-1.777161858555109  17.19559595029927 -217.4682813589213 0 2.7 82.04000000000001 51 0
-1.311311521328884  19.90945346923412   -221.54648057592 0 3.06 120.07 18 0
 3.229086366905251  16.83414492031782 -220.2799189404856 -1 2.97 110.05 4 0
0.06126832888682898   13.07786528281169  -219.5034028834684 0 2.9 102.07 7 0
-3.249766915269422   15.6712355869134 -223.7733314675227 0 3.21 138.1 46 0
0.9984931476262631  16.65988913687259 -224.9448435741482 0 2.95 108.05 3 0
 3.046705010741425  12.04878545724151 -222.9684212892835 0 3.06 120.07 18 0
 -1.81505465275368  10.27400870600801 -223.1131468340747 0 3.21 138.1 46 0
-1.627095168670998  13.15708544466895 -228.9998159935431 0 2.95 108.05 3 0
  3.08600462834471  11.56021412046448 -229.3550149532946 0 2.9 102.07 34 0
 3.298967877307753  8.034854844277557 -227.3263852077237 0 3.21 138.1 46 0
-1.347742130880918   7.69181839032041 -230.7108092537423 0 2.51 66.04000000000001 1 0
0.2899119814220834  10.39987824909866 -233.6135820364059 0 3.06 120.07 18 0
5.155408325809548 7.363371681598671 -232.306691749602 0 3.33 154.1 57 0
0.2403551235578516  3.672514436499737 -232.4273062267273 0 2.7 82.04000000000001 51 0
 -1.06475083694434  4.881866249886137 -235.9814125333318 0 2.51 66.04000000000001 1 0
 1.941148424898078  4.640352293934614 -237.7465840968047 0 2.51 66.04000000000001 1 0
 1.907304860621479  1.081979016326214 -237.3573961695085 0 2.51 66.04000000000001 1 0
-2.298246846738574 0.2902839099601113 -237.7904454890154 0 3.33 154.1 57 0
 1.079166956965564  3.293565925871448 -241.9124356840896 0 2.86 98.09999999999999 16 0
   2.917412745991284 -0.01437984412996762   -244.3400650259384 0 2.35 54.03 20 0
 6.282168769993953  3.430699200067801 -245.4783594966161 1 3.03 116.08 53 0
5.902860165570426 2.681870575145167 -241.342151850724 0 2.95 108.05 3 0
  5.60546544722464 -2.083860221008329 -241.3927520692654 0 2.95 108.05 3 0
 9.221835607214372 -3.177959321584758 -244.8123343609055 -1 2.97 110.05 4 0
 11.66504886709093 0.6370015383296845 -243.5757420169073 0 2.51 66.04000000000001 1 0
 14.61445459694864  1.992702004923913 -244.5458987551144 0 2.78 90.06 9 0
17.27036281293291 2.390024586055308 -241.554044759625 0 2.51 66.04000000000001 5 0
 17.05091943174538  6.250457410356677 -241.0147442623696 0 2.35 54.03 20 0
 14.14429312798236  6.394908809433204 -242.9105497205182 0 2.82 94.05 55 0
 12.09508190264724  9.967581313709619 -242.3670494465387 0 2.95 108.05 3 0
 8.566122496591419  8.012262366718161 -239.2653711345619 0 2.9 102.07 26 0
 5.800056440871094  9.177488357846578 -242.7941098590496 0 2.82 94.05 55 0
 1.962785702710212  9.044941398714819 -241.3972152309634 0 2.86 98.09999999999999 16 0
-0.6751993512907299   8.338465673955842   -244.956904673119 0 2.82 94.05 55 0
-3.605601462186821  11.15431192331061 -243.6227220071917 0 2.35 54.03 20 0
-2.515830428945557   14.2006052953819 -242.4025745578683 0 2.95 108.05 3 0
-1.864528342444783  10.45210104777063 -238.8179000225477 0 2.51 66.04000000000001 1 0
2.035214572161632  11.0640278426731 -237.918226296458 0 2.86 98.09999999999999 16 0
 1.566911214780764  15.04481966644764 -237.2837868294581 0 2.78 90.06 9 0
 3.235507172974861  15.99672176552824 -233.4755180705973 -1 3.08 122.06 19 0
 5.997439007125623  11.73682672476278 -235.4050744480253 0 2.78 90.06 58 0
 5.777646932155443  13.84372532640336 -239.6371221495276 -1 3.08 122.06 19 0
 7.059597130764308  18.58411004742783 -235.3497818987025 1 3.03 116.08 53 0
 10.16982004721826  14.95144186894725 -235.1166460210833 0 2.51 66.04000000000001 1 0
 14.70051857310972   13.6966028979774 -235.6948666070654 -1 2.97 110.05 4 0
 11.58858715593662  10.52901343117567 -236.7755413243911 0 2.51 66.04000000000001 1 0
 14.24860899274566  7.923963276334767 -237.4109675846441 0 2.82 94.05 55 0
 12.27988174369859   3.95107859410604 -239.2075814393088 0 3.21 138.1 46 0
 16.06658323615144  2.064468745864161 -235.2616177901871 0 2.9 102.07 7 0
 13.54584831698181 -3.672011932325782 -236.7581754858413 0 3.33 154.1 57 0
 11.04128136904876   -2.3078192307142 -239.5763092107943 0 2.7 82.04000000000001 51 0
 8.431678850920063 -4.911393727211093 -236.9171675149281 0 3.21 138.1 46 0
 6.192160757214213 -7.072379108827816 -242.2605550102963 -1 3.08 122.06 19 0
 3.909507340120213 -10.55063080791705 -240.8068203323283 -1 2.97 110.05 4 0
 7.199524109253913 -11.51161536578532 -236.9174085047528 0 2.7 82.04000000000001 51 0
 6.440506041787513 -14.71195043448088 -235.9569513048356 0 2.35 54.03 20 0
 3.476065998003817 -16.55489602890259 -234.2048763127843 0 2.78 90.06 12 0
 1.345620825509313 -12.95497491549008 -234.8276751258881 0 2.35 54.03 20 0
 1.656395360350484 -11.81687716407384 -238.0838903688708 -1 2.97 110.05 4 0
 4.652708000141287 -8.997962841840629 -235.1008269042703 0 2.78 90.06 58 0
 3.515029621881599 -5.516034767927513 -237.2220291136722 0 2.82 94.05 55 0
 6.249985271602112 -2.457751347115064 -236.6699728404352 0 2.35 54.03 20 0
 7.583652543408091    1.6039094294487 -235.4324570372225 0 3.21 138.1 46 0
 12.33187098183442 0.6437083270969435 -233.0455132732089 0 2.9 102.07 34 0
 12.01795940579358  4.564354800364079 -232.9128453826895 0 2.51 66.04000000000001 1 0
 15.40267255459192  7.606097057107707 -232.9352276030683 0 2.9 102.07 34 0
 12.44248447000529  11.26847746151458 -230.9749349458983 -1 2.97 110.05 4 0
 16.79771647236379  12.83503874385778 -231.7733965766292 0 2.95 108.05 3 0
 13.06318094081911  16.12431522905596 -230.5997076940348 0 2.82 94.05 55 0
 10.78608575806142   14.1926019533056 -227.8636025489388 0 2.95 108.05 3 0
 15.63265875992353  12.89663043713292 -225.5758031704386 1 3.03 116.08 53 0
 11.83490861061943  9.097004168539605 -227.2715519882389 0 2.9 102.07 34 0
 13.81536935883396  4.613302119203523 -227.5323146791226 0 2.9 102.07 26 0
 9.486364852624302  4.284701707693582 -229.7358590461956 0 2.78 90.06 58 0
  8.510009358278616 -0.4737172546609507  -229.5125253271247 0 2.9 102.07 34 0
 5.278840169930302 0.6423993950826681 -232.3915807832829 0 2.7 82.04000000000001 51 0
 4.138811685121796 -3.421705551058245 -230.7073482991751 0 3.21 138.1 46 0
0.05081569719458745  -3.675705254997121  -236.9359256654151 1 3.25 144.09 2 0
-2.316378919204655 -4.129830695805439 -235.0079345499378 0 2.35 54.03 20 0
-5.161660797365999 -6.058126089377319 -236.6406837416653 0 2.7 82.04000000000001 51 0
-4.573432223756446 -3.871401771193347 -241.3577876124711 1 3.25 144.09 49 0
-8.837159429624935 -6.829287244930599 -239.5843598954784 0 2.7 82.04000000000001 51 0
  -9.7290280587696 -4.702541768344326 -235.9590669356899 0 2.9 102.07 26 0
-13.15496176370433 -5.869557588104403 -238.1727962198012 -1 3.08 122.06 19 0
-11.91742499761595 -10.76342292106296 -238.5419288246174 0 2.95 108.05 3 0
-8.373073796981414 -9.315741249096737 -232.9318235325592 0 3.48 176.13 11 0
-12.86917517137379 -8.863965284294325 -232.4914465022995 0 2.9 102.07 26 0
-14.41492015530601 -12.84154229320152 -233.7868238999338 0 2.35 54.03 20 0
-11.94489331933773 -14.83210552833047  -234.852223096198 0 2.95 108.05 3 0
-10.37209799920774 -13.40030590458851 -229.7194700582696 0 2.9 102.07 34 0
-8.895656391440495 -17.53751647830015 -228.0297760417551 0 2.95 108.05 3 0
   -11.45258144491 -15.48591046953434 -225.0463881898141 0 3.21 138.1 8 0
-7.308803911722546 -19.71064205706823  -224.180446041916 -1 2.97 110.05 4 0
-5.328282059382135  -18.1400025209123 -219.9621428684332 0 2.9 102.07 7 0
-0.04412850580166605   -19.29679138033362   -221.1737990848773 1 3.03 116.08 53 0
 2.336549294789152 -20.36006897573612 -216.6700878384291 -1 3.08 122.06 19 0
   3.0173418951572 -15.91236795208279 -217.2524340065727 0 2.9 102.07 26 0
 5.299979770050101  -18.1092957473662 -213.3382415459071 0 2.95 108.05 3 0
  7.91959970123369 -16.19301621810531 -216.9347376469191 -1 2.97 110.05 4 0
 6.393337523610533 -12.35678676770408 -216.1729920291725 0 2.9 102.07 26 0
 4.179124988952264 -12.94338785852849 -212.7924336392588 0 2.86 98.09999999999999 16 0
 3.580718482910203 -15.47954044198319 -209.1841608189117 0 2.7 82.04000000000001 51 0
0.1790825690649971 -16.57917460824878 -210.8895099987886 0 2.35 54.03 20 0
0.8136027605437488 -14.44062052475436 -213.3625822923715 0 2.86 98.09999999999999 16 0
-3.136711961191831  -17.8370682875512 -216.3626796623582 1 3.25 144.09 49 0
-1.950438500041192 -15.14356850011604 -220.0642118035375 0 2.35 54.03 20 0
-4.089190458386592 -14.21598829100569 -224.5772561243576 0.5 3.14 130.08 23 0
-1.625001877098571 -18.48695139185315 -225.2726940086629 -1 2.97 110.05 4 0
 -1.36949958201803 -15.25830384336664 -227.8527040089692 0 2.35 54.03 20 0
-2.133311079931951 -11.40348618999244 -226.7526827042533 0 3.21 138.1 46 0
 2.008514252342606 -14.36950939255881 -224.2887382426981 0 2.82 94.05 55 0
 3.066136542248644 -16.59161927158974 -227.6317240030941 0 2.7 82.04000000000001 51 0
  3.42587267446617 -13.15392425425618 -230.1280891408322 0 2.7 82.04000000000001 51 0
  7.27023552976838 -10.18221114795819 -226.6758483489738 0 3.48 176.13 56 0
 8.668374260468864 -14.84266574499467 -225.3190181962524 1 3.25 144.09 49 0
 8.317964153654195 -15.01959058628562 -231.0883948861786 0 2.7 82.04000000000001 51 0
 9.682492193920115 -11.22644962323345 -231.1619739400716 0 2.78 90.06 58 0
 11.78556894479847 -11.01068946222701 -227.7505017141585 0 2.51 66.04000000000001 1 0
  15.2791155251925 -12.78846689209795  -227.845652727872 -1 2.97 110.05 4 0
 14.94644529280486  -9.80337551828443 -231.9224040118476 0 2.82 94.05 55 0
 12.43648138784665 -6.621200943403471 -230.4308165390093 0 2.9 102.07 34 0
 16.00041378870424 -8.109838778501011 -224.5781244844349 1 3.25 144.09 49 0
 18.96300405563619 -6.767063895459491 -230.0491938097289 0 3.06 120.07 18 0
 17.13174375012759 -4.194741227379566 -232.1059280654324 1 3.03 116.08 53 0
 15.77591530022543 -1.899659121231295 -227.1891754408865 0 2.78 90.06 58 0
 19.16211825655495 -3.840986423776378 -224.7806398145307 -1 3.08 122.06 19 0
 21.59504799861892 -1.957641788296311 -229.2286240639217 -1 2.97 110.05 4 0
 19.4762992894656 2.203128156753314 -228.176845382905 0 2.51 66.04000000000001 1 0
 19.75053016107407  2.018506343861747 -224.3716435184213 0 2.78 90.06 12 0
 24.60707720362093 0.7511126692553116 -227.0494062278224 1 3.25 144.09 49 0
 24.13514218220848  4.455888003718732 -229.2209957550772 -1 3.08 122.06 19 0
 20.75268303414504  6.941818177654977 -227.9223351753826 0.5 3.14 130.08 23 0
 22.05704378329152    6.7441123555062 -222.5986086165259 0 2.78 90.06 9 0
  19.8324766693269  10.20509157591587 -222.7521599354571 -1 2.97 110.05 4 0
 17.41315876132758  9.356478208291302 -225.9874182294621 0 3.33 154.1 57 0
 10.99840254846966   8.27740878919932 -222.0843526427421 1 3.25 144.09 49 0
 12.11098852212851   3.22793477931411 -223.0739812100738 0 2.78 90.06 58 0
 8.331970098019497  4.266982946248039 -224.9027820946072 0 2.78 90.06 58 0
  7.621350505638845 -0.3673517201641578  -225.0014786817254 0 3.21 138.1 46 0
  3.16529973092374  1.993364071566939 -228.0818996720924 0 2.82 94.05 55 0
-0.2884737300491079   0.602031639627346  -228.7011895537918 0 2.35 54.03 20 0
-4.634395329248698 0.2964717879077103  -231.445523107944 0.5 3.14 130.08 23 0
-5.507502777803669 -2.933596974067922 -230.1624910784097 0 2.7 82.04000000000001 51 0
-3.002983655694635  -6.69955425282952 -230.8571757277963 0 2.9 102.07 34 0
-0.4673776480651584   -3.67638890574844  -229.6217861232908 0 2.35 54.03 20 0
-1.138323605096127 -3.055788266664489 -226.5740283607303 0 2.35 54.03 20 0
-0.9686882955413316  -6.054974341352338  -225.6036218680971 0 2.51 66.04000000000001 1 0
 1.981777815400931 -6.955751761463146 -227.9323143729068 0 2.9 102.07 34 0
 3.266693847694596 -3.492668234369751 -225.1612006446523 0 2.51 66.04000000000001 1 0
 1.472895081140256  -4.38436289000497 -221.8954646417641 0 2.82 94.05 55 0
 3.359716734455332 -8.283076321304573 -222.3582125724749 0 2.78 90.06 58 0
 6.782160657780622 -6.366028689878348 -223.2825301511856 0 2.51 66.04000000000001 1 0
 7.215404712900726 -4.583211804462035 -220.4080923708333 0 2.35 54.03 20 0
 6.613435246125913 -6.803826737515232 -218.1787442396788 0 2.51 66.04000000000001 1 0
 9.455095229082678 -9.634562612073637 -220.0156048681683 -1 2.97 110.05 4 0
 11.87242145126656  -6.26584470865148 -221.1058707258262 0 2.9 102.07 34 0
 9.096052871040955 -3.033613045772875 -216.7265736337661 1 3.25 144.09 2 0
 14.82678338102936 -4.854234693387354 -214.8691575048499 0 2.35 54.03 20 0
 16.97297517264613 -5.171833203356647 -217.4951363683051 0 2.95 108.05 3 0
 18.28970537980613  -0.45167149235035 -216.3448768289374 0 2.35 54.03 20 0
  15.81364256601546 -0.7701967985369427  -219.9253186438999 0 3.33 154.1 57 0
 12.81914552145275  2.772307432692114 -216.7066347121192 -1 2.97 110.05 4 0
 9.851188654613315 0.3575863152447784 -219.9944173975164 0 2.9 102.07 26 0
 7.038167578087419  4.173902763676718 -219.8289477313695 -1 2.97 110.05 4 0
 3.395683726545175  1.386320939657974 -221.4945731360133 0 2.78 90.06 58 0
 1.985435150957785  5.179928884680715 -223.4355473074163 0 3.21 138.1 46 0
-2.380386853151214  1.480754484803968 -224.1278023329285 0 2.7 82.04000000000001 51 0
-3.371630396523268  4.242036487912825 -227.0606171844966 0 3.33 154.1 57 0
-7.494777820382009 -0.360353572677127 -226.8196045527345 0 2.35 54.03 20 0
-6.528872064449625   -2.5947730319681 -224.7892507016946 0 2.51 66.04000000000001 1 0
-6.903685026000122 -5.887213654177742 -224.6922146067648 0 2.78 90.06 48 0
-9.721705317584979 -7.379406622873347 -220.2547964599838 1 3.25 144.09 2 0
-3.423909076875388 -9.266884273117746 -220.8924810781922 0 2.78 90.06 58 0
-5.192266210736435 -11.31622403922279 -217.8372433482373 0 2.35 54.03 20 0
-4.609832268577941 -13.19561606608465 -214.2181349872147 0 2.95 108.05 3 0
 -7.17701880838162 -9.744742479963708 -209.9209754837894 1 3.25 144.09 49 0
-2.114316241470054 -11.35243722960883 -210.8268338274815 0 2.51 66.04000000000001 1 0
-0.3223412190065578  -9.835766669502931  -215.5090170744062 0 3.21 138.1 46 0
-3.245723532122111 -6.861602722654233 -212.8983019056349 0 2.51 66.04000000000001 1 0
-2.616769504874828 -7.459540793326987 -208.8064170206001 -1 3.08 122.06 19 0
 3.190673289887277 -7.300099109845043 -212.1908678740574 0 3.21 138.1 8 0
0.5049150012061232 -4.626894144148395  -214.856684193094 0 2.9 102.07 34 0
-0.867405683069614 -1.908825368201391  -210.939075344272 0 2.82 94.05 55 0
 2.801432077865157 -2.352656059469208 -208.5402592153513 0 2.78 90.06 12 0
 6.071187630509598 -3.283132492125203 -212.7899215858457 0 3.06 120.07 18 0
  8.957551720224943 -0.6775326992522643  -210.7330450510224 0 2.82 94.05 55 0
  10.2774023849786  0.534367862580519 -214.3496191574088 0 2.35 54.03 20 0
  7.54728706384404  1.992036959274139 -214.8665264484168 0 2.35 54.03 20 0
   4.4546898973023  3.951547050898726 -215.9231526738636 0 2.82 94.05 55 0
0.7697804066593985  1.222898605391601 -217.6029174579173 0 2.9 102.07 34 0
0.8705187217480388  5.942056125468397 -218.7139274108206 0 3.33 154.1 57 0
-5.708901438757348 0.8830016147302455 -219.2336156595374 1 3.25 144.09 2 0
-5.453180617981817  4.951139660791778 -222.8908483194718 0 2.9 102.07 26 0
-9.905633587990886  4.017473596559122 -222.5713811845626 0 2.82 94.05 55 0
-13.11144547962143  6.231458420068745 -226.6512474014371 0.5 3.14 130.08 23 0
-16.05744631120221  5.828241231081034 -224.8100763038683 0 2.82 94.05 55 0
-18.5705726758432 2.500296431638188 -226.171878531026 0 2.95 108.05 3 0
 -13.7875359597333 0.3398053825969729 -227.0997428675989 -1 2.97 110.05 4 0
-15.46649963288562  -3.83786513625703 -227.9156295266333 0 2.9 102.07 6 0
-11.43462211789211 -4.056686772143154 -227.3375898983817 0 2.78 90.06 58 0
-11.36129628304063 -2.814510460178655 -223.6475586861955 0 2.78 90.06 48 0
-16.28098321026119 -3.699824437201762 -222.7801713879644 1 3.25 144.09 49 0
-12.66890219233638 -8.397432377672164 -225.0342131792053 0 2.9 102.07 34 0
-11.05918200515327 -10.87148203879816 -222.8734049492704 0 2.78 90.06 48 0
-14.45693319975052 -11.78160102367073  -221.195935346502 0 2.78 90.06 48 0
-13.86557568769671   -10.032871682096 -215.3375588632817 1 3.25 144.09 49 0
-16.91151324693873 -13.51785489211725  -217.445641982157 -1 3.08 122.06 19 0
-13.75534287442039 -16.40281359930716 -220.4807050563419 0 3.21 138.1 8 0
-10.27945453433284 -14.63277460782277 -216.2395999824192 0 2.35 54.03 20 0
-8.973587042618339 -12.58922099575001 -218.9516528472598 0 3.33 154.1 57 0
-8.343136706747915 -8.551327082520439 -215.0515897515193 0 2.7 82.04000000000001 51 0
-8.27166066114007 -4.32312954098324 -217.389560184925 0.5 3.14 130.08 23 0
 -4.74157324705898  -2.72682186170608 -215.2667237190701 0 2.7 82.04000000000001 51 0
-4.718561246449247 0.1827142520322305 -212.1983079929838 0 2.7 82.04000000000001 51 0
-4.677843501663839  3.079970733243668  -213.855902924826 0 2.78 90.06 48 0
-9.201313760700108  3.520015929815743 -216.9577033810311 -1 3.08 122.06 19 0
-5.283951094420427  7.344543238924092 -217.6957342964491 0 3.33 154.1 57 0
-13.48063421931805  7.059589363119441 -219.7800390024674 0 3.48 176.13 11 0
-11.28049699642814  9.252822418536333 -223.6091033775943 0 2.9 102.07 26 0
-15.57627972154993  11.84353224815171 -221.1069702101491 1 3.03 116.08 53 0
 -14.5186221195659  12.46004813194519 -226.0337377697851 0 2.7 82.04000000000001 51 0
-16.06740599878189  11.61559763997007 -229.0637275179779 0 2.35 54.03 20 0
-16.40469980733089  9.320502066490141 -232.1359861675342 0 2.82 94.05 55 0
-15.18604349066576  11.96930819305685 -235.0641330051073 0 2.9 102.07 7 0
-14.47187655321148  14.68095799806997  -231.034416148564 0 2.78 90.06 12 0
-11.76889095383177  16.87174038480831 -230.4485830702815 0 2.78 90.06 9 0
-9.276108987105848  15.27753327663026 -227.0039395789371 0 2.78 90.06 58 0
-9.508486764579009  18.16183532911802 -224.1341926816197 0 2.82 94.05 55 0
-6.405101356099356  19.29038835670166  -219.528804304807 1 3.25 144.09 49 0
-10.52093505640115  18.79271587561027 -219.1898676298421 0 2.95 108.05 3 0
-12.35949308671926  15.28002229098973 -222.2224548377351 -1 2.97 110.05 4 0
-8.768399513723415  12.52748122119757 -219.9396095442867 0 2.9 102.07 26 0
-11.01350150473257  10.50303794303741 -216.3486736656269 0 2.78 90.06 12 0
-6.858168944253725  8.785650798026145 -213.0287306335343 1 3.03 116.08 53 0
-10.57505445151221  5.280955106733934 -213.4751656933464 0 2.9 102.07 26 0
-7.356531158149672  4.421791724853524 -209.3546388919539 -1 3.08 122.06 19 0
-8.912514691714215 0.1459286575409209 -210.0750001160322 0 2.35 54.03 20 0
-8.319319597353209 -3.822831143550072 -210.2569815356055 0 2.9 102.07 6 0
-11.69532595240093 -4.946685861883465 -212.6701234048008 -1 2.97 110.05 4 0
 -13.16619986491572 -0.5456022589332363  -212.8316940534124 0 2.51 66.04000000000001 1 0
-17.13224329885775 0.3184899888001311 -213.1143936881554 0 2.82 94.05 55 0
-16.33693097764398  4.299640634051615 -214.5437333502784 0 2.35 54.03 20 0
-15.52299597462345   3.72530892938858 -217.5369354673258 0 2.35 54.03 20 0
 -14.6498402756207 0.8804689233509411 -221.0366096644386 0 2.95 108.05 3 0
-16.13505962134232 -2.010541662259083 -217.1415759914135 0 2.95 108.05 3 0
-19.87208135767899   1.17248873561736 -218.1874302132561 0 3.06 120.07 18 0
 -23.2746397671286 -1.942966111170673 -218.0548617833646 0 2.78 90.06 9 0
  -22.9265839181196 -0.2432312744309755  -222.0977814746257 0 2.95 108.05 3 0
-23.92594774871483 -1.352124336650057  -226.301867359792 0 2.9 102.07 6 0
 -20.5070341128177 -1.984842966537975 -227.1502668518274 0 2.78 90.06 9 0
-19.41210109313381   0.76260643593577 -230.8678103263868 -1 2.97 110.05 4 0
-16.25085099559249 -1.203656988141558 -233.4359995693998 0 2.9 102.07 6 0
-16.49271977087282  2.894760085120057 -233.9640989972899 0 2.78 90.06 9 0
-14.60370819232132  3.999473765883728 -230.4150050344992 0 2.51 66.04000000000001 1 0
 -10.8553308427638  0.603586281708747 -231.2236987128868 0.5 3.14 130.08 23 0
-11.18774983450488  3.406094650806684 -234.8326707930506 0 2.9 102.07 7 0
-11.23587163528811  9.656640529370371 -232.9305799556281 0 3.48 176.13 11 0
-8.205286500245224  6.007065841500465 -228.9181179465384 0 3.33 154.1 57 0
-6.232936493978766  11.72937668645377 -228.9024948225728 0 3.21 138.1 46 0
-7.573613461937258  10.22922818334776 -233.7031823527802 0 2.35 54.03 20 0
-8.360553721365385  8.335714825147766 -237.2386059775309 0 2.9 102.07 7 0
-6.278521623946453  4.703470126263745 -234.5857309678621 0 2.9 102.07 26 0
-6.402099209358881  1.748087969790845 -237.7147082619978 0 2.35 54.03 20 0
-7.337794925580484  3.611200819731607 -240.5315204756267 0 2.82 94.05 55 0
-2.953118036186874  4.011568887258314 -242.1971293755843 0 2.86 98.09999999999999 16 0
-3.367662216796335  1.830666541990679 -245.7017840090119 0 3.04 118.07 7 0
 16.15190384458369  12.21537262194881 -245.9323634578522 0 2.9 108 39 0
-1.457160808730306  0.401233545595348 -245.7091788799669 -1 2 16 14 0
-9.965265362127568  -13.0267877871802  74.78402969501562 1 2 14 44 0
-10.52264468178302 -13.53536927245585  72.76812712510733 -1 3.08 122.06 19 0
-6.525030116355077 -10.48574569738392  73.56104254417342 0 2.78 90.06 58 0
-3.834270222864344 -9.814719946225566  76.32298545665734 0 2.7 82.04000000000001 51 0
-5.052793100477883  -5.81537092025323  78.91801096497569 0 3.06 120.07 18 0
0.2847543246594741 -5.880943580014157  77.13385801714135 -1 2.97 110.05 4 0
-1.550539592584325 -7.292981761836325  72.73095790083293 0 2.9 102.07 7 0
-6.326121165932936 -4.005901330691763  74.25073976348315 0 3.21 138.1 46 0
-2.870480009853568  -1.88038709092244  76.23526072241391 0 2.95 108.05 3 0
0.6872723262628644 -3.189898508448399  72.36340429546392 0 3.06 120.07 18 0
-3.457126968014127 -4.163632373044849  69.41666340488038 0 3.21 138.1 46 0
-5.408447227089543  1.520536377169694  72.04019326136216 0 2.95 108.05 3 0
-0.6683333143959205   3.031966540494905   71.67090613719029 0 2.9 102.07 34 0
0.9057264539791675  1.205407716836896  68.38839662075257 0 3.21 138.1 46 0
-4.168666640617089  3.390606180630157  66.76378699765711 0 2.51 66.04000000000001 1 0
-4.007728318094449  6.528773181217552   69.6908325645453 0 3.06 120.07 18 0
1.634452295608848   6.5006401945249 68.02758408909824 0 3.33 154.1 57 0
-2.06898731753297 5.540722297656293 63.21532726926308 0 2.7 82.04000000000001 51 0
-4.442943848529099  8.647804988782156  63.92797904590968 0 2.51 66.04000000000001 1 0
-1.981834133470872  11.08512795703068  64.38839812733154 0 2.51 66.04000000000001 1 0
-1.020080717954102  10.79199661890884  60.95274136349759 0 2.51 66.04000000000001 1 0
-4.86647006882164 10.22916194182872 59.11168620258414 0 3.33 154.1 57 0
-3.438147312295271  14.95845691568568  62.71877549859778 0 2.86 98.09999999999999 16 0
-1.452836010592611  17.84006879315748  59.89567630753028 0 2.35 54.03 20 0
0.5600708451926568   19.6584211749482  64.03423494908201 1 3.03 116.08 53 0
1.375914877816488 15.57219953042783 63.36339651576533 0 2.95 108.05 3 0
2.291840837144324 15.67455108935171 58.67790851370404 0 2.95 108.05 3 0
5.148608848298759  19.8858238189895 58.40811683066799 -1 2.97 110.05 4 0
6.767405232474088 19.16915824495673 62.75763022219195 0 2.51 66.04000000000001 1 0
8.959803271167754  20.7796088630268 64.77702658200947 0 2.78 90.06 9 0
12.06023136852126 18.49888321201653 65.93829318943745 0 2.51 66.04000000000001 5 0
 11.0048720151823 17.82235776830757 69.63565332525192 0 2.35 54.03 20 0
7.792322362299335 18.96513362504756 68.97458670186032 0 2.82 94.05 55 0
5.094830675153649 17.85527259931015  71.9326933798001 0 2.95 108.05 3 0
3.016782394189669  14.0529510728883 69.26411672235837 0 2.9 102.07 26 0
-0.7101009122718493   16.78783243367728   69.56682909867486 0 2.82 94.05 55 0
-3.943595234614999  14.51931667331468  68.52189813029474 0 2.86 98.09999999999999 16 0
-7.083731411193768  17.36360165093003  67.04573764504681 0 2.82 94.05 55 0
-10.22826233657486  15.29557966570394  69.07834689072212 0 2.35 54.03 20 0
-9.68800806384365 14.29185129977216  72.3428405267729 0 2.95 108.05 3 0
-7.276949175265477  11.06521698798469  69.01102479352524 0 2.51 66.04000000000001 1 0
-3.561054106184921  11.10676883355808  70.61796576804855 0 2.86 98.09999999999999 16 0
-4.857693103524628   10.2753486146127  74.37242881166937 0 2.78 90.06 9 0
-2.629810287287242  6.951969865382065  75.85058065239448 -1 3.08 122.06 19 0
0.5810642539229428  9.595373385286347  72.35760719987181 0 2.78 90.06 58 0
-1.163291930802843  13.59622991065614  74.18734122037691 -1 3.08 122.06 19 0
-0.1436530792453434   9.616757447242609   79.24896799111826 1 3.03 116.08 53 0
3.748447848531333 10.22752685477584 76.52819087397323 0 2.51 66.04000000000001 1 0
  8.1779418957484 11.90300038990972 76.43567092909707 -1 2.97 110.05 4 0
5.805084620779375  12.2918154043794 72.54928838780945 0 2.51 66.04000000000001 1 0
 8.80855140071138 13.61149033282365 70.67754738039129 0 2.82 94.05 55 0
7.541781176670797 14.98916805256167  66.2747280197642 0 3.21 138.1 46 0
12.50756888875061 12.11169290454832 65.54663241927597 0 2.9 102.07 7 0
11.24094784145346 13.11229863603472 59.31000998940215 0 3.33 154.1 57 0
7.877618016387363 15.21459705368316 59.89661792181906 0 2.7 82.04000000000001 51 0
6.720865836910488 12.07820948168989 56.81690082223768 0 3.21 138.1 46 0
3.899300066679497 16.78703372824199 53.97035381634748 -1 3.08 122.06 19 0
2.984501105819501 14.92162827408549 50.08377545335964 -1 2.97 110.05 4 0
7.236661312392529 11.95636717276744 50.12360264248709 0 2.7 82.04000000000001 51 0
7.563281502406031 10.92625054604553 46.87200149869851 0 2.35 54.03 20 0
5.665798934253324 8.565868600234037 44.40577422042537 0 2.78 90.06 12 0
2.608343171302989 8.568085339460342 47.32777120216969 0 2.35 54.03 20 0
 1.83856146158385 11.77355418522167 48.38946353502361 -1 2.97 110.05 4 0
4.642914073871496 9.519496450974366 51.97800992343257 0 2.78 90.06 58 0
2.190655843367528 11.21632525900116 54.98214633590639 0 2.82 94.05 55 0
 4.11216160348011 11.25352988884118 58.64879022997687 0 2.35 54.03 20 0
4.628145876700053 10.26469291752333 62.95728923695137 0 3.21 138.1 46 0
9.890956399763137  9.10599139546845  63.3112683457276 0 2.9 102.07 34 0
8.635219384893393 8.800083565872438 67.02841173332921 0 2.51 66.04000000000001 1 0
11.03389966136072 9.550447095178711 70.82212594572363 0 2.9 102.07 34 0
7.795703191005181 6.845457652641354 73.68841392151302 -1 2.97 110.05 4 0
11.29388221666262 8.619305910805487 76.27219155959452 0 2.95 108.05 3 0
7.237226038366527  6.50279858562721 78.55420348306404 0 2.82 94.05 55 0
6.240440648777321 3.353555450086354 76.21077936946426 0 2.95 108.05 3 0
11.65698173375181 2.323326523403725 76.26126761067897 1 3.03 116.08 53 0
8.654980885218105 3.161992769247632 71.56869263909455 0 2.9 102.07 34 0
11.58582208687481 4.004723366476669 67.72242418582302 0 2.9 102.07 26 0
7.086067229902728 5.119048455548813 66.23435434676776 0 2.78 90.06 58 0
7.428428206821638 4.793224059986972 61.39469253550497 0 2.9 102.07 34 0
3.432031745269372 6.787690608408598 61.55609119906121 0 2.7 82.04000000000001 51 0
3.791891742041444 4.986541521883381  57.3992154767123 0 3.21 138.1 46 0
-1.456278232613502  10.06372809876435  55.89911833484031 1 3.25 144.09 2 0
-3.103582815005142  7.638937358228323  54.93280188218154 0 2.35 54.03 20 0
-5.671263573987924  8.595021664470863  52.29220718901527 0 2.7 82.04000000000001 51 0
-6.793206142328203  13.25753475671986  54.38530574484831 1 3.25 144.09 49 0
-9.621781969206307  10.59535040480271  50.51420315036189 0 2.7 82.04000000000001 51 0
-10.13611214990726  6.807798207079601  52.47663476248873 0 2.9 102.07 26 0
-13.57904878359153  8.169423362938886  50.40499065967133 -1 3.08 122.06 19 0
-11.26679948164712  8.950711007290629  45.97094433528265 0 2.95 108.05 3 0
-6.977578677662473  4.313023293140136  48.46612501121803 0 3.48 176.13 11 0
-11.20398850255132  2.800550664329874  47.78579600331396 0 2.9 102.07 26 0
-11.95389353642299   3.79274260535326  43.50308113869126 0 2.35 54.03 20 0
-9.386293275791839  5.468443597874724  42.16222130405595 0 2.95 108.05 3 0
-7.055346654824341 0.8239534068159169  44.12800047403377 0 2.9 102.07 34 0
  -4.22188927621744 -0.3560497316438429   40.56000819568008 0 2.95 108.05 3 0
-6.431110212728376 -3.915960766380293  42.00705079960078 0 3.21 138.1 8 0
-1.269557976935077 -3.657346495087738  38.99696737714139 -1 2.97 110.05 4 0
 1.191513994290347 -7.320435614236433  41.16684292219928 0 2.9 102.07 7 0
 6.152408244837879 -4.852766628150134  41.33621836167721 1 3.03 116.08 53 0
 9.723508065716953 -8.628745167195216  41.07007334882032 -1 3.08 122.06 19 0
 9.097415381670029 -8.016862423314326  45.52184349993964 0 2.9 102.07 26 0
 12.72369674576529 -11.21442212494374  44.11346661593684 0 2.95 108.05 3 0
 13.84136059090202 -7.147797591933359  46.49731066688679 -1 2.97 110.05 4 0
 11.61937324036782 -8.351562567234129  49.84993816120178 0 2.9 102.07 26 0
10.49392723156666 -12.1464555305889 48.84635872030508 0 2.86 98.09999999999999 16 0
 11.43157390080523 -15.72589872828037  46.37285955162577 0 2.7 82.04000000000001 51 0
 8.115051022908247 -14.85373719497072  44.39080297437323 0 2.35 54.03 20 0
 7.581455713754893 -12.35729988956344  46.52977301550104 0 2.86 98.09999999999999 16 0
 4.024624116377375 -10.29937012002662  42.14168663456077 1 3.25 144.09 49 0
 3.576307652340191 -6.493175444138314  44.91214155370299 0 2.35 54.03 20 0
0.2642390855222519 -2.646853076885962  45.10769226560245 0.5 3.14 130.08 23 0
 3.491666796680345 -1.272244897333199  41.57341047916228 -1 2.97 110.05 4 0
2.301184232268922 1.209118063596269 44.66719249097711 0 2.35 54.03 20 0
 0.8698411683998126 -0.1415163337198639   48.24212154959748 0 3.21 138.1 46 0
6.090183045864737 -1.46742800322208 46.50631569697767 0 2.82 94.05 55 0
6.851130454727112 2.088126562081547 44.50359709695438 0 2.7 82.04000000000001 51 0
5.725320441793785 4.507723173274441 47.82881890477653 0 2.7 82.04000000000001 51 0
9.397684213129455 1.996658098020056 51.79574057694653 0 3.48 176.13 56 0
12.21118791953515 1.134728409182724 47.69002612874804 1 3.25 144.09 49 0
10.55771188665394 6.656288159344812 47.22291589954189 0 2.7 82.04000000000001 51 0
10.85938095785152 6.954554446585831 51.23231760166867 0 2.78 90.06 58 0
13.58694603372245 4.139260265262286  52.0937898561032 0 2.51 66.04000000000001 1 0
17.29088101255159 5.111862609171783 51.25157588815149 -1 2.97 110.05 4 0
 15.2551447723133 8.912132303457881 53.90771391828046 0 2.82 94.05 55 0
12.44951231338337 6.782119263781787 56.40620505776063 0 2.9 102.07 34 0
17.55826146192554 1.990150939096862 56.07547441276819 1 3.25 144.09 49 0
18.69777586879072 7.973321059440701 57.92365385933289 0 3.06 120.07 18 0
15.84070723581668 9.465721261816199 59.87568215730262 1 3.03 116.08 53 0
15.15522995776725 4.309358612627265 61.93047513017906 0 2.78 90.06 58 0
19.39428978279411 2.830161660949382 60.99318424762468 -1 3.08 122.06 19 0
20.14306711250081 7.679659665740155 63.26747526688885 -1 2.97 110.05 4 0
17.35210143515562 6.044463134515246 66.79507840699289 0 2.51 66.04000000000001 1 0
18.55939320296184 2.420855008691249 66.82264200958844 0 2.78 90.06 12 0
22.79922141916791  6.21255334433002 66.72451220065938 1 3.25 144.09 49 0
20.90291879631377 8.111397439884808 70.11011576301266 -1 3.08 122.06 19 0
17.40955080377939 5.978553157042472 71.70847534475958 0.5 3.14 130.08 23 0
19.94673566487094 1.127075164146393 72.03766115021287 0 2.78 90.06 9 0
  16.9475947048569 0.6549274902448765  74.81846752473216 -1 2.97 110.05 4 0
14.12554410412109 3.240172656779013 73.27163920457801 0 3.33 154.1 57 0
 9.309481336890588 -2.051760025347027  70.75203666335713 1 3.25 144.09 49 0
  11.39664770309322 -0.6938988017243625   66.11368032903076 0 2.78 90.06 58 0
 7.155313075650096 0.1522781534440487  66.10029539381583 0 2.78 90.06 58 0
 7.639014874825794 0.1992588280683482  61.43600505047188 0 3.21 138.1 46 0
2.130916754826365  2.06438443726835 62.48506300693298 0 2.82 94.05 55 0
-0.9028025338538085   1.877418100798215   60.24687894825875 0 2.35 54.03 20 0
-5.552641231213989  3.512072638793517  58.75735799993657 0.5 3.14 130.08 23 0
-5.248907597895145  2.142360591453675  55.45986398177614 0 2.7 82.04000000000001 51 0
-2.111362482684517  3.512701355806049  52.42414102669338 0 2.9 102.07 34 0
-0.2056944144301584   2.839895305061345   56.03118625075874 0 2.35 54.03 20 0
-0.2685393125125126 -0.2950267355952159   56.57197764112206 0 2.35 54.03 20 0
 0.880418472983361 -1.118378237265831  53.74928914942299 0 2.51 66.04000000000001 1 0
 3.32270871623906 1.869931506345332 53.53790736631927 0 2.9 102.07 34 0
  4.308630518705559 -0.6036718318787114   57.31047582098876 0 2.51 66.04000000000001 1 0
   3.6274594919679 -4.178798061632301  56.11367028628391 0 2.82 94.05 55 0
 6.274393525490544 -3.177590481166823  52.80224738650084 0 2.78 90.06 58 0
 8.779148455466011 -1.513356928478847  55.48535872195173 0 2.51 66.04000000000001 1 0
  9.41638090796668 -4.246756466904671  57.42210619541746 0 2.35 54.03 20 0
 9.943423229134908 -6.496691257904458  55.20320763128564 0 2.51 66.04000000000001 1 0
 12.88916392177601 -3.961491812800805  53.11573797546896 -1 2.97 110.05 4 0
 14.04428776567071 -2.413920742352118   56.9434159536999 0 2.9 102.07 34 0
 11.66168396128935 -7.412056195096633  59.52713965080358 1 3.25 144.09 2 0
 17.93809452885321 -7.799772722138576  59.27758741063315 0 2.35 54.03 20 0
 19.40786063995198 -4.730051928775667  59.41678094666145 0 2.95 108.05 3 0
 19.72049174609299 -5.655392016278735    64.354676200524 0 2.35 54.03 20 0
16.62904145415819   -2.762423447288 63.29374407747912 0 3.33 154.1 57 0
 13.68776934968409 -6.694053974274238  66.08076306508238 -1 2.97 110.05 4 0
 10.73531354701522 -4.147958647101464  62.87926898527266 0 2.9 102.07 26 0
 7.170059101487138 -5.079517895123482  65.86689297897283 -1 2.97 110.05 4 0
 4.064538531947697 -4.259411198369751  62.19323322050886 0 2.78 90.06 58 0
 1.320516044453288 -2.810723222501925  65.43657821547802 0 3.21 138.1 46 0
 -2.00144337229242 -3.084407942456449  60.73411159253445 0 2.7 82.04000000000001 51 0
 -4.326557580189321 -0.5459736254024996   63.04902847116372 0 3.33 154.1 57 0
 -6.97064782264686 -1.644154776105533  57.56785971009667 0 2.35 54.03 20 0
-5.016960438989148 -3.326310880516476  55.72357191881972 0 2.51 66.04000000000001 1 0
-4.511676456569293 -3.424157204663079  52.44863982721981 0 2.78 90.06 48 0
-5.723161965852528 -8.365513350395499  50.45518545585509 1 3.25 144.09 2 0
0.5096468759600919  -6.19402571205632  50.19406015930898 0 2.78 90.06 58 0
0.09551754104310028  -9.528565087729596   47.87658263788882 0 2.35 54.03 20 0
  1.97684316915931 -12.85378282795344  46.33618337877431 0 2.95 108.05 3 0
-0.2844517299485034  -17.72795156421725    49.1811050904185 1 3.25 144.09 49 0
 4.655541703718148 -15.59824084811099  48.86963090274843 0 2.51 66.04000000000001 1 0
 4.840471454469461 -10.66483176535491  50.61936797893034 0 3.21 138.1 46 0
 1.965482748140001 -13.97449142306564  52.85280522045656 0 2.51 66.04000000000001 1 0
 3.678166704834839 -17.78095121787878  52.58038548539636 -1 3.08 122.06 19 0
 8.280676667328144 -13.11345434338022  54.07627853500939 0 3.21 138.1 8 0
  4.45209593625498 -11.23638632287405  55.88859314701884 0 2.9 102.07 34 0
 3.406839651441515 -15.43779757439298  58.31231008975547 0 2.82 94.05 55 0
  7.52943750842786 -16.87912768905036  58.89405696671272 0 2.78 90.06 12 0
 9.822645426240911 -11.94905991818671  58.66526175496985 0 3.06 120.07 18 0
 12.35802624273731 -13.32471120654165  61.98646886485953 0 2.82 94.05 55 0
 12.43034125083144 -9.530486777131475  63.36085910584283 0 2.35 54.03 20 0
 9.378129121482687 -9.718364998631586  64.06387041496757 0 2.35 54.03 20 0
 5.730760091987099 -9.481917734556475  65.14140828818603 0 2.82 94.05 55 0
 2.567171140980455 -8.659748263997635  61.51353944637098 0 2.9 102.07 34 0
 1.202842498375581 -7.680200563186735  66.06260887643433 0 3.33 154.1 57 0
-3.809747383749484  -8.61433632669312  59.49342238830336 1 3.25 144.09 2 0
 -5.46834591210473 -5.109094703126666  63.36031042792294 0 2.9 102.07 26 0
-9.331685126108518 -6.457664471689792  61.34683117123586 0 2.82 94.05 55 0
-13.86739162949153 -3.320080885947242  62.53308695665012 0.5 3.14 130.08 23 0
-16.09101731590503 -5.800077513777963  61.46700931192106 0 2.82 94.05 55 0
-17.92843358812772  -4.99124723601797  57.56634000490105 0 2.95 108.05 3 0
-13.11595519867527 -2.892520947403585  56.64901032362459 -1 2.97 110.05 4 0
-13.82629390019931 -2.392375330690584  52.15648382827557 0 2.9 102.07 6 0
-9.852462865992869 -1.985405480953756  52.98176648813198 0 2.78 90.06 58 0
-9.222239254835905 -5.582357158710272  54.33434396928318 0 2.78 90.06 48 0
-13.40592912689793 -7.575604731816917  52.26960083957385 1 3.25 144.09 49 0
-9.363954071217837 -4.402872224708618  48.55590185788201 0 2.9 102.07 34 0
  -6.7148297768457 -6.051743982294845  46.64682474766859 0 2.78 90.06 48 0
-9.272616155212294 -8.467447136037173   44.9708053174904 0 2.78 90.06 48 0
-7.770078700790619 -14.05885871406642  47.02186133813314 1 3.25 144.09 49 0
-10.24457853974244 -12.64866742325483  42.80818490354436 -1 3.08 122.06 19 0
-7.274606050553881  -8.87383387481821  40.70440232883779 0 3.21 138.1 8 0
-3.456225155564552  -12.2073164388652   43.4447802896503 0 2.35 54.03 20 0
-3.392891919226616 -9.316165668006043  45.65246417419257 0 3.33 154.1 57 0
-2.898291032611648 -13.05689132248024  49.85661552398707 0 2.7 82.04000000000001 51 0
-4.457016815571744  -10.8804665899783  53.87935319130048 0.5 3.14 130.08 23 0
-1.046691456395271 -12.14018642231824  56.38912148886538 0 2.7 82.04000000000001 51 0
-1.033456801724643 -15.18917783682767  59.31906708827847 0 2.7 82.04000000000001 51 0
-2.122467788950753 -13.64587470748508   62.0714559655265 0 2.78 90.06 48 0
-7.212491011758117  -11.7260256245276  61.24536146806905 -1 3.08 122.06 19 0
-4.682402453128482 -10.17421188739537   65.9045411212085 0 3.33 154.1 57 0
-12.79210364427751  -10.0999769462911  63.48826819931291 0 3.48 176.13 11 0
-12.19318653735985 -5.914935912180129  66.02585344231892 0 2.9 102.07 26 0
-16.28391914726973 -9.436782622710236  67.53869827650912 1 3.03 116.08 53 0
 -16.6177651038514 -4.417761154055234  68.22407437714816 0 2.7 82.04000000000001 51 0
-18.57573134320998 -1.824094366663601  66.90804747262212 0 2.35 54.03 20 0
-19.04021616925533  1.137594192414705  64.49295767310747 0 2.82 94.05 55 0
-19.2632427693114 4.201924062823774 67.25619537503097 0 2.9 102.07 7 0
-18.32350116660452 0.3898891574065551  70.20356244122721 0 2.78 90.06 12 0
-16.20427876760619 0.4092854170334612  73.02444514362044 0 2.78 90.06 9 0
-12.64501973428866  -2.29801152978703  72.23498621787431 0 2.78 90.06 58 0
-12.91206979132296 -5.214449215314811  75.06901524197526 0 2.82 94.05 55 0
-9.194104076309216 -8.973752549372321  77.10828089792929 1 3.25 144.09 49 0
-12.84753977645792 -10.27223660029131  75.60196427394675 0 2.95 108.05 3 0
  -14.402191407553 -7.675668667511423  71.63248190209697 -1 2.97 110.05 4 0
 -9.79539285578597 -8.962801485073388   69.9578135056623 0 2.9 102.07 26 0
 -10.5357541752215 -12.93181306177978  67.56355240010686 0 2.78 90.06 12 0
-5.415726289195611 -15.11800207930586  67.06946631848842 1 3.03 116.08 53 0
-8.119988171791405 -15.48048537278462  62.72746130262561 0 2.9 102.07 26 0
-3.905793827963501 -18.68981924023135  62.85605829610643 -1 3.08 122.06 19 0
-4.453255344009935 -18.25049008556865  58.30300593503848 0 2.35 54.03 20 0
-2.935122771541673 -17.82879335945899  54.60794201417976 0 2.9 102.07 6 0
-6.389506947117934 -16.26279707314189  52.58344019475393 -1 2.97 110.05 4 0
-8.921786114002334 -16.57175993079172   56.4630298888202 0 2.51 66.04000000000001 1 0
-12.92716642994056  -17.2665340251039  56.28898248613508 0 2.82 94.05 55 0
-13.52879082329338 -15.79294103852929   60.2879405775617 0 2.35 54.03 20 0
-13.33061266037228 -12.67805360057666  59.82989290090103 0 2.35 54.03 20 0
-12.62216433763282 -8.998194687192377  57.17283167239178 0 2.95 108.05 3 0
  -12.358252636427 -13.05843909537046  54.14300131661241 0 2.95 108.05 3 0
-16.9172573478871 -13.0181616216408 56.24173397957853 0 3.06 120.07 18 0
-19.28784851581533 -13.87782607453478  52.37620535291165 0 2.78 90.06 9 0
-20.35165670737253 -9.914408475083864  53.96210386252604 0 2.95 108.05 3 0
-22.00612974302173 -6.042957162017403  52.48653830184203 0 2.9 102.07 6 0
-18.84097650406123 -4.386803682891432  52.70573145842349 0 2.78 90.06 9 0
 -19.39241716556157 -0.5882749339300417   55.50476317709621 -1 2.97 110.05 4 0
-16.53948878744548   2.71061020107657  54.30749689278272 0 2.9 102.07 6 0
-17.92954669315755  3.058701289968844  58.19092110722217 0 2.78 90.06 9 0
  -15.5951782369914 0.03554441098614536   59.86306685818982 0 2.51 66.04000000000001 1 0
-11.41189314007495  1.803817509909846  57.49458505103152 0.5 3.14 130.08 23 0
-13.29010634297006  5.154812177429964  59.99105954971645 0 2.9 102.07 7 0
-14.46652484010728  3.133961272192231  66.09202588134436 0 3.48 176.13 11 0
 -9.747612651410481 0.05740257509619795   63.47089113172485 0 3.33 154.1 57 0
-9.343267266201121 0.3638775098910199   69.5022946134399 0 3.21 138.1 46 0
-11.36038682597843  4.743204330159481  67.54087005225777 0 2.35 54.03 20 0
-12.45821072787997  8.036711411088046  65.38414062921817 0 2.9 102.07 7 0
-8.956030168108363  6.053096143645012  62.49177017898634 0 2.9 102.07 26 0
-9.066345257370351  9.138067684378722  59.48996485685743 0 2.35 54.03 20 0
-11.08437977858718  11.60056294160825  60.95447869807801 0 2.82 94.05 55 0
-7.469129241361165  14.25361473040697  62.38668635782913 0 2.86 98.09999999999999 16 0
-8.137630132411747  17.61363341274553   60.0469925681079 0 3.04 118.07 7 0
7.483789620271283 22.22604150283879 75.00044310615911 0 2.9 108 39 0
-5.985691701139847  18.11410006924471  59.14585821677457 -1 2 16 14 0
2
0 271 0 272 -4.245492846166599e-13  5.258016244624741e-13     -226.6800933677126
272 543 1 272 5.782041512247815e-13 4.174438572590589e-14     59.81014351228748
randomstate
158017701 2449126762 2289625116 2734638123 694571172 1158112205 33166770 2715579201 3461371527 3642184295 1808636311 1565510102 3378232296 2737294703 2567179049 1075089914 4289277881 1321657392 1973630427 3621171163 1980516098 3498830299 3667385049 3996936167 3634778806 1576086034 3388936775 1780935511 4042089384 670411336 2247367858 2170861266 4289746656 2387197719 2436334516 2454803510 1957153147 3175357399 2438972228 2804413402 2780320480 489814814 2714515849 3541539946 3359469231 1977518422 561928363 3474443955 287482227 916369574 3412495619 2263579844 1018737050 2032912192 978976602 3258038462 2107978201 905302777 3044303927 4071854050 1242589711 3548559391 4189490205 965201001 3499395892 2880588149 1995184266 2210258101 3096469936 1791611027 4132383597 3831595488 3440105653 1303746653 3410765519 1581404642 1882680716 3419156146 1019485436 1158514100 2067726321 450353529 655955339 4255159659 579489218 2056772873 916852990 3083531863 5948152 1285051067 299992453 1066695817 2735524936 909349330 2367270182 1927251999 794540351 3674824816 1915353310 545660830 2263345340 3024945275 1598306959 2228533187 3895786896 1866108635 745311037 971494577 880869432 3866426787 4097170711 3344877987 3255486434 193087669 3840464757 3830805735 1517592350 1896843519 232788646 2973807490 1813194558 2021860668 276430908 2941366671 3200117312 404681940 2298164244 1551639269 1611854399 2741900309 4101189009 395314769 1881477744 918203066 403806238 114528043 2336611451 2216921462 2304523138 668678799 823645702 2640021975 3466382001 4117457775 1850859731 2800631422 3010930199 581407809 3847029204 1674095978 3933792237 1723966515 3563064778 3747433733 2491538278 4057613553 1630131456 911858633 3343528293 4205532519 1353195967 1180627127 1876052064 3872858621 3238453630 2457695999 3956608283 403928889 586351871 829596815 3367497208 613727662 1473089427 2891298331 660378009 2098858737 3810413064 312365515 4167811483 3172597837 1177439559 592226583 2977292567 4082574248 3644315900 3556222165 3919813172 2028608499 2847024459 1050968196 2953774371 3093875616 1031350698 2274706272 1948004577 1122142737 1409314665 3870934144 1799092878 2238283807 4270025145 2334357183 296804899 3121318880 2534739080 58324641 4002059270 2427704548 1087310987 1618505210 2575269750 1783027375 254738850 2802593617 3069505793 457743511 2255064972 1338372570 2673575910 570751616 1560413208 2633460977 4177156729 3180575556 3420846810 2361465662 4011729335 2024230790 2133218511 691227811 3297749753 1668419886 2792570989 149717480 2360306749 765540247 2507902419 3689734197 967799053 2090854593 2405333843 2295397236 3984065441 2377808853 2287873723 2461168039 2142625680 3562400135 2726579547 1131347507 684956238 4171768185 2949521849 2918678043 389641172 27380537 779452635 996241557 1322375702 3115942861 4053397599 3097758087 577462711 1463276879 695426380 121756864 264765328 2528733344 1719770092 2923888593 2271219391 3964816459 22038718 2246027976 2474419697 2307487823 2384322841 3290553276 1121451115 1690203465 165888712 3426620325 1923602809 68546535 3380064057 2466790717 1718876063 2158626828 1082281305 2346287724 2838363354 4262397920 4056952170 1747166671 2511746595 169135688 2621596430 1629809010 826107255 632786386 2451428562 2920236097 9655448 1132708742 3633367783 135830964 2356278884 2854990581 3188632560 695130147 173523756 2384167029 1412607841 3028065533 3454187920 3476384054 3529342085 2300301752 3095591613 1112172760 1792358930 3136057182 2846704748 2092734281 2267368991 442447342 2436395287 782773098 357220472 2759550929 1125863250 4149724279 1811974359 2046907603 1166335186 3326599916 3621716532 1451269642 2726108627 1871250887 1972330739 3940807773 3758974616 2948644749 3895202077 1699676003 1085305129 4285243388 2108921123 273044021 3145813224 2995985132 875888586 1890810326 3979157918 2463987930 1828683856 3603908102 436206019 1586341345 3432442219 2808950596 44910222 3093258732 243524354 1813173984 2221085149 969231321 2791340368 666320213 2895418729 1186701257 2960609723 4110549180 733510611 1074067137 3682182926 2810658863 3333002994 3796708347 1632122924 3737165204 2878033505 3423675972 2061860524 3486396246 2496204148 1457249985 2731724014 2494266601 4068925221 369292135 3493672189 1490596884 1518173868 3287752956 2730327769 3244217938 4182731100 1176837787 3768923786 1883093648 3633241033 1654589941 3552071105 3235627051 633306002 3465956121 3194694630 3989461247 3386981875 2350648400 2641795193 1835104083 2809953724 1972597522 2359501807 1255127459 1158032504 1025430716 1403612972 3353736479 3574601211 4291415942 3766191542 3083992395 3307419849 2909893308 2905778801 495841675 1585052613 1580678621 2686381269 3815952447 1146277506 2447607777 2500968466 2435477168 4196359746 1383821875 2871369373 4214854096 2259542658 2554287655 2569842825 93738497 18077191 2442866699 2805825070 2915220898 2077656062 13302772 3758973671 2530008765 280463319 1118252570 1950977661 2853993644 3475127581 3324419400 2255089322 373586056 1919324871 2345510587 914703217 4098596 3442063774 4005568484 759831790 3824057934 1838800044 540560672 4134463390 884539358 3045056841 2732180988 2135889728 2878686078 1159159345 3197645234 3536609296 928801681 4180014635 2676416970 1922414732 2052528591 613529601 3907631982 422232982 158279688 3631312237 3522542579 3925094108 1827880697 185985871 1275622277 2224623694 3510297379 1860139360 1531566735 3591926142 1648809931 4215314172 1284722195 953028669 3877344794 1620681322 226380587 234842982 603631636 3407703633 2276868362 1172730835 433596772 2630897631 1582735 3609133130 2733946499 303782479 867735871 1859852093 3965658114 3505698327 4012692067 1058638602 1679505255 1902439302 2915685055 2253401969 3751002827 223029125 478708034 2780683659 987567186 3364462972 2753272446 2268938981 1229375435 563534378 1319614958 2719442555 2042079755 3823373203 2576719596 1348838738 3781944070 813046607 1402260588 2072976387 98555902 3580111213 1401135649 3614838123 1562739912 3824708008 1489466708 2072256235 4024806038 615031417 3648758621 2339403647 3435809799 1776272337 575907369 3573648839 3999461858 728492332 497626529 295467468 1322623672 3553696382 4246590687 4096136064 4143143131 1145840069 4179771271 210911231 3701482135 3517846373 170470693 4059862674 2268152921 3950322664 2199733023 1568267379 1440159155 3776089910 2905214825 1498772813 1349237042 298229635 3728355241 1056042497 1444433332 3618227508 1982876749 2763189780 3939670635 2933478855 1309880501 623186661 1549285163 4171647358 509847531 1439074339 2579621707 2567601839 1559001436 2668768776 2794418029 4135709242 1354504551 783204707 4194848897 350695321 3962323968 618254388 603101486 579500555 3727275815 1876304830 346533367 3360781652 1056987732 428