0.5 0
1 0
1.5 0
2 0
2.5 0
3 0
3.5 0
4 0
4.5 0
5 0
5.5 0
6 0
6.5 0
7 0
7.5 0
8 0
8.5 0
9 0
9.5 0
10 0
10.5 0
11 0
11.5 0
12 0
12.5 0
13 0
13.5 0
14 0
14.5 0
15 0
15.5 0
16 0
16.5 0
17 0
17.5 0
18 0
18.5 0
19 0
19.5 0
20 0
20.5 0
21 0
21.5 0
22 0
22.5 0
23 0
23.5 0
24 0
24.5 0
25 0
25.5 0
26 0
26.5 0
27 0
27.5 0
28 0
28.5 0
29 0
29.5 0
30 0
30.5 0
31 0
31.5 0
32 0
32.5 0
33 0.01444842834362684
33.5 0.05608140241910317
34 0.0136110194344374
34.5 0.09253549192477838
35 0.475241243469189
35.5 7.865608596478533
36 42.88092859772564
36.5 55.1779540732831
37 37.81298287350599
37.5 25.65606265103551
38 20.27811903436021
38.5 17.47257285571332
39 16.71708807455278
39.5 15.63097235867645
40 16.50138746643735
40.5 16.29790644968156
41 16.82011078154593
41.5 18.42715092834654
42 19.10598242325456
42.5 17.70085855409716
43 17.52987411595016
43.5 17.63642853049578
44 16.02691914016808
44.5 15.1920490581456
45 14.11039933562306
45.5 13.24716915667354
46 11.95690749228029
46.5 11.18449680775313
47 9.402139780623232
47.5 8.431164634081972
48 7.7032698740818
48.5 6.582033819003201
49 5.9700051406568
49.5 5.079425253248371
50 4.179040296625279
50.5 3.467384851685057
51 3.375532819740475
51.5 2.740791543553154
52 2.682518503299794
52.5 2.643083432146961
53 2.408602897995779
53.5 2.088933048182255
54 2.03424060417045
54.5 1.753409993204407
55 1.8361062739081
55.5 1.695901427085983
56 1.655718014620274
56.5 1.498391070162966
57 1.69983157945201
57.5 1.522869809962067
58 1.463985713413679
58.5 1.397688331865799
59 1.387659267200907
59.5 1.417768228436092
60 1.271859026018612
60.5 1.33689755153096
61 1.298156922635409
61.5 1.343695240818484
62 1.40806775035799
62.5 1.385628782688285
63 1.458865345317497
63.5 1.435981537743232
64 1.313755799668871
64.5 1.301030570849376
65 1.284815803749663
65.5 1.22126559273884
66 1.325643300527763
66.5 1.206159927648836
67 1.230285765569076
67.5 1.329540808667371
68 1.214783484523538
68.5 1.156875011101779
69 1.282277530957643
69.5 1.319270654482667
70 1.412879372475967
70.5 1.408738115278565
71 1.242266754523197
71.5 1.295741893349163
72 1.338511432021306
72.5 1.18540747350659
73 1.305043648351409
73.5 1.290260898797884
74 1.198177344851975
74.5 1.343737026797598
75 1.31748860757062
75.5 1.222808112018046
76 1.234012348544488
76.5 1.336232426452423
77 1.11193925069014
77.5 1.257437246831322
78 1.086196935537155
78.5 1.297098290532597
79 1.164759553178794
79.5 1.204923827007708
80 1.273498019608842
80.5 1.172745724189538
81 1.232655078742837
81.5 1.146512073114602
82 1.188733483169913
82.5 1.135068530675325
83 1.199089518763254
83.5 1.20733924908346
84 1.132801012023029
84.5 1.159099756062641
85 1.165103263587842
85.5 1.157973269699502
86 1.129655722763293
86.5 1.114530974919457
87 1.07057528208455
87.5 1.091256649868711
88 1.117495629702389
88.5 1.024547558845404
89 1.092524448480659
89.5 1.058744537721918
90 1.095576159869412
90.5 1.018186183216765
91 0.9861274802515156
91.5 1.009207770474433
92 1.020575592857879
92.5 1.013250021315589
93 1.011480192763621
93.5 1.004290756286423
94 1.032810809235128
94.5 1.013100934248262
95 1.061740955780794
95.5 1.007522125409548
96 0.9833961541381022
96.5 0.9749215597737345
97 1.030115048909038
97.5 1.064266102172023
98 0.9993696860045688
98.5 1.039522889725618
99 1.061156792793039
99.5 0.9742329213693095
100 1.024305434150247
100.5 0.9798667256004416
101 0.9655617958873868
101.5 1.024799544839881
102 1.007215438148368
102.5 0.977943892296004
103 1.03521239036802
103.5 0.9987957858547506
104 0.9484826812101221
104.5 1.034523478742567
105 1.001859918664777
105.5 0.9980407409666452
106 0.9620408086762211
106.5 0.9738372548021039
107 1.026600649336938
107.5 1.048388587905369
108 1.053542381868118
108.5 0.9569781767976469
109 0.9495430250208157
109.5 1.003879729501084
110 1.006477518417046
110.5 1.029605162425135
111 1.033120673578735
111.5 1.03020382565462
112 1.023534772674351
112.5 1.051753113474635
113 0.9870158282899145
113.5 1.00520953697456
114 1.070264327803118
114.5 1.022532474454004
115 1.000573054826639
115.5 0.9612627836780311
116 1.021983636999645
116.5 0.9865661209264786
117 1.013783806501344
117.5 1.02112936284102
118 0.9740735246964024
118.5 0.9871603331895309
119 0.994437746434406
119.5 1.033511982024449
120 0.9637282310553401
120.5 1.055439518333926
121 0.9392672508344527
121.5 0.9944376899844936
122 1.010617278533755
122.5 0.9803652788608753
123 1.021291583965752
123.5 1.000659464159278
124 1.002838950109615
124.5 0.9724679441059875
125 1.000955675866392
125.5 1.025962483439774
126 0.942514227851182
126.5 0.9744085625467511
127 1.035038323060848
127.5 1.058876818579521
128 1.060223978680142
128.5 1.032931484041923
129 1.013593584266374
129.5 0.9963994246427235
130 0.9645428787569931
130.5 1.036621761811319
131 1.020471925464211
131.5 1.014546249899449
132 0.9716568061089054
132.5 1.040516451934177
133 0.9659953402851301
133.5 0.934053225448515
134 1.015599146933446
134.5 1.025457638875149
135 1.005788988374992
135.5 0.994094994392951
136 1.008916815577672
136.5 1.021806252283737
137 1.005978270523286
137.5 0.9895208429129657
138 0.9625343579675608
138.5 1.015475818591017
139 1.044015419164678
139.5 0.9961179836009442
140 1.024337545045076
140.5 0.9724240031800893
141 0.9876995325099153
141.5 1.008236149890595
142 0.9714962998626759
142.5 1.011181862648376
143 0.9925813791095131
143.5 1.063613696655966
144 0.9317982077790044
144.5 0.9961947511322488
145 1.026006089758545
145.5 0.9981562126153231
146 1.020857107279411
146.5 0.9955727678650974
147 1.04415018559603
147.5 0.9951370171561945
148 0.98770614458721
148.5 1.003184703759968
149 1.007094048037651
149.5 1.051760122079941
150 0.9790255045641549
150.5 1.041997668869635
151 1.004745265856815
151.5 0.9645335085648229
152 0.9473019739654435
152.5 1.018905185922568
153 1.034437477017242
153.5 1.034387220412258
154 1.019056497052538
154.5 0.9808316057737116
155 1.015773525955927
155.5 1.003395329448424
156 1.048050733634362
156.5 0.9784073526947209
157 1.013038871592141
157.5 0.999639906182772
158 1.034291356475325
158.5 1.00147109464595
159 1.000783839787394
159.5 1.056985856615099
160 1.004907945009873
160.5 0.9846082086753791
161 1.004603609489485
161.5 0.9935667150589871
162 1.00662834494612
162.5 0.9885261070936534
163 1.003198063975276
163.5 1.020615283053522
164 0.9910012403985395
164.5 1.008244303005608
165 1.024104600996271
165.5 0.9943735411326615
166 0.9883923604662825
166.5 0.985870407914442
167 1.012133931240994
167.5 1.011147685616431
168 1.015172560479299
168.5 1.015252685859559
169 1.008703257295958
169.5 0.9890695441207299
170 1.002859911929348
170.5 1.013765480077077
171 1.012688519318988
171.5 0.9934182706780779
172 0.9998835964194874
172.5 0.9935667961523346
173 1.004129321743473
173.5 1.026053082715396
174 1.020684395152455
174.5 1.006059293231095
175 1.039879218142312
175.5 1.006376467023254
176 0.9788245811075015
176.5 1.002581253534693
177 1.018520808499255
177.5 0.9938134036185576
178 1.027469583593856
178.5 1.035054756810188
179 0.9850842034648273
179.5 0.9923006731275512
180 0.979025504564155
180.5 0.9948584568992518
181 1.007620100183383
181.5 1.003509023139174
182 1.000377877364977
182.5 0.9897073097904803
183 1.013906130672173
183.5 1.014462912639967
184 1.04381274205774
184.5 0.9997980068422365
185 1.008652698169874
185.5 0.9652701884516544
186 0.9646355615340108
186.5 1.014206580691071
187 1.012389875288732
187.5 1.027137615074165
188 1.021236205338527
188.5 1.00696932145194
189 1.003410403572844
189.5 1.020906527419566
190 0.9832871905753168
190.5 1.003279371478816
191 0.9786248726687773
191.5 1.00655831157695
192 1.010712713975272
192.5 0.9880601952671904
193 1.006602286369501
193.5 0.9988855513271853
194 0.9799471082154158
194.5 1.011100291733616
195 0.9852323441957961
195.5 0.9637322191612235
196 0.9911781312012525
196.5 0.9934753136794434
197 0.9645183130488476
197.5 0.9842470336818205
198 1.014199400676251
198.5 1.018281014125705
199 0.9770141735918157
199.5 1.006912269984132
200 0.9920500402945176
200.5 0.9957191076681692
201 0.9923292594713534
201.5 0.9765599919917808
202 1.038056052128133
202.5 0.9788336516336115
203 0.9911995597631637
203.5 1.014450644550338
204 1.018557954343732
204.5 0.9879991825076727
205 1.012389082989431
205.5 1.008213777791116
206 1.058200631128342
206.5 0.9944138071146568
207 1.041391488486791
207.5 1.005682089336831
208 1.012490714911419
208.5 0.9841143784741759
209 1.038125579991671
209.5 0.9976854529527951
210 1.003643857266388
210.5 1.005273321586754
211 1.017478503273007
211.5 1.004583285202393
212 0.9966994840979626
212.5 0.9819098308158617
213 0.9939521268742272
213.5 1.009668018004008
214 0.9984275391476373
214.5 0.9900165693443721
215 1.016051926914781
215.5 0.9757676752964025
216 0.9951996059195952
216.5 0.9956434327513142
217 1.019462436246376
217.5 0.9668853887440119
218 0.9829823017039057
218.5 1.003535875029106
219 1.021923319410417
219.5 0.9901674281380362
220 1.012654221533946
220.5 1.010332211198142
221 0.9767718562180877
221.5 0.9993059564269724
222 0.987147442121585
222.5 1.015769639954673
223 0.9865403956975134
223.5 1.010480164549155
224 0.9595638493822044
224.5 0.964972201508008
225 1.025956568433739
225.5 1.025434440873324
226 0.9851674840421806
226.5 0.9891036271026334
227 0.9969651088158989
227.5 0.9849874484824387
228 1.03515384646116
228.5 0.968248437712061
229 0.9898282374482866
229.5 0.9807402316215744
230 1.01871662092189
230.5 0.9837987283091725
231 0.9910442380189762
231.5 0.9985116341183469
232 1.010582789790553
232.5 1.002165842787093
233 1.032068729911631
233.5 1.00052641742314
234 0.9859104988962901
234.5 1.018335261273409
235 1.010587569753655
235.5 1.004598654150465
236 1.02548923858699
236.5 1.012718395529496
237 1.003407580444069
237.5 1.01313448969349
238 1.003048799545989
238.5 0.9595685849149994
239 1.004313615794547
239.5 0.9921697034493443
240 1.013990701155732
240.5 1.029637166066943
241 0.9622487600416078
241.5 0.988753871441145
242 0.9967624429621907
242.5 1.010315434981955
243 1.025613791197834
243.5 1.002830303518693
244 0.9915889197329103
244.5 0.9972759974819161
245 1.032791229602099
245.5 0.9946504213315644
246 0.9999713421416195
246.5 0.977015483017975
247 0.9944698179892205
247.5 0.9953361747831829
248 1.015886089511552
248.5 0.9842839652800963
249 0.9788123330941527
249.5 1.015840198163004
250 1.014550144301197
250.5 1.027554775232403
251 0.9937450636822932
251.5 1.012931970552915
252 1.012632925664506
252.5 1.028122796592167
253 1.000710710930329
253.5 0.9864835059519175
254 1.021868655425296
254.5 0.9901639037717236
255 0.9959636620825661
255.5 1.023885015827276
256 0.9994819799015917
256.5 1.005633539670881
257 1.000771486268478
257.5 1.003058515549712
258 0.9906648114879604
258.5 1.016269353698219
259 1.009300076327128
259.5 1.012657703417385
260 1.012490714911419
260.5 1.006520949772747
261 1.001051407239362
261.5 1.001598738611417
262 1.001676171221609
262.5 0.9818798063267328
263 1.017048494013551
263.5 1.020670660273982
264 1.003262743110589
264.5 0.9868786516590189
265 0.9840543188834848
265.5 1.005128029952256
266 0.9986844091207456
266.5 0.9681340579513619
267 0.9967354362300316
267.5 0.9848769602956132
268 1.016037282889846
268.5 1.005272591372326
269 0.9917540905236545
269.5 1.012774048409995
270 0.9898172319072345
270.5 1.005944838850881
271 1.002022044994791
271.5 0.9934252613607597
272 1.003812683289758
272.5 0.998860991899163
273 1.002172371816302
273.5 1.018915012988506
274 1.021696681000213
274.5 0.9737090489804019
275 0.9891047281766692
275.5 1.001687391921963
276 1.003225188121983
276.5 0.9989827495591245
277 0.9953795685462024
277.5 1.022036016660733
278 1.007776194396482
278.5 1.028504150197846
279 0.9945009089522413
279.5 1.00645465568338
280 1.026745862157251
280.5 0.9930919744560681
281 0.9913543884878984
281.5 0.988630070742032
282 1.007880893150142
282.5 1.005499270767254
283 0.9954662064488785
283.5 1.002333677942242
284 1.016364602868382
284.5 1.008518604312386
285 1.013506418654464
285.5 0.9802321883617402
286 1.002199415728791
286.5 1.020557038751985
287 1.006115901631999
287.5 1.005855509479945
288 0.9943986574058512
288.5 0.9987055512374771
289 1.0201200032869
289.5 1.003082205636638
290 1.012722641112875
290.5 0.9924592432850228
291 0.9719573991419871
291.5 0.9864022785026728
292 1.00351065607112
292.5 0.9833473040113717
293 1.01371741146205
293.5 1.000951040805514
294 0.9933625458154702
294.5 1.010129644268929
295 0.9846504715538945
295.5 0.9879882136185757
296 0.9948894620023897
296.5 0.9892101351374883
297 1.012995364980949
297.5 0.9921710950347119
298 1.02215439182428
298.5 0.9858876925874307
299 1.002128871339221
299.5 1.015625036935279
300 0.9989556666213539
300.5 1.014452546369168
301 0.9952814400486464
301.5 0.9975219819175666
302 0.9752446751182302
302.5 0.9911096446333703
303 1.009435388316775
303.5 1.019777506718938
304 0.9924196991812669
304.5 1.001211676528448
305 1.010278996599518
305.5 0.9933191247522339
306 1.008223661810178
306.5 0.9684241649696929
307 1.003836403540818
307.5 1.034686935902085
308 1.008773049328376
308.5 0.990957183070281
309 0.9999472755098929
309.5 1.022179065982421
310 0.9948162385087383
310.5 0.9885140645297752
311 0.9950987727360587
311.5 0.9998524303275316
312 1.007964894346681
312.5 1.017309317894632
313 1.005067828818707
313.5 1.006347042305134
314 0.9839945939251958
314.5 0.9996393995734655
315 0.9893327053734636
315.5 1.014810119053005
316 0.9904868170024211
316.5 0.999454396407108
317 1.005072382197053
317.5 1.009713539963148
318 1.000005867275121
318.5 0.9821334914006681
319 0.9770470491443549
319.5 1.015454231503049
320 1.011976104867741
320.5 0.9804834053870379
321 1.006596977603613
321.5 1.002859572188
322 1.019930643410699
322.5 0.9697216231563368
323 1.000956631427823
323.5 1.01169696341096
324 0.9989842047447722
324.5 1.014585988025322
325 1.014743797697705
325.5 0.9998966580351579
326 0.9892812077158792
326.5 0.9987994474867146
327 0.9879485309142656
327.5 0.9780393641789605
328 0.9703797565000458
328.5 0.9825919385777494
329 0.9969059155150607
329.5 1.01765009023857
330 0.9956411971593261
330.5 1.008188069925696
331 1.005000872450371
331.5 0.9756264186851435
332 0.9959580443346696
332.5 1.000792520498716
333 0.9999177841930155
333.5 0.980511542513292
334 0.9908362412162743
334.5 1.017829004926036
335 1.005679748880568
335.5 0.9983510637695743
336 1.017541853934564
336.5 0.9763072098592841
337 0.9937783181864923
337.5 0.9949799942681636
338 1.004571485351818
338.5 1.003391111385872
339 1.00632075709958
339.5 1.009092292808853
340 1.001771030374593
340.5 0.9916384618162701
341 1.015930489110878
341.5 1.003648479172143
342 1.007711171389285
342.5 1.002222618313333
343 0.9843239731005187
343.5 1.000929675697934
344 0.9965595153143696
344.5 0.9988393688454769
345 0.9919804734336241
345.5 1.015210028183292
346 1.006232210375396
346.5 0.9865557239983935
347 0.9877655695677121
347.5 0.980755576917633
348 0.9931404679920272
348.5 0.999490921467551
349 1.010193075637797
349.5 0.9763900243664588
350 0.998905716340509
350.5 0.9975947327197695
351 1.006759605272121
351.5 0.9952376837607434
352 0.9935552053172149
352.5 0.9975765278350144
353 0.9977830057218062
353.5 1.020522704005643
354 1.013372959245252
354.5 1.000750514623896
355 1.007796707790075
355.5 1.001851330707044
356 1.006984750184844
356.5 0.97717314402564
357 0.9774008241491238
357.5 1.00581579749764
358 0.9928185385618218
358.5 1.000579652817558
359 0.9881498090913385
359.5 0.9867422360188031
360 1.004763774277399
360.5 1.011785269435184
361 1.013451685341301
361.5 1.005352495789217
362 1.014464040330005
362.5 1.011547710725624
363 1.002314938152097
363.5 0.990509337137086
364 1.005484269663967
364.5 0.994792973189204
365 1.001871970042082
365.5 0.9958348886374754
366 0.9794906422237314
366.5 1.005636041180145
367 1.006869627365716
367.5 1.014733402124566
368 0.9839770828680988
368.5 0.9752833970280816
369 1.009273669875184
369.5 0.9856848346904149
370 0.9811836923742269
370.5 0.9873631872013769
371 0.9960207427734799
371.5 0.9909473249533585
372 1.005681464140538
372.5 0.9695317788286465
373 0.9973559138174124
373.5 0.9875816885400169
374 0.9886549571014077
374.5 1.012268683874785
375 0.9977109056226938
375.5 1.009004511775458
376 0.9998677058371106
376.5 0.9959927906421173
377 0.9937954703907288
377.5 0.9855336530810909
378 1.017505720918906
378.5 1.001529938789637
379 1.004694707027066
379.5 0.9895944343030016
380 0.9900429314680107
380.5 1.011025680306176
381 0.9869121302198163
381.5 0.9850836585534593
382 0.9917795922000235
382.5 1.015751731818361
383 1.00022977999308
383.5 0.9997629938124224
384 1.005270743070211
384.5 0.9862680465324206
385 0.9908201399467075
385.5 1.013026695296548
386 1.016740118880147
386.5 1.001998308561106
387 1.00550416614982
387.5 0.9938993571829238
388 0.9987600859755239
388.5 0.9797197941820793
389 1.003301801207082
389.5 0.9961642075465801
390 1.01368035917415
390.5 0.9936483114795785
391 1.005311439210469
391.5 1.006954135631533
392 0.9940451753824132
392.5 1.000808358183379
393 1.014665107080318
393.5 0.9917651250237326
394 0.9903644847415184
394.5 1.004638374215329
395 1.00330673546111
395.5 1.002179795383568
396 0.9874096064557765
396.5 1.007439630187
397 1.017981519709786
397.5 1.001182161713677
398 1.002442765340444
398.5 0.9880390434332164
399 0.9979184521034333
399.5 1.002421697487439
400 1.011324604915624
400.5 1.006544858887546
401 1.017539603050441
401.5 0.9911909239750615
402 0.9813271787884391
402.5 1.002102723162539
403 1.017249991658105
403.5 0.9993645691836691
404 0.9908191032478595
404.5 0.9915445302466385
405 1.001088591576673
405.5 1.002066179539028
406 0.9967359209405773
406.5 1.00514049433065
407 1.015970420796855
407.5 0.9932016157344838
408 0.991146873538268
408.5 0.9939079851342315
409 1.007469463427236
409.5 0.9880275331999772
410 1.023153205081127
410.5 0.9992798079961042
411 1.001041525306829
411.5 1.000004137270651
412 1.005828227783255
412.5 1.006997661837417
413 1.004837625315395
413.5 1.010875152545442
414 1.019910035004254
414.5 0.9914422930831283
415 0.9875929674537737
415.5 0.993055512418571
416 0.9971251500030109
416.5 0.991104435552503
417 1.006735617405635
417.5 1.000985789389644
418 1.006337036468331
418.5 1.009234255751534
419 0.9889023794359632
419.5 0.986725267824597
420 0.996418905929863
420.5 0.992182026087156
421 1.001544826398955
421.5 1.003863941352123
422 1.009349984490347
422.5 1.010400038307684
423 0.9938550673457144
423.5 1.013617318090998
424 0.9916232134553843
424.5 1.010419046205418
425 1.011004745958915
425.5 1.00133000538617
426 1.006350517849717
426.5 0.9923149982166628
427 0.9995713378239677
427.5 0.9875919239199247
428 1.007875838296488
428.5 0.9984125649013531
429 1.006858820135464
429.5 0.9967541070504636
430 1.00175571889789
430.5 1.005627732829655
431 1.011003730237662
431.5 1.010859242169315
432 0.9903939148371302
432.5 1.009807121049666
433 0.9979093104219383
433.5 0.9922595390543185
434 0.9954878607627057
434.5 1.001782392702165
435 0.9907498629931976
435.5 1.002579509223169
436 1.00226782513747
436.5 0.9919626396901844
437 1.011692693717766
437.5 1.010861244703242
438 1.000517060472526
438.5 1.012474993622198
439 1.017191291818255
439.5 1.005592032342876
440 0.9978626430171585
440.5 1.010518827747874
441 1.000461893311678
441.5 1.011677548340456
442 1.000772352025557
442.5 1.009922644672081
443 1.003715602415699
443.5 1.006893348742417
444 1.002232408693462
444.5 0.9968731637904711
445 1.006075968484517
445.5 0.9908966028367185
446 0.9981681569360906
446.5 1.005799289551435
447 0.995518254382046
447.5 1.013173344261531
448 1.005660544107428
448.5 0.9975529404198635
449 0.9991567553951407
449.5 1.008460435646156
450 1.006065256594975
450.5 0.9967006954738468
451 1.006636872290628
451.5 0.9924448908389459
452 1.005114199048976
452.5 0.9998204097987415
453 1.007428880348954
453.5 1.000235780301075
454 0.9979574936868489
454.5 1.011073031089746
455 1.001555910193023
455.5 0.9960215558598824
456 0.9924764510368843
456.5 0.9909830733580614
457 0.9927334005393579
457.5 0.9907901984992947
458 1.016906745611278
458.5 1.01483974823472
459 0.9961996611026639
459.5 1.01311015520783
460 0.9911294773918159
460.5 1.001962916896
461 1.003714581553842
461.5 1.012843935922989
462 0.9979735863062258
462.5 0.9969203295020094
463 1.009154399992146
463.5 1.000459956307415
464 1.016648625164621
464.5 0.9992197620460879
465 1.004348893562842
465.5 1.003935173058384
466 0.9952608869745969
466.5 1.003756835187525
467 0.9955483151155115
467.5 1.00083513217877
468 0.9947466247607787
468.5 1.019076325636264
469 1.009393711142813
469.5 1.009814607030876
470 1.004889303219944
470.5 1.007019269252567
471 1.001194196694999
471.5 1.004026208549686
472 0.9927894095604211
472.5 1.012466644967689
473 0.9959100832703612
473.5 0.9980888312513967
474 1.005158361398222
474.5 0.9973805429474047
475 0.9905398053143122
475.5 0.994790445275787
476 0.9937433066673429
476.5 0.9911045089565518
477 0.9892352700496589
477.5 0.9977919459792227
478 0.9961876553815084
478.5 1.018433807622116
479 0.9895637835757561
479.5 0.9967396945695011
480 1.000605586835519
480.5 1.005271029960589
481 0.9911447858824056
481.5 1.005103913046758
482 1.009182768396678
482.5 1.000063384400135
483 1.006289751835054
483.5 1.001853847364392
484 1.000859647074098
484.5 1.006637315439241
485 0.9985426915658515
485.5 0.9939504105649267
486 1.000832787669281
486.5 1.007219434924006
487 1.001768826616318
487.5 0.9971991310055996
488 1.008503016444772
488.5 1.005186809064432
489 1.015173798439628
489.5 0.9935323759887225
490 1.017128976818158
490.5 0.9821607279826856
491 1.004636085010287
491.5 0.9954936012623474
492 1.003091377530517
492.5 1.00105567764404
493 1.00478778902213
493.5 0.9977134929716525
494 1.007300438695902
494.5 0.9997951218222093
495 1.002014559439793
495.5 0.984036009855191
496 0.9919023773756392
496.5 1.002798812807962
497 0.9926922932257973
497.5 1.006972233245668
498 0.9943560861151579
498.5 0.9936287238857106
499 1.004592402985533
499.5 0.9957083010657661
500 1.004606042390553
500.5 0.9883415915385659
501 1.011820499452551
501.5 0.99735419396174
502 1.014349227480682
502.5 1.000305281148737
503 1.006215574873905
503.5 1.004280190490748
504 0.9794318461345221
504.5 0.9983246201071206
505 0.9873409213792874
505.5 1.000043599650964
506 1.011465094031091
506.5 0.9965279847626429
507 1.000990616333563
507.5 0.9979806476604649
508 0.9924807859792939
508.5 0.9994750376635285
509 0.9973302028790016
509.5 0.9992528762306444
510 0.9847118860167646
510.5 1.00783953054969
511 1.000083545650029
511.5 1.005586557060497
512 0.9952204365090254
512.5 1.004841093376611
513 0.9833924173904073
513.5 1.006779025140634
514 0.9844532651760257
514.5 1.002572008109085
515 1.015457334437215
515.5 0.9911664714861573
516 0.9950378248529155
516.5 1.00307994663923
517 0.9898972110628617
517.5 1.002555958225027
518 1.005781716776836
518.5 1.017713590735531
519 1.005648074644307
519.5 1.002139074258592
520 0.9903788487236982
520.5 0.9878381662934375
521 1.002927060180146
521.5 1.0000212911477
522 0.9847675760879138
522.5 0.9981566645316167
523 1.0101697363172
523.5 1.000030860554655
524 1.000759305160994
524.5 0.9948485444169912
525 1.006598059590656
525.5 0.9988717651029508
526 0.9921397912413557
526.5 1.006489989467363
527 1.006620575696498
527.5 0.9993413039718709
528 1.010882031494924
528.5 1.007956214508633
529 1.009593953349438
529.5 1.010325793864264
530 1.004219366401589
530.5 0.9989168732777217
531 0.9953066590177899
531.5 1.005577132360087
532 0.9790598490884799
532.5 1.004744796165339
533 1.004023695797614
533.5 0.9863321188491495
534 1.004350000567927
534.5 0.9949265835711126
535 1.001973228137315
535.5 0.9859467199492292
536 1.005302951958064
536.5 1.007584544849217
537 1.004890648898401
537.5 1.005254886002977
538 0.9949070031113749
538.5 0.9982692357940007
539 1.000100833044865
539.5 0.9905716017725723
540 0.996292268313082
540.5 0.9975197965109863
541 1.000783941858059
541.5 0.9861118588154018
542 0.9887924402741524
542.5 0.9951503789335977
543 1.001696689998003
543.5 0.9871239359048756
544 0.9927537299992779
544.5 0.9953892452270529
545 0.9949409816424523
545.5 1.012153287904906
546 0.9966305507166222
546.5 0.9816370453275703
547 1.00171924455089
547.5 0.9983682329469602
548 0.9970187765514384
548.5 0.9935283111314089
549 0.9927635097823452
549.5 1.004870779151157
550 1.009494350255195
550.5 0.9948371907003635
551 1.004382329027713
551.5 0.9960954987736127
552 1.001314578076661
552.5 0.9898126625306561
553 0.9930143730166411
553.5 1.005858322494745
554 0.991534622746812
554.5 1.000749578358217
555 0.9997134587198728
555.5 0.9958750262971803
556 1.006961829794949
556.5 0.9960588475495913
557 0.9972128750167771
557.5 0.9900081579607736
558 1.001626144123088
558.5 0.9939316773272656
559 1.008619832299068
559.5 1.006767658402327
560 0.9942837544160598
560.5 1.001275287425647
561 1.000691147840951
561.5 1.014430396898789
562 0.9886144642986101
562.5 0.9964055382832748
563 1.008833547283105
563.5 0.9871737151858697
564 1.001549485890463
564.5 1.008910706246108
565 0.9990916773751094
565.5 1.00131108476832
566 1.006517119042672
566.5 1.002142663057251
567 0.9951881351209739
567.5 0.9947055248020437
568 0.9899313200106725
568.5 0.9933999853121713
569 0.9995278592373188
569.5 1.011357263175644
570 0.9968955288609582
570.5 0.9909430120890163
571 0.990366530600612
571.5 1.004580079393439
572 0.9924371085602238
572.5 1.005778303863185
573 1.002106885675373
573.5 1.010406474096221
574 1.009172262829287
574.5 0.9918274922969803
575 1.002381462725969
575.5 1.008526627921218
576 0.9950626015685602
576.5 1.003373888556034
577 0.9963425341277917
577.5 0.9984394744038365
578 1.012537393844186
578.5 1.006321389791502
579 0.9941177333702809
579.5 0.994605110801681
580 1.003508417932603
580.5 0.997951707965967
581 0.9987984531801365
581.5 0.9923818643451179
582 0.9984349233969542
582.5 0.9922235153684543
583 0.9979291307340959
583.5 1.00379859393692
584 1.00858541573312
584.5 0.9968666048602515
585 0.9978299298185338
585.5 0.9912153254351739
586 1.01037256554645
586.5 1.015328875063918
587 1.010723099324327
587.5 0.9966951959444672
588 0.9945457703981714
588.5 1.00221537718357
589 1.002464777625545
589.5 1.005383253133354
590 0.9884021236443725
590.5 0.9893461915601203
591 0.991141559184566
591.5 1.012177318604091
592 0.9987953908468937
592.5 0.9953175718111197
593 1.011627100837863
593.5 0.9924576964922455
594 1.014199400676251
594.5 1.008576481362247
595 0.9962155122380876
595.5 0.9969392638950099
596 1.013649727097713
596.5 0.9947049587497887
597 0.9941431555335999
597.5 1.000148716762508
598 1.007408791630787
598.5 1.000411244116765
599 1.000188939655434
599.5 1.005219516465666
600 1.004287859101569
600.5 1.00370697951047
601 1.002081173852471
601.5 1.000067985671611
602 1.006613164697604
602.5 1.002429147454156
603 0.9889539898813148
603.5 0.9955241637680633
604 0.9878384945563393
604.5 0.9936110394710024
605 1.002458228350546
605.5 1.00857113752723
606 0.9934540895119292
606.5 1.004777484291879
607 0.99953569188708
607.5 0.9914106770803607
608 0.9897381740033454
608.5 0.9894721281049049
609 1.002908645471717
609.5 0.9979178419954904
610 0.9948871685917235
610.5 0.9924983209895315
611 1.003687272439312
611.5 0.9965764446198716
612 0.9946966610142247
612.5 1.003055230341677
613 0.9918308195969004
613.5 0.9998715599229298
614 1.000080155564821
614.5 1.001078444376673
615 0.9945840810367903
615.5 0.98682197036123
616 0.9908599468411239
616.5 0.9967464534728052
617 1.003728528147388
617.5 0.9929017742928061
618 0.9967750630752249
618.5 1.008161504109061
619 0.9997167508172117
619.5 1.01007515835431
620 0.9947343741046477
620.5 0.989290473916639
621 0.9937773266366079
621.5 0.9986150795194955
622 1.009373730608805
622.5 0.9994696636396192
623 0.9972579381307686
623.5 0.9874429165621973
624 0.9982262983100568
624.5 1.004576350421878
625 1.003050231003014
625.5 0.9890206738513102
626 1.0037428352764
626.5 0.9894336708209602
627 1.00450596833337
627.5 1.000108628452995
628 0.9865878330026017
628.5 1.009993705636247
629 0.9996791688048298
629.5 1.00206235484933
630 0.995041308898619
630.5 1.000865259423762
631 0.9931545137087273
631.5 0.9967115918962514
632 0.9898565358589262
632.5 1.00276571990684
633 1.009664130143783
633.5 0.9932510113828846
634 0.9844432676380156
634.5 0.9991898642034067
635 0.9986705297680035
635.5 1.002359256843528
636 1.00868026078696
636.5 1.003678450634961
637 0.989190830923525
637.5 1.006533072374055
638 0.9921612047154676
638.5 1.009403495602879
639 0.9916786068507498
639.5 1.001016647006261
640 1.004062838939911
640.5 1.011202176435923
641 1.010352842045446
641.5 1.006063822943654
642 1.001863284292674
642.5 0.9951208555485805
643 1.001641770643145
643.5 0.9970460479599432
644 1.005400311747766
644.5 0.9955074879714562
645 0.9976332673797914
645.5 1.007039351182088
646 0.9950748612567087
646.5 0.9861577940611325
647 1.003690890695603
647.5 0.992346274440787
648 1.000108343009676
648.5 1.002382929081199
649 0.9948994336921355
649.5 1.001760370002053
650 1.008971436840278
650.5 0.997046679360216
651 0.9991912504715655
651.5 0.9988443929134989
652 0.9919091247223081
652.5 0.9934199493493782
653 0.9871391613404976
653.5 1.001508615025038
654 1.003288661141822
654.5 1.010681897812055
655 0.9978803457306638
655.5 0.9973106935383217
656 1.003981075121883
656.5 1.005993566647365
657 1.000015849641712
657.5 1.000897645640712
658 0.9971239614283404
658.5 1.001125745467913
659 0.9871437752292819
659.5 0.9977302742113697
660 0.9948826546712856
660.5 1.006072342174007
661 1.00098569765876
661.5 1.008138807223373
662 0.9898138415470227
662.5 1.004846723435486
663 0.9923068527586422
663.5 0.9978885689918742
664 0.9982063371823507
664.5 1.00030369450927
665 1.008477787294354
665.5 0.9945642410541635
666 0.988034271432101
666.5 0.9989139747593557
667 0.9982657191956492
667.5 0.9961350995633915
668 0.993375038702665
668.5 0.9949527446864834
669 1.013645471781997
669.5 0.9993193173732831
670 0.9953747911860578
670.5 0.9985106364154676
671 1.00065753150301
671.5 0.9923634845594366
672 1.005277276048488
672.5 1.006705419456872
673 1.006148082805097
673.5 1.003752852188692
674 0.9861583812702428
674.5 0.9978044832124265
675 1.001886699767734
675.5 0.9953696369125534
676 0.9916596980263817
676.5 0.9951795522537126
677 1.003665749708408
677.5 1.001807800383931
678 1.004232812671584
678.5 0.992909967708812
679 1.001447654226968
679.5 1.000281094447669
680 1.008746677834742
680.5 0.9927904194665598
681 0.9862778871287454
681.5 0.9961803057299254
682 1.004665676481884
682.5 1.007855641302144
683 1.008370578482672
683.5 0.9930870337753522
684 0.9928463890586865
684.5 1.013459570595569
685 1.000680118298531
685.5 0.9951358567210448
686 0.995959324412984
686.5 1.00001780266152
687 0.9993628060350704
687.5 0.9995741749418879
688 1.001246469672586
688.5 1.001186841520342
689 0.9930059560197267
689.5 0.9876940239447806
690 0.9928066831829525
690.5 0.9945374477690343
691 0.9931316485779036
691.5 1.001863665824783
692 1.009057966974544
692.5 0.9951006818108868
693 0.9973347102230041
693.5 0.9955699543245065
694 0.995148656574006
694.5 0.9944665675486882
695 1.005316813299854
695.5 0.9961627935313234
696 0.9945371529777562
696.5 1.002450873947506
697 1.010891466002761
697.5 0.9927221268386681
698 0.9969520538663301
698.5 0.9996854044309746
699 1.002860756557396
699.5 1.002842486606565
700 1.003850794144175
700.5 0.9997568557137482
701 0.9891736448167877
701.5 1.008642901460111
702 0.996159447053475
702.5 0.9986953926430528
703 0.9854954338813198
703.5 0.9914072863023319
704 1.003936485740871
704.5 1.003050891175351
705 1.007421866123815
705.5 0.9998300424964697
706 1.001444826421114
706.5 0.9968125338587971
707 0.9948994627637984
707.5 0.9999062175532292
708 0.995261318882084
708.5 0.9993111066223868
709 0.9986846590638688
709.5 0.9958084988634023
710 0.9902551521106269
710.5 1.001641113567153
711 1.008045204660403
711.5 0.9976775095361132
712 0.9883000991057144
712.5 1.002441532065484
713 1.009702251284317
713.5 0.9964810332496662
714 0.9875242127534219
714.5 1.002354322167027
715 1.004276911638555
715.5 0.9854164815202818
716 0.9942610534410231
716.5 1.003754263632998
717 1.002966940622518
717.5 0.9975351675706153
718 0.99703143728647
718.5 1.005458370874894
719 0.9887510265054545
719.5 0.999474069414156
720 1.007890002792098
720.5 1.002975696257935
721 1.000404652547915
721.5 1.001466849355527
722 0.9906025393500166
722.5 0.9940245235352284
723 0.9977973018837355
723.5 0.9995748253166077
724 0.9974442418074845
724.5 0.9966075477885021
725 0.994934045377236
725.5 1.003846431219109
726 0.9922547721359768
726.5 0.9937214902600964
727 1.008966772488883
727.5 0.9874537186006835
728 1.002723255223234
728.5 1.001258363041049
729 0.9978424873629685
729.5 0.9969186071631333
730 0.9941361909500439
730.5 0.9995869018725474
731 0.9998983189932403
731.5 0.9941505398444505
732 1.004245127515571
732.5 0.9999714693431464
733 1.005811749282856
733.5 0.9870403269995645
734 1.00237206608789
734.5 1.005995079086172
735 0.996326068308759
735.5 0.9926741151743935
736 0.998122697443514
736.5 1.001380047979244
737 1.000137654918366
737.5 0.9996498478153912
738 0.9942512772619745
738.5 1.000493000404183
739 0.9979583568340521
739.5 0.9911426026740643
740 0.9975903893504974
740.5 0.9942063512157487
741 1.004356058399729
741.5 0.9947316702542449
742 0.9995073297876645
742.5 0.9904843568702612
743 0.9991273146640584
743.5 0.9980970475908574
744 0.9986036042035399
744.5 0.9913014825596018
745 1.003890624323978
745.5 0.9997416994833042
746 0.9968752739904793
746.5 0.9942979792504738
747 0.9991989697094574
747.5 0.9971023872216498
748 1.001253586660556
748.5 0.9908731821510905
749 1.010838292018484
749.5 0.9903875856338409
750 1.006661995950138
750.5 0.995739450853404
751 1.007163262666379
751.5 1.010949855595764
752 1.013890783634915
752.5 0.9930098851305108
753 0.9966310340998452
753.5 1.002625009621542
754 1.001212680652083
754.5 1.000134887427888
755 0.9916890979790597
755.5 1.000135400432218
756 0.9966380440667277
756.5 0.9872929334996028
757 0.9922768521197142
757.5 1.00237448203517
758 0.9986700440433669
758.5 0.9941813860382641
759 1.000191769269594
759.5 0.995683912542598
760 0.9999858565721772
760.5 0.9941009291246524
761 0.9915995983589838
761.5 1.002860752697825
762 1.001653486585538
762.5 1.002802965852875
763 0.9957863892598674
763.5 0.9960211049253181
764 1.000594332541658
764.5 0.9959207956725189
765 1.006798705701486
765.5 1.008410661161972
766 1.004976178680983
766.5 1.006852402569635
767 0.9969011789291178
767.5 0.9962704853953879
768 1.011486327486285
768.5 0.9994606389769838
769 0.9974695909262413
769.5 1.000425343772466
770 0.9996838084366958
770.5 0.9973531448172361
771 0.9960864495558029
771.5 1.005158220179701
772 0.9981540926106304
772.5 0.9944894222197004
773 0.9935719588622846
773.5 1.003306851719785
774 0.9977824488567462
774.5 1.00732774574629
775 0.9962570520207326
775.5 0.9934815201313577
776 0.9977410496801847
776.5 1.001258113905367
777 0.9991880503603623
777.5 0.994389498475943
778 1.000546334554373
778.5 1.0007672960912
779 0.9973569080553553
779.5 0.9923230576394046
780 1.010525215694733
780.5 0.9936045471871725
781 0.9981109583613533
781.5 1.008504673777264
782 0.9963832279746472
782.5 0.9969861712370265
783 1.004516052165202
783.5 0.9993127855520122
784 0.9983457416541542
784.5 1.001343078724592
785 0.9986124831246036
785.5 1.00751645286521
786 0.9906228414908642
786.5 0.9959516663215576
787 0.9981160799739358
787.5 0.9925612378115793
788 1.004757254860575
788.5 0.9998644568646334
789 1.005371354814409
789.5 1.012403339309443
790 0.9993485698799612
790.5 1.002768133151059
791 0.9960689429726929
791.5 0.9953885460893445
792 0.9981205073285692
792.5 0.999066060872691
793 1.000383749606016
793.5 0.9951751094821424
794 1.003730577085625
794.5 0.9954882157897443
795 1.006708878440861
795.5 0.9966171100578415
796 1.004255545806899
796.5 1.00763297556938
797 0.9920270670491598
797.5 0.9956571746127856
798 0.9963371214870468
798.5 0.9982237755538754
799 0.9932039133887884
799.5 0.9994697979913335
800 1.005350473279235
800.5 1.000313615319149
801 0.9978635198356456
801.5 0.9968148568872537
802 0.9991927739734188
802.5 1.005008899847685
803 1.004636177522828
803.5 1.003410612687078
804 1.004085907634733
804.5 0.9994347189914784
805 1.004773572637918
805.5 0.9988947583156629
806 0.9947009501763504
806.5 0.998160879203662
807 1.005887836606539
807.5 1.002832765297789
808 0.998699961555946
808.5 1.002640290254782
809 1.005608480159214
809.5 1.006023381329497
810 0.9960044889172666
810.5 1.003255012379022
811 0.9973773672016131
811.5 0.9975822742791789
812 1.006424553001051
812.5 0.9989893490710884
813 0.9992844749671287
813.5 1.003619990315003
814 0.9967594991807217
814.5 1.002485292154815
815 0.9919698259038648
815.5 0.9957932195897877
816 1.000693491336033
816.5 1.011032919422532
817 0.9940729921519703
817.5 1.000838654731377
818 0.9901625470542907
818.5 0.9912548272703265
819 0.9959561492071375
819.5 0.9996612522125727
820 0.9976235155114743
820.5 1.004658242690245
821 1.000493659379392
821.5 1.000045534968255
822 1.004208493936255
822.5 0.9969640610919354
823 0.9977740592837991
823.5 0.9977924953273329
824 0.9975088946855173
824.5 0.9991000359773407
825 0.9950690393969185
825.5 0.9962422081458582
826 1.003453932633881
826.5 1.006939064230604
827 0.9914812573794015
827.5 0.9971538807855106
828 1.001756370789844
828.5 0.9903929129630969
829 0.9947849536870018
829.5 1.006231697313788
830 1.008765462385079
830.5 0.989050398385434
831 0.9968377998419713
831.5 0.9999859942655094
832 1.003262283916132
832.5 0.9955418136432054
833 0.9949819604559412
833.5 1.005905466016433
834 1.00650940501632
834.5 1.005936279539505
835 1.001933607117897
835.5 0.9994274385222984
836 1.008025521428848
836.5 0.9914627368570124
837 0.998431298723394
837.5 1.002107363546471
838 1.000172496729245
838.5 1.006790341980386
839 1.000673178460755
839.5 0.9997494559559333
840 0.9978014583461117
840.5 1.003051472259333
841 0.9914479003727865
841.5 1.008045903368426
842 0.9985487141944727
842.5 0.9989820423787525
843 0.998705134595726
843.5 0.9980964627449413
844 1.001928293427917
844.5 0.9982712602025274
845 0.9934322281904175
845.5 0.9967916841660455
846 0.9979221171479387
846.5 0.9925935060443672
847 0.997826153363944
847.5 1.004141080031141
848 1.010002814057823
848.5 1.000945134559134
849 1.001403684425198
849.5 0.9967584952977425
850 0.9945626344821147
850.5 0.9966781493774635
851 0.9995484340348061
851.5 0.999785474049276
852 0.9985906857356868
852.5 0.9946268002182806
853 1.000921635448406
853.5 0.9894247457025138
854 1.00673394000297
854.5 1.003983062140882
855 1.002163446291422
855.5 0.9973161066273686
856 0.9962801984319894
856.5 1.007428687745633
857 1.001840296649362
857.5 0.9986608657522
858 0.9946546003363351
858.5 0.9940941005228154
859 1.00718138666598
859.5 0.9998758282037717
860 1.004819192044367
860.5 0.9981907191509573
861 0.9984962233693179
861.5 0.992652316871407
862 1.002258243043707
862.5 0.9947089485098062
863 0.9985425113094105
863.5 0.9996654733747756
864 0.990941932241271
864.5 0.994532977644017
865 1.006169123716439
865.5 1.004250764721539
866 1.00227322297277
866.5 1.006879804488978
867 1.003500011851385
867.5 0.9957157821953743
868 0.9998943376155406
868.5 0.9921308433566205
869 0.9854055008414345
869.5 0.9798812388850159
870 0.9864467739953042
870.5 0.9851893198581609
871 0.9792675653181863
871.5 0.982536100998227
872 0.9847618671709514
872.5 0.9747665604123612
873 0.9756735428970701
873.5 0.9702057315797312
874 0.9739159122152338
874.5 0.972781972965498
875 0.9733762705156614
875.5 0.9644643410049684
876 0.9683051516684782
876.5 0.966995919220657
877 0.9590813192232255
877.5 0.9635262852699999
878 0.9591022313696882
878.5 0.9601310970155337
879 0.9560862763561295
879.5 0.9568302149970025
880 0.9631186879845934
880.5 0.9413242330624769
881 0.9475134410394729
881.5 0.9547612025218071
882 0.9422108369325405
882.5 0.9399918989059675
883 0.9474235526108615
883.5 0.9417757644853252
884 0.9433080776677401
884.5 0.9351021719596008
885 0.9395502897968764
885.5 0.9331719309020804
886 0.9294130675056619
886.5 0.9291057418117336
887 0.9346181329969039
887.5 0.9263539490653943
888 0.9249119781828475
888.5 0.9297310648675436
889 0.9197863110544767
889.5 0.922033812107224
890 0.9275532567600796
890.5 0.9093487995676965
891 0.9171085387443692
891.5 0.9138628052737158
892 0.9118300522292403
892.5 0.9163592599843779
893 0.9137549218929792
893.5 0.9149202115739004
894 0.9114953167593879
894.5 0.9058357275049664
895 0.9062774671876411
895.5 0.9025972821144941
896 0.9072150944455241
896.5 0.9030710918090203
897 0.8893732402237787
897.5 0.8917423293232078
898 0.8871984390684473
898.5 0.8963071233655657
899 0.8942980419274486
899.5 0.894509797480239
900 0.8820553593501818
900.5 0.8886628995538418
901 0.878179678967496
901.5 0.8835947891855123
902 0.8837951483839563
902.5 0.8772526649458025
903 0.8838455782389772
903.5 0.8765647096779641
904 0.87340041781202
904.5 0.8726466232388161
905 0.8657656326952211
905.5 0.8643492214063507
906 0.8754717220354937
906.5 0.8701980216714297
907 0.8627167490106374
907.5 0.8612505141188159
908 0.8535845792880689
908.5 0.8599656004296036
909 0.8523740209740702
909.5 0.8553174598849328
910 0.8559548527524187
910.5 0.8541229733364165
911 0.8554038483866688
911.5 0.8531210472701458
912 0.8467755203818431
912.5 0.8469249053460532
913 0.8476397312803258
913.5 0.8427901980690881
914 0.8496470446939929
914.5 0.8436384358117173
915 0.8370034725068871
915.5 0.84048232675936
916 0.8321953152750845
916.5 0.8330858179495899
917 0.8365747898780536
917.5 0.8342800940706572
918 0.8334275521459762
918.5 0.8339565076506824
919 0.8291742125383392
919.5 0.8278818825251115
920 0.8253277704209703
920.5 0.8232986645106977
921 0.8238332906565098
921.5 0.8224392301485151
922 0.8160317266273103
922.5 0.8185678623564743
923 0.8174226797960539
923.5 0.8128479680773901
924 0.8034911063186058
924.5 0.8062856611344732
925 0.8069221585358994
925.5 0.8033685805137668
926 0.8045747504628631
926.5 0.804146497578592
927 0.8015398068688394
927.5 0.8024865849041466
928 0.8017682340971005
928.5 0.8017992523566645
929 0.7992773607477472
929.5 0.7943929132930958
930 0.8002154539405287
930.5 0.7868529902349923
931 0.7897475716748333
931.5 0.7878663635406173
932 0.7934698582745202
932.5 0.7851822686160151
933 0.7833648613446689
933.5 0.7821828537843755
934 0.7788024621054546
934.5 0.7856626856392104
935 0.7814030013428551
935.5 0.7765586718215238
936 0.7775611164695948
936.5 0.7746679041402776
937 0.777837819386444
937.5 0.7751465201759699
938 0.7701893620490868
938.5 0.7619732038624821
939 0.7675326228706617
939.5 0.7642915399653923
940 0.7685536987342778
940.5 0.7597676471689626
941 0.7672764689145583
941.5 0.7646156938980789
942 0.7612154091831309
942.5 0.7531457440305455
943 0.7554968111633739
943.5 0.75840807972449
944 0.7539146866120157
944.5 0.7444388816402001
945 0.7555794863356949
945.5 0.7508732506987067
946 0.7480929689476485
946.5 0.7443697207633169
947 0.740057393316959
947.5 0.7364898557120169
948 0.7460427801836033
948.5 0.7340107814862378
949 0.736487121425656
949.5 0.7340711293987702
950 0.7309101449943189
950.5 0.7356273601941322
951 0.7353759589255376
951.5 0.7280339477678306
952 0.7297867512066462
952.5 0.7305642787129667
953 0.7276323132459652
953.5 0.7252945123715593
954 0.7243961385940364
954.5 0.7212541265224202
955 0.7191361691022533
955.5 0.7251739497992088
956 0.7206797221402829
956.5 0.7176219288987632
957 0.7045713374559818
957.5 0.7127599870094171
958 0.7118790191513534
958.5 0.7099547951279662
959 0.7073327485801828
959.5 0.7072622870303068
960 0.7051428464967343
960.5 0.7061655693418506
961 0.7074243052339433
961.5 0.7000510932385503
962 0.7061243523958431
962.5 0.707446004528823
963 0.6980585802579804
963.5 0.6941139481114474
964 0.6988798928110475
964.5 0.6888697405395813
965 0.6837968028430337
965.5 0.6910049557675124
966 0.6927853055235732
966.5 0.6882282649737328
967 0.6819976198778328
967.5 0.6857641369372348
968 0.6875746588944209
968.5 0.6785447590815872
969 0.6830561701280855
969.5 0.6806108574111233
970 0.6724845223511045
970.5 0.6768535173877885
971 0.670899838910866
971.5 0.6732435657827178
972 0.6794125134078142
972.5 0.6746879676012352
973 0.6714353041206822
973.5 0.6730369298407872
974 0.663738189939709
974.5 0.6630075525845909
975 0.6606560103918555
975.5 0.665584167951619
976 0.6658934519941456
976.5 0.660624496280271
977 0.6598331056090548
977.5 0.657182215027856
978 0.6562307682031637
978.5 0.6510575444141985
979 0.6563519154726556
979.5 0.6530580233874924
980 0.6518675481382916
980.5 0.6440016677135638
981 0.6414651418576489
981.5 0.651820243023177
982 0.647240697397974
982.5 0.6481468806095061
983 0.6449475032517511
983.5 0.6397372231024849
984 0.6373484791038817
984.5 0.6370584015980194
985 0.6318061195135779
985.5 0.6388767390119462
986 0.6348626151660831
986.5 0.6301287424653033
987 0.6304595688120099
987.5 0.6299503719509121
988 0.6315695735291371
988.5 0.6290146124084502
989 0.625499316465034
989.5 0.6231799854828844
990 0.6297106686430701
990.5 0.6249694517805302
991 0.6304751719280605
991.5 0.6189238568053635
992 0.6221694710884144
992.5 0.6176932564275318
993 0.6194010807199839
993.5 0.6144099784007402
994 0.6149226804835238
994.5 0.6090545904337807
995 0.610206737617857
995.5 0.6078792202841147
996 0.6078717699285942
996.5 0.6094960696015783
997 0.6049592584187868
997.5 0.6035306430500884
998 0.6063383068843682
998.5 0.6029062947697527
999 0.6024605945377497
999.5 0.6019997340896208
1000 0.5989905310701347
1000.5 0.5965371928040197
1001 0.5924396499136799
1001.5 0.5920992411219581
1002 0.5961002468508252
1002.5 0.5931104194166811
1003 0.5906111070189315
1003.5 0.5858665126754878
1004 0.5878586460690318
1004.5 0.5880376568862372
1005 0.5839787590235891
1005.5 0.5833514309462077
1006 0.5838755549194918
1006.5 0.5850817475994876
1007 0.5824061700461997
1007.5 0.5826342923650011
1008 0.5742826652842581
1008.5 0.5790041816349114
1009 0.574180387117155
1009.5 0.5707708658961635
1010 0.5779797382666478
1010.5 0.5646183946139542
1011 0.5681086300892622
1011.5 0.5715916902356267
1012 0.5695214022074935
1012.5 0.5673167897347422
1013 0.5605776576028162
1013.5 0.5627819164987927
1014 0.5623188587383526
1014.5 0.562345649143171
1015 0.5626775682711013
1015.5 0.554662607730952
1016 0.5609150455100755
1016.5 0.5594497102869798
1017 0.5573632637734605
1017.5 0.5543839792046026
1018 0.5562687853653767
1018.5 0.5536447477726063
1019 0.5520863049342972
1019.5 0.5499099863822997
1020 0.5510648068355889
1020.5 0.5449801103969775
1021 0.5466199694311543
1021.5 0.5417422413465496
1022 0.5393292628391027
1022.5 0.5424288581130853
1023 0.5342911530150544
1023.5 0.5409038039344972
1024 0.5394003532837274
1024.5 0.5400282716269703
1025 0.5385879969164041
1025.5 0.5413993594717084
1026 0.5304388087966739
1026.5 0.5304597571786822
1027 0.5311069649872103
1027.5 0.5302325171655924
1028 0.5275281856995125
1028.5 0.5238025264762932
1029 0.5212726547764659
1029.5 0.5277735334228117
1030 0.5325559672397545
1030.5 0.5204229790865711
1031 0.5189857774309462
1031.5 0.5209967257778726
1032 0.518320273297596
1032.5 0.5204160421352548
1033 0.5173467249924152
1033.5 0.5116904745334702
1034 0.5148012954952124
1034.5 0.5141126519199913
1035 0.5083723668267466
1035.5 0.5079549114557895
1036 0.5024217437817123
1036.5 0.5044561904663335
1037 0.5065889017775074
1037.5 0.5057937740586195
1038 0.5080520521154076
1038.5 0.5010561094385223
1039 0.4985480108647267
1039.5 0.4947194285459532
1040 0.5005282762637527
1040.5 0.4936526927404951
1041 0.5027758836852424
1041.5 0.4919509017921406
1042 0.4936671083125775
1042.5 0.494322932528463
1043 0.4920266746060523
1043.5 0.4935638021028458
1044 0.48809628994823
1044.5 0.4865618574071478
1045 0.4857217408341319
1045.5 0.4837458328917479
1046 0.4874107806075802
1046.5 0.4849337404114997
1047 0.4782700124087389
1047.5 0.4800361943664789
1048 0.4823431780443413
1048.5 0.475457001018085
1049 0.4718295427830269
1049.5 0.477622667585503
1050 0.4769395530179227
1050.5 0.4692426224011325
1051 0.4752489528677036
1051.5 0.4744555482643202
1052 0.465986097067045
1052.5 0.4692364458062877
1053 0.4696565415830322
1053.5 0.464830198189083
1054 0.4689782263403655
1054.5 0.4642320029689695
1055 0.4632972975028309
1055.5 0.4618698436315102
1056 0.4649741285506631
1056.5 0.46419581007867
1057 0.4599965605892736
1057.5 0.4592943524110211
1058 0.4614889045780716
1058.5 0.455899161201975
1059 0.449912897262112
1059.5 0.4523477630147493
1060 0.4535035165790309
1060.5 0.4497742739197669
1061 0.450566467887455
1061.5 0.4478380529599301
1062 0.4463840991336653
1062.5 0.447720219947451
1063 0.440893828817955
1063.5 0.4433590350037331
1064 0.4447770326859566
1064.5 0.4401520394316508
1065 0.4405850600073337
1065.5 0.4384808205601523
1066 0.435314168305676
1066.5 0.4329002601817964
1067 0.4372764858253992
1067.5 0.4370326441827399
1068 0.4323058546835274
1068.5 0.4310882439843464
1069 0.4330119862541921
1069.5 0.4346980942938786
1070 0.4297430027411786
1070.5 0.4304537969062795
1071 0.425346929325306
1071.5 0.4238811046218382
1072 0.427168865740625
1072.5 0.4295611789584983
1073 0.4249927324180902
1073.5 0.4233544604948161
1074 0.4181588049353921
1074.5 0.4169247866836038
1075 0.4191103573104294
1075.5 0.4150480085752454
1076 0.4175298854850668
1076.5 0.4155128145813355
1077 0.4166599337787875
1077.5 0.411584226371552
1078 0.4073707592849134
1078.5 0.4052345899570263
1079 0.4088189117226085
1079.5 0.4074276261979279
1080 0.4062006171935053
1080.5 0.4081697954099224
1081 0.4065939378980921
1081.5 0.4060297393716801
1082 0.4092430037276791
1082.5 0.4024333017260909
1083 0.3958774684883619
1083.5 0.4032321096979789
1084 0.3968479707546321
1084.5 0.3949302864696406
1085 0.3961167908624562
1085.5 0.3964863903532169
1086 0.3900912473435299
1086.5 0.3971697309435315
1087 0.389666800837045
1087.5 0.3895879578753478
1088 0.3908781723715827
1088.5 0.3872257657876943
1089 0.3834604921831985
1089.5 0.3845799662809484
1090 0.3841080320460771
1090.5 0.3869710478380001
1091 0.3809851362280234
1091.5 0.3823794801433117
1092 0.3853149041734206
1092.5 0.3760243980207583
1093 0.3762336155856192
1093.5 0.3766265142674788
1094 0.3720754115607026
1094.5 0.3737582679746683
1095 0.3714879903587736
1095.5 0.3706114281154859
1096 0.369880395872872
1096.5 0.366794930793497
1097 0.3696116732559588
1097.5 0.3666101434128494
1098 0.3655715763857768
1098.5 0.3644173958021765
1099 0.3616237289781291
1099.5 0.3641062350613415
1100 0.3633591898853685
1100.5 0.3635097840038805
1101 0.3598178822008869
1101.5 0.3598414358502879
1102 0.3566775172317327
1102.5 0.3565611884362951
1103 0.3560181367208519
1103.5 0.3568068091668725
1104 0.3541857919152092
1104.5 0.3568961821057457
1105 0.3520244534058802
1105.5 0.3526716842209581
1106 0.3480309571335655
1106.5 0.3482048428386344
1107 0.347556534741004
1107.5 0.342881244022292
1108 0.3443148963354157
1108.5 0.3450799668741571
1109 0.3439117171894252
1109.5 0.3454551859580105
1110 0.3381203470252679
1110.5 0.3404315030266781
1111 0.3357400599382409
1111.5 0.3341772136957528
1112 0.3379867585297898
1112.5 0.3327249438910348
1113 0.3343821119687649
1113.5 0.3335235128730342
1114 0.3333890117042943
1114.5 0.3341920070424849
1115 0.3284502418106718
1115.5 0.3328723475134464
1116 0.3287462227230084
1116.5 0.3274547005429301
1117 0.3258626997327515
1117.5 0.3247395980185774
1118 0.3233917863781522
1118.5 0.3218072917480652
1119 0.3212056276095891
1119.5 0.3242457220296867
1120 0.3235298087204601
1120.5 0.3173134403562411
1121 0.3157157409518518
1121.5 0.3200378934739384
1122 0.3179279167619689
1122.5 0.3172076850560521
1123 0.3142802885064262
1123.5 0.3133898183813707
1124 0.3112304795014143
1124.5 0.3102320672847148
1125 0.3132632973207312
1125.5 0.3056193578498115
1126 0.3055837876826646
1126.5 0.30367591366714
1127 0.304818748567708
1127.5 0.3029270723038576
1128 0.3039446465540015
1128.5 0.3045155161849985
1129 0.3058382476625261
1129.5 0.3019169052208357
1130 0.3014772691003876
1130.5 0.2971355794449854
1131 0.2983858814592638
1131.5 0.2956274333494347
1132 0.2962258514725083
1132.5 0.2933267314607623
1133 0.29527417750794
1133.5 0.2956260530001723
1134 0.2912665185963753
1134.5 0.2890905560421466
1135 0.290411508634801
1135.5 0.2884717649723804
1136 0.2849137240862326
1136.5 0.284273269305151
1137 0.2833173837061593
1137.5 0.2858774064984402
1138 0.2870356113492689
1138.5 0.2798521882243002
1139 0.2824930850228701
1139.5 0.277070976204226
1140 0.2809443860483184
1140.5 0.2765369270890314
1141 0.2775273732388535
1141.5 0.2777190108490898
1142 0.2726620649982194
1142.5 0.2763531115217767
1143 0.2726307876232348
1143.5 0.2729459427654402
1144 0.2709641366566158
1144.5 0.2702589653911116
1145 0.2700349844508814
1145.5 0.2699911577062322
1146 0.267635045180792
1146.5 0.264433056983597
1147 0.2664390349642016
1147.5 0.267150890750698
1148 0.2620352170236748
1148.5 0.2602325480122789
1149 0.2622824756426297
1149.5 0.2638405202525272
1150 0.2608390446375652
1150.5 0.2625618572894452
1151 0.2585926123431236
1151.5 0.2578578337724721
1152 0.2564958574293946
1152.5 0.2540818654244845
1153 0.2545598470683114
1153.5 0.2508152616446968
1154 0.2517794730369894
1154.5 0.2547133309378053
1155 0.251037019482248
1155.5 0.2493821119822049
1156 0.2493194952631591
1156.5 0.247057014445406
1157 0.2468082664787184
1157.5 0.2446221386496344
1158 0.2469453970127819
1158.5 0.2441062247074862
1159 0.2440830659846126
1159.5 0.2404786577935878
1160 0.2412536201210146
1160.5 0.2399475655886142
1161 0.2396358795306384
1161.5 0.2385665464995319
1162 0.2396081504840626
1162.5 0.2351058363450452
1163 0.2353225105949898
1163.5 0.2365964124871542
1164 0.2340706047732973
1164.5 0.2311197366845829
1165 0.227710126289517
1165.5 0.2286846834614551
1166 0.2282455619559521
1166.5 0.2269051775426114
1167 0.2258904989256325
1167.5 0.2241271522432961
1168 0.2253423960821711
1168.5 0.2244351218251744
1169 0.2221016032311648
1169.5 0.2215205969929617
1170 0.2217910695039675
1170.5 0.220636942239144
1171 0.2183602014612817
1171.5 0.2191598144945612
1172 0.2151812689196642
1172.5 0.218065093936974
1173 0.2152262102714105
1173.5 0.2129062406072972
1174 0.214802632114468
1174.5 0.211848066527163
1175 0.2097987772381734
1175.5 0.2100416520750397
1176 0.2097379344432403
1176.5 0.2092868797499593
1177 0.2084503492458076
1177.5 0.2070023614838591
1178 0.2034364457331304
1178.5 0.2041588454863424
1179 0.2051742495642329
1179.5 0.2032812558555355
1180 0.2045780405000425
1180.5 0.2006788858398432
1181 0.2014678863748254
1181.5 0.2000349976940826
1182 0.2009919939865347
1182.5 0.1973450580088479
1183 0.1992582154176513
1183.5 0.1933496102892024
1184 0.1963739398374753
1184.5 0.1932700000065264
1185 0.1917287226016579
1185.5 0.1958437280426873
1186 0.1927031278045675
1186.5 0.1937813609506318
1187 0.1886263722145391
1187.5 0.1894271391137266
1188 0.1877849745525082
1188.5 0.187671562528006
1189 0.1858331660704639
1189.5 0.1851876742555148
1190 0.1842543145153269
1190.5 0.1805581325451392
1191 0.182869071883185
1191.5 0.1816073182435672
1192 0.1798603704282584
1192.5 0.179388705300973
1193 0.1789840988948062
1193.5 0.1761720871432854
1194 0.1773379393302754
1194.5 0.1741569520248459
1195 0.1730636748577614
1195.5 0.1758363373191083
1196 0.1709264196055074
1196.5 0.1755095703930318
1197 0.1722112967095402
1197.5 0.1707069532348897
1198 0.1681964520364967
1198.5 0.1679356482666745
1199 0.168222463830814
1199.5 0.1683228354122809
1200 0.1645440298351742
1200.5 0.162922212184772
1201 0.1632665561267357
1201.5 0.1624767372839624
1202 0.1624396060379006
1202.5 0.1590945839372763
1203 0.159125446145957
1203.5 0.1594169180712373
1204 0.1588937903602353
1204.5 0.1572652725921808
1205 0.156842213432908
1205.5 0.1550014455605071
1206 0.1550676740500434
1206.5 0.1558039103714842
1207 0.1505879341197069
1207.5 0.1520495721539507
1208 0.1525922368905138
1208.5 0.1497295385128896
1209 0.1511127553745659
1209.5 0.1472233647913625
1210 0.1482838618651462
1210.5 0.147119813927145
1211 0.1449169222009733
1211.5 0.1418171220053843
1212 0.1444957914727641
1212.5 0.1458642909255197
1213 0.1428781605749659
1213.5 0.1425146924474366
1214 0.1425147606489856
1214.5 0.1385785563283573
1215 0.1370682603772839
1215.5 0.1391387110653232
1216 0.1382262383381011
1216.5 0.135645958731845
1217 0.1351520765916964
1217.5 0.1349137142918506
1218 0.1343256979156016
1218.5 0.1308667182598345
1219 0.133628911824446
1219.5 0.1326306390986594
1220 0.1291179857741766
1220.5 0.1290967175922952
1221 0.1290648869351444
1221.5 0.1270821729162388
1222 0.1255768131449118
1222.5 0.1232737361257932
1223 0.1260868652382809
1223.5 0.1270244126785897
1224 0.1227722354850102
1224.5 0.1229028554025166
1225 0.1207893905077784
1225.5 0.1193707911184837
1226 0.1206971054792952
1226.5 0.1179001515095221
1227 0.1184520472046836
1227.5 0.1179483098051445
1228 0.1171010306516984
1228.5 0.1168910488787395
1229 0.1165876165396849
1229.5 0.1125791850772504
1230 0.1134236865043838
1230.5 0.1130301699586031
1231 0.1140182245005962
1231.5 0.1122968151513718
1232 0.1114489379863672
1232.5 0.1099602053296456
1233 0.1101711799353949
1233.5 0.109647552480564
1234 0.10950705107377
1234.5 0.1080865113164265
1235 0.1077307915898489
1235.5 0.1036957529487381
1236 0.1051567823310399
1236.5 0.1057098015460825
1237 0.1033930064442149
1237.5 0.1043882894017769
1238 0.1043758493074409
1238.5 0.1029991008365935
1239 0.1010915623538637
1239.5 0.1015425684779781
1240 0.09922989080829529
1240.5 0.1014504957624627
1241 0.09978519558352418
1241.5 0.1002152539631346
1242 0.09608513381078176
1242.5 0.09742449313085623
1243 0.09611390088216396
1243.5 0.09628083602389884
1244 0.09525789195851862
1244.5 0.09537438866538754
1245 0.09416088360675512
1245.5 0.09442001274887178
1246 0.09357400958090839
1246.5 0.0921217367889515
1247 0.09221989119100572
1247.5 0.09069008785789644
1248 0.09229441223091001
1248.5 0.09068618619824116
1249 0.08869723318885536
1249.5 0.08918055326972026
1250 0.08876684389096828
1250.5 0.0890782261690151
1251 0.08787094589375484
1251.5 0.08816239809357385
1252 0.08783101132713814
1252.5 0.08603577220052271
1253 0.08555622769425632
1253.5 0.08544793215274334
1254 0.08458934433311728
1254.5 0.08410201881612354
1255 0.0838352206526444
1255.5 0.08239095154563685
1256 0.08405086809730403
1256.5 0.08252894377881702
1257 0.0815869856274429
1257.5 0.08176092339914838
1258 0.07986655888738908
1258.5 0.0809356324449981
1259 0.08123864080602801
1259.5 0.07877384192870157
1260 0.07997000320222068
1260.5 0.07792599090486632
1261 0.07809179249587073
1261.5 0.07659625466962827
1262 0.07498450938096092
1262.5 0.0760011273256178
1263 0.07574368927807887
1263.5 0.07689603408686312
1264 0.07592918150541549
1264.5 0.07588882728723789
1265 0.07510123714159521
1265.5 0.07430504295604889
1266 0.07317630314728295
1266.5 0.07368747569316247
1267 0.07138477062348572
1267.5 0.07153413281184222
1268 0.07210403988187301
1268.5 0.07117693202210125
1269 0.07028057472047938
1269.5 0.07108436837324961
1270 0.07018945084281626
1270.5 0.07012446854717594
1271 0.06889077098544655
1271.5 0.0693718777643593
1272 0.06800452222902328
1272.5 0.06726118294315868
1273 0.06789772283877918
1273.5 0.06863026013804517
1274 0.06735493819342074
1274.5 0.06649811736756228
1275 0.06598138274457584
1275.5 0.0667227146091964
1276 0.06458305734126962
1276.5 0.06530497045677512
1277 0.0646942192209347
1277.5 0.06464358786367123
1278 0.0628589752253851
1278.5 0.06395531572413155
1279 0.06297232673485656
1279.5 0.06316339462536716
1280 0.06169274310725751
1280.5 0.06195164522951924
1281 0.06023489543305961
1281.5 0.05997711896553162
1282 0.06036115324720038
1282.5 0.06018973823171637
1283 0.05970313759459264
1283.5 0.05870151340313304
1284 0.05903755407554567
1284.5 0.05928722706438934
1285 0.05710662715741002
1285.5 0.05786201620180931
1286 0.05752209484525507
1286.5 0.0579242054433339
1287 0.05723325494434697
1287.5 0.05685659340565676
1288 0.05588297268799138
1288.5 0.05547947727264737
1289 0.05659176542100208
1289.5 0.05383215044185986
1290 0.05594620557932962
1290.5 0.05487304721025331
1291 0.05180958413911149
1291.5 0.05376931735968325
1292 0.0539256524822828
1292.5 0.05422300898276779
1293 0.05355993287144894
1293.5 0.0529636940563139
1294 0.05185153667058327
1294.5 0.05121994803947328
1295 0.05085202336688853
1295.5 0.05147840676888521
1296 0.05130754397399773
1296.5 0.05032255764353136
1297 0.0491800671945818
1297.5 0.05056278888313846
1298 0.04902026740744583
1298.5 0.04957975726025619
1299 0.04963484296597779
1299.5 0.04875808669636605
1300 0.04856231327795826
1300.5 0.04733418215723354
1301 0.04891530195787142
1301.5 0.04647192324494923
1302 0.04698385640663494
1302.5 0.04613163053830585
1303 0.04570700079652418
1303.5 0.04589419059190172
1304 0.04460981650701749
1304.5 0.0449547178055331
1305 0.04523440415176663
1305.5 0.04603063965597117
1306 0.04508213480740703
1306.5 0.04338842228578545
1307 0.04378813923986527
1307.5 0.04317481904733431
1308 0.04399711211548487
1308.5 0.0427688342815623
1309 0.04309429192498885
1309.5 0.04246497110746821
1310 0.04291850029737621
1310.5 0.04190545860806576
1311 0.04193758295482881
1311.5 0.04066152508611501
1312 0.04029233201443295
1312.5 0.03981408442584398
1313 0.04003019109554491
1313.5 0.04008179969334951
1314 0.03994194675384215
1314.5 0.04017564066936746
1315 0.03942626816873822
1315.5 0.03882349760470186
1316 0.03861229714329076
1316.5 0.03815629091308097
1317 0.03741067936126925
1317.5 0.03729164383985047
1318 0.03746262437007551
1318.5 0.03835740095467447
1319 0.0374872370069446
1319.5 0.03792876206750484
1320 0.03696991602425519
1320.5 0.03708629930524785
1321 0.03558852423875968
1321.5 0.03657069421555861
1322 0.03566974865200035
1322.5 0.03556181686424888
1323 0.03588552732492512
1323.5 0.035364376999754
1324 0.03347968396541763
1324.5 0.03561594319405613
1325 0.03512303165486682
1325.5 0.0338785929867229
1326 0.03304766257158272
1326.5 0.03444452959288925
1327 0.03387352762399889
1327.5 0.03348194636749686
1328 0.03204709487647031
1328.5 0.03256679668752018
1329 0.03302334884890516
1329.5 0.03263354586168472
1330 0.03066990730481702
1330.5 0.03098461564150019
1331 0.03249786174332189
1331.5 0.03120434084315789
1332 0.03113657709221724
1332.5 0.03063468593444263
1333 0.03038147868413011
1333.5 0.03047372828544125
1334 0.03075150722173233
1334.5 0.03019836223905686
1335 0.02901921504772465
1335.5 0.02900631188483668
1336 0.02908157259584065
1336.5 0.02931526872585895
1337 0.02891485691545258
1337.5 0.02816321524328246
1338 0.02856403932379124
1338.5 0.02840218505163353
1339 0.02794218689859257
1339.5 0.02762317571743583
1340 0.02819843015385532
1340.5 0.02829122870630971
1341 0.02649395554737151
1341.5 0.02715617417824609
1342 0.02569440001528212
1342.5 0.02686255982329698
1343 0.02556891393195707
1343.5 0.0254016948219777
1344 0.02537408762936058
1344.5 0.0255554143144461
1345 0.02461446240896244
1345.5 0.02556958929676885
1346 0.0249426621363139
1346.5 0.02550558909501873
1347 0.02391704708795325
1347.5 0.02512979457017314
1348 0.02438379813199814
1348.5 0.02360429059152908
1349 0.0235349190955619
1349.5 0.02332740742218607
1350 0.02415620248474873
1350.5 0.02331012786586971
1351 0.02315494738400816
1351.5 0.0232842596614275
1352 0.02263866711059845
1352.5 0.02294878862808166
1353 0.02210669702546594
1353.5 0.02243391864310499
1354 0.02183374664162496
1354.5 0.02168898851499019
1355 0.0213559028105796
1355.5 0.02177688734793525
1356 0.02186351644888968
1356.5 0.02120608866006576
1357 0.02178003775850885
1357.5 0.02098701583519336
1358 0.02028900730772671
1358.5 0.02040196044758585
1359 0.02028471779613584
1359.5 0.01939294581752862
1360 0.01989760903571818
1360.5 0.01971297379462371
1361 0.01833089535241483
1361.5 0.01950577548840949
1362 0.01961868552570338
1362.5 0.01908727156348676
1363 0.01846346766273795
1363.5 0.01915238033713438
1364 0.01802200879308138
1364.5 0.0188285378039061
1365 0.01856985081629701
1365.5 0.0174845649342993
1366 0.0182559732273129
1366.5 0.01806566685078243
1367 0.01726097486298134
1367.5 0.01730725170699717
1368 0.0164706496525131
1368.5 0.01687029174760252
1369 0.01680759849839565
1369.5 0.0166107638962875
1370 0.01679983711773888
1370.5 0.0162263197263802
1371 0.01657443637540098
1371.5 0.01654562403097729
1372 0.01608219534855127
1372.5 0.01605377475565372
1373 0.01597531194115906
1373.5 0.01584691621003808
1374 0.01600207315264482
1374.5 0.01600708986649859
1375 0.01492187444359081
1375.5 0.01497755805140277
1376 0.01455947524041674
1376.5 0.01506375832392033
1377 0.01534325556121003
1377.5 0.01416293100498934
1378 0.0147741123129437
1378.5 0.01449015382790816
1379 0.01375980264903135
1379.5 0.01437820464219367
1380 0.01360767457143839
1380.5 0.0136225876352984
1381 0.01311771694223682
1381.5 0.01365233832263507
1382 0.01308226373632715
1382.5 0.01342678915971102
1383 0.01276720538443906
1383.5 0.01301280962200348
1384 0.01252697329563806
1384.5 0.0132156474336333
1385 0.01319790462126774
1385.5 0.01263100964189426
1386 0.01178644466353687
1386.5 0.01207259858837087
1387 0.01222747430018022
1387.5 0.01226770140749909
1388 0.0119648478586511
1388.5 0.0119807160590813
1389 0.01134412822257033
1389.5 0.01135226452722775
1390 0.01066003263406056
1390.5 0.01158007579165
1391 0.01113262746403577
1391.5 0.01089709770058788
1392 0.01124656223973834
1392.5 0.01075973572514669
1393 0.01079255600045403
1393.5 0.01036346742289809
1394 0.01025887068615835
1394.5 0.01054279754285996
1395 0.009920752969791868
1395.5 0.01036610164249189
1396 0.01026179187288715
1396.5 0.010327057086606
1397 0.01040028849088646
1397.5 0.009973911256642178
1398 0.009435431304069012
1398.5 0.01000792235102745
1399 0.009405868894132629
1399.5 0.009800822260068514
1400 0.008950911933583543
1400.5 0.009000675797347948
1401 0.009306886922958255
1401.5 0.008931762189878229
1402 0.008669237831681782
1402.5 0.008479077671554026
1403 0.008744811816057203
1403.5 0.008562852036165747
1404 0.008596664458947054
1404.5 0.008598521112502006
1405 0.007970688550656468
1405.5 0.008267689192228176
1406 0.008349362846009435
1406.5 0.007842344752106422
1407 0.007741395401956702
1407.5 0.007712069079658671
1408 0.007928821974948059
1408.5 0.007368014969264655
1409 0.007339010155091458
1409.5 0.007769397386105686
1410 0.007478974825495753
1410.5 0.007204779338390932
1411 0.007563214166791461
1411.5 0.006910266175701082
1412 0.007386776238259384
1412.5 0.006845281310007657
1413 0.006911363862138425
1413.5 0.006733222674330185
1414 0.006578940318851922
1414.5 0.006338370569505513
1415 0.0063653256540248
1415.5 0.006266595061681003
1416 0.006301406937445307
1416.5 0.00648516216038142
1417 0.006504095060510815
1417.5 0.005669449865860805
1418 0.006080188523260719
1418.5 0.005669278793784081
1419 0.006016922566031733
1419.5 0.005653485213830645
1420 0.005704126869073222
1420.5 0.005809279670637748
1421 0.0052675301279826
1421.5 0.005209318100486238
1422 0.005501342820382444
1422.5 0.005365287871823796
1423 0.005423680657156041
1423.5 0.005109276884493276
1424 0.004973779626960955
1424.5 0.005078844089126892
1425 0.005222502493678199
1425.5 0.004506475657939073
1426 0.004836035213290455
1426.5 0.00479398450173711
1427 0.004682450188806937
1427.5 0.004547906726625167
1428 0.004706758421205677
1428.5 0.004502988583091387
1429 0.004484427583644994
1429.5 0.004142499307156923
1430 0.004331963693322912
1430.5 0.004313557833367124
1431 0.004141503052986649
1431.5 0.003770051437052298
1432 0.004082010190080448
1432.5 0.004002485155736559
1433 0.004091639517404741
1433.5 0.003675313002124838
1434 0.003841084865673666
1434.5 0.003685483076184779
1435 0.003453688152934602
1435.5 0.003443647077804575
1436 0.003334425705560561
1436.5 0.003659977915916083
1437 0.003337406153893749
1437.5 0.003700573638207822
1438 0.003424074693155932
1438.5 0.003246808174704787
1439 0.003168567441200151
1439.5 0.003075248199947327
1440 0.002822711183174182
1440.5 0.003101310652976366
1441 0.003015807372931144
1441.5 0.002998571304878715
1442 0.003147830202861648
1442.5 0.002941483698136503
1443 0.002758091630811933
1443.5 0.002650464722724568
1444 0.002837278366156847
1444.5 0.00279007013149749
1445 0.002614822833909912
1445.5 0.002703377810413553
1446 0.002603682361849321
1446.5 0.002248447753918654
1447 0.002216835369191671
1447.5 0.002433079802554901
1448 0.002423895468595335
1448.5 0.002219745581379069
1449 0.002195732032228706
1449.5 0.002231661457373745
1450 0.001998130021630427
1450.5 0.001989274238785714
1451 0.002182209865072361
1451.5 0.002001470539257882
1452 0.001858294761137957
1452.5 0.001760062982643362
1453 0.001997340248617821
1453.5 0.001608689277569702
1454 0.001838301020924954
1454.5 0.001591603224600489
1455 0.001597941814685737
1455.5 0.001522572318327242
1456 0.001476994284155615
1456.5 0.001446312439819123
1457 0.001452731842621443
1457.5 0.001459142097728752
1458 0.001391525885115851
1458.5 0.001227845461559458
1459 0.001419185394858248
1459.5 0.00142559971061927
1460 0.001387716096663263
1460.5 0.001172850047778694
1461 0.001186790147794166
1461.5 0.001267007820962959
1462 0.001118915605210646
1462.5 0.001250563244300978
1463 0.001264411050705769
1463.5 0.001087238318033089
1464 0.0009470132273568573
1464.5 0.001144443441046011
1465 0.0009897078325610319
1465.5 0.0009817064422917091
1466 0.001068890958155949
1466.5 0.0009291547993649855
1467 0.0008627207977982031
1467.5 0.000964419980922101
1468 0.0009710643668032847
1468.5 0.0008463667152433854
1469 0.0006707994903018574
1469.5 0.0008087835065519109
1470 0.0007499823508813887
1470.5 0.0007130902627283854
1471 0.0007998634055288998
1471.5 0.0007266544797966038
1472 0.0006898528668708628
1472.5 0.0006603577415838542
1473 0.0006236507453668309
1473.5 0.0005942402437309514
1474 0.0005286599143329716
1474.5 0.0005427754521407721
1475 0.0005062470290765525
1475.5 0.0003974959883641233
1476 0.000447782856739906
1476.5 0.0004546970483717567
1477 0.0004616017764776066
1477.5 0.0004036282324467645
1478 0.0003745441029748449
1478.5 0.0004102803205196929
1479 0.0003380726190612011
1479.5 0.0004241022346549028
1480 0.0003232492836830869
1480.5 0.0002871386512326052
1481 0.0002295558418877277
1481.5 0.0002939199284662007
1482 0.000322377404690489
1482.5 0.0003579555401257421
1483 0.0002360913774337606
1483.5 0.0002502311842206013
1484 0.000257207238751329
1484.5 0.0001713560040431404
1485 0.0002069157639334215
1485.5 0.0001853858249498096
1486 0.0001425085315452943
1486.5 0.0001495333131224647
1487 0.0001352010772844514
1487.5 0.0001279991378650766
1488 8.527542092768836e-05
1488.5 9.942116455785246e-05
1489 0.0001064511485810402
1489.5 6.382781572197583e-05
1490 9.213386787114331e-05
1490.5 5.665973179783134e-05
1491 2.831086850404396e-05
1491.5 6.365675297616731e-05
1492 4.2409396494107e-05
1492.5 1.412699541590443e-05
1493 4.235260453998894e-05
1493.5 5.643233511029755e-05
1494 2.819728439184607e-05
1494.5 3.522302522253647e-05
1495 1.407978744417591e-05
1495.5 2.814074849751016e-05
1496 1.406097049012128e-05
1496.5 2.810315231132964e-05
1497 0
1497.5 1.403281570895032e-05
1498 0
1498.5 0
1499 7.002372703087198e-06
1499.5 0
1500 6.993039318315394e-06
