0.5 0
1 0
1.5 0
2 0
2.5 0
3 0
3.5 0
4 0
4.5 0
5 0
5.5 0
6 0
6.5 0
7 0
7.5 0
8 0
8.5 0
9 0
9.5 0
10 0
10.5 0
11 0
11.5 0
12 0
12.5 0
13 0
13.5 0
14 0
14.5 0
15 0
15.5 0
16 0
16.5 0
17 0
17.5 0
18 0
18.5 0
19 0
19.5 0
20 0
20.5 0
21 0
21.5 0
22 0
22.5 0
23 0
23.5 0
24 0
24.5 0
25 0
25.5 0
26 0
26.5 0
27 0
27.5 0
28 0
28.5 0
29 0
29.5 0
30 0
30.5 0
31 0
31.5 0
32 0
32.5 0
33 0
33.5 0.02130815661220869
34 0.3102908143345746
34.5 0.9174800223630933
35 1.216801558572946
35.5 2.02398603519841
36 2.73081454953054
36.5 3.966815842018627
37 6.288318738421062
37.5 16.86314887234426
38 29.41661973722412
38.5 36.68097154296224
39 39.56689560010665
39.5 55.06279182914616
40 79.54087821896783
40.5 94.05349312265876
41 102.3145945592843
41.5 111.6846186694796
42 118.4628255330821
42.5 122.3202245934327
43 123.2426709095309
43.5 127.7386180929484
44 126.8817748083444
44.5 116.8936257431818
45 104.3948578999631
45.5 95.35969433653815
46 80.90064262884496
46.5 70.10521736491461
47 58.4565981410034
47.5 49.19160976947074
48 41.13174093670006
48.5 33.59877789153332
49 27.03044387728071
49.5 22.88915037807684
50 19.97220337872437
50.5 16.55935578344022
51 14.86331308170554
51.5 11.9433908297352
52 11.30211340709669
52.5 10.32148487830504
53 9.355811162370339
53.5 8.613637592645924
54 8.055766243710211
54.5 7.328969849702646
55 7.256927702443309
55.5 7.175929161169386
56 6.537461582239341
56.5 5.877921778938841
57 5.652583713814505
57.5 5.549883533815641
58 5.606256870942247
58.5 5.340803038177751
59 5.365157859821314
59.5 5.318145331216436
60 5.486723070597305
60.5 5.768799547396822
61 6.013080003032316
61.5 6.183354094883755
62 6.303829294526161
62.5 6.089098838530117
63 6.573234800965953
63.5 6.598620033841731
64 6.383048366406898
64.5 6.74239321752156
65 7.565400064677345
65.5 8.212093942512002
66 8.986618440525671
66.5 10.62382921212459
67 11.4389287413207
67.5 11.50102092403685
68 12.21339121978034
68.5 12.62521543181747
69 13.45581558345289
69.5 14.55833416514175
70 14.9611282542719
70.5 15.18107429362794
71 15.21942624123804
71.5 15.89449686925679
72 16.80465777692526
72.5 17.5487687602485
73 17.48270873360246
73.5 17.77241171985295
74 17.54761166473748
74.5 17.2108965564005
75 15.83435508399788
75.5 15.06178216177475
76 13.86097432166819
76.5 12.84816790833708
77 12.20996127962113
77.5 11.90561107393562
78 11.95784954113157
78.5 11.23038661621976
79 11.36966442900026
79.5 11.135032757398
80 11.04983514278283
80.5 10.66821661039714
81 10.4227151686898
81.5 10.27242044833796
82 10.20087461397138
82.5 10.0975116033997
83 10.02828923385251
83.5 9.787365018354976
84 9.960393774080572
84.5 9.943339635538537
85 9.811257642230654
85.5 9.704474354349749
86 9.446463643154807
86.5 9.688063449083618
87 9.681284759006683
87.5 9.082675334323319
88 8.464068811443486
88.5 8.201793937933319
89 7.785864173338477
89.5 7.637417869523133
90 7.086340746367356
90.5 6.64621205452547
91 6.163323402479648
91.5 5.858129479263404
92 5.720228433223182
92.5 5.252376451439697
93 5.293742027450039
93.5 5.021183513801292
94 4.742381734988502
94.5 4.603071849622355
95 4.660731915281117
95.5 4.521161021368161
96 4.37126374577513
96.5 4.242197761905082
97 4.12571982682217
97.5 3.992954847103742
98 4.194665418686339
98.5 4.342791081623977
99 4.252677918098485
99.5 4.506334076035542
100 4.658267742068375
100.5 4.608875356122177
101 4.510220912703709
101.5 4.569572767924496
102 4.466655426100171
102.5 4.652310099365298
103 4.70116988057707
103.5 4.524151286267322
104 4.58835146534846
104.5 4.626301081890023
105 4.559210117861555
105.5 4.594158568852108
106 4.623280356776425
106.5 4.58840445271195
107 4.863795038977079
107.5 4.826932760738197
108 5.00170963163514
108.5 5.025458756602916
109 4.982813902759205
109.5 4.996579163501258
110 4.955211526668353
110.5 4.920914468805307
111 4.696830662647831
111.5 4.645824868945392
112 4.66925230426659
112.5 4.442046274384467
113 4.470866161932878
113.5 4.398148972739699
114 4.389093864589475
114.5 4.30646089493022
115 4.549964248129265
115.5 4.436563777003935
116 4.382998160196713
116.5 4.372472541489467
117 4.251912754554507
117.5 4.231391681732483
118 4.307811875283332
118.5 4.237476969594195
119 4.066287243089281
119.5 3.948044935153941
120 3.707634294477476
120.5 3.668694991249146
121 3.569839433020098
121.5 3.338033449785152
122 3.232003724465624
122.5 3.469139355686963
123 3.242362056911607
123.5 3.116864762314138
124 3.137399250861211
124.5 2.981115735991847
125 2.969047858599638
125.5 2.93582154517029
126 2.810143231057626
126.5 2.820350303407041
127 2.882695525569114
127.5 2.746862841524601
128 2.629115348480402
128.5 2.554628892440602
129 2.575099881883767
129.5 2.61799392375081
130 2.63562690532525
130.5 2.519050706357445
131 2.55606068810201
131.5 2.487798215138812
132 2.494148021673079
132.5 2.429048939942071
133 2.311232610662835
133.5 2.397714752101307
134 2.345228987131219
134.5 2.244987148183339
135 2.274312017226635
135.5 2.189831642735625
136 2.248746484996958
136.5 2.296045721700472
137 2.290783505086903
137.5 2.246327424756308
138 2.265656642815431
138.5 2.358199584719217
139 2.340852075861887
139.5 2.315090524539432
140 2.355519594670623
140.5 2.416716714444456
141 2.286944004089736
141.5 2.228212810062349
142 2.264729686650721
142.5 2.198619540352434
143 2.098294993310018
143.5 2.032215412428929
144 2.015052064842214
144.5 1.99693194898474
145 1.884233078517868
145.5 1.91272249329287
146 1.976676898652947
146.5 1.951322528234475
147 1.94876818422547
147.5 2.031936183734973
148 1.990209211830138
148.5 2.019482078869232
149 2.038982842619294
149.5 2.053898287008228
150 2.060421719360383
150.5 2.046402033503203
151 2.000709760278454
151.5 1.886117638938465
152 1.946525714925625
152.5 1.922471862458611
153 1.895625748587738
153.5 1.875177392593065
154 1.856970823329299
154.5 1.843301386236601
155 1.787301495242759
155.5 1.874721158756109
156 1.796887328329347
156.5 1.830661644860967
157 1.800910592770324
157.5 1.773427821156424
158 1.806604171514364
158.5 1.682903531500345
159 1.66319225833261
159.5 1.662807414352948
160 1.67080183093363
160.5 1.733433839637981
161 1.640885617233919
161.5 1.609653893850616
162 1.568752880472165
162.5 1.623108474723993
163 1.615866137112974
163.5 1.523104194323655
164 1.479156455500614
164.5 1.467527195457188
165 1.444592967153042
165.5 1.479821049274716
166 1.484515413295578
166.5 1.474462665323421
167 1.465646764809144
167.5 1.427078275508324
168 1.443166955471014
168.5 1.52585750278108
169 1.528284715510526
169.5 1.467399617143752
170 1.452161011085809
170.5 1.465318127444445
171 1.460850507442705
171.5 1.460204147913199
172 1.435560704242122
172.5 1.400195058946537
173 1.412886974856735
173.5 1.378805029448769
174 1.320869292829776
174.5 1.313048913669399
175 1.259487217526093
175.5 1.305374353082744
176 1.28252824261931
176.5 1.291903844820204
177 1.338045487020453
177.5 1.334565791958952
178 1.310977711233902
178.5 1.35067582290138
179 1.2946294004234
179.5 1.325277973809228
180 1.316203409007963
180.5 1.256320003914365
181 1.266906800699741
181.5 1.254370909513239
182 1.249413365050536
182.5 1.2581327831971
183 1.245316651857067
183.5 1.243510632801422
184 1.220280868019253
184.5 1.217890806918519
185 1.215042920679359
185.5 1.24903985162766
186 1.196483389125524
186.5 1.221014393097023
187 1.198081557496804
187.5 1.250423744954334
188 1.242202710496322
188.5 1.202644688716237
189 1.226414722005258
189.5 1.228830245817202
190 1.231865802319185
190.5 1.209812900153127
191 1.279961398761584
191.5 1.237856812958951
192 1.183631665234125
192.5 1.213843849388276
193 1.212270496428183
193.5 1.177273672851954
194 1.179896568543445
194.5 1.166252676326603
195 1.191094573773806
195.5 1.170202400659557
196 1.168181950296997
196.5 1.150271177669102
197 1.158611638830915
197.5 1.140695876750024
198 1.170523368449655
198.5 1.159171885561809
199 1.145101597220216
199.5 1.122746042362674
200 1.152411120481751
200.5 1.128825130603131
201 1.154389114241047
201.5 1.144740847598319
202 1.120913357462486
202.5 1.115384816653541
203 1.09809789212273
203.5 1.095788141347754
204 1.096743952394922
204.5 1.097486723846772
205 1.06255060243984
205.5 1.085699066556244
206 1.0445583229139
206.5 1.069788372895638
207 1.103133927942649
207.5 1.081902799725563
208 1.095868716507093
208.5 1.084384849147942
209 1.084859574464981
209.5 1.079505813841391
210 1.06569548267173
210.5 1.054882288990413
211 1.060273072671168
211.5 1.076827381698167
212 1.065901294469323
212.5 1.085604129085232
213 1.104056271283577
213.5 1.08769934111837
214 1.044852620203958
214.5 1.079486953026171
215 1.066884573831353
215.5 1.056447081686003
216 1.058908194318712
216.5 1.080722001521266
217 1.108925502374889
217.5 1.05479982754499
218 1.057682256321514
218.5 1.032978953135939
219 1.04870990293018
219.5 1.041621437972962
220 1.036892175349108
220.5 1.022686262704144
221 1.054784764257386
221.5 1.067249697147592
222 1.039804556823791
222.5 1.07506713372896
223 1.044284744037373
223.5 1.057968440966987
224 1.050232273527029
224.5 1.047299087708329
225 1.046585906204223
225.5 1.049944372750885
226 1.02922934717772
226.5 1.01769848213438
227 1.021728122008501
227.5 1.020476173414466
228 1.010485207086523
228.5 1.040570267289618
229 1.05001524291183
229.5 1.045899011914645
230 1.038794990283586
230.5 1.03984421223975
231 1.026982355787948
231.5 1.023889549766521
232 1.032069001838454
232.5 1.037366996186937
233 1.052006909327469
233.5 1.005547617091348
234 1.020179559843809
234.5 1.022936470832359
235 1.036197328529046
235.5 1.004063079435246
236 1.010403715598017
236.5 1.011693886224885
237 1.007713461523389
237.5 1.01718243930092
238 1.002921829370754
238.5 1.008109961575128
239 1.016734603334215
239.5 1.005545581904185
240 1.025024157181049
240.5 1.017183445283495
241 1.015300222402408
241.5 1.049641974042687
242 1.01536534125095
242.5 1.031243579218499
243 1.035643506419916
243.5 1.029378173653376
244 1.035071283920619
244.5 1.021508476826546
245 1.02079598174727
245.5 1.030132171048795
246 1.028978403826514
246.5 1.039763242453518
247 1.043005172600342
247.5 1.018105244787227
248 1.023724251592561
248.5 0.9899202107102425
249 1.017832209843344
249.5 1.004153202172616
250 1.004859453518323
250.5 1.006695320775911
251 1.006737288179624
251.5 0.998201628361171
252 1.014829731244457
252.5 1.005563598083879
253 0.9984797215081974
253.5 1.001242936742226
254 1.003111819479497
254.5 0.9799758693245834
255 0.9869239886252482
255.5 0.9921008008249871
256 0.9847019735981374
256.5 0.9934667878360544
257 0.9967252467246284
257.5 0.9995902843406959
258 1.004581143467398
258.5 0.98459496185255
259 0.9842430859852923
259.5 0.995250073062765
260 0.9994440609134223
260.5 0.992322158887894
261 1.002097280251075
261.5 0.9911583229064532
262 0.9892368254561615
262.5 0.982926948847945
263 1.021601407133851
263.5 1.006706958362774
264 1.008615709975004
264.5 0.9956911020501381
265 0.9986342324116984
265.5 1.0153438911459
266 1.017050497614743
266.5 0.9874242082039294
267 0.9892082825890813
267.5 0.9915291071728598
268 0.9825057837910602
268.5 0.9920074285249592
269 1.000109829163716
269.5 0.9787328574723831
270 0.9918405917434043
270.5 0.9855627732313305
271 0.9845342402485556
271.5 0.9859937442144326
272 0.9823720989939759
272.5 1.015374966068654
273 1.010161721700249
273.5 0.9978401696490482
274 1.009596790409314
274.5 0.9979882172629602
275 1.000264980336776
275.5 1.011865414733256
276 1.000982424033457
276.5 0.9956973236645055
277 1.002182880783537
277.5 1.010167943510307
278 0.9865284678189526
278.5 0.9812422752128042
279 0.9678978962290654
279.5 0.9813758980329963
280 0.9835677036793682
280.5 0.9614234720653361
281 0.976074933665975
281.5 0.972409425334259
282 0.9729735908002746
282.5 0.9654374157217135
283 0.9885031994612853
283.5 0.9819450236595552
284 0.9951923522679681
284.5 0.999181894789418
285 0.9887114742479364
285.5 0.9778192497334345
286 0.9671919844232737
286.5 0.9807162221534259
287 0.9673345363161704
287.5 0.9708197660281851
288 0.9690855122982108
288.5 0.9904376429239292
289 0.9691666957532038
289.5 0.9628735122752904
290 0.9835355460653881
290.5 0.9848755127130602
291 0.9807409280324022
291.5 0.9870415133262715
292 0.9804855899107128
292.5 0.9752730257940635
293 0.9858746956982134
293.5 0.9938075909768244
294 0.9832370991960988
294.5 0.9776036186889454
295 0.961652451903781
295.5 0.982317543812915
296 0.9713596523455106
296.5 0.9699904035127144
297 0.9691670527954412
297.5 0.9702350491650238
298 0.9748808176478319
298.5 0.9530100830207974
299 0.9809423925014985
299.5 0.9744707945287762
300 0.9797276934131943
300.5 0.975499083539724
301 0.9768358460011205
301.5 0.9869271714831641
302 0.9728245824593512
302.5 0.9711792548724374
303 0.9757906529197846
303.5 0.9760396158385
304 0.9804217388142317
304.5 0.9764308894549127
305 0.9684336329785712
305.5 0.9840556998767497
306 0.9840773151461404
306.5 0.9699235551035642
307 0.9891789096052901
307.5 0.9751743717738962
308 0.9906645252059924
308.5 0.9764004113991946
309 0.9752466845115931
309.5 0.9821670040575753
310 0.9814066870109674
310.5 0.9824650901811876
311 0.9806271790064596
311.5 0.9716491013734428
312 0.9786910931549559
312.5 0.9871522969595609
313 0.974806985203522
313.5 0.9642385183301863
314 0.9724884862827362
314.5 0.9721387792076546
315 0.9644761016852703
315.5 0.953734018846279
316 0.9663640023132242
316.5 0.9608463621527531
317 0.9644014487170623
317.5 0.9789995762611677
318 0.9681986023269881
318.5 0.9804050536609251
319 0.970754300267387
319.5 0.9855219039444107
320 0.9576907811207814
320.5 0.9540066028898282
321 0.9790404620875707
321.5 0.9696739776973248
322 0.9712007122618113
322.5 0.9596845452663253
323 0.9800949378353762
323.5 0.9665566019512873
324 0.9664611162947587
324.5 0.9848319595387038
325 0.9669373668699335
325.5 0.9875923994419967
326 0.9769899880260675
326.5 0.9665973876577902
327 0.9750490828970931
327.5 0.9644937120897806
328 0.9633336122229508
328.5 0.964170478108656
329 0.9697108646015783
329.5 0.9728638266404673
330 0.9636963419911302
330.5 0.96873689755701
331 0.9759980027541946
331.5 0.9817602272232517
332 0.9599307090844454
332.5 0.9912930290973934
333 0.9668254118857258
333.5 0.9688736193525255
334 0.9712625036101155
334.5 0.9752000587449547
335 0.9793228778971117
335.5 0.9652171865652337
336 0.9708898632427551
336.5 0.9756094472726976
337 0.972576238088198
337.5 0.9736154798668978
338 0.9844821647120858
338.5 0.9714193131351121
339 0.9646716711682407
339.5 0.9771851175962329
340 0.9725893191531497
340.5 0.9715913412548841
341 0.9847162659402815
341.5 0.9780756731747524
342 0.9761038355151086
342.5 0.9642865026529696
343 0.9906108410652782
343.5 0.9655033038471251
344 0.9563668768219621
344.5 0.9758240349615207
345 0.9788909114511923
345.5 0.967846297602611
346 0.9832947617664592
346.5 0.9772058695655953
347 0.9716775601233455
347.5 0.9738340690924334
348 0.9711035253343889
348.5 0.9766541308718999
349 0.9815799768803488
349.5 0.9610891066496062
350 0.9673897738665233
350.5 0.9680705712038954
351 0.9730137240291127
351.5 0.9810861091122305
352 0.9702593777680794
352.5 0.9495468484862908
353 0.9729578866961426
353.5 0.955663933049443
354 0.9669598542348796
354.5 0.9693083541531338
355 0.9641130979540424
355.5 0.9509330992122006
356 0.9601509182353075
356.5 0.9663655533783611
357 0.9722289158641392
357.5 0.9677026228110194
358 0.9630112238737476
358.5 0.9685135917081222
359 0.9725590880226856
359.5 0.9863231604157243
360 0.9682090684394088
360.5 0.9795707555318796
361 0.9730669397406831
361.5 0.9623866455838034
362 0.9788296637632146
362.5 0.9868073632620902
363 0.9684232200230248
363.5 0.9567722972065038
364 0.9946937874492279
364.5 0.9682084872323373
365 0.9722587848084873
365.5 0.9797440387233871
366 0.9711779947897164
366.5 0.9639605534347034
367 0.9681415592041908
367.5 0.9737717591228023
368 0.966477515573805
368.5 0.9756552921529498
369 0.9852481388405439
369.5 0.971957826596515
370 0.9736995765056985
370.5 0.9668343075588791
371 0.9589021635409311
371.5 0.9741693205060896
372 0.9725315589252529
372.5 0.9737713869410712
373 0.9685270418217521
373.5 0.9610217078497857
374 0.9735552382170564
374.5 0.9565214452927342
375 0.961227827150299
375.5 0.9661884265071711
376 0.9698224774531246
376.5 0.9741648460711775
377 0.9683297516962575
377.5 0.9658782076669812
378 0.9738683498019373
378.5 0.9540488660115838
379 0.971732588263413
379.5 0.9820141181630189
380 0.9611048343869566
380.5 0.970197417291328
381 0.9689156056282647
381.5 0.9699374232226654
382 0.9832410881575838
382.5 0.9662345292244595
383 0.9600726150728157
383.5 0.9667844633870257
384 0.9573491409981892
384.5 0.9792311552587475
385 0.973946746246282
385.5 0.9761420007879089
386 0.9741497559338381
386.5 0.9792614168634622
387 0.9819484296617788
387.5 0.9605708722901125
388 0.977263999533583
388.5 0.9736938992212072
389 0.9634490266492129
389.5 0.9651278093309289
390 0.9740793225419633
390.5 0.9690774046111393
391 0.9724400719435664
391.5 0.9580484766612338
392 0.9667587481210095
392.5 0.9650733525258277
393 0.9797535910297125
393.5 0.9602774676650747
394 0.9781754883765699
394.5 0.9672978216521856
395 0.9632667841330034
395.5 0.9676103093171043
396 0.9620169042590833
396.5 0.9701382450721914
397 0.9650156521991662
397.5 0.9681891434136704
398 0.9642484094715142
398.5 0.9598224458647054
399 0.9675323101416482
399.5 0.9627646139212463
400 0.9683800518729154
400.5 0.9644231008731798
401 0.9708927194797525
401.5 0.967932140502283
402 0.9617278648723268
402.5 0.9687867407297112
403 0.9586296619486528
403.5 0.9789720426360055
404 0.9686387038999192
404.5 0.9723351050821319
405 0.9809185484555477
405.5 0.9734109578613999
406 0.9663242107754318
406.5 0.9745609454178306
407 0.9665860001428214
407.5 0.9732398345329534
408 0.972292435966595
408.5 0.9721587998880544
409 0.9714987550272655
409.5 0.9694130064045591
410 0.958562139785852
410.5 0.9644118576746281
411 0.9594714499429816
411.5 0.971498576336681
412 0.9627086035810944
412.5 0.973914480327904
413 0.9753897832901347
413.5 0.9694426814745877
414 0.9603590055655857
414.5 0.9656057737946755
415 0.9676309819414073
415.5 0.9628564687172699
416 0.9645966148743921
416.5 0.9637524423865413
417 0.9646056129785314
417.5 0.9688359550466931
418 0.9603607612305428
418.5 0.9709471819321428
419 0.9624110336472061
419.5 0.9581252346386545
420 0.9744624781129523
420.5 0.9657902103265681
421 0.963047805953304
421.5 0.9710387051094653
422 0.9742444993144483
422.5 0.9691267547326502
423 0.9558780874192275
423.5 0.9787773008861275
424 0.9643657718264466
424.5 0.9627588551606423
425 0.9736015567430234
425.5 0.9620251540519406
426 0.9807635455717293
426.5 0.9587899787315448
427 0.9667758532753876
427.5 0.9756813092440625
428 0.9743168007240892
428.5 0.9707419741126262
429 0.963196531389384
429.5 0.9568070423993894
430 0.9765692682641683
430.5 0.949958556916778
431 0.9662929257712064
431.5 0.9698771015149666
432 0.9518727016209585
432.5 0.9556815437545559
433 0.9579822525680047
433.5 0.9664626363690246
434 0.9671147346120188
434.5 0.9557281176106768
435 0.9627575901973143
435.5 0.9644567612168938
436 0.9682841207967178
436.5 0.9540184544411768
437 0.9619793895637619
437.5 0.962447086893839
438 0.9588382896164728
438.5 0.9552434399981866
439 0.9667590331631201
439.5 0.9637352773418754
440 0.9556996971967711
440.5 0.9559139451734913
441 0.9740766960334515
441.5 0.9717898693903663
442 0.9690620816910559
442.5 0.9671583093556013
443 0.9631485792533437
443.5 0.9761751181078352
444 0.967346563130051
444.5 0.9640015756022066
445 0.9580527501079441
445.5 0.9613655215856816
446 0.9780451936960926
446.5 0.9664600323274405
447 0.9721979979775819
447.5 0.9697878773840345
448 0.9675052342834647
448.5 0.9638434148463492
449 0.9687358406803748
449.5 0.962873531456912
450 0.966088381825269
450.5 0.9722322779052166
451 0.9705872006539699
451.5 0.9699245713393897
452 0.96403441771851
452.5 0.9690292017059483
453 0.9669689318417269
453.5 0.9667370060411692
454 0.9674705688223575
454.5 0.9707453393640408
455 0.9515948017634515
455.5 0.9537328334763129
456 0.9665160670057856
456.5 0.9736182714847209
457 0.9664891754172166
457.5 0.9612930558463633
458 0.9606013073815918
458.5 0.9623749023681647
459 0.9686786428176328
459.5 0.9722345175084537
460 0.9697454103158669
460.5 0.9676407003332186
461 0.9704562526147485
461.5 0.970300701711427
462 0.9751477554303598
462.5 0.9704692438797023
463 0.9745840027375261
463.5 0.9593478390204015
464 0.9859376352044065
464.5 0.9670067223411022
465 0.9733333617741182
465.5 0.9626357715978485
466 0.9567169603876885
466.5 0.970050899097294
467 0.9605187328133405
467.5 0.9671454107062476
468 0.9656622588789825
468.5 0.9608058670283512
469 0.9631069358548819
469.5 0.9627200981952302
470 0.964786459565437
470.5 0.9705866648345478
471 0.963460757657339
471.5 0.9807443408523744
472 0.9684347510655644
472.5 0.9689211856121888
473 0.9625984440774741
473.5 0.9753921079845467
474 0.9718808113283941
474.5 0.9522383080562179
475 0.9685702193621157
475.5 0.9625858476639312
476 0.9551468944652719
476.5 0.9620605099863364
477 0.9722011239807953
477.5 0.9754800385017266
478 0.9802781230815302
478.5 0.9656627946176346
479 0.972923715492907
479.5 0.9766854010927972
480 0.9698081940765212
480.5 0.9590216887197966
481 0.9656765610300461
481.5 0.9673164559921971
482 0.9596151635703218
482.5 0.9735484355287256
483 0.9645294038167647
483.5 0.9749810966410205
484 0.9672852062915809
484.5 0.9817588207288362
485 0.9610639836427398
485.5 0.9659841475197238
486 0.9641325382856681
486.5 0.9618823583217592
487 0.9632019419724468
487.5 0.9625352221938951
488 0.9623712829933267
488.5 0.9663479663379133
489 0.9670729154553883
489.5 0.9739139480617756
490 0.9668811686095842
490.5 0.9783953267765567
491 0.965591857854314
491.5 0.9573919468052254
492 0.9639098770100398
492.5 0.9656671655960692
493 0.962004011824661
493.5 0.9714782598590539
494 0.9620327993422859
494.5 0.9670967369665761
495 0.9608823688420347
495.5 0.9677099119675227
496 0.968189900180051
496.5 0.9680516240180587
497 0.9679442143778109
497.5 0.9735356282614142
498 0.9615538152672511
498.5 0.9678053381648403
499 0.9805283276762057
499.5 0.9665858021182202
500 0.9715086796770939
500.5 0.9685821395605005
501 0.9648714173859465
501.5 0.9619975958374506
502 0.9676735533894445
502.5 0.9768606020219229
503 0.9675473490910215
503.5 0.973487252822462
504 0.9713056484604107
504.5 0.977398687609362
505 0.9744327593517034
505.5 0.9664855976421588
506 0.9722973366931438
506.5 0.9600941412493553
507 0.9742644507732674
507.5 0.9775450419753685
508 0.9686101597197181
508.5 0.9692957324814814
509 0.9725303663616125
509.5 0.9722806433021958
510 0.9632346257135813
510.5 0.9667930130187904
511 0.9666419679668934
511.5 0.9648140065683362
512 0.9659712295351293
512.5 0.9594744690250051
513 0.9645714428483837
513.5 0.9640844965885633
514 0.9711705099533559
514.5 0.9738307791700248
515 0.9708888796039141
515.5 0.9681665248597943
516 0.9677880148072049
516.5 0.9696202394583393
517 0.9743959226911261
517.5 0.9742700266670279
518 0.9702809270328268
518.5 0.9706342155450175
519 0.9720792593374989
519.5 0.9692638439986706
520 0.9606501609558343
520.5 0.971250940552959
521 0.9640137260881801
521.5 0.9653021683418889
522 0.9671397180751053
522.5 0.9654356047571819
523 0.9676703301902767
523.5 0.9547119781650798
524 0.9623547588881252
524.5 0.968286125920224
525 0.9502186288777489
525.5 0.9686166424303732
526 0.9729413739514179
526.5 0.9649406812582082
527 0.9601543672331004
527.5 0.9674445717055238
528 0.9684437779953327
528.5 0.9665551301532442
529 0.9695711586761829
529.5 0.9700437751208236
530 0.9651780560075895
530.5 0.967721323402318
531 0.9645993125567782
531.5 0.9575369798103226
532 0.9691720681191445
532.5 0.9677745449135507
533 0.9683446315507503
533.5 0.9635338004094338
534 0.9729954193613864
534.5 0.9703388583118779
535 0.971060230255321
535.5 0.9713324680592255
536 0.9772897246203633
536.5 0.9716749882194031
537 0.9640063271792227
537.5 0.9659383592651858
538 0.9640886909175946
538.5 0.973651735222796
539 0.9605421228765044
539.5 0.9731676444623288
540 0.9669926395359643
540.5 0.9688332921611936
541 0.966253499267005
541.5 0.971021325107024
542 0.9685793804407574
542.5 0.9671198128848126
543 0.976775059558337
543.5 0.9741151864872224
544 0.9664804687459377
544.5 0.9616144616032238
545 0.966050006040263
545.5 0.9705748280061257
546 0.9673007042337196
546.5 0.9739385878628282
547 0.9673636330707026
547.5 0.9684960602122369
548 0.9667560810886537
548.5 0.9612850643459416
549 0.9592175280932681
549.5 0.9685072662084596
550 0.9633215793243373
550.5 0.9617565896394435
551 0.9683872329273847
551.5 0.9629368765227235
552 0.9685179877950733
552.5 0.9715966333526553
553 0.9612128325857583
553.5 0.9751660459165138
554 0.9653814621541631
554.5 0.9660781597772775
555 0.963329026158282
555.5 0.967485175308584
556 0.9662615735245016
556.5 0.9668425030197297
557 0.9567574645645585
557.5 0.9680703909913428
558 0.9749891921784796
558.5 0.9580393005408023
559 0.9707642226955632
559.5 0.9622312500155035
560 0.9695624885478991
560.5 0.9752929536022147
561 0.9703893284697389
561.5 0.9754375163240047
562 0.9696899156129837
562.5 0.9656238973325199
563 0.9725603112490208
563.5 0.9708351491739526
564 0.9715201945844917
564.5 0.9626959006050685
565 0.9683089577972358
565.5 0.9768169849344154
566 0.9738229515836635
566.5 0.9629146803128891
567 0.9637957519365272
567.5 0.9722211018468663
568 0.9627028303406499
568.5 0.9734158666890115
569 0.9585833597877486
569.5 0.9707131046279202
570 0.9671217447854504
570.5 0.9746113192390066
571 0.9651796719728538
571.5 0.9562920333978886
572 0.9704809244206828
572.5 0.9783442545884673
573 0.9573369340572345
573.5 0.9668408207136466
574 0.9607782223070247
574.5 0.9700228054335431
575 0.9673239662349475
575.5 0.965427251640527
576 0.9782151358273987
576.5 0.9666137992503816
577 0.9765512130047674
577.5 0.9729727935248655
578 0.9712663183338608
578.5 0.9763286331928954
579 0.9692695260742348
579.5 0.973009457220833
580 0.9699819580257475
580.5 0.9766616973756141
581 0.9661499377254927
581.5 0.9742012479796914
582 0.972598679229753
582.5 0.9754871715933304
583 0.9658644916922281
583.5 0.9639757893756475
584 0.9701085971113146
584.5 0.9732559003350727
585 0.9727342227798403
585.5 0.9693761621024605
586 0.9688136224890829
586.5 0.9703834873961786
587 0.9726405996885609
587.5 0.9649351269631784
588 0.96862041562617
588.5 0.9747314401919224
589 0.9651503621004006
589.5 0.9709455800975728
590 0.9649727587312419
590.5 0.9748149611100184
591 0.9633987341339607
591.5 0.9715672350284937
592 0.973975236311506
592.5 0.9696528009994381
593 0.9723024950522146
593.5 0.9659127619402629
594 0.9708388094832469
594.5 0.9638162180753895
595 0.9763367315729816
595.5 0.9698876806303379
596 0.9702133098200364
596.5 0.9707381057883522
597 0.9695153266439399
597.5 0.9665983957736995
598 0.9665207026281012
598.5 0.9628369556615569
599 0.9652068349875008
599.5 0.9732895735959367
600 0.9693653592847054
600.5 0.9634855252477669
601 0.9656787710753502
601.5 0.9749354895768634
602 0.9677299728081892
602.5 0.973809878628862
603 0.9646763700825551
603.5 0.9661644410669223
604 0.9666411902026808
604.5 0.9749460199967014
605 0.9777777685110227
605.5 0.9715979306295197
606 0.9667394761632327
606.5 0.9670964404742047
607 0.9741141896967848
607.5 0.9734401008205552
608 0.9635811173218872
608.5 0.9665190023468995
609 0.9766673029912749
609.5 0.9686070283100277
610 0.9714540971054954
610.5 0.9681739594202003
611 0.9685543885134769
611.5 0.9688683289840031
612 0.9732448031779443
612.5 0.972017683319352
613 0.973847880571462
613.5 0.9718164251453179
614 0.9709108996467791
614.5 0.9733633860243459
615 0.9703693113320643
615.5 0.975968241840024
616 0.974657604760552
616.5 0.9715253353259056
617 0.9703282695372594
617.5 0.9703462678544442
618 0.9738274760167551
618.5 0.9666276283521587
619 0.963131953462119
619.5 0.9711319811187092
620 0.9665180375587642
620.5 0.9630149509534541
621 0.973721870178944
621.5 0.969122234643778
622 0.9652366314243556
622.5 0.9730254797972906
623 0.9686096173735428
623.5 0.9653959020304277
624 0.9658555987730919
624.5 0.9696236257632378
625 0.9651140035761409
625.5 0.969439158716711
626 0.9692132968442247
626.5 0.9737187385229694
627 0.9703415504190369
627.5 0.9761644594356597
628 0.9668697357800634
628.5 0.9659373466606798
629 0.9694592123993436
629.5 0.973733049200424
630 0.9675689161043011
630.5 0.9731531553171107
631 0.9633234100097416
631.5 0.9703933653212736
632 0.9641887653180949
632.5 0.970674713748363
633 0.9668740318780592
633.5 0.9695988412734702
634 0.9683675675224459
634.5 0.968901111493215
635 0.9659525743967712
635.5 0.9669990057798137
636 0.9719821676540007
636.5 0.9741939672178221
637 0.968579217275899
637.5 0.9669624059264859
638 0.9643899182051966
638.5 0.9655978461535645
639 0.9644387160777608
639.5 0.9689149154402199
640 0.9713715219792693
640.5 0.9606845038034224
641 0.9808171837665514
641.5 0.9707468373964004
642 0.9770098195362276
642.5 0.9656033788683085
643 0.9765374248116131
643.5 0.9702081243678568
644 0.9695286141464234
644.5 0.963131510518848
645 0.9681532517231156
645.5 0.9660992038351222
646 0.960879637175445
646.5 0.9774924663203552
647 0.9691462729100221
647.5 0.9642278855261155
648 0.9670875544004652
648.5 0.9762109396501287
649 0.9742910025544023
649.5 0.969994998655375
650 0.9705974357291539
650.5 0.9728733986240213
651 0.9721883053012373
651.5 0.9689313686220709
652 0.9793338339592638
652.5 0.9810911495001795
653 0.968728433186393
653.5 0.9642416000006896
654 0.9719368276057359
654.5 0.9670657693390857
655 0.9626171928857225
655.5 0.9653046679673971
656 0.9705204573533636
656.5 0.9685988249337492
657 0.9689902225119801
657.5 0.972587587564514
658 0.962530821368084
658.5 0.9721726558068275
659 0.9770119517785841
659.5 0.9661661182547117
660 0.9744927274114319
660.5 0.9640101662203847
661 0.9699409773166854
661.5 0.9610066701439175
662 0.96983208171555
662.5 0.9710747425697388
663 0.9744160659372262
663.5 0.9673531382034853
664 0.9680844070993069
664.5 0.9657435479440789
665 0.9679148368881541
665.5 0.9679907741801544
666 0.9740676171085874
666.5 0.9671159018732074
667 0.9680673594059529
667.5 0.973702076572414
668 0.9602587203719815
668.5 0.9723964517566803
669 0.9682363794592276
669.5 0.9684445609564525
670 0.9680473116898181
670.5 0.9694054719267641
671 0.9716260020739755
671.5 0.9676693792903336
672 0.9745083713869767
672.5 0.9635246902208969
673 0.969837026847244
673.5 0.9702602743167165
674 0.9711374120161184
674.5 0.9748317089023919
675 0.9721984085330873
675.5 0.9644010634048766
676 0.9695335251805788
676.5 0.9708876475606742
677 0.9744280416722857
677.5 0.974674788106104
678 0.9718505263570466
678.5 0.9794050228554916
679 0.9710474545256974
679.5 0.9669775637202862
680 0.9681590558595949
680.5 0.969628654730854
681 0.9750117112822991
681.5 0.9649659372228584
682 0.9708178167290464
682.5 0.9693958940831751
683 0.9768795638609468
683.5 0.9654864807024859
684 0.9745875113972414
684.5 0.9677882966008144
685 0.9683465490579809
685.5 0.9690887351697943
686 0.9734524937908249
686.5 0.9720688437141276
687 0.9644224157375845
687.5 0.9788051331295503
688 0.9736108492452908
688.5 0.9697590301472606
689 0.9673949678276731
689.5 0.9770248786103931
690 0.9746216157266927
690.5 0.9714552541520021
691 0.9660433550032408
691.5 0.9654969930379467
692 0.965450571886082
692.5 0.9670488235345485
693 0.9605749795373203
693.5 0.958195940931905
694 0.9528603270898899
694.5 0.9451758509231816
695 0.951786988561228
695.5 0.9489688716557783
696 0.9504855112832166
696.5 0.9484147953487162
697 0.9451840915094192
697.5 0.9377017756577548
698 0.9406126413561741
698.5 0.9354108924967245
699 0.9311040140025737
699.5 0.9314350381456893
700 0.92634712236546
700.5 0.9286151510232946
701 0.9320923452164585
701.5 0.9355910816400711
702 0.9180030904194476
702.5 0.9186834638875304
703 0.918780334805981
703.5 0.9162185224480092
704 0.9219940881400127
704.5 0.9175059022668715
705 0.9103031459757187
705.5 0.9110471816062465
706 0.9067986694498911
706.5 0.9052121957360351
707 0.9051123600323769
707.5 0.9036105606158867
708 0.899917643580784
708.5 0.8972664094636597
709 0.8924334866466818
709.5 0.8930762577371388
710 0.8906961670054003
710.5 0.881042632991296
711 0.8880190071206592
711.5 0.890991222970014
712 0.884284152538901
712.5 0.8790552756052918
713 0.8779012093336974
713.5 0.8793173663479055
714 0.8727232095187004
714.5 0.8702843111809921
715 0.8739790396433693
715.5 0.8718704693473088
716 0.8694248676916226
716.5 0.8731959594591019
717 0.8697923116363111
717.5 0.8655457049157301
718 0.8614801613397768
718.5 0.8592470684753084
719 0.8556316410985082
719.5 0.8575223684203959
720 0.8532411608558511
720.5 0.8488788779735865
721 0.8528386740330537
721.5 0.8465580387472835
722 0.8467315469419918
722.5 0.8432236983742025
723 0.8343723869693398
723.5 0.8409400356540767
724 0.8379388976252861
724.5 0.8378609125554284
725 0.8312917880492068
725.5 0.8344321039514542
726 0.8357633336147237
726.5 0.8297201884274734
727 0.8241754807336226
727.5 0.8325915344426491
728 0.825056203854214
728.5 0.8204845886478165
729 0.8202744137788031
729.5 0.8113466509173946
730 0.8165926744469191
730.5 0.8122487331671763
731 0.8097954419941614
731.5 0.8115638195959856
732 0.8031810415521656
732.5 0.8031842595279549
733 0.8030383648865284
733.5 0.7959436889444276
734 0.7965315288660068
734.5 0.7971318061050042
735 0.7969329426326093
735.5 0.792313395731123
736 0.7898393289576667
736.5 0.7932051515509313
737 0.787007665947755
737.5 0.7890624450390077
738 0.7887107464387366
738.5 0.7792245982736574
739 0.7756892523797422
739.5 0.7798734477841288
740 0.7804938945263866
740.5 0.7760095933993829
741 0.7695623645345906
741.5 0.7691192649213043
742 0.7713695550685056
742.5 0.7693189327693074
743 0.766984350150634
743.5 0.7666885088479339
744 0.7587606664790705
744.5 0.7633216274009403
745 0.760229313428789
745.5 0.7615046665168619
746 0.7576769001083832
746.5 0.7523281844161412
747 0.7534212488423991
747.5 0.7497459862615343
748 0.7512656341737888
748.5 0.7465915622999801
749 0.7465044595103232
749.5 0.7401592992481785
750 0.7374580928282922
750.5 0.7389240657374385
751 0.7401734871135913
751.5 0.7389066026394742
752 0.7305524269507295
752.5 0.731369658144058
753 0.7225543286534054
753.5 0.7307493875335821
754 0.7268221649221345
754.5 0.7247669975115736
755 0.7254154780653856
755.5 0.7218162049623551
756 0.717012455342662
756.5 0.7233215815073013
757 0.715258452487048
757.5 0.7105221505904959
758 0.711180510424124
758.5 0.7123768580725666
759 0.7069001758838764
759.5 0.7030402310826792
760 0.7009286606649233
760.5 0.7054374479290668
761 0.7021020635573522
761.5 0.7036133987479741
762 0.696059745930512
762.5 0.6995343505800549
763 0.6954823745425648
763.5 0.6891978702289429
764 0.6942774572490494
764.5 0.6885143845804497
765 0.6856805563887474
765.5 0.6864854524357532
766 0.6863095499416834
766.5 0.682090499302239
767 0.6890195584168213
767.5 0.67996239437423
768 0.6703200838883566
768.5 0.672430886049062
769 0.6796172619775637
769.5 0.675220875488735
770 0.6681868372147654
770.5 0.669360763445772
771 0.6685062820385791
771.5 0.6644661792149085
772 0.6652240727200457
772.5 0.6620390573002238
773 0.66111618023017
773.5 0.6523746860640496
774 0.6547121196468494
774.5 0.6539733641847735
775 0.6525591373497808
775.5 0.654103679864109
776 0.6516196416676557
776.5 0.6434832988008269
777 0.6417972072617952
777.5 0.6440970947196037
778 0.6414653101159535
778.5 0.6422330098018801
779 0.6451523964709279
779.5 0.638775915256164
780 0.6369746126774785
780.5 0.6371662958121748
781 0.6315808695838012
781.5 0.63205199798273
782 0.6306704793431654
782.5 0.6282244953436483
783 0.629697669500238
783.5 0.6234665690175921
784 0.6215303766861032
784.5 0.6259579200291254
785 0.6226901420389345
785.5 0.6231249485271069
786 0.6165908707558856
786.5 0.6150468802501119
787 0.6123737903922383
787.5 0.6152853038503934
788 0.6046074452368513
788.5 0.6059691383760402
789 0.6114499216000849
789.5 0.6065834602327617
790 0.6023291108421166
790.5 0.6011847156984519
791 0.6019536959557771
791.5 0.6026184645522721
792 0.5972957908550366
792.5 0.5968215578341155
793 0.5952706212119819
793.5 0.5918748152490128
794 0.5877790424956086
794.5 0.5903479393025994
795 0.5901479078229976
795.5 0.5823021191804726
796 0.5857097047303879
796.5 0.5833537701799629
797 0.5829985228065624
797.5 0.5752618075658588
798 0.5821265992476646
798.5 0.5747844742072979
799 0.576574990165162
799.5 0.574819010345282
800 0.5711863046473888
800.5 0.5691419988760799
801 0.5675247548692189
801.5 0.5714203226850333
802 0.5678949105248604
802.5 0.5645263650545398
803 0.5614006414913242
803.5 0.5591094714401453
804 0.5572304914057284
804.5 0.5547030124920774
805 0.5590327551127973
805.5 0.5544936752176405
806 0.551167883661856
806.5 0.5473842291588906
807 0.55278922451506
807.5 0.549855569739136
808 0.5495903828949149
808.5 0.5440941088878954
809 0.5435070193821737
809.5 0.5413517938797914
810 0.5392500704947726
810.5 0.5422615832317785
811 0.5383452211050952
811.5 0.5371978610316456
812 0.5343241438704467
812.5 0.5336184186866444
813 0.5327451903773955
813.5 0.5296454194854303
814 0.5320144779000863
814.5 0.5265433922242826
815 0.5287656422834894
815.5 0.5239344093587781
816 0.5212335010394178
816.5 0.5215040104988719
817 0.5162085844482229
817.5 0.5231511054927498
818 0.5165911751000266
818.5 0.5148656007773555
819 0.5126209774599572
819.5 0.5094556605021425
820 0.5132918883327678
820.5 0.5117192829757251
821 0.5041899591911636
821.5 0.5055134623230315
822 0.5041436631745601
822.5 0.507053916734682
823 0.5008127412368423
823.5 0.4993349756879971
824 0.4979426054935384
824.5 0.4970105406294063
825 0.492508412165821
825.5 0.493198661117458
826 0.4894823896908151
826.5 0.4931844750470052
827 0.4920754923604059
827.5 0.4864406057588346
828 0.487201982678212
828.5 0.4861263781202135
829 0.4847166541663057
829.5 0.4793480379126225
830 0.4810153917499903
830.5 0.4807715235599658
831 0.4759338486399548
831.5 0.4762032541832827
832 0.4738692567007806
832.5 0.4760145147613553
833 0.4713996522572484
833.5 0.4701573078395309
834 0.4672788322625056
834.5 0.4712975317420841
835 0.4621588960016351
835.5 0.4616059090382815
836 0.4632437062241812
836.5 0.4635672320758575
837 0.454434593212358
837.5 0.4591311121545832
838 0.4602406022231126
838.5 0.4561886669098646
839 0.4519082619954548
839.5 0.4538470642199816
840 0.45061829109028
840.5 0.4498792186894126
841 0.4528719404845362
841.5 0.4501163842345932
842 0.4468948373847941
842.5 0.449351699107872
843 0.4456781858894273
843.5 0.4402205443178822
844 0.4413328477092925
844.5 0.441849842094402
845 0.4356560337677012
845.5 0.4382630090729531
846 0.43516130528186
846.5 0.4357931561077046
847 0.4309677830764554
847.5 0.4299489201541558
848 0.4290651758144609
848.5 0.4280614276953941
849 0.4259870647788088
849.5 0.4256293483178522
850 0.4223485494882198
850.5 0.4214003035581708
851 0.4221600245259048
851.5 0.4228077337212095
852 0.4163160945772423
852.5 0.414182697954226
853 0.4125798604777046
853.5 0.4157513206356521
854 0.4126524952096584
854.5 0.4115693028474244
855 0.4113497696829712
855.5 0.4067304390390015
856 0.4075173247278494
856.5 0.4051510302675887
857 0.4028333913190191
857.5 0.4016374438024053
858 0.4048617463148125
858.5 0.40076720725792
859 0.3977621834009384
859.5 0.3968787237817531
860 0.3968700253229124
860.5 0.3933732314807838
861 0.3908950217113296
861.5 0.3944044701652524
862 0.3895702251363444
862.5 0.388347193582547
863 0.3897488912907639
863.5 0.3855988215830288
864 0.3848643518859846
864.5 0.3833314048314801
865 0.3816632517339671
865.5 0.3822332943495828
866 0.3791242505336699
866.5 0.3769351362476752
867 0.3799362497088631
867.5 0.3786934220693823
868 0.3722902944499883
868.5 0.3759091331781095
869 0.3711806332366523
869.5 0.3718609089148951
870 0.3704752708986143
870.5 0.3695028132577409
871 0.3664939895416428
871.5 0.3683404821850353
872 0.3615026622388144
872.5 0.3671406224879596
873 0.3611874375731406
873.5 0.3606695921901322
874 0.3627092636986029
874.5 0.3632535405281409
875 0.3562066183958483
875.5 0.3541775910887213
876 0.349753478026566
876.5 0.3501742247134012
877 0.354013807521786
877.5 0.3497492299227086
878 0.3491648737042465
878.5 0.3465262803457827
879 0.3467305272778013
879.5 0.3456768916473434
880 0.3416404085134632
880.5 0.3422600961724343
881 0.3410604009369537
881.5 0.342489296429315
882 0.3371622662940832
882.5 0.3372101879603189
883 0.3360105373385496
883.5 0.3332101373384338
884 0.3336493273137388
884.5 0.3307250421566755
885 0.3313182797486279
885.5 0.330527432309116
886 0.3263263388380288
886.5 0.3278347494669128
887 0.3246588722576135
887.5 0.3220262981302429
888 0.3245143654506356
888.5 0.3207060971194689
889 0.3182375153272277
889.5 0.3202876436766603
890 0.3164359557071583
890.5 0.3153670270872808
891 0.3167501995808111
891.5 0.3147802782076649
892 0.3107007583612347
892.5 0.3125442339446475
893 0.3101852114345641
893.5 0.3087598280536848
894 0.3065495472285282
894.5 0.3065954623670267
895 0.3064818670533459
895.5 0.3051457235693176
896 0.3038818726702487
896.5 0.303225634111652
897 0.3003218468226275
897.5 0.297483714382326
898 0.2971327636714018
898.5 0.2939782908413864
899 0.2944009394230019
899.5 0.2943200293151889
900 0.2925465042466446
900.5 0.2930867498807878
901 0.2895703937515426
901.5 0.2911029951986146
902 0.2905648160555925
902.5 0.28707217912229
903 0.2859625426868692
903.5 0.2855582428580279
904 0.2801411683120859
904.5 0.2817509249711254
905 0.2817413863910644
905.5 0.2814692141117519
906 0.2772742820647227
906.5 0.2764155842010992
907 0.2757427105592711
907.5 0.2724288425159656
908 0.2755417437286364
908.5 0.2718390967960721
909 0.2706815546092103
909.5 0.2683604045272407
910 0.2692784197788039
910.5 0.2676654828118348
911 0.2675542350669652
911.5 0.2635383016667559
912 0.2615531323198538
912.5 0.2632003252137802
913 0.2624626846216817
913.5 0.2607712946539797
914 0.2588639905330045
914.5 0.2560647693898302
915 0.2561753451950924
915.5 0.2537367468291877
916 0.2543908165776362
916.5 0.2537527186127436
917 0.2513716723237756
917.5 0.2486642507367076
918 0.2485731626493711
918.5 0.2504851754222818
919 0.2456729749033613
919.5 0.2452455937451668
920 0.2446965679625255
920.5 0.2422859375045854
921 0.2415060987313417
921.5 0.2393197699405171
922 0.240391773095427
922.5 0.2392882633674094
923 0.2370268039463818
923.5 0.2355645373189095
924 0.2353283387271911
924.5 0.2334790966025075
925 0.2330124863487225
925.5 0.2306762490017654
926 0.2325652668875184
926.5 0.2303549976136776
927 0.2279731188080563
927.5 0.2246789193046551
928 0.2271673618177033
928.5 0.2223460336221165
929 0.2249976195124316
929.5 0.2229934474333646
930 0.2190488518600845
930.5 0.2188227114957461
931 0.2210799414308177
931.5 0.2166077062599439
932 0.2156779343154528
932.5 0.2137233526655939
933 0.2127434728395204
933.5 0.2135858511762412
934 0.2103327693172592
934.5 0.2091402309000272
935 0.2083239530113163
935.5 0.2083745675250887
936 0.204357993486478
936.5 0.2066210345497695
937 0.2033046620966651
937.5 0.1998319985227474
938 0.1998636237338164
938.5 0.2018679549824754
939 0.1993296721359973
939.5 0.196805707660152
940 0.1996455205954547
940.5 0.195450222185432
941 0.1964128217401688
941.5 0.1944597427628716
942 0.1912800530837937
942.5 0.1924410967670839
943 0.1925149545615329
943.5 0.1902783447839828
944 0.1867493694604763
944.5 0.1861138679139568
945 0.1858455671533586
945.5 0.1845612562658553
946 0.1854350526246293
946.5 0.1819559724359213
947 0.1816927781248414
947.5 0.1812524612580373
948 0.1784359546096283
948.5 0.1767239393176973
949 0.1764492592985162
949.5 0.175759510772805
950 0.1722801530026027
950.5 0.1728136012041796
951 0.1734604093527856
951.5 0.1713147880559419
952 0.1701586276907884
952.5 0.168767581692385
953 0.1703634192028972
953.5 0.1675545621422787
954 0.1671687763812245
954.5 0.1654800939260833
955 0.1624663874467673
955.5 0.163483784650876
956 0.1614638322770238
956.5 0.1607723176590172
957 0.1597079122614607
957.5 0.1567241925225499
958 0.1568646244020478
958.5 0.1571695260100274
959 0.1547608842282496
959.5 0.152963245747906
960 0.1526396173039958
960.5 0.1500787899859294
961 0.1492666956289165
961.5 0.1483958538251435
962 0.1487670409407306
962.5 0.14884483253991
963 0.1444098434078985
963.5 0.1445261800235559
964 0.1442476331452868
964.5 0.1431298634170697
965 0.1427504682713702
965.5 0.1414568402728382
966 0.1402597755027744
966.5 0.1382117942429039
967 0.1380518540611783
967.5 0.1358995337797058
968 0.1358272319349357
968.5 0.1350411777724147
969 0.1327965311346603
969.5 0.1320405197665314
970 0.1304472975223979
970.5 0.1307529944851361
971 0.1299673927868083
971.5 0.126590550717557
972 0.1262662988552566
972.5 0.1252683904480022
973 0.1231863448811812
973.5 0.1235140261834987
974 0.1216647834865228
974.5 0.120322888697414
975 0.1207445396856235
975.5 0.1183088957709974
976 0.1172170364859011
976.5 0.1162610996118203
977 0.1158832589774561
977.5 0.1152391799159588
978 0.1120212516765307
978.5 0.1133970019056158
979 0.1102373051437938
979.5 0.11177811517279
980 0.1098713510339726
980.5 0.1099997688680989
981 0.1104260480222906
981.5 0.1067059547680063
982 0.1069362233346567
982.5 0.1080577791168548
983 0.1055638871554926
983.5 0.1038661192738919
984 0.1028385674331223
984.5 0.102191352676334
985 0.1032460376896869
985.5 0.1006380687502093
986 0.1006098185414074
986.5 0.1004914763850006
987 0.09931779460758369
987.5 0.09862053567172367
988 0.09772865703432994
988.5 0.09550884782118406
989 0.09572197546522686
989.5 0.0941191602347914
990 0.09495939447641599
990.5 0.09461980866567045
991 0.09230855863393359
991.5 0.0921425076697038
992 0.09156363891000684
992.5 0.09017669453892359
993 0.08951195497989148
993.5 0.08997910120605496
994 0.08918672520375645
994.5 0.08931467256157349
995 0.08792866615040941
995.5 0.08704408018558996
996 0.08734239706483787
996.5 0.08399576008058575
997 0.08321387374168557
997.5 0.08481278880123891
998 0.08390351768982485
998.5 0.08204462066664392
999 0.08328036819275064
999.5 0.0824390616946576
1000 0.07910446453163342
1000.5 0.081159519757715
1001 0.08009202816366437
1001.5 0.08019486089471044
1002 0.07897953510314482
1002.5 0.07840903032596208
1003 0.07767323190454425
1003.5 0.07776999031801024
1004 0.07781116403549941
1004.5 0.07687264597996465
1005 0.07619638966328701
1005.5 0.07438613502817651
1006 0.07320166277923182
1006.5 0.07375842428354529
1007 0.07352012431485164
1007.5 0.07125624044662769
1008 0.07084823208772954
1008.5 0.07057423049878418
1009 0.07064523341263156
1009.5 0.07056744861577537
1010 0.07066950439101237
1010.5 0.06888221487707258
1011 0.06943798019402399
1011.5 0.06751513648969355
1012 0.06782202772841131
1012.5 0.06728853400710873
1013 0.06714444787184003
1013.5 0.06573571864825735
1014 0.0660197662389804
1014.5 0.06485494469179025
1015 0.06526303131974794
1015.5 0.06383064935126639
1016 0.06370606379099839
1016.5 0.06313425997065507
1017 0.06133046655128032
1017.5 0.06035400133514871
1018 0.06194073900909574
1018.5 0.06031238490220046
1019 0.05963908790594018
1019.5 0.06045487197770585
1020 0.05849556462825868
1020.5 0.05839998819686568
1021 0.05876336094980389
1021.5 0.05811764415091957
1022 0.05763342498331001
1022.5 0.05767618663355906
1023 0.05531959809354731
1023.5 0.05588951560741915
1024 0.05641268331638909
1024.5 0.05548428347088082
1025 0.05513427510125183
1025.5 0.05371620750603126
1026 0.05511771912087376
1026.5 0.05438320714465911
1027 0.05190433590375527
1027.5 0.05232193693487327
1028 0.05174306205753535
1028.5 0.05362935987964797
1029 0.05158984484888821
1029.5 0.05029129985646465
1030 0.05122674803543945
1030.5 0.05074169180898844
1031 0.05066999108093712
1031.5 0.04899519868923071
1032 0.04974856106678234
1032.5 0.0485489142422602
1033 0.04793421679304308
1033.5 0.04805202591841016
1034 0.04799810973775379
1034.5 0.04722179672447482
1035 0.04754823473560556
1035.5 0.04672920685474442
1036 0.04634248503371532
1036.5 0.04568938488444933
1037 0.04531177994033275
1037.5 0.04459424134118644
1038 0.04526150650420727
1038.5 0.04455274646493029
1039 0.04386748100981276
1039.5 0.0429548337257246
1040 0.0433704599639828
1040.5 0.04226857602666937
1041 0.04366966188590862
1041.5 0.0420845680533609
1042 0.04157433997530587
1042.5 0.04079369990504467
1043 0.04153862146903118
1043.5 0.03991763754024736
1044 0.04037671564299822
1044.5 0.03946861899378797
1045 0.03921187979159545
1045.5 0.03950253811297838
1046 0.03923165036495392
1046.5 0.03943435800224167
1047 0.03810965663510833
1047.5 0.03818951590420051
1048 0.03702815972735456
1048.5 0.03678258372588458
1049 0.03826147074264336
1049.5 0.03685002175873635
1050 0.03643897715512565
1050.5 0.03567476756224284
1051 0.0356480481986325
1051.5 0.03525368702105339
1052 0.03509774151835346
1052.5 0.03576238046577319
1053 0.03431941779901872
1053.5 0.0344879448466576
1054 0.03477811485905151
1054.5 0.03356952754924688
1055 0.03334435276161405
1055.5 0.03311243467193708
1056 0.03220902588975059
1056.5 0.03234279569527977
1057 0.03302565544804517
1057.5 0.03183973466189449
1058 0.03193782607202533
1058.5 0.03127448728084229
1059 0.03082561439550859
1059.5 0.03078232500383305
1060 0.03095902328828037
1060.5 0.02924301300643736
1061 0.03027049973325804
1061.5 0.02871397340492653
1062 0.02906151910285068
1062.5 0.02902005184091252
1063 0.03031189334201382
1063.5 0.02821141314891153
1064 0.02828347812997358
1064.5 0.02832022363412829
1065 0.02813200034340012
1065.5 0.02710158158705161
1066 0.02803715730983679
1066.5 0.02768850769743026
1067 0.02697642590450188
1067.5 0.02718199125135683
1068 0.02653458692911963
1068.5 0.02643295983892387
1069 0.02497134045054721
1069.5 0.02455774929405608
1070 0.02546077649232634
1070.5 0.02493618758067341
1071 0.02507969091421807
1071.5 0.02445227325285669
1072 0.02508147601228732
1072.5 0.0239424004025384
1073 0.02387855213019581
1073.5 0.02316462582421878
1074 0.02392394196913598
1074.5 0.0232872250907245
1075 0.02236888102754211
1075.5 0.02260306082652153
1076 0.02237551592123359
1076.5 0.02289124896545826
1077 0.02237521561986833
1077.5 0.02156490842291298
1078 0.02218281888501967
1078.5 0.02106579258461131
1079 0.02148445242945538
1079.5 0.02050692649127641
1080 0.02016675109025181
1080.5 0.02030512471237217
1081 0.02027270294231629
1081.5 0.02019262794816271
1082 0.02009907501505256
1082.5 0.01965876685694073
1083 0.01971537558885412
1083.5 0.0186583457508258
1084 0.0192855724632527
1084.5 0.01932201184884314
1085 0.01864741769830832
1085.5 0.0185828894521814
1086 0.01804537245731339
1086.5 0.01781269244377007
1087 0.01828203104920062
1087.5 0.01759123035075032
1088 0.01789155151230392
1088.5 0.01739073431128116
1089 0.01714624158826449
1089.5 0.0170163488683443
1090 0.01663845224026232
1090.5 0.01665671261425082
1091 0.01705664785507412
1091.5 0.0157698056821246
1092 0.01588237328454072
1092.5 0.01601476340468713
1093 0.0157265513783342
1093.5 0.01579883308368543
1094 0.01572445429665075
1094.5 0.01536408285661602
1095 0.01489134822544281
1095.5 0.01478477214135333
1096 0.01478455705799737
1096.5 0.01449925708951176
1097 0.01435356881124012
1097.5 0.01412872789118344
1098 0.01425470768244476
1098.5 0.01329712930149286
1099 0.01442016719816755
1099.5 0.0136751633958766
1100 0.01355074462956235
1100.5 0.01333440331462011
1101 0.01275021213804787
1101.5 0.01277148792497268
1102 0.01295024950226202
1102.5 0.01223026534109156
1103 0.01192434691826577
1103.5 0.01213610413500862
1104 0.0123867127791094
1104.5 0.01251924976254968
1105 0.01200525564888957
1105.5 0.01222267691805298
1106 0.0113449544535334
1106.5 0.0116081429098237
1107 0.01142854017259415
1107.5 0.01119076863137862
1108 0.01098588573057521
1108.5 0.01082028975628028
1109 0.01123180900908374
1109.5 0.01026334417393129
1110 0.01042230605719787
1110.5 0.01026425922851499
1111 0.01011940827220425
1111.5 0.0100651419405529
1112 0.01001741530966187
1112.5 0.00964130896625582
1113 0.00955543284117971
1113.5 0.009829723056647865
1114 0.009506169926391327
1114.5 0.009189610659635979
1115 0.009264721136663115
1115.5 0.008609429200419213
1116 0.008697717685247169
1116.5 0.00866435184353451
1117 0.008886587537024914
1117.5 0.008361620860734557
1118 0.008621986211664398
1118.5 0.008187388343358188
1119 0.008046391145701107
1119.5 0.007861121603342187
1120 0.00751096383184963
1120.5 0.007967723298065554
1121 0.007770323552659493
1121.5 0.00800422031837858
1122 0.007142292389947965
1122.5 0.007528154118833654
1123 0.007521452001098735
1123.5 0.007685261760885043
1124 0.00709166036715635
1124.5 0.006990799815362839
1125 0.006770451928205445
1125.5 0.006493860248118851
1126 0.006821300729852016
1126.5 0.006023798757113081
1127 0.006288312687285389
1127.5 0.006483382988500535
1128 0.006621723276217487
1128.5 0.006471897812741875
1129 0.005997150708571043
1129.5 0.005829394041563461
1130 0.005980298496413987
1130.5 0.005706820336377498
1131 0.00569554418478435
1131.5 0.005609574418393962
1132 0.00576635160277771
1132.5 0.005139765769313783
1133 0.005526426856418124
1133.5 0.0053168206719256
1134 0.005318331672936435
1134.5 0.005307451826746385
1135 0.004665453468550553
1135.5 0.005069367949881085
1136 0.004719010409215042
1136.5 0.004974052916116869
1137 0.004562732728728771
1137.5 0.004540241109607372
1138 0.004388531755031878
1138.5 0.004575316111601359
1139 0.004350108097302121
1139.5 0.004063905213329892
1140 0.004097141841176312
1140.5 0.004308032641902691
1141 0.003992000126547508
1141.5 0.004037442435669281
1142 0.003850548350660464
1142.5 0.003999844630720068
1143 0.003801104639692761
1143.5 0.003438119801118144
1144 0.003386390071406424
1144.5 0.00355382053555453
1145 0.003343997588891177
1145.5 0.003280332088346933
1146 0.003459551976850758
1146.5 0.003019920179401501
1147 0.003259640306461761
1147.5 0.002966230738464336
1148 0.002878971834274317
1148.5 0.003033583528512411
1149 0.002692830643740571
1149.5 0.002871463108496372
1150 0.00280869431663563
1150.5 0.002836363582459974
1151 0.002689497316917507
1151.5 0.0025669312072859
1152 0.002282405882296957
1152.5 0.002514469628789238
1153 0.002494301543856281
1153.5 0.002450204593845683
1154 0.002220631681038349
1154.5 0.002254590720485935
1155 0.001977781293182899
1155.5 0.002059650041390208
1156 0.002314356708224046
1156.5 0.0018653799430165
1157 0.001869722566066753
1157.5 0.001761018632951135
1158 0.001807052225724073
1158.5 0.001710466807902869
1159 0.001952285215925
1159.5 0.001743091013742722
1160 0.001729741130933153
1160.5 0.00152701624004154
1161 0.001543441976162145
1161.5 0.001601198232707674
1162 0.001469945829730219
1162.5 0.001338918596357837
1163 0.001437952818418012
1163.5 0.001360170790324263
1164 0.001317820615457686
1164.5 0.001269664582071251
1165 0.001221590716762672
1165.5 0.001197070838477736
1166 0.001143277746023944
1166.5 0.001271172494483992
1167 0.001158877998156516
1167.5 0.001076014897032905
1168 0.0009991361310231449
1168.5 0.0007939546825207102
1169 0.0008691034733538251
1169.5 0.001049026096690537
1170 0.0008617955185895193
1170.5 0.0007505180019755936
1171 0.0008312592419084423
1171.5 0.000691156847419108
1172 0.0006615518183132199
1172.5 0.0006493914396101697
1173 0.0007183562926086908
1173.5 0.0006424968908793046
1174 0.0005089331238708132
1174.5 0.0007107441744130314
1175 0.0006177635556629497
1175.5 0.0005480151664504005
1176 0.0004899125013580262
1176.5 0.0004491847249530039
1177 0.0004488031707336896
1177.5 0.0005001631142906749
1178 0.0004193209091161337
1178.5 0.0003673119347665754
1179 0.0003211253985675885
1179.5 0.0002979351149751841
1180 0.0003148566819143963
1180.5 0.0002573918375857925
1181 0.0002343140339886426
1181.5 0.0002569563184800576
1182 0.0002453283522904199
1182.5 0.000262222390569628
1183 0.0001822614111907128
1183.5 0.0001365805812633253
1184 0.0002331281360995945
1184.5 0.0002272501092590533
1185 0.0001646173236680933
1185.5 0.0001191051163219839
1186 0.0001643398398174233
1186.5 7.3607506618931e-05
1187 0.0001074895890548273
1187.5 0.0001017465068486611
1188 5.647826647992082e-05
1188.5 9.028920935641632e-05
1189 2.819165257035772e-05
1189.5 2.253436570322036e-05
1190 7.317515802901529e-05
1190.5 4.49930492511819e-05
1191 3.933586968650702e-05
1191.5 1.122938939277532e-05
1192 5.609985369946552e-05
1192.5 2.802640982972276e-05
1193 1.120116894891019e-05
1193.5 1.119178577114479e-05
1194 0
1194.5 5.5865273761078e-06
