33.8 2
34.2 4057
34.4 6989
34.6 45737
34.8 42887
35 114796
35.2 254555
35.4 798332
35.6 1725467
35.8 2521973
36 2603135
36.2 2458110
36.4 2017440
36.6 1525490
36.8 1166604
37 1032532
37.2 827803
37.4 797919
37.6 725501
37.8 670088
38 567912
38.2 536118
38.4 465673
38.6 430035
38.8 381927
39 393825
39.2 303630
39.4 335507
39.6 314804
39.8 244367
40 307592
40.2 248000
40.4 218214
40.6 226345
40.8 237756
41 205638
41.2 208835
41.4 175868
41.6 205960
41.8 186611
42 188629
42.2 164149
42.4 182355
42.6 128760
42.8 129895
43 122532
43.2 104135
43.4 98036
43.6 100317
43.8 86601
44 84938
44.2 76270
44.4 74086
44.6 66865
44.8 60976
45 60188
45.2 61749
45.4 58700
45.6 52807
45.8 48886
46 48221
46.2 47909
46.4 45421
46.6 43341
46.8 41126
47 39826
47.2 38104
47.4 35270
47.6 36059
47.8 36006
48 34406
48.2 35267
48.4 33216
48.6 32438
48.8 31497
49 30661
49.2 30486
49.4 30298
49.6 29329
49.8 29033
50 28692
50.2 28466
50.4 27262
50.6 27632
50.8 26792
51 26525
51.2 25671
51.4 25357
51.6 25310
51.8 24603
52 24924
52.2 24170
52.4 24142
52.6 23887
52.8 24291
53 23648
53.2 23333
53.4 23626
53.6 23105
53.8 22946
54 22237
54.2 22808
54.4 22739
54.6 22518
54.8 22454
55 22140
55.2 22274
55.4 22081
55.6 21907
55.8 22388
56 22392
56.2 21658
56.4 21475
56.6 21734
56.8 21940
57 21816
57.2 21673
57.4 21560
57.6 21544
57.8 21692
58 21556
58.2 21409
58.4 21399
58.6 21598
58.8 21813
59 21492
59.2 21480
59.4 21525
59.6 21426
59.8 21601
60 21803
60.2 21385
60.4 21330
60.6 21419
60.8 21151
61 21419
61.2 21557
61.4 21672
61.6 21638
61.8 21426
62 21578
62.2 21429
62.4 21342
62.6 21495
62.8 21353
63 21735
63.2 21856
63.4 21502
63.6 21569
63.8 21443
64 21693
64.2 21596
64.4 21741
64.6 21360
64.8 21635
65 21568
65.2 21547
65.4 21319
65.6 21367
65.8 21492
66 21671
66.2 21658
66.4 21875
66.6 21408
66.8 21632
67 21647
67.2 21457
67.4 21517
67.6 21417
67.8 21629
68 21867
68.2 21456
68.4 21750
68.6 21598
68.8 21718
69 21642
69.2 21507
69.4 21204
69.6 21413
69.8 21638
70 21493
70.2 21801
70.4 21665
70.6 21575
70.8 21664
71 21492
71.2 21656
71.4 21203
71.6 21641
71.8 21655
72 21662
72.2 21992
72.4 21635
72.6 21714
72.8 21398
73 21619
73.2 21632
73.4 21410
73.6 21493
73.8 21508
74 21781
74.2 21703
74.4 21942
74.6 21656
74.8 21585
75 21881
75.2 21606
75.4 21800
75.6 21454
75.8 21808
76 21442
76.2 21784
76.4 21810
76.6 21458
76.8 21736
77 21740
77.2 21765
77.4 21718
77.6 21680
77.8 21893
78 21876
78.2 21799
78.4 21517
78.6 21592
78.8 21823
79 21800
79.2 21645
79.4 21683
79.6 21861
79.8 21947
80 21819
80.2 21802
80.4 21815
80.6 21796
80.8 21740
81 21950
81.2 21850
81.4 21940
81.6 21902
81.8 21490
82 21969
82.2 21892
82.4 21663
82.6 21734
82.8 21647
83 21786
83.2 22001
83.4 21853
83.6 21596
83.8 21678
84 21840
84.2 21641
84.4 22065
84.6 21821
84.8 21992
85 21398
85.2 21734
85.4 21962
85.6 22210
85.8 21848
86 21780
86.2 21627
86.4 21920
86.6 21737
86.8 21522
87 21509
87.2 22087
87.4 21751
87.6 21829
87.8 21753
88 21572
88.2 21803
88.4 21664
88.6 21953
88.8 21809
89 21965
89.2 21604
89.4 21885
89.6 21842
89.8 22111
90 21782
90.2 21858
90.4 21737
90.6 21798
90.8 22006
91 21820
91.2 21784
91.4 21955
91.6 21897
91.8 21767
92 21643
92.2 21484
92.4 21741
92.6 21747
92.8 21675
93 21660
93.2 21609
93.4 21948
93.6 21884
93.8 21874
94 21798
94.2 21680
94.4 21691
94.6 21740
94.8 21443
95 21795
95.2 21612
95.4 22051
95.6 21949
95.8 21806
96 21659
96.2 21774
96.4 21657
96.6 21732
96.8 21799
97 21791
97.2 22038
97.4 21555
97.6 21429
97.8 21719
98 21908
98.2 21969
98.4 21806
98.6 21679
98.8 21842
99 21798
99.2 21877
99.4 21873
99.6 21896
99.8 21847
100 21791
100.2 21733
100.4 21668
100.6 21905
100.8 21872
101 21695
101.2 21487
101.4 21728
101.6 21755
101.8 21548
102 21785
102.2 21918
102.4 21582
102.6 21907
102.8 21699
103 21598
103.2 21806
103.4 21847
103.6 21727
103.8 21940
104 21898
104.2 21892
104.4 21785
104.6 21634
104.8 21692
105 21862
105.2 21701
105.4 22087
105.6 21787
105.8 21594
106 21773
106.2 21341
106.4 21677
106.6 21755
106.8 21633
107 21809
107.2 21980
107.4 21685
107.6 21657
107.8 21800
108 21760
108.2 21815
108.4 21647
108.6 21702
108.8 21490
109 21838
109.2 21995
109.4 21944
109.6 21618
109.8 21656
110 22016
110.2 21853
110.4 21785
110.6 21751
110.8 21539
111 21801
111.2 21678
111.4 21713
111.6 21662
111.8 21477
112 21852
112.2 21948
112.4 21488
112.6 22025
112.8 21786
113 21584
113.2 21847
113.4 21932
113.6 21558
113.8 21472
114 21744
114.2 21746
114.4 21604
114.6 21832
114.8 21819
115 21710
115.2 21917
115.4 21902
115.6 21799
115.8 21779
116 21797
116.2 21988
116.4 21463
116.6 21717
116.8 21978
117 21563
117.2 21709
117.4 21878
117.6 21524
117.8 21906
118 21627
118.2 21876
118.4 21603
118.6 21874
118.8 21694
119 21849
119.2 21668
119.4 21596
119.6 21811
119.8 21677
120 21763
120.2 21762
120.4 21504
120.6 21583
120.8 21696
121 21717
121.2 21749
121.4 21677
121.6 21957
121.8 21778
122 21695
122.2 21622
122.4 21867
122.6 21564
122.8 21597
123 21790
123.2 21846
123.4 21770
123.6 22076
123.8 21935
124 21613
124.2 21825
124.4 21762
124.6 21755
124.8 21320
125 21325
125.2 22023
125.4 21722
125.6 21965
125.8 21733
126 21732
126.2 21640
126.4 21298
126.6 21627
126.8 21643
127 21852
127.2 21755
127.4 21701
127.6 21700
127.8 21589
128 21942
128.2 21489
128.4 22015
128.6 21912
128.8 22034
129 21779
129.2 21723
129.4 21714
129.6 21777
129.8 21956
130 21853
130.2 21715
130.4 21693
130.6 21992
130.8 21688
131 21776
131.2 21784
131.4 21744
131.6 21658
131.8 21495
132 21610
132.2 21860
132.4 21662
132.6 21935
132.8 21422
133 21586
133.2 21443
133.4 21553
133.6 21929
133.8 21915
134 21682
134.2 21800
134.4 21775
134.6 21699
134.8 21844
135 21892
135.2 21527
135.4 21674
135.6 21800
135.8 21800
136 21630
136.2 21649
136.4 21503
136.6 21807
136.8 21602
137 21803
137.2 21572
137.4 21242
137.6 21674
137.8 21766
138 21783
138.2 21659
138.4 21781
138.6 21799
138.8 21939
139 21983
139.2 21772
139.4 21984
139.6 21492
139.8 21548
140 21888
140.2 21693
140.4 21752
140.6 21802
140.8 21493
141 21914
141.2 21486
141.4 21982
141.6 21661
141.8 21905
142 21933
142.2 21574
142.4 21662
142.6 21509
142.8 21879
143 21687
143.2 21996
143.4 21649
143.6 21751
143.8 21605
144 21832
144.2 21638
144.4 21837
144.6 21746
144.8 21749
145 21629
145.2 21807
145.4 21638
145.6 21675
145.8 21583
146 21827
146.2 21926
146.4 21759
146.6 21634
146.8 21349
147 21688
147.2 21562
147.4 21575
147.6 21676
147.8 21832
148 21700
148.2 21588
148.4 21601
148.6 21839
148.8 22064
149 21835
149.2 21753
149.4 21593
149.6 21745
149.8 21634
150 21689
150.2 21838
150.4 21746
150.6 21608
150.8 21818
151 21848
151.2 21739
151.4 21880
151.6 21821
151.8 21748
152 21586
152.2 21808
152.4 21828
152.6 21633
152.8 21827
153 21680
153.2 21596
153.4 21741
153.6 21559
153.8 21593
154 21706
154.2 21861
154.4 21586
154.6 21458
154.8 22011
155 21569
155.2 21739
155.4 21691
155.6 21717
155.8 21657
156 21932
156.2 21700
156.4 21747
156.6 21811
156.8 21962
157 21671
157.2 21572
157.4 21806
157.6 21678
157.8 21832
158 21780
158.2 21605
158.4 21676
158.6 21833
158.8 21681
159 21785
159.2 21719
159.4 21763
159.6 21608
159.8 21697
160 21624
160.2 21761
160.4 21680
160.6 21776
160.8 21972
161 21718
161.2 21549
161.4 21819
161.6 21707
161.8 21707
162 21586
162.2 21646
162.4 21784
162.6 21941
162.8 21916
163 21850
163.2 21506
163.4 21654
163.6 21914
163.8 21548
164 21940
164.2 21640
164.4 21621
164.6 21707
164.8 21577
165 21709
165.2 21732
165.4 21568
165.6 21682
165.8 21773
166 21445
166.2 21716
166.4 21801
166.6 21462
166.8 21635
167 22047
167.2 21902
167.4 21823
167.6 21775
167.8 21552
168 21831
168.2 21675
168.4 21705
168.6 21706
168.8 21429
169 21641
169.2 21389
169.4 21826
169.6 21908
169.8 21676
170 21959
170.2 21775
170.4 21772
170.6 21698
170.8 21563
171 21676
171.2 21597
171.4 21816
171.6 21342
171.8 21665
172 21661
172.2 21597
172.4 21791
172.6 21675
172.8 21662
173 21851
173.2 21629
173.4 21633
173.6 21635
173.8 21737
174 21841
174.2 21794
174.4 21861
174.6 21755
174.8 21590
175 21757
175.2 21617
175.4 21763
175.6 21917
175.8 21753
176 21835
176.2 22056
176.4 21617
176.6 21675
176.8 21658
177 21529
177.2 21951
177.4 21655
177.6 21645
177.8 21722
178 21657
178.2 21790
178.4 21440
178.6 22037
178.8 21631
179 21832
179.2 21615
179.4 21668
179.6 21683
179.8 21606
180 21506
180.2 21563
180.4 21630
180.6 21667
180.8 21672
181 21921
181.2 21632
181.4 21614
181.6 21678
181.8 21585
182 21601
182.2 21483
182.4 21467
182.6 21624
182.8 22041
183 21612
183.2 21794
183.4 21775
183.6 21623
183.8 21615
184 21549
184.2 21679
184.4 21790
184.6 21701
184.8 21579
185 22029
185.2 21792
185.4 21522
185.6 21512
185.8 21466
186 21281
186.2 21644
186.4 21803
186.6 21710
186.8 21566
187 21810
187.2 21625
187.4 21540
187.6 21509
187.8 21471
188 21661
188.2 21826
188.4 21799
188.6 21491
188.8 21905
189 21715
189.2 21849
189.4 21611
189.6 21530
189.8 21545
190 21669
190.2 21671
190.4 21479
190.6 21451
190.8 21626
191 21855
191.2 21802
191.4 21777
191.6 21766
191.8 21727
192 21681
192.2 21650
192.4 21731
192.6 21840
192.8 21653
193 21300
193.2 21718
193.4 21679
193.6 21693
193.8 21711
194 21608
194.2 21567
194.4 21717
194.6 21666
194.8 21990
195 21741
195.2 21776
195.4 21782
195.6 21699
195.8 21826
196 21785
196.2 21454
196.4 21616
196.6 21616
196.8 21590
197 21678
197.2 21596
197.4 21711
197.6 21512
197.8 21396
198 21745
198.2 21764
198.4 21851
198.6 21753
198.8 21585
199 21443
199.2 21710
199.4 21986
199.6 21791
199.8 21738
200 21683
200.2 21813
200.4 21718
200.6 21462
200.8 21428
201 21618
201.2 21793
201.4 21871
201.6 21491
201.8 21677
202 21621
202.2 21782
202.4 21583
202.6 21566
202.8 21645
203 21566
203.2 21892
203.4 21640
203.6 21655
203.8 21775
204 21696
204.2 21747
204.4 21491
204.6 21938
204.8 21617
205 21870
205.2 21369
205.4 21695
205.6 21864
205.8 21668
206 21509
206.2 21603
206.4 21709
206.6 21581
206.8 21585
207 21832
207.2 21487
207.4 21682
207.6 21675
207.8 21806
208 21547
208.2 21466
208.4 21866
208.6 21275
208.8 21652
209 21655
209.2 22014
209.4 21727
209.6 21822
209.8 21661
210 21682
210.2 21915
210.4 21842
210.6 21982
210.8 21637
211 21685
211.2 21592
211.4 21644
211.6 21779
211.8 21721
212 21775
212.2 21750
212.4 21943
212.6 21805
212.8 21927
213 21452
213.2 21485
213.4 21519
213.6 21775
213.8 21753
214 21598
214.2 21539
214.4 21822
214.6 21633
214.8 21568
215 21609
215.2 21508
215.4 21541
215.6 21693
215.8 21889
216 21720
216.2 21753
216.4 21553
216.6 21564
216.8 21692
217 21672
217.2 21750
217.4 21769
217.6 21634
217.8 21574
218 21668
218.2 21537
218.4 21678
218.6 21563
218.8 21775
219 21618
219.2 21444
219.4 21574
219.6 21571
219.8 21820
220 21914
220.2 21445
220.4 21710
220.6 21708
220.8 21718
221 21524
221.2 21806
221.4 21715
221.6 21856
221.8 21739
222 21832
222.2 21587
222.4 21817
222.6 21609
222.8 21516
223 21916
223.2 21865
223.4 21665
223.6 21539
223.8 21563
224 21720
224.2 21671
224.4 21708
224.6 21796
224.8 21620
225 21509
225.2 21770
225.4 21701
225.6 21823
225.8 21528
226 21489
226.2 21568
226.4 21558
226.6 21561
226.8 21486
227 21629
227.2 21837
227.4 21721
227.6 21481
227.8 21617
228 21861
228.2 21851
228.4 21673
228.6 21661
228.8 21511
229 21670
229.2 21696
229.4 21746
229.6 21593
229.8 21628
230 21768
230.2 21636
230.4 21847
230.6 21510
230.8 21624
231 21645
231.2 21589
231.4 21483
231.6 21847
231.8 21581
232 21630
232.2 21511
232.4 21829
232.6 21698
232.8 21722
233 21481
233.2 21663
233.4 22032
233.6 21604
233.8 21517
234 21549
234.2 21472
234.4 21704
234.6 21701
234.8 21690
235 21697
235.2 21815
235.4 21596
235.6 21501
235.8 21681
236 21633
236.2 21671
236.4 21814
236.6 21562
236.8 21569
237 21798
237.2 21634
237.4 21577
237.6 21872
237.8 21482
238 21909
238.2 21745
238.4 21489
238.6 21860
238.8 21875
239 21578
239.2 21909
239.4 21664
239.6 21551
239.8 21613
240 21690
240.2 21738
240.4 21626
240.6 21619
240.8 21651
241 21596
241.2 21675
241.4 21747
241.6 21594
241.8 21495
242 21721
242.2 21547
242.4 21629
242.6 21635
242.8 21498
243 21556
243.2 21893
243.4 21589
243.6 21607
243.8 21599
244 21579
244.2 21650
244.4 21743
244.6 21819
244.8 21489
245 21492
245.2 21751
245.4 21590
245.6 21577
245.8 21375
246 21878
246.2 21677
246.4 21526
246.6 21649
246.8 21693
247 21554
247.2 21839
247.4 21567
247.6 21743
247.8 21589
248 21593
248.2 21882
248.4 21689
248.6 21737
248.8 21715
249 21672
249.2 21697
249.4 21499
249.6 21942
249.8 22092
250 21806
