33 244
33.8 167
34.2 380
34.4 269
34.6 944
34.8 69
35 1081
35.2 10312
35.4 51580
35.6 168269
35.8 583815
36 1226545
36.2 1814687
36.4 1846267
36.6 1784626
36.8 1529171
37 1152552
37.2 919835
37.4 842309
37.6 712946
37.8 669260
38 654727
38.2 504029
38.4 483181
38.6 446623
38.8 406076
39 387727
39.2 365139
39.4 324526
39.6 340287
39.8 369754
40 356410
40.2 337916
40.4 338397
40.6 325613
40.8 319190
41 303908
41.2 317873
41.4 312869
41.6 297132
41.8 305797
42 299564
42.2 286606
42.4 310779
42.6 258626
42.8 267662
43 262101
43.2 243708
43.4 251554
43.6 229661
43.8 230420
44 216306
44.2 207403
44.4 196023
44.6 192485
44.8 187549
45 184924
45.2 181257
45.4 172183
45.6 164649
45.8 157998
46 155108
46.2 145589
46.4 140158
46.6 137099
46.8 123992
47 121172
47.2 118342
47.4 112736
47.6 105739
47.8 101175
48 95549
48.2 92783
48.4 88082
48.6 83798
48.8 79708
49 77318
49.2 73469
49.4 69349
49.6 66157
49.8 64972
50 60137
50.2 57551
50.4 54843
50.6 53902
50.8 50242
51 48400
51.2 46700
51.4 45671
51.6 43580
51.8 41945
52 41338
52.2 39336
52.4 38350
52.6 37338
52.8 35752
53 35526
53.2 34457
53.4 33178
53.6 32906
53.8 32240
54 31472
54.2 31179
54.4 29847
54.6 30433
54.8 29655
55 29533
55.2 28730
55.4 28275
55.6 27617
55.8 28040
56 27201
56.2 27371
56.4 26801
56.6 26679
56.8 26328
57 26294
57.2 26046
57.4 25861
57.6 25166
57.8 25596
58 25319
58.2 25244
58.4 24899
58.6 24644
58.8 24222
59 24734
59.2 24564
59.4 24325
59.6 23829
59.8 24112
60 23829
60.2 24239
60.4 24054
60.6 23825
60.8 24006
61 23544
61.2 23544
61.4 23643
61.6 23755
61.8 23329
62 23484
62.2 23382
62.4 23431
62.6 23127
62.8 23167
63 23048
63.2 23257
63.4 23222
63.6 23159
63.8 22945
64 23363
64.2 23026
64.4 22992
64.6 22991
64.8 23007
65 22813
65.2 23135
65.4 22665
65.6 22812
65.8 22739
66 22851
66.2 22935
66.4 22677
66.6 22697
66.8 22711
67 22338
67.2 22780
67.4 22585
67.6 22421
67.8 22600
68 22648
68.2 22508
68.4 22591
68.6 22935
68.8 22587
69 22336
69.2 22435
69.4 22720
69.6 22288
69.8 22319
70 22600
70.2 22545
70.4 22371
70.6 22395
70.8 22603
71 22210
71.2 22581
71.4 22446
71.6 22307
71.8 22431
72 22310
72.2 22816
72.4 22383
72.6 22564
72.8 21971
73 22276
73.2 22260
73.4 22370
73.6 22235
73.8 22300
74 22206
74.2 22391
74.4 22229
74.6 22213
74.8 22129
75 22365
75.2 22368
75.4 22267
75.6 22157
75.8 22208
76 22187
76.2 22261
76.4 22226
76.6 21866
76.8 22377
77 22114
77.2 22003
77.4 22081
77.6 22148
77.8 22048
78 22013
78.2 22031
78.4 22130
78.6 22234
78.8 21825
79 22375
79.2 21988
79.4 22224
79.6 21920
79.8 22284
80 22406
80.2 22180
80.4 22177
80.6 21947
80.8 22086
81 21964
81.2 21864
81.4 21810
81.6 22294
81.8 22089
82 22285
82.2 22240
82.4 22186
82.6 22158
82.8 22128
83 22153
83.2 21829
83.4 22140
83.6 22215
83.8 22085
84 22188
84.2 22084
84.4 22363
84.6 22244
84.8 22079
85 21911
85.2 22159
85.4 21964
85.6 21869
85.8 21906
86 21937
86.2 21948
86.4 21942
86.6 22115
86.8 22190
87 22020
87.2 22167
87.4 21978
87.6 22196
87.8 22083
88 22120
88.2 22104
88.4 22137
88.6 21911
88.8 22045
89 21981
89.2 21818
89.4 21732
89.6 21888
89.8 21910
90 21886
90.2 22232
90.4 21730
90.6 21902
90.8 22290
91 21965
91.2 21840
91.4 22019
91.6 22266
91.8 22019
92 22093
92.2 22023
92.4 22218
92.6 22015
92.8 22023
93 22066
93.2 22065
93.4 21999
93.6 22165
93.8 21702
94 22039
94.2 22123
94.4 22201
94.6 21958
94.8 21666
95 22072
95.2 22055
95.4 21953
95.6 22166
95.8 21998
96 22405
96.2 22060
96.4 22072
96.6 21925
96.8 21865
97 21986
97.2 22046
97.4 22044
97.6 21950
97.8 21844
98 22147
98.2 21989
98.4 22037
98.6 21970
98.8 21893
99 21879
99.2 22024
99.4 21914
99.6 21903
99.8 21906
100 22240
100.2 21819
100.4 22003
100.6 22105
100.8 22034
101 22006
101.2 21869
101.4 22021
101.6 22041
101.8 21819
102 21881
102.2 22004
102.4 21866
102.6 21939
102.8 21960
103 21956
103.2 21999
103.4 22179
103.6 21941
103.8 21594
104 21980
104.2 22177
104.4 21920
104.6 21876
104.8 21827
105 22065
105.2 21864
105.4 21827
105.6 21712
105.8 22190
106 22039
106.2 21978
106.4 22034
106.6 22047
106.8 21993
107 21975
107.2 21982
107.4 21826
107.6 22142
107.8 22131
108 22082
108.2 21954
108.4 21739
108.6 22093
108.8 21885
109 21812
109.2 21873
109.4 22094
109.6 21958
109.8 21997
110 21850
110.2 21974
110.4 21953
110.6 21906
110.8 22109
111 22031
111.2 21838
111.4 22036
111.6 21891
111.8 21943
112 21853
112.2 21656
112.4 21799
112.6 21876
112.8 21785
113 21991
113.2 21821
113.4 21812
113.6 22007
113.8 22229
114 21898
114.2 22133
114.4 22165
114.6 21885
114.8 21956
115 22059
115.2 21927
115.4 22034
115.6 21896
115.8 21884
116 22002
116.2 21967
116.4 21898
116.6 21840
116.8 21965
117 21826
117.2 21859
117.4 21906
117.6 22084
117.8 21972
118 21873
118.2 22148
118.4 22067
118.6 22141
118.8 21968
119 21807
119.2 22147
119.4 21954
119.6 21970
119.8 22005
120 21776
120.2 21970
120.4 21886
120.6 22115
120.8 21808
121 21816
121.2 22164
121.4 22073
121.6 21826
121.8 22067
122 21776
122.2 22000
122.4 21906
122.6 22205
122.8 21877
123 22014
123.2 21977
123.4 22056
123.6 21641
123.8 21910
124 21959
124.2 22090
124.4 21914
124.6 22111
124.8 21978
125 21792
125.2 22303
125.4 21866
125.6 21826
125.8 21981
126 22065
126.2 22125
126.4 22128
126.6 21634
126.8 21999
127 22155
127.2 22055
127.4 21776
127.6 21901
127.8 21905
128 21767
128.2 22123
128.4 21798
128.6 21918
128.8 22211
129 21465
129.2 21651
129.4 21996
129.6 21822
129.8 21989
130 21803
130.2 22030
130.4 22197
130.6 22003
130.8 21877
131 21972
131.2 22101
131.4 22232
131.6 22180
131.8 21984
132 22094
132.2 21837
132.4 21852
132.6 21963
132.8 21673
133 21759
133.2 21944
133.4 21754
133.6 22041
133.8 21819
134 22039
134.2 21980
134.4 21716
134.6 21954
134.8 21777
135 21908
135.2 22086
135.4 21986
135.6 22111
135.8 21968
136 22446
136.2 21964
136.4 22018
136.6 21963
136.8 22060
137 21868
137.2 22044
137.4 21874
137.6 21879
137.8 21996
138 22128
138.2 22028
138.4 21787
138.6 22061
138.8 21887
139 22009
139.2 21929
139.4 22183
139.6 21713
139.8 22191
140 21950
140.2 21637
140.4 22035
140.6 22116
140.8 21641
141 21965
141.2 21901
141.4 22242
141.6 22032
141.8 22020
142 22033
142.2 22069
142.4 21757
142.6 22028
142.8 21852
143 22203
143.2 22048
143.4 22066
143.6 22104
143.8 21826
144 22053
144.2 22385
144.4 21766
144.6 21957
144.8 21844
145 21834
145.2 22096
145.4 22101
145.6 21988
145.8 21832
146 21987
146.2 21931
146.4 21860
146.6 21983
146.8 22065
147 21973
147.2 22102
147.4 22142
147.6 21997
147.8 22273
148 21618
148.2 22214
148.4 22070
148.6 22233
148.8 21736
149 21923
149.2 22108
149.4 21953
149.6 21914
149.8 22058
150 21929
150.2 22135
150.4 21938
150.6 22110
150.8 22085
151 21878
151.2 21942
151.4 21930
151.6 22042
151.8 21833
152 21946
152.2 22066
152.4 22093
152.6 22069
152.8 22266
153 22108
153.2 21653
153.4 21917
153.6 21955
153.8 21689
154 22079
154.2 22141
154.4 21887
154.6 21733
154.8 21976
155 22162
155.2 22007
155.4 21889
155.6 21882
155.8 22111
156 21991
156.2 21989
156.4 21984
156.6 21946
156.8 22176
157 21835
157.2 21967
157.4 22043
157.6 21773
157.8 21947
158 22113
158.2 22037
158.4 22183
158.6 21787
158.8 22090
159 21975
159.2 21854
159.4 22003
159.6 21963
159.8 22026
160 21640
160.2 21701
160.4 22042
160.6 21891
160.8 22198
161 22078
161.2 22054
161.4 22065
161.6 22055
161.8 21938
162 22150
162.2 22054
162.4 22122
162.6 22112
162.8 21764
163 21977
163.2 21823
163.4 21773
163.6 21935
163.8 21739
164 22086
164.2 21947
164.4 22051
164.6 22263
164.8 21952
165 22217
165.2 21988
165.4 21552
165.6 21948
165.8 21610
166 21803
166.2 22185
166.4 22372
166.6 22340
166.8 21814
167 21587
167.2 21835
167.4 22177
167.6 21911
167.8 21668
168 22044
168.2 21836
168.4 21990
168.6 22034
168.8 21812
169 22078
169.2 21957
169.4 22088
169.6 21855
169.8 21882
170 21972
170.2 22305
170.4 21961
170.6 22313
170.8 22088
171 22173
171.2 21726
171.4 21876
171.6 21975
171.8 21935
172 22012
172.2 22365
172.4 21753
172.6 21829
172.8 21916
173 21783
173.2 22213
173.4 21978
173.6 21963
173.8 21855
174 22170
174.2 22040
174.4 21635
174.6 22233
174.8 22027
175 22231
175.2 21914
175.4 21898
175.6 22294
175.8 22084
176 21644
176.2 21947
176.4 21887
176.6 21933
176.8 21787
177 21924
177.2 21923
177.4 21982
177.6 22040
177.8 22239
178 22087
178.2 21947
178.4 22071
178.6 21874
178.8 22046
179 21995
179.2 22316
179.4 21889
179.6 22018
179.8 22231
180 22158
180.2 22077
180.4 21998
180.6 21970
180.8 22100
181 22121
181.2 21744
181.4 21855
181.6 22001
181.8 22174
182 22004
182.2 22032
182.4 21918
182.6 22374
182.8 21943
183 22310
183.2 22194
183.4 21864
183.6 22135
183.8 22040
184 22007
184.2 22042
184.4 22174
184.6 21977
184.8 22090
185 21924
185.2 21962
185.4 22200
185.6 22018
185.8 21890
186 21941
186.2 22017
186.4 22085
186.6 22238
186.8 21945
187 22323
187.2 21769
187.4 22203
187.6 21990
187.8 22013
188 22323
188.2 21877
188.4 22112
188.6 22009
188.8 22308
189 22132
189.2 21980
189.4 21944
189.6 21893
189.8 22422
190 22036
190.2 22139
190.4 22159
190.6 21857
190.8 21918
191 21888
191.2 22050
191.4 22315
191.6 22143
191.8 22109
192 21888
192.2 21589
192.4 21813
192.6 21919
192.8 21810
193 22052
193.2 21878
193.4 22026
193.6 22143
193.8 22273
194 22185
194.2 21744
194.4 22188
194.6 22068
194.8 21932
195 22165
195.2 21841
195.4 22128
195.6 21980
195.8 22189
196 22053
196.2 22150
196.4 21874
196.6 22217
196.8 22138
197 22232
197.2 22092
197.4 22164
197.6 21900
197.8 22066
198 21865
198.2 22069
198.4 22114
198.6 21961
198.8 22271
199 22027
199.2 22072
199.4 21796
199.6 21969
199.8 22065
200 21775
200.2 22028
200.4 22030
200.6 22256
200.8 21785
201 21954
201.2 21871
201.4 22002
201.6 22077
201.8 22244
202 22012
202.2 22052
202.4 22124
202.6 21989
202.8 22058
203 21825
203.2 21922
203.4 22030
203.6 21913
203.8 22141
204 21857
204.2 22082
204.4 21995
204.6 22007
204.8 22019
205 22051
205.2 21918
205.4 22074
205.6 22027
205.8 22410
206 22160
206.2 22129
206.4 22159
206.6 21850
206.8 22273
207 21805
207.2 22014
207.4 21834
207.6 22098
207.8 21643
208 21985
208.2 22095
208.4 21977
208.6 21860
208.8 21946
209 22058
209.2 21708
209.4 21820
209.6 21974
209.8 21968
210 21904
210.2 21852
210.4 22151
210.6 21867
210.8 21809
211 22302
211.2 22375
211.4 21947
211.6 21807
211.8 21708
212 21950
212.2 21948
212.4 22028
212.6 21842
212.8 21996
213 22037
213.2 22103
213.4 21901
213.6 21891
213.8 22064
214 22192
214.2 22033
214.4 22346
214.6 21789
214.8 21967
215 21939
215.2 22062
215.4 21890
215.6 22369
215.8 21906
216 21873
216.2 21944
216.4 21974
216.6 22174
216.8 22060
217 21998
217.2 21932
217.4 21819
217.6 21925
217.8 22136
218 22033
218.2 22021
218.4 22010
218.6 22029
218.8 22032
219 21784
219.2 22008
219.4 22148
219.6 21884
219.8 21928
220 22183
220.2 21867
220.4 22098
220.6 22102
220.8 21942
221 21696
221.2 22395
221.4 22061
221.6 22124
221.8 22004
222 22017
222.2 22019
222.4 22003
222.6 22058
222.8 22086
223 22120
223.2 22119
223.4 22011
223.6 21984
223.8 21715
224 21924
224.2 22078
224.4 22194
224.6 22173
224.8 21889
225 22230
225.2 22015
225.4 21908
225.6 21941
225.8 21838
226 22018
226.2 22204
226.4 21749
226.6 22119
226.8 21775
227 21841
227.2 21921
227.4 22054
227.6 22043
227.8 22058
228 21911
228.2 22031
228.4 21960
228.6 21660
228.8 22055
229 21984
229.2 22128
229.4 22129
229.6 21697
229.8 22053
230 21957
230.2 21730
230.4 21885
230.6 21879
230.8 21829
231 21841
231.2 22121
231.4 21825
231.6 22094
231.8 22156
232 22059
232.2 21936
232.4 21781
232.6 22095
232.8 21896
233 21917
233.2 21880
233.4 21734
233.6 21732
233.8 22005
234 21865
234.2 21751
234.4 22164
234.6 22043
234.8 21910
235 21823
235.2 21942
235.4 22152
235.6 21941
235.8 21869
236 21957
236.2 22047
236.4 21808
236.6 22309
236.8 22083
237 21929
237.2 21941
237.4 21783
237.6 22216
237.8 22061
238 21823
238.2 21871
238.4 21856
238.6 21860
238.8 22322
239 22088
239.2 22030
239.4 21938
239.6 22109
239.8 21758
240 21889
240.2 22029
240.4 21966
240.6 21901
240.8 22119
241 21766
241.2 22084
241.4 21900
241.6 21755
241.8 22174
242 22006
242.2 21671
242.4 22008
242.6 22044
242.8 21883
243 22035
243.2 21938
243.4 22217
243.6 21811
243.8 21888
244 21854
244.2 22094
244.4 21835
244.6 21815
244.8 21934
245 21913
245.2 21911
245.4 22029
245.6 21843
245.8 21836
246 21924
246.2 21800
246.4 22201
246.6 21835
246.8 21923
247 22069
247.2 21908
247.4 21897
247.6 21762
247.8 21976
248 21687
248.2 21928
248.4 22011
248.6 21994
248.8 21942
249 21909
249.2 22035
249.4 21905
249.6 22027
249.8 21944
250 22092
