34.6 208
34.8 73
35 303
35.2 140
35.4 63
35.6 173
36.2 31
36.4 209
36.6 353
36.8 530
37 1144
37.2 336
37.4 719
37.6 331
37.8 879
38 558
38.2 666
38.4 708
38.6 1703
38.8 806
39 1254
39.2 1107
39.4 625
39.6 1697
39.8 996
40 1551
40.2 2044
40.4 1460
40.6 2320
40.8 2771
41 1410
41.2 1296
41.4 4014
41.6 2593
41.8 4512
42 3404
42.2 6028
42.4 3983
42.6 7733
42.8 5204
43 6185
43.2 5537
43.4 5010
43.6 5681
43.8 4952
44 4932
44.2 5103
44.4 4896
44.6 4893
44.8 5696
45 6425
45.2 5308
45.4 5177
45.6 5296
45.8 6353
46 4340
46.2 4553
46.4 4376
46.6 5135
46.8 3971
47 3681
47.2 3825
47.4 4296
47.6 4051
47.8 3681
48 3434
48.2 2933
48.4 2900
48.6 2725
48.8 2600
49 2616
49.2 2174
49.4 2335
49.6 2124
49.8 2056
50 2068
50.2 2002
50.4 1967
50.6 1839
50.8 1693
51 1738
51.2 1730
51.4 1597
51.6 1370
51.8 1332
52 1465
52.2 1404
52.4 1256
52.6 1438
52.8 1242
53 1180
53.2 1151
53.4 1201
53.6 1081
53.8 1106
54 1161
54.2 1064
54.4 1056
54.6 1000
54.8 1080
55 977
55.2 1026
55.4 1010
55.6 909
55.8 1012
56 978
56.2 934
56.4 941
56.6 907
56.8 900
57 870
57.2 945
57.4 849
57.6 921
57.8 923
58 814
58.2 862
58.4 925
58.6 797
58.8 899
59 837
59.2 878
59.4 829
59.6 910
59.8 905
60 891
60.2 851
60.4 783
60.6 827
60.8 817
61 782
61.2 873
61.4 869
61.6 891
61.8 813
62 823
62.2 831
62.4 854
62.6 817
62.8 822
63 887
63.2 846
63.4 859
63.6 819
63.8 789
64 828
64.2 880
64.4 792
64.6 804
64.8 814
65 773
65.2 797
65.4 782
65.6 826
65.8 794
66 841
66.2 746
66.4 843
66.6 795
66.8 781
67 800
67.2 836
67.4 797
67.6 835
67.8 780
68 803
68.2 773
68.4 852
68.6 772
68.8 800
69 810
69.2 775
69.4 797
69.6 850
69.8 813
70 793
70.2 783
70.4 780
70.6 786
70.8 763
71 814
71.2 755
71.4 786
71.6 795
71.8 808
72 780
72.2 815
72.4 849
72.6 811
72.8 779
73 783
73.2 803
73.4 796
73.6 743
73.8 794
74 747
74.2 781
74.4 753
74.6 802
74.8 818
75 785
75.2 770
75.4 747
75.6 787
75.8 777
76 801
76.2 781
76.4 777
76.6 750
76.8 816
77 742
77.2 779
77.4 776
77.6 792
77.8 773
78 756
78.2 763
78.4 812
78.6 811
78.8 745
79 786
79.2 771
79.4 754
79.6 752
79.8 763
80 784
80.2 742
80.4 808
80.6 776
80.8 781
81 772
81.2 774
81.4 781
81.6 756
81.8 749
82 762
82.2 766
82.4 811
82.6 785
82.8 775
83 761
83.2 823
83.4 782
83.6 803
83.8 824
84 775
84.2 716
84.4 853
84.6 773
84.8 798
85 814
85.2 764
85.4 796
85.6 743
85.8 798
86 754
86.2 803
86.4 751
86.6 797
86.8 754
87 796
87.2 694
87.4 780
87.6 796
87.8 758
88 796
88.2 756
88.4 809
88.6 788
88.8 725
89 794
89.2 762
89.4 813
89.6 770
89.8 829
90 786
90.2 758
90.4 722
90.6 772
90.8 797
91 762
91.2 793
91.4 769
91.6 803
91.8 835
92 796
92.2 739
92.4 792
92.6 768
92.8 709
93 797
93.2 747
93.4 768
93.6 736
93.8 850
94 721
94.2 819
94.4 797
94.6 782
94.8 767
95 813
95.2 804
95.4 731
95.6 724
95.8 812
96 722
96.2 791
96.4 754
96.6 745
96.8 753
97 765
97.2 780
97.4 810
97.6 770
97.8 758
98 849
98.2 768
98.4 735
98.6 754
98.8 756
99 782
99.2 793
99.4 796
99.6 768
99.8 795
100 814
100.2 752
100.4 775
100.6 790
100.8 794
101 803
101.2 824
101.4 821
101.6 756
101.8 745
102 749
102.2 749
102.4 755
102.6 757
102.8 768
103 771
103.2 795
103.4 798
103.6 792
103.8 792
104 775
104.2 820
104.4 786
104.6 793
104.8 781
105 781
105.2 835
105.4 748
105.6 832
105.8 756
106 833
106.2 743
106.4 783
106.6 783
106.8 770
107 759
107.2 771
107.4 766
107.6 739
107.8 786
108 815
108.2 803
108.4 793
108.6 720
108.8 773
109 817
109.2 772
109.4 759
109.6 810
109.8 770
110 761
110.2 784
110.4 773
110.6 736
110.8 729
111 821
111.2 788
111.4 752
111.6 792
111.8 770
112 804
112.2 758
112.4 768
112.6 773
112.8 767
113 750
113.2 776
113.4 799
113.6 832
113.8 796
114 770
114.2 730
114.4 783
114.6 769
114.8 831
115 814
115.2 795
115.4 776
115.6 755
115.8 730
116 784
116.2 811
116.4 828
116.6 721
116.8 738
117 798
117.2 801
117.4 803
117.6 721
117.8 797
118 772
118.2 773
118.4 790
118.6 759
118.8 754
119 737
119.2 820
119.4 745
119.6 793
119.8 782
120 763
120.2 796
120.4 780
120.6 765
120.8 765
121 742
121.2 775
121.4 763
121.6 757
121.8 748
122 812
122.2 777
122.4 809
122.6 727
122.8 753
123 785
123.2 763
123.4 780
123.6 822
123.8 816
124 778
124.2 799
124.4 795
124.6 775
124.8 790
125 794
125.2 772
125.4 766
125.6 785
125.8 782
126 685
126.2 818
126.4 769
126.6 719
126.8 741
127 776
127.2 787
127.4 772
127.6 786
127.8 769
128 790
128.2 783
128.4 725
128.6 755
128.8 742
129 750
129.2 739
129.4 792
129.6 804
129.8 745
130 758
130.2 768
130.4 765
130.6 757
130.8 762
131 767
131.2 745
131.4 762
131.6 814
131.8 797
132 760
132.2 745
132.4 745
132.6 754
132.8 803
133 748
133.2 742
133.4 750
133.6 755
133.8 763
134 787
134.2 782
134.4 775
134.6 736
134.8 764
135 787
135.2 735
135.4 783
135.6 703
135.8 749
136 790
136.2 748
136.4 789
136.6 783
136.8 773
137 760
137.2 782
137.4 743
137.6 791
137.8 809
138 784
138.2 769
138.4 730
138.6 727
138.8 772
139 846
139.2 818
139.4 742
139.6 763
139.8 760
140 772
140.2 752
140.4 765
140.6 733
140.8 798
141 778
141.2 760
141.4 732
141.6 789
141.8 711
142 783
142.2 690
142.4 750
142.6 746
142.8 772
143 773
143.2 707
143.4 843
143.6 790
143.8 780
144 775
144.2 792
144.4 760
144.6 773
144.8 802
145 762
145.2 763
145.4 736
145.6 780
145.8 815
146 726
146.2 736
146.4 717
146.6 786
146.8 774
147 785
147.2 762
147.4 817
147.6 743
147.8 742
148 746
148.2 787
148.4 764
148.6 729
148.8 731
149 723
149.2 767
149.4 766
149.6 733
149.8 754
150 753
150.2 749
150.4 761
150.6 763
150.8 782
151 763
151.2 755
151.4 762
151.6 791
151.8 699
152 758
152.2 739
152.4 773
152.6 792
152.8 771
153 770
153.2 747
153.4 754
153.6 757
153.8 780
154 776
154.2 790
154.4 774
154.6 765
154.8 775
155 741
155.2 772
155.4 718
155.6 804
155.8 787
156 800
156.2 773
156.4 768
156.6 720
156.8 724
157 758
157.2 752
157.4 775
157.6 742
157.8 805
158 754
158.2 779
158.4 745
158.6 736
158.8 806
159 760
159.2 750
159.4 745
159.6 720
159.8 787
160 727
160.2 754
160.4 794
160.6 730
160.8 760
161 737
161.2 771
161.4 811
161.6 763
161.8 734
162 735
162.2 765
162.4 800
162.6 778
162.8 745
163 795
163.2 724
163.4 794
163.6 756
163.8 757
164 782
164.2 757
164.4 748
164.6 757
164.8 745
165 786
165.2 739
165.4 805
165.6 726
165.8 778
166 755
166.2 758
166.4 782
166.6 718
166.8 714
167 739
167.2 716
167.4 820
167.6 786
167.8 747
168 708
168.2 727
168.4 767
168.6 761
168.8 740
169 784
169.2 723
169.4 798
169.6 764
169.8 781
170 748
170.2 727
170.4 765
170.6 787
170.8 701
171 762
171.2 768
171.4 779
171.6 787
171.8 730
172 801
172.2 780
172.4 773
172.6 770
172.8 735
173 814
173.2 789
173.4 746
173.6 755
173.8 715
174 767
174.2 760
174.4 797
174.6 722
174.8 770
175 798
175.2 754
175.4 746
175.6 799
175.8 728
176 765
176.2 825
176.4 753
176.6 711
176.8 699
177 769
177.2 795
177.4 713
177.6 767
177.8 825
178 733
178.2 774
178.4 716
178.6 812
178.8 803
179 763
179.2 828
179.4 762
179.6 795
179.8 746
180 797
180.2 757
180.4 736
180.6 779
180.8 748
181 777
181.2 748
181.4 707
181.6 767
181.8 759
182 762
182.2 787
182.4 754
182.6 764
182.8 771
183 788
183.2 772
183.4 711
183.6 747
183.8 774
184 732
184.2 765
184.4 771
184.6 758
184.8 777
185 739
185.2 772
185.4 771
185.6 762
185.8 766
186 783
186.2 751
186.4 781
186.6 746
186.8 805
187 773
187.2 772
187.4 729
187.6 696
187.8 760
188 747
188.2 732
188.4 731
188.6 762
188.8 801
189 750
189.2 778
189.4 750
189.6 767
189.8 757
190 736
190.2 766
190.4 741
190.6 755
190.8 774
191 708
191.2 786
191.4 784
191.6 806
191.8 795
192 757
192.2 789
192.4 782
192.6 741
192.8 748
193 741
193.2 736
193.4 766
193.6 731
193.8 763
194 748
194.2 775
194.4 793
194.6 765
194.8 713
195 775
195.2 782
195.4 731
195.6 729
195.8 739
196 736
196.2 786
196.4 747
196.6 754
196.8 761
197 724
197.2 749
197.4 795
197.6 724
197.8 755
198 781
198.2 742
198.4 776
198.6 705
198.8 743
199 751
199.2 774
199.4 747
199.6 718
199.8 742
200 738
200.2 739
200.4 747
200.6 730
200.8 756
201 753
201.2 765
201.4 714
201.6 780
201.8 753
202 753
202.2 724
202.4 734
202.6 759
202.8 726
203 756
203.2 784
203.4 736
203.6 734
203.8 735
204 780
204.2 772
204.4 744
204.6 780
204.8 795
205 724
205.2 766
205.4 775
205.6 725
205.8 748
206 740
206.2 753
206.4 739
206.6 792
206.8 735
207 740
207.2 733
207.4 718
207.6 787
207.8 739
208 719
208.2 740
208.4 752
208.6 701
208.8 764
209 734
209.2 763
209.4 773
209.6 754
209.8 808
210 775
210.2 759
210.4 747
210.6 764
210.8 816
211 768
211.2 784
211.4 785
211.6 743
211.8 730
212 771
212.2 724
212.4 766
212.6 751
212.8 763
213 716
213.2 718
213.4 712
213.6 781
213.8 721
214 751
214.2 730
214.4 765
214.6 795
214.8 771
215 732
215.2 746
215.4 700
215.6 751
215.8 727
216 777
216.2 778
216.4 728
216.6 727
216.8 769
217 756
217.2 732
217.4 735
217.6 732
217.8 753
218 695
218.2 734
218.4 704
218.6 735
218.8 757
219 774
219.2 785
219.4 747
219.6 726
219.8 785
220 698
220.2 797
220.4 743
220.6 708
220.8 795
221 753
221.2 731
221.4 743
221.6 776
221.8 733
222 745
222.2 780
222.4 750
222.6 757
222.8 760
223 777
223.2 744
223.4 757
223.6 807
223.8 783
224 737
224.2 718
224.4 718
224.6 709
224.8 732
225 744
225.2 761
225.4 752
225.6 762
225.8 718
226 730
226.2 739
226.4 774
226.6 719
226.8 766
227 773
227.2 734
227.4 758
227.6 753
227.8 745
228 772
228.2 754
228.4 759
228.6 722
228.8 792
229 751
229.2 738
229.4 693
229.6 702
229.8 693
230 760
230.2 777
230.4 757
230.6 723
230.8 754
231 768
231.2 691
231.4 751
231.6 698
231.8 716
232 729
232.2 714
232.4 702
232.6 747
232.8 702
233 761
233.2 745
233.4 761
233.6 743
233.8 723
234 730
234.2 680
234.4 714
234.6 747
234.8 718
235 691
235.2 733
235.4 716
235.6 797
235.8 755
236 761
236.2 688
236.4 754
236.6 735
236.8 761
237 752
237.2 711
237.4 762
237.6 736
237.8 732
238 764
238.2 747
238.4 747
238.6 776
238.8 735
239 690
239.2 750
239.4 716
239.6 768
239.8 710
240 766
240.2 805
240.4 749
240.6 737
240.8 709
241 746
241.2 696
241.4 737
241.6 716
241.8 742
242 757
242.2 745
242.4 693
242.6 729
242.8 783
243 743
243.2 751
243.4 678
243.6 788
243.8 752
244 700
244.2 793
244.4 777
244.6 713
244.8 711
245 733
245.2 768
245.4 721
245.6 723
245.8 737
246 741
246.2 703
246.4 730
246.6 712
246.8 715
247 696
247.2 725
247.4 781
247.6 734
247.8 744
248 732
248.2 802
248.4 785
248.6 678
248.8 683
249 721
249.2 715
249.4 738
249.6 703
249.8 785
250 706
