3.372019999999999879e-03 1.363003333333333345e+00
4.768760000000000360e-03 1.374136666666666784e+00
5.840510000000000146e-03 1.373456666666666770e+00
6.744049999999999698e-03 1.379539999999999766e+00
9.537520000000000719e-03 1.364313333333333267e+00
1.011609999999999940e-02 1.367003333333333126e+00
1.168100000000000041e-02 1.360203333333333431e+00
1.348809999999999940e-02 1.359223333333333450e+00
1.430629999999999923e-02 1.356800000000000006e+00
1.686009999999999939e-02 1.340753333333333019e+00
1.752149999999999888e-02 1.340139999999999887e+00
1.907500000000000168e-02 1.333409999999999984e+00
2.023209999999999939e-02 1.324146666666666583e+00
2.336210000000000023e-02 1.306623333333333248e+00
2.360419999999999879e-02 1.300156666666666627e+00
2.384379999999999833e-02 1.307790000000000008e+00
2.697619999999999879e-02 1.284873333333333312e+00
2.861259999999999845e-02 1.281063333333333221e+00
2.920259999999999870e-02 1.275356666666666916e+00
3.034819999999999879e-02 1.271723333333333317e+00
3.338130000000000264e-02 1.248650000000000260e+00
3.372019999999999879e-02 1.241303333333333425e+00
3.504310000000000064e-02 1.238620000000000054e+00
3.709219999999999878e-02 1.229400000000000048e+00
3.815009999999999929e-02 1.215336666666666732e+00
4.046430000000000166e-02 1.199983333333333402e+00
4.088359999999999911e-02 1.195136666666666514e+00
4.291880000000000001e-02 1.183986666666666743e+00
4.383630000000000165e-02 1.184083333333333377e+00
4.672409999999999758e-02 1.157043333333333424e+00
4.720830000000000165e-02 1.157060000000000199e+00
4.768759999999999666e-02 1.153413333333333401e+00
5.058030000000000165e-02 1.128843333333333421e+00
5.245640000000000025e-02 1.124263333333333170e+00
5.256460000000000299e-02 1.121350000000000291e+00
5.395239999999999758e-02 1.109820000000000029e+00
5.722510000000000097e-02 1.089976666666666594e+00
5.732439999999999758e-02 1.089943333333333486e+00
5.840510000000000146e-02 1.084173333333333211e+00
6.069639999999999758e-02 1.071996666666666709e+00
6.199389999999999762e-02 1.063213333333333344e+00
6.406839999999999757e-02 1.053673333333333240e+00
6.424570000000000281e-02 1.053023333333333200e+00
6.676260000000000527e-02 1.037799999999999834e+00
6.744050000000000045e-02 1.032790000000000097e+00
7.008620000000000128e-02 1.025793333333333335e+00
7.081250000000000044e-02 1.025533333333333408e+00
7.153139999999999499e-02 1.015376666666666594e+00
7.418450000000000044e-02 1.011610000000000120e+00
7.592669999999999975e-02 9.927746666666666941e-01
7.630019999999999858e-02 9.957196666666666696e-01
7.755650000000000044e-02 9.931676666666667819e-01
8.092850000000000044e-02 9.748053333333333015e-01
8.106889999999999930e-02 9.792960000000000553e-01
8.176719999999999822e-02 9.791066666666666807e-01
8.430060000000000331e-02 9.674830000000000929e-01
8.583770000000000289e-02 9.626193333333333824e-01
8.760769999999999669e-02 9.598556666666667736e-01
8.767260000000000331e-02 9.572029999999999150e-01
9.060640000000000360e-02 9.494946666666667090e-01
9.104460000000000330e-02 9.511763333333332904e-01
9.344819999999999516e-02 9.463210000000000788e-01
9.441660000000000330e-02 9.488670000000000160e-01
9.537519999999999332e-02 9.376763333333334449e-01
9.778870000000000617e-02 9.380796666666665340e-01
9.928869999999999363e-02 9.379370000000001317e-01
1.001439999999999969e-01 9.375600000000000600e-01
1.011610000000000009e-01 9.386093333333332955e-01
1.045330000000000009e-01 9.357240000000000002e-01
1.049130000000000063e-01 9.349949999999999095e-01
1.051290000000000002e-01 9.327963333333332274e-01
1.079050000000000009e-01 9.352943333333333387e-01
1.096810000000000007e-01 9.324309999999998988e-01
1.109699999999999992e-01 9.367933333333332557e-01
1.112770000000000009e-01 9.334233333333332716e-01
1.144499999999999962e-01 9.369006666666667149e-01
1.146490000000000009e-01 9.376856666666665285e-01
1.168099999999999972e-01 9.375166666666666648e-01
1.180210000000000009e-01 9.408213333333333983e-01
1.192190000000000055e-01 9.408289999999999154e-01
1.213930000000000009e-01 9.415506666666666469e-01
1.226509999999999961e-01 9.444490000000000940e-01
1.239880000000000010e-01 9.443496666666666428e-01
1.247650000000000009e-01 9.464156666666667661e-01
1.281370000000000009e-01 9.545673333333333233e-01
1.284909999999999941e-01 9.527360000000001383e-01
1.287570000000000103e-01 9.533673333333334554e-01
1.315089999999999870e-01 9.620656666666667078e-01
1.335250000000000048e-01 9.595410000000000883e-01
1.343320000000000070e-01 9.644976666666665865e-01
1.348810000000000009e-01 9.670229999999998549e-01
1.382529999999999870e-01 9.692779999999999729e-01
1.382940000000000003e-01 9.698733333333332540e-01
1.401719999999999910e-01 9.743950000000000111e-01
1.416250000000000009e-01 9.726119999999999211e-01
1.430629999999999957e-01 9.782293333333332841e-01
1.449969999999999870e-01 9.855049999999999644e-01
1.460130000000000039e-01 9.863683333333334025e-01
1.478319999999999912e-01 9.884490000000000220e-01
1.483690000000000009e-01 9.914663333333333384e-01
1.517409999999999870e-01 9.973556666666666404e-01
1.518529999999999880e-01 9.958506666666666618e-01
1.526000000000000134e-01 9.972813333333333530e-01
1.551130000000000009e-01 1.000110000000000054e+00
1.573690000000000089e-01 1.006160000000000165e+00
1.576940000000000008e-01 1.002373333333333338e+00
1.584849999999999870e-01 1.007979999999999876e+00
1.618570000000000009e-01 1.005953333333333255e+00
1.621380000000000043e-01 1.010383333333333189e+00
1.635340000000000127e-01 1.015179999999999971e+00
1.652289999999999870e-01 1.012376666666666702e+00
1.669069999999999998e-01 1.020396666666666619e+00
1.686010000000000009e-01 1.014573333333333549e+00
1.693749999999999978e-01 1.024329999999999963e+00
1.716749999999999943e-01 1.025336666666666785e+00
1.719729999999999870e-01 1.027840000000000087e+00
1.752150000000000096e-01 1.024180000000000090e+00
1.753450000000000009e-01 1.025086666666666702e+00
1.764439999999999897e-01 1.025813333333333466e+00
1.787169999999999870e-01 1.027266666666666550e+00
1.810559999999999947e-01 1.033443333333333269e+00
1.812130000000000130e-01 1.027406666666666801e+00
1.820890000000000009e-01 1.029400000000000093e+00
1.854609999999999870e-01 1.026909999999999989e+00
1.859820000000000084e-01 1.033116666666666683e+00
1.868960000000000066e-01 1.035426666666666717e+00
1.888330000000000009e-01 1.030010000000000092e+00
1.907500000000000029e-01 1.029373333333333251e+00
1.922049999999999870e-01 1.034916666666666707e+00
1.927369999999999917e-01 1.029396666666666738e+00
1.955189999999999984e-01 1.027696666666666703e+00
1.955770000000000008e-01 1.027530000000000054e+00
1.985770000000000035e-01 1.029249999999999998e+00
1.989489999999999870e-01 1.028333333333333321e+00
2.002879999999999938e-01 1.029973333333333407e+00
2.023210000000000008e-01 1.018310000000000271e+00
2.044179999999999886e-01 1.025156666666666494e+00
2.050569999999999893e-01 1.025443333333333262e+00
2.056929999999999870e-01 1.021800000000000042e+00
2.090650000000000008e-01 1.021863333333333346e+00
2.098250000000000115e-01 1.017039999999999944e+00
2.102590000000000015e-01 1.024339999999999806e+00
2.124369999999999870e-01 1.019619999999999971e+00
2.145940000000000070e-01 1.014789999999999859e+00
2.158090000000000008e-01 1.022263333333333302e+00
2.160990000000000133e-01 1.014420000000000099e+00
2.191809999999999869e-01 1.015436666666666765e+00
2.193630000000000024e-01 1.011416666666666631e+00
2.219399999999999984e-01 1.012213333333333187e+00
2.225530000000000008e-01 1.012443333333333362e+00
2.241319999999999979e-01 1.006116666666666548e+00
2.259259999999999879e-01 1.010159999999999947e+00
2.277800000000000102e-01 1.007483333333333286e+00
2.288999999999999924e-01 1.006620000000000070e+00
2.292980000000000018e-01 1.000165666666666731e+00
2.326699999999999879e-01 1.000084333333333353e+00
2.336209999999999953e-01 1.002056000000000058e+00
2.336689999999999878e-01 1.003045333333333344e+00
2.360420000000000018e-01 1.005889999999999951e+00
2.384380000000000110e-01 9.944700000000000761e-01
2.394139999999999879e-01 9.944243333333333545e-01
2.394610000000000072e-01 1.000378333333333147e+00
2.427860000000000018e-01 9.965583333333333238e-01
2.432070000000000065e-01 9.936070000000000180e-01
2.453019999999999923e-01 9.925783333333333402e-01
2.461579999999999879e-01 9.936066666666666380e-01
2.479760000000000020e-01 9.891399999999999082e-01
2.495300000000000018e-01 9.910019999999999385e-01
2.511419999999999764e-01 9.877079999999999194e-01
2.527440000000000242e-01 9.869040000000000035e-01
2.529020000000000157e-01 9.926946666666666141e-01
2.562740000000000018e-01 9.890963333333333551e-01
2.569830000000000170e-01 9.849960000000000937e-01
2.575129999999999919e-01 9.855363333333332365e-01
2.596459999999999879e-01 9.859043333333333825e-01
2.622820000000000151e-01 9.846453333333332614e-01
2.628229999999999733e-01 9.820633333333333992e-01
2.630179999999999740e-01 9.877599999999998603e-01
2.663900000000000157e-01 9.784726666666666572e-01
2.670509999999999828e-01 9.878063333333333418e-01
2.686640000000000139e-01 9.824489999999999057e-01
2.697620000000000018e-01 9.816596666666667081e-01
2.718189999999999773e-01 9.846113333333333939e-01
2.731339999999999879e-01 9.866943333333333399e-01
2.745040000000000258e-01 9.773126666666667184e-01
2.765059999999999740e-01 9.810050000000000159e-01
2.765880000000000005e-01 9.857103333333333550e-01
2.798780000000000157e-01 9.841649999999999565e-01
2.803450000000000109e-01 9.826153333333333961e-01
2.813570000000000237e-01 9.868303333333333649e-01
2.832500000000000018e-01 9.849726666666667185e-01
2.861259999999999915e-01 9.880656666666668420e-01
2.861850000000000227e-01 9.907813333333334027e-01
2.866219999999999879e-01 9.861226666666667029e-01
2.899939999999999740e-01 9.800603333333333111e-01
2.908939999999999859e-01 9.862700000000000911e-01
2.920260000000000078e-01 9.892196666666667193e-01
2.933660000000000156e-01 9.859449999999999603e-01
2.956630000000000091e-01 9.935196666666666898e-01
2.967380000000000018e-01 9.852470000000000949e-01
2.978660000000000196e-01 9.941496666666665982e-01
3.001099999999999879e-01 1.001699333333333275e+00
3.004319999999999768e-01 9.953480000000000105e-01
3.034819999999999740e-01 9.979559999999999542e-01
3.037070000000000047e-01 9.929623333333332802e-01
3.052010000000000001e-01 9.968953333333333555e-01
3.068540000000000156e-01 9.969070000000000986e-01
3.095470000000000166e-01 9.974756666666667604e-01
3.099689999999999945e-01 9.970496666666667229e-01
3.102260000000000018e-01 9.981846666666666090e-01
3.135979999999999879e-01 9.943166666666666265e-01
3.147380000000000178e-01 1.000298000000000131e+00
3.153880000000000017e-01 9.959256666666665980e-01
3.169699999999999740e-01 1.002024000000000026e+00
3.195069999999999855e-01 1.001172333333333331e+00
3.203420000000000156e-01 9.965786666666666127e-01
3.212280000000000135e-01 9.974539999999999518e-01
3.237140000000000017e-01 1.000473333333333548e+00
3.242760000000000087e-01 1.000054999999999916e+00
3.270689999999999986e-01 1.005740000000000078e+00
3.270859999999999879e-01 9.987539999999999196e-01
3.290440000000000031e-01 1.002183666666666584e+00
3.304579999999999740e-01 1.002456666666666552e+00
3.329090000000000105e-01 1.003176666666666828e+00
3.338130000000000264e-01 1.004203333333333337e+00
3.338300000000000156e-01 1.001145666666666711e+00
3.372020000000000017e-01 1.006700000000000150e+00
3.385819999999999941e-01 1.003750333333333300e+00
3.387499999999999956e-01 1.007710000000000106e+00
3.405739999999999879e-01 1.007833333333333359e+00
3.433510000000000173e-01 1.009826666666666650e+00
3.439459999999999740e-01 1.004514333333333287e+00
3.445900000000000074e-01 1.003126666666666722e+00
3.473180000000000156e-01 1.003391666666666682e+00
3.481190000000000118e-01 1.008429999999999938e+00
3.504309999999999925e-01 1.008140000000000036e+00
3.506900000000000017e-01 1.005764333333333260e+00
3.528879999999999795e-01 1.005793333333333317e+00
3.540619999999999878e-01 1.005697999999999981e+00
3.562710000000000043e-01 1.009970000000000034e+00
3.574339999999999740e-01 1.011463333333333381e+00
3.576570000000000027e-01 1.004380000000000051e+00
3.608060000000000156e-01 1.004449666666666685e+00
3.621119999999999894e-01 1.007663333333333355e+00
3.624260000000000259e-01 1.005646666666666578e+00
3.641780000000000017e-01 1.004293333333333260e+00
3.671949999999999936e-01 1.004843333333333311e+00
3.675499999999999878e-01 1.006859999999999866e+00
3.679520000000000013e-01 1.006923333333333170e+00
3.709219999999999740e-01 1.007566666666666721e+00
3.719629999999999881e-01 1.010350000000000081e+00
3.737929999999999864e-01 1.006066333333333285e+00
3.742949999999999888e-01 1.006736666666666835e+00
3.767320000000000113e-01 1.005849999999999911e+00
3.776669999999999749e-01 1.007405333333333486e+00
3.796329999999999982e-01 1.006579999999999808e+00
3.810390000000000166e-01 1.002643333333333331e+00
3.815009999999999790e-01 1.006466666666666621e+00
3.844110000000000027e-01 1.005527999999999977e+00
3.854739999999999833e-01 1.002615666666666572e+00
3.862700000000000022e-01 1.003484000000000043e+00
3.877829999999999888e-01 9.987806666666667610e-01
3.910379999999999967e-01 1.005106666666666593e+00
3.911549999999999749e-01 1.000510333333333390e+00
3.913139999999999952e-01 1.002126666666666610e+00
3.945270000000000166e-01 1.000898666666666825e+00
3.958070000000000199e-01 1.005098333333333427e+00
3.971549999999999803e-01 1.000809666666666820e+00
3.978990000000000027e-01 1.002551666666666730e+00
4.005759999999999876e-01 1.000310333333333412e+00
4.012709999999999888e-01 1.006639333333333219e+00
4.029960000000000209e-01 9.985949999999998994e-01
4.046429999999999749e-01 1.000054999999999916e+00
4.053450000000000109e-01 1.004283333333333417e+00
4.080150000000000166e-01 9.951470000000001148e-01
4.088359999999999772e-01 1.000384333333333320e+00
4.101130000000000053e-01 9.986399999999999721e-01
4.113870000000000027e-01 1.004923333333333391e+00
4.146770000000000178e-01 9.942426666666666080e-01
4.147589999999999888e-01 9.983379999999999477e-01
4.148819999999999730e-01 1.003456666666666663e+00
4.181309999999999749e-01 9.993603333333332950e-01
4.196509999999999962e-01 1.000657999999999825e+00
4.205169999999999741e-01 9.973926666666667051e-01
4.215030000000000165e-01 9.905939999999998635e-01
4.244200000000000195e-01 9.951283333333332815e-01
4.248750000000000027e-01 1.009453333333333314e+00
4.263580000000000148e-01 1.001229666666666684e+00
4.282469999999999888e-01 9.955773333333333142e-01
4.291880000000000139e-01 9.978150000000000075e-01
4.316189999999999749e-01 9.966273333333334206e-01
4.321980000000000266e-01 1.000358666666666618e+00
4.339569999999999816e-01 9.970446666666665791e-01
4.349910000000000165e-01 9.993566666666667819e-01
4.380390000000000117e-01 9.937646666666665185e-01
4.383630000000000027e-01 9.997373333333333667e-01
4.387260000000000049e-01 9.972263333333333257e-01
4.417349999999999888e-01 9.932289999999999175e-01
4.434949999999999726e-01 1.001217999999999941e+00
4.438790000000000235e-01 9.952873333333333017e-01
4.451069999999999749e-01 9.971229999999998705e-01
4.482630000000000225e-01 9.962453333333334271e-01
4.484790000000000165e-01 9.962739999999999929e-01
4.497200000000000086e-01 9.966163333333333263e-01
4.518510000000000026e-01 9.904840000000000311e-01
4.530319999999999903e-01 9.948586666666666689e-01
4.552229999999999888e-01 9.960073333333333556e-01
4.555600000000000205e-01 9.946603333333333685e-01
4.578010000000000135e-01 9.956266666666667708e-01
4.585949999999999749e-01 9.924516666666666209e-01
4.614010000000000056e-01 9.971649999999999681e-01
4.619670000000000165e-01 9.969746666666665647e-01
4.625699999999999812e-01 9.973493333333333100e-01
4.653390000000000026e-01 9.920073333333333521e-01
4.672410000000000174e-01 9.937196666666666678e-01
4.673379999999999757e-01 9.913843333333334229e-01
4.687109999999999888e-01 9.947273333333331857e-01
4.720829999999999749e-01 9.924866666666667392e-01
4.721069999999999989e-01 9.974750000000000005e-01
4.730820000000000025e-01 9.945709999999999829e-01
4.754550000000000165e-01 9.975979999999999848e-01
4.768760000000000221e-01 9.961780000000000079e-01
4.788270000000000026e-01 9.948273333333332857e-01
4.789220000000000144e-01 9.938563333333333416e-01
4.816449999999999898e-01 9.994246666666667389e-01
4.821989999999999887e-01 9.921096666666667785e-01
4.847629999999999995e-01 9.949759999999999716e-01
4.855709999999999749e-01 9.906983333333334585e-01
4.864140000000000130e-01 1.000317333333333281e+00
4.889430000000000165e-01 1.001089333333333498e+00
4.906030000000000113e-01 1.001552333333333378e+00
4.911820000000000075e-01 9.973190000000000666e-01
4.923150000000000026e-01 1.001605666666666616e+00
4.956869999999999887e-01 9.990673333333334183e-01
4.959509999999999752e-01 9.937543333333334061e-01
4.964439999999999964e-01 1.001814333333333362e+00
4.990589999999999749e-01 1.000497666666666730e+00
5.007200000000000539e-01 1.000680999999999932e+00
5.022839999999999527e-01 1.001553333333333073e+00
5.024309999999999610e-01 9.991316666666666402e-01
5.054889999999999661e-01 9.988340000000001107e-01
5.058030000000000026e-01 1.003843333333333421e+00
5.081250000000000488e-01 1.001414333333333184e+00
5.091750000000000442e-01 9.993670000000000053e-01
5.102569999999999606e-01 1.001888333333333492e+00
5.125469999999999748e-01 9.936373333333333724e-01
5.139650000000000052e-01 9.998216666666666086e-01
5.150259999999999838e-01 1.000529333333333382e+00
5.159190000000000165e-01 9.997400000000000730e-01
5.192909999999999471e-01 1.000601999999999991e+00
5.197950000000000070e-01 1.001935666666666558e+00
5.198059999999999903e-01 9.991759999999999531e-01
5.226640000000000175e-01 1.002392666666666710e+00
5.245640000000000303e-01 1.000892666666666653e+00
5.256459999999999466e-01 1.005589999999999984e+00
5.260359999999999481e-01 1.000980000000000203e+00
5.293320000000000247e-01 1.005103333333333460e+00
5.294079999999999897e-01 1.003427000000000069e+00
5.314870000000000427e-01 1.005843333333333200e+00
5.327800000000000313e-01 1.005583333333333274e+00
5.341010000000000479e-01 1.001352333333333400e+00
5.361519999999999619e-01 1.001070000000000126e+00
5.373269999999999991e-01 1.007133333333333214e+00
5.388699999999999601e-01 1.004098333333333315e+00
5.395240000000000036e-01 1.003923666666666659e+00
5.428960000000000452e-01 1.005013666666666694e+00
5.431679999999999842e-01 9.992153333333333443e-01
5.436389999999999834e-01 1.005130000000000079e+00
5.462679999999999758e-01 1.000778666666666483e+00
5.484069999999999778e-01 1.004909999999999970e+00
5.490080000000000515e-01 1.005783333333333252e+00
5.496400000000000174e-01 1.010553333333333415e+00
5.530119999999999481e-01 1.003174666666666548e+00
5.531760000000000010e-01 1.011846666666666783e+00
5.548490000000000366e-01 1.005211333333333457e+00
5.563839999999999897e-01 1.008086999999999955e+00
5.579450000000000243e-01 1.005157333333333236e+00
5.597560000000000313e-01 1.007833333333333359e+00
5.606889999999999930e-01 1.003773999999999944e+00
5.627140000000000475e-01 1.000687333333333262e+00
5.631279999999999619e-01 1.001985999999999821e+00
5.665000000000000036e-01 1.001018333333333343e+00
5.665299999999999780e-01 1.005740000000000078e+00
5.674820000000000420e-01 1.001210666666666693e+00
5.698720000000000452e-01 9.952486666666665593e-01
5.722509999999999541e-01 1.002510000000000012e+00
5.723700000000000454e-01 1.007633333333333381e+00
5.732439999999999758e-01 1.001959666666666804e+00
5.766160000000000174e-01 9.959313333333333906e-01
5.770199999999999774e-01 1.002217666666666673e+00
5.782110000000000305e-01 1.006193333333333273e+00
5.799879999999999480e-01 1.003317000000000014e+00
5.817890000000000006e-01 1.004450000000000065e+00
5.833599999999999897e-01 1.003966666666666674e+00
5.840509999999999868e-01 9.985030000000000294e-01
5.865580000000000238e-01 1.001932333333333203e+00
5.867320000000000313e-01 1.006383333333333185e+00
5.898919999999999719e-01 1.000168666666666484e+00
5.901039999999999619e-01 1.005597000000000074e+00
5.913260000000000183e-01 9.998816666666666686e-01
5.934760000000000035e-01 1.002533666666666656e+00
5.957320000000000393e-01 9.948556666666665826e-01
5.960950000000000415e-01 1.002941333333333240e+00
5.968480000000000452e-01 9.979390000000000205e-01
6.002199999999999758e-01 9.994956666666666711e-01
6.008639999999999537e-01 9.973793333333332845e-01
6.015730000000000244e-01 9.961153333333333526e-01
6.035920000000000174e-01 9.943750000000001199e-01
6.056329999999999769e-01 1.002172000000000063e+00
6.069639999999999480e-01 9.977916666666667433e-01
6.074140000000000095e-01 1.003351000000000104e+00
6.103359999999999896e-01 9.954669999999999908e-01
6.104009999999999714e-01 9.980393333333332784e-01
6.132539999999999658e-01 9.946833333333332527e-01
6.137080000000000313e-01 1.000194333333333185e+00
6.151699999999999946e-01 9.973499999999999588e-01
6.170799999999999619e-01 9.953166666666666273e-01
6.190949999999999509e-01 9.998766666666666358e-01
6.199390000000000178e-01 9.958740000000000370e-01
6.204520000000000035e-01 9.924426666666666952e-01
6.238240000000000451e-01 9.977803333333333802e-01
6.247080000000000410e-01 9.913736666666665975e-01
6.249350000000000183e-01 1.000022333333333124e+00
6.271959999999999757e-01 9.990616666666666257e-01
6.294760000000000355e-01 9.980889999999998929e-01
6.305680000000000174e-01 9.944353333333332268e-01
6.307760000000000034e-01 9.977143333333332587e-01
6.339399999999999480e-01 9.950806666666666134e-01
6.342449999999999477e-01 9.976986666666668446e-01
6.366159999999999597e-01 1.000603333333333289e+00
6.373119999999999896e-01 9.887806666666666411e-01
6.390139999999999709e-01 1.001570000000000071e+00
6.406840000000000312e-01 9.909236666666666471e-01
6.424569999999999448e-01 9.894140000000000157e-01
6.437829999999999941e-01 9.970486666666666942e-01
6.440559999999999619e-01 9.933569999999999345e-01
6.474280000000000035e-01 9.936603333333332566e-01
6.482970000000000121e-01 9.972756666666665604e-01
6.485509999999999886e-01 9.929620000000000113e-01
6.508000000000000451e-01 9.968233333333333945e-01
6.533200000000000118e-01 9.905673333333332442e-01
6.541379999999999972e-01 9.953763333333333074e-01
6.541719999999999757e-01 1.001263999999999932e+00
6.575440000000000174e-01 9.925943333333333563e-01
6.580890000000000351e-01 9.962320000000000064e-01
6.599779999999999536e-01 9.898813333333332798e-01
6.609159999999999480e-01 9.949723333333332365e-01
6.628579999999999472e-01 9.974590000000000956e-01
6.642879999999999896e-01 9.979366666666665830e-01
6.658190000000000497e-01 9.954600000000000115e-01
6.676260000000000527e-01 9.971410000000000551e-01
6.676600000000000312e-01 9.983926666666667060e-01
6.710329999999999906e-01 1.000422666666666682e+00
6.716590000000000060e-01 9.977936666666665788e-01
6.723949999999999649e-01 9.980283333333334062e-01
6.744050000000000322e-01 1.004178999999999933e+00
6.771639999999999882e-01 9.944703333333334561e-01
6.774999999999999911e-01 9.958413333333333561e-01
6.819330000000000114e-01 1.001626333333333285e+00
6.833399999999999475e-01 9.960499999999999909e-01
6.867010000000000058e-01 1.001383333333333292e+00
6.891810000000000436e-01 9.997493333333332677e-01
6.914700000000000291e-01 1.003783000000000092e+00
6.950209999999999999e-01 1.003326000000000162e+00
6.962390000000000523e-01 1.002966666666666562e+00
7.008619999999999850e-01 1.000185666666666640e+00
7.010079999999999645e-01 1.001217999999999941e+00
7.057769999999999877e-01 1.008436666666666648e+00
7.067020000000000524e-01 1.000197999999999920e+00
7.105449999999999822e-01 1.004626666666666779e+00
7.125430000000000375e-01 1.004483333333333173e+00
7.153140000000000054e-01 1.004606666666666648e+00
7.183829999999999938e-01 1.003883333333333239e+00
7.200830000000000286e-01 1.006103333333333127e+00
7.242239999999999789e-01 1.004116666666666768e+00
7.248520000000000518e-01 1.004913333333333325e+00
7.296200000000000463e-01 1.012633333333333496e+00
7.300640000000000462e-01 1.010733333333333261e+00
7.343889999999999585e-01 1.005846666666666556e+00
7.359050000000000313e-01 1.002224666666666764e+00
7.391579999999999817e-01 1.003123333333333145e+00
7.417449999999999877e-01 1.000788000000000011e+00
7.439270000000000049e-01 1.000816666666666688e+00
7.475859999999999728e-01 1.002076333333333125e+00
7.486949999999999994e-01 1.002701333333333444e+00
7.534260000000000401e-01 1.001563333333333361e+00
7.534640000000000226e-01 1.004661333333333184e+00
7.582330000000000458e-01 1.001824999999999966e+00
7.592670000000000252e-01 9.997703333333333164e-01
7.630019999999999580e-01 9.984973333333333478e-01
7.651069999999999816e-01 9.965433333333333366e-01
7.677699999999999525e-01 1.000248999999999944e+00
7.709479999999999666e-01 1.001987999999999879e+00
7.725389999999999757e-01 1.000180999999999987e+00
7.767880000000000340e-01 9.999113333333333742e-01
7.773079999999999989e-01 9.972143333333334247e-01
7.820770000000000222e-01 9.997270000000000323e-01
7.826290000000000191e-01 1.001619666666666797e+00
7.868450000000000166e-01 1.000070999999999932e+00
7.884689999999999754e-01 9.971706666666667607e-01
7.916140000000000398e-01 9.947813333333334063e-01
7.943099999999999605e-01 9.957536666666667591e-01
7.963829999999999520e-01 9.944463333333333210e-01
8.001500000000000279e-01 9.945869999999999989e-01
8.011519999999999753e-01 9.970746666666666647e-01
8.059199999999999697e-01 9.954876666666666596e-01
8.059910000000000130e-01 9.930413333333333314e-01
8.106889999999999930e-01 9.962786666666666457e-01
8.118319999999999981e-01 9.962576666666667080e-01
8.154580000000000162e-01 9.996729999999999228e-01
8.176719999999999544e-01 1.000243666666666753e+00
8.202270000000000394e-01 9.955463333333334219e-01
8.235130000000000505e-01 9.944363333333333665e-01
8.249959999999999516e-01 9.935843333333332916e-01
8.293530000000000069e-01 9.995023333333333815e-01
8.297639999999999461e-01 1.000526000000000026e+00
8.345329999999999693e-01 1.000092999999999899e+00
8.351939999999999920e-01 9.959556666666666835e-01
8.393019999999999925e-01 9.982623333333333626e-01
8.410339999999999483e-01 9.977886666666666571e-01
8.440710000000000157e-01 1.000648999999999900e+00
8.468750000000000444e-01 9.956859999999999600e-01
8.488390000000000102e-01 1.004573333333333318e+00
8.527150000000000007e-01 9.994740000000001956e-01
8.536080000000000334e-01 1.001195333333333215e+00
8.583769999999999456e-01 9.993859999999999966e-01
8.585559999999999858e-01 1.000127999999999906e+00
8.631459999999999688e-01 1.002969666666666759e+00
8.643960000000000532e-01 1.001017999999999963e+00
8.679139999999999633e-01 1.001226333333333329e+00
8.702370000000000383e-01 9.975610000000000310e-01
8.726829999999999865e-01 1.002316333333333143e+00
8.760769999999999946e-01 9.993006666666666149e-01
8.774520000000000097e-01 1.003376666666666805e+00
8.819179999999999797e-01 1.004643333333333333e+00
8.822210000000000329e-01 1.000969999999999915e+00
8.869890000000000274e-01 1.004256666666666575e+00
8.877580000000000471e-01 1.007319999999999993e+00
8.917580000000000506e-01 1.006580000000000030e+00
8.935990000000000322e-01 1.004565666666666690e+00
8.965269999999999628e-01 1.005086000000000146e+00
8.994389999999999885e-01 9.976129999999999720e-01
9.012959999999999861e-01 1.003973333333333384e+00
9.052799999999999736e-01 1.002234666666666607e+00
9.060639999999999805e-01 1.002440000000000220e+00
9.108330000000000037e-01 1.000301000000000107e+00
9.111200000000000410e-01 1.010446666666666715e+00
9.156020000000000270e-01 1.004348333333333398e+00
9.169610000000000261e-01 1.005666666666666709e+00
9.203710000000000502e-01 1.001668666666666763e+00
9.228009999999999824e-01 1.000995000000000079e+00
9.251390000000000446e-01 1.001253333333333329e+00
9.286419999999999675e-01 1.002233333333333087e+00
9.299079999999999568e-01 9.996036666666666681e-01
9.344820000000000348e-01 9.958420000000000050e-01
9.346769999999999801e-01 9.950549999999999118e-01
9.394460000000000033e-01 9.981053333333332889e-01
9.403230000000000199e-01 9.987519999999999731e-01
9.442150000000000265e-01 1.002159999999999940e+00
9.461629999999999763e-01 9.951603333333333135e-01
9.489830000000000210e-01 1.000210999999999961e+00
9.520039999999999614e-01 1.002820333333333203e+00
9.537520000000000442e-01 1.001343333333333474e+00
9.578440000000000287e-01 9.986893333333334288e-01
9.636850000000000138e-01 9.989409999999999679e-01
9.695249999999999702e-01 9.973899999999998878e-01
9.753659999999999553e-01 9.966719999999998914e-01
9.812060000000000226e-01 9.958103333333333529e-01
9.870470000000000077e-01 1.003956666666666608e+00
9.928869999999999640e-01 9.975596666666667334e-01
9.987279999999999491e-01 9.979163333333332941e-01
1.004569999999999963e+00 9.942153333333333398e-01
1.010410000000000030e+00 1.000686666666666502e+00
1.016250000000000098e+00 1.002449000000000146e+00
1.022089999999999943e+00 1.008723333333333194e+00
1.027930000000000010e+00 9.993063333333332965e-01
1.033770000000000078e+00 9.946796666666667397e-01
1.039609999999999923e+00 9.983746666666665215e-01
1.045449999999999990e+00 9.974113333333333165e-01
1.051290000000000058e+00 1.000036333333333305e+00
1.057129999999999903e+00 1.001951999999999954e+00
1.062969999999999970e+00 1.006205333333333396e+00
1.068810000000000038e+00 1.002496666666666592e+00
1.074650000000000105e+00 1.004645000000000010e+00
1.080500000000000016e+00 1.001566333333333336e+00
1.086340000000000083e+00 1.003306666666666569e+00
1.092179999999999929e+00 1.005360000000000031e+00
1.098019999999999996e+00 9.969383333333333708e-01
1.103860000000000063e+00 9.954720000000000235e-01
1.109699999999999909e+00 1.006103333333333349e+00
1.115539999999999976e+00 1.004033333333333333e+00
1.121380000000000043e+00 9.989523333333333310e-01
1.127220000000000111e+00 9.983763333333333101e-01
1.133059999999999956e+00 9.983396666666667363e-01
1.138900000000000023e+00 9.961573333333332281e-01
1.144740000000000091e+00 1.000395333333333303e+00
1.150579999999999936e+00 9.961133333333332951e-01
1.156420000000000003e+00 1.004213666666666782e+00
1.162260000000000071e+00 1.002095333333333338e+00
1.168099999999999916e+00 9.954399999999999915e-01
