#total particle-self-energy nonbondedEM
100 -255.5646378679667 0 -255.5646378679667
200 -251.2330407514237 0 -251.2330407514237
300 -246.9341491716914 0 -246.9341491716914
400 -249.7316473608371 0 -249.7316473608371
500 -242.0940510546789 0 -242.0940510546789
600 -241.3917514502537 0 -241.3917514502537
700 -247.1595280191395 0 -247.1595280191395
800 -273.5594445981551 0 -273.5594445981551
900 -264.0319224665873 0 -264.0319224665873
1000 -255.8291805945337 0 -255.8291805945337
1100 -253.5896083074622 0 -253.5896083074622
1200 -278.1856391697656 0 -278.1856391697656
1300 -263.5748097277246 0 -263.5748097277246
1400 -294.8706074357033 0 -294.8706074357033
1500 -293.0233140303753 0 -293.0233140303753
1600 -293.0443122158758 0 -293.0443122158758
1700 -312.081892732298 0 -312.081892732298
1800 -285.3414394380525 0 -285.3414394380525
1900 -285.3515532906167 0 -285.3515532906167
2000 -278.8044523033313 0 -278.8044523033313
2100 -287.378335773712 0 -287.378335773712
2200 -303.5631552003324 0 -303.5631552003324
2300 -272.6255594920367 0 -272.6255594920367
2400 -304.5603835345246 0 -304.5603835345246
2500 -314.2569262841716 0 -314.2569262841716
2600 -324.0308594382368 0 -324.0308594382368
2700 -320.8087830578443 0 -320.8087830578443
2800 -328.6878960113972 0 -328.6878960113972
2900 -334.6647416211199 0 -334.6647416211199
3000 -330.8023855257779 0 -330.8023855257779
3100 -315.2478544553742 0 -315.2478544553742
3200 -323.6061018612236 0 -323.6061018612236
3300 -333.1763767555822 0 -333.1763767555822
3400 -313.7294995030388 0 -313.7294995030388
3500 -306.3198095525149 0 -306.3198095525149
3600 -335.3344641830772 0 -335.3344641830772
3700 -291.6992064353544 0 -291.6992064353544
3800 -281.4226630828343 0 -281.4226630828343
3900 -275.1217226664303 0 -275.1217226664303
4000 -294.7540833387066 0 -294.7540833387066
4100 -302.6070029649418 0 -302.6070029649418
4200 -259.5143177658319 0 -259.5143177658319
4300 -263.512195356423 0 -263.512195356423
4400 -246.2144681720529 0 -246.2144681720529
4500 -249.8000551306177 0 -249.8000551306177
4600 -282.1884969049133 0 -282.1884969049133
4700 -277.2409961828962 0 -277.2409961828962
4800 -272.1475787051022 0 -272.1475787051022
4900 -251.7565809944645 0 -251.7565809944645
5000 -263.4448131585959 0 -263.4448131585959
5100 -295.3147554930765 0 -295.3147554930765
5200 -281.7657163876574 0 -281.7657163876574
5300 -265.7469667198602 0 -265.7469667198602
5400 -290.8032663937192 0 -290.8032663937192
5500 -277.2102229865268 0 -277.2102229865268
5600 -278.9429205385968 0 -278.9429205385968
5700 -291.6527750117239 0 -291.6527750117239
5800 -301.1420842572115 0 -301.1420842572115
5900 -267.5502986845095 0 -267.5502986845095
6000 -296.4857523322571 0 -296.4857523322571
6100 -277.2033615198743 0 -277.2033615198743
6200 -312.4913454055786 0 -312.4913454055786
6300 -299.5487698563375 0 -299.5487698563375
6400 -298.2663497945759 0 -298.2663497945759
6500 -300.042567525059 0 -300.042567525059
6600 -299.0926446274389 0 -299.0926446274389
6700 -342.481471381383 0 -342.481471381383
6800 -315.515478589572 0 -315.515478589572
6900 -324.0514099635184 0 -324.0514099635184
7000 -290.2334841627162 0 -290.2334841627162
7100 -300.5612499960698 0 -300.5612499960698
7200 -304.1563256666996 0 -304.1563256666996
7300 -274.0485086091794 0 -274.0485086091794
7400 -281.2828467180952 0 -281.2828467180952
7500 -293.7601010911167 0 -293.7601010911167
7600 -261.6772928531282 0 -261.6772928531282
7700 -311.7832033499144 0 -311.7832033499144
7800 -313.2515630726703 0 -313.2515630726703
7900 -273.7122530045453 0 -273.7122530045453
8000 -253.1223469832912 0 -253.1223469832912
8100 -259.1166040208191 0 -259.1166040208191
8200 -281.390867797425 0 -281.390867797425
8300 -307.1216654139571 0 -307.1216654139571
8400 -270.3628086962271 0 -270.3628086962271
8500 -247.1078860750422 0 -247.1078860750422
8600 -241.7180835870095 0 -241.7180835870095
8700 -235.6919963448308 0 -235.6919963448308
8800 -246.1555939647369 0 -246.1555939647369
8900 -249.1982174823061 0 -249.1982174823061
9000 -239.031688597519 0 -239.031688597519
9100 -262.0951655509416 0 -262.0951655509416
9200 -253.292640082771 0 -253.292640082771
9300 -275.2066812342964 0 -275.2066812342964
9400 -257.3035061049741 0 -257.3035061049741
9500 -279.842446024064 0 -279.842446024064
9600 -262.8015001695603 0 -262.8015001695603
9700 -263.6600916171446 0 -263.6600916171446
9800 -274.9388757429551 0 -274.9388757429551
9900 -271.6033497073222 0 -271.6033497073222
10000 -270.555764173856 0 -270.555764173856
10100 -257.7890300168656 0 -257.7890300168656
10200 -274.1622138363309 0 -274.1622138363309
10300 -287.5911773240659 0 -287.5911773240659
10400 -292.1743717200588 0 -292.1743717200588
10500 -320.5453019000124 0 -320.5453019000124
10600 -329.9804289489985 0 -329.9804289489985
10700 -303.3823586961953 0 -303.3823586961953
10800 -302.8590622164775 0 -302.8590622164775
10900 -326.0818229417782 0 -326.0818229417782
11000 -316.2580529379193 0 -316.2580529379193
11100 -328.3314691494452 0 -328.3314691494452
11200 -327.865953728091 0 -327.865953728091
11300 -337.8965629746672 0 -337.8965629746672
11400 -323.7953410565387 0 -323.7953410565387
11500 -381.8248977025505 0 -381.8248977025505
11600 -343.3512978362851 0 -343.3512978362851
11700 -347.608063288033 0 -347.608063288033
11800 -332.3079278096557 0 -332.3079278096557
11900 -330.671062725829 0 -330.671062725829
12000 -323.4867762462236 0 -323.4867762462236
12100 -326.0370968130883 0 -326.0370968130883
12200 -320.0559040480293 0 -320.0559040480293
12300 -344.2100008027628 0 -344.2100008027628
12400 -335.810404216405 0 -335.810404216405
12500 -331.9960254533216 0 -331.9960254533216
12600 -340.3923406156246 0 -340.3923406156246
12700 -349.7294670529664 0 -349.7294670529664
12800 -346.5062313494273 0 -346.5062313494273
12900 -336.0056964927353 0 -336.0056964927353
13000 -320.4033308031503 0 -320.4033308031503
13100 -317.1663200510666 0 -317.1663200510666
13200 -317.3996517308988 0 -317.3996517308988
13300 -325.7495215116069 0 -325.7495215116069
13400 -298.622789577581 0 -298.622789577581
13500 -308.9694012915716 0 -308.9694012915716
13600 -303.238593549002 0 -303.238593549002
13700 -322.7578571783379 0 -322.7578571783379
13800 -334.6980295474641 0 -334.6980295474641
13900 -340.7026425418444 0 -340.7026425418444
14000 -332.8776740492322 0 -332.8776740492322
14100 -332.0090277276468 0 -332.0090277276468
14200 -309.9566272955853 0 -309.9566272955853
14300 -313.2012941285502 0 -313.2012941285502
14400 -308.0564870949602 0 -308.0564870949602
14500 -313.9271115830634 0 -313.9271115830634
14600 -328.8951552617364 0 -328.8951552617364
14700 -317.638726454461 0 -317.638726454461
14800 -322.4536215763073 0 -322.4536215763073
14900 -317.8691551473457 0 -317.8691551473457
15000 -323.8479200603906 0 -323.8479200603906
15100 -340.6521852100268 0 -340.6521852100268
15200 -313.6670430928934 0 -313.6670430928934
15300 -319.1705687381327 0 -319.1705687381327
15400 -326.5315763667459 0 -326.5315763667459
15500 -335.8401709753089 0 -335.8401709753089
15600 -321.1684291276615 0 -321.1684291276615
15700 -345.4933653920889 0 -345.4933653920889
15800 -342.1901980389375 0 -342.1901980389375
15900 -344.4328770281281 0 -344.4328770281281
16000 -325.0744536425918 0 -325.0744536425918
16100 -351.5890621293802 0 -351.5890621293802
16200 -325.0557512979722 0 -325.0557512979722
16300 -304.9308070158586 0 -304.9308070158586
16400 -296.8784702762496 0 -296.8784702762496
16500 -283.2610318795778 0 -283.2610318795778
16600 -277.4503864676226 0 -277.4503864676226
16700 -282.3196715237573 0 -282.3196715237573
16800 -283.9592310583685 0 -283.9592310583685
16900 -272.218925523106 0 -272.218925523106
17000 -268.3971000737511 0 -268.3971000737511
17100 -280.0537517080083 0 -280.0537517080083
17200 -289.3331255344674 0 -289.3331255344674
17300 -294.6971280330326 0 -294.6971280330326
17400 -274.3835902608116 0 -274.3835902608116
17500 -274.0400098050013 0 -274.0400098050013
17600 -265.8454386212397 0 -265.8454386212397
17700 -236.8227623822168 0 -236.8227623822168
17800 -254.7797397517134 0 -254.7797397517134
17900 -271.5885590457765 0 -271.5885590457765
18000 -264.9116982435808 0 -264.9116982435808
18100 -283.3365310691297 0 -283.3365310691297
18200 -307.0340322195552 0 -307.0340322195552
18300 -302.7128179941792 0 -302.7128179941792
18400 -306.7690222768579 0 -306.7690222768579
18500 -293.4889598612208 0 -293.4889598612208
18600 -300.4950641251635 0 -300.4950641251635
18700 -318.5250009943265 0 -318.5250009943265
18800 -311.3857471994124 0 -311.3857471994124
18900 -310.976186286658 0 -310.976186286658
19000 -313.8151989837643 0 -313.8151989837643
19100 -310.9197197877802 0 -310.9197197877802
19200 -313.6680454483721 0 -313.6680454483721
19300 -330.061381540494 0 -330.061381540494
19400 -343.9379487000406 0 -343.9379487000406
19500 -340.5759499114938 0 -340.5759499114938
19600 -345.6325595816597 0 -345.6325595816597
19700 -352.8272389110643 0 -352.8272389110643
19800 -375.0895907681552 0 -375.0895907681552
19900 -370.6953746941872 0 -370.6953746941872
20000 -384.028886473272 0 -384.028886473272
20100 -404.8788272985257 0 -404.8788272985257
20200 -412.8350103769917 0 -412.8350103769917
20300 -396.6541337301023 0 -396.6541337301023
20400 -382.3794720415026 0 -382.3794720415026
20500 -375.6805853468832 0 -375.6805853468832
20600 -374.0745948962867 0 -374.0745948962867
20700 -380.0993417054415 0 -380.0993417054415
20800 -395.9280947290827 0 -395.9280947290827
20900 -417.4777988784481 0 -417.4777988784481
21000 -424.4654527534731 0 -424.4654527534731
21100 -401.1045587132685 0 -401.1045587132685
21200 -405.9941312449519 0 -405.9941312449519
21300 -421.2593304901384 0 -421.2593304901384
21400 -424.1059942506254 0 -424.1059942506254
21500 -391.3134607858956 0 -391.3134607858956
21600 -358.9174855954479 0 -358.9174855954479
21700 -364.604677726049 0 -364.604677726049
21800 -373.3926153038628 0 -373.3926153038628
21900 -348.1466913009062 0 -348.1466913009062
22000 -334.7937477193773 0 -334.7937477193773
22100 -358.8135595491622 0 -358.8135595491622
22200 -364.2820579269901 0 -364.2820579269901
22300 -357.8795784326503 0 -357.8795784326503
22400 -323.248363757506 0 -323.248363757506
22500 -327.0895989486016 0 -327.0895989486016
22600 -318.5426005674526 0 -318.5426005674526
22700 -292.9695662385784 0 -292.9695662385784
22800 -318.7876869705506 0 -318.7876869705506
22900 -339.8686571200378 0 -339.8686571200378
23000 -315.433181547327 0 -315.433181547327
23100 -291.269661936909 0 -291.269661936909
23200 -319.6006932742894 0 -319.6006932742894
23300 -349.1096402220428 0 -349.1096402220428
23400 -320.8125908263028 0 -320.8125908263028
23500 -349.405138609698 0 -349.405138609698
23600 -362.7923349274788 0 -362.7923349274788
23700 -380.5241790618747 0 -380.5241790618747
23800 -381.8216138454154 0 -381.8216138454154
23900 -393.6967132943682 0 -393.6967132943682
24000 -365.1681675403379 0 -365.1681675403379
24100 -372.5453554643318 0 -372.5453554643318
24200 -367.3300102541689 0 -367.3300102541689
24300 -374.885223482037 0 -374.885223482037
24400 -384.7373618443962 0 -384.7373618443962
24500 -363.38563144207 0 -363.38563144207
24600 -372.9788731662557 0 -372.9788731662557
24700 -381.1022927477024 0 -381.1022927477024
24800 -351.8722503085155 0 -351.8722503085155
24900 -356.284926179098 0 -356.284926179098
25000 -343.653147367062 0 -343.653147367062
25100 -344.2671775829513 0 -344.2671775829513
25200 -311.3733410863206 0 -311.3733410863206
25300 -331.5264763785526 0 -331.5264763785526
25400 -354.1828187329229 0 -354.1828187329229
25500 -351.0737748246174 0 -351.0737748246174
25600 -382.8871082237456 0 -382.8871082237456
25700 -366.2853002743796 0 -366.2853002743796
25800 -345.2712769019417 0 -345.2712769019417
25900 -346.5361371408217 0 -346.5361371408217
26000 -350.3924607001245 0 -350.3924607001245
26100 -339.3982592201792 0 -339.3982592201792
26200 -355.33692120458 0 -355.33692120458
26300 -351.4097878595348 0 -351.4097878595348
26400 -355.3337681153789 0 -355.3337681153789
26500 -377.0174839440733 0 -377.0174839440733
26600 -359.9014138758648 0 -359.9014138758648
26700 -364.7759402047377 0 -364.7759402047377
26800 -350.3360071468633 0 -350.3360071468633
26900 -363.4972765857819 0 -363.4972765857819
27000 -339.3843255816028 0 -339.3843255816028
27100 -336.3801520681009 0 -336.3801520681009
27200 -336.612878193846 0 -336.612878193846
27300 -342.3354949727654 0 -342.3354949727654
27400 -352.8815834543202 0 -352.8815834543202
27500 -376.9345517652109 0 -376.9345517652109
27600 -379.3451242109295 0 -379.3451242109295
27700 -384.7493597229477 0 -384.7493597229477
27800 -383.1703885109164 0 -383.1703885109164
27900 -383.5180938057601 0 -383.5180938057601
28000 -381.3407089202665 0 -381.3407089202665
28100 -420.724568818463 0 -420.724568818463
28200 -384.3323440388776 0 -384.3323440388776
28300 -365.8380559363868 0 -365.8380559363868
28400 -364.866061069537 0 -364.866061069537
28500 -355.5606062770821 0 -355.5606062770821
28600 -394.6049494347535 0 -394.6049494347535
28700 -360.4676923779771 0 -360.4676923779771
28800 -377.965620900155 0 -377.965620900155
28900 -367.6855059030931 0 -367.6855059030931
29000 -361.4121800435241 0 -361.4121800435241
29100 -366.0821877750568 0 -366.0821877750568
29200 -355.6635703518987 0 -355.6635703518987
29300 -374.358511069091 0 -374.358511069091
29400 -373.2611822495237 0 -373.2611822495237
29500 -365.8567471704446 0 -365.8567471704446
29600 -376.7619619332254 0 -376.7619619332254
29700 -340.8817090985831 0 -340.8817090985831
29800 -329.5924692982808 0 -329.5924692982808
29900 -340.7681719914544 0 -340.7681719914544
30000 -331.440277836984 0 -331.440277836984
30100 -334.9153288365342 0 -334.9153288365342
30200 -335.8372744920198 0 -335.8372744920198
30300 -331.2802890411112 0 -331.2802890411112
30400 -329.6150149530731 0 -329.6150149530731
30500 -342.6383331934921 0 -342.6383331934921
30600 -320.5282883220352 0 -320.5282883220352
30700 -344.5208701756783 0 -344.5208701756783
30800 -359.5709698926657 0 -359.5709698926657
30900 -327.6356027883012 0 -327.6356027883012
31000 -321.9550308908802 0 -321.9550308908802
31100 -317.6958538726903 0 -317.6958538726903
31200 -324.7698854235932 0 -324.7698854235932
31300 -351.9311971820425 0 -351.9311971820425
31400 -378.1252735315356 0 -378.1252735315356
31500 -359.4244599365629 0 -359.4244599365629
31600 -357.6337949410081 0 -357.6337949410081
31700 -356.4806554175448 0 -356.4806554175448
31800 -311.1200119184796 0 -311.1200119184796
31900 -329.1290461986791 0 -329.1290461986791
32000 -304.5462451959029 0 -304.5462451959029
32100 -275.8043363275938 0 -275.8043363275938
32200 -293.4965263989288 0 -293.4965263989288
32300 -309.9795292362105 0 -309.9795292362105
32400 -304.3672621797305 0 -304.3672621797305
32500 -296.6093552282546 0 -296.6093552282546
32600 -295.3713418482803 0 -295.3713418482803
32700 -296.4625704174396 0 -296.4625704174396
32800 -283.7328591740225 0 -283.7328591740225
32900 -297.5390651207417 0 -297.5390651207417
33000 -303.6997845587321 0 -303.6997845587321
33100 -309.9740423248149 0 -309.9740423248149
33200 -317.2045669839717 0 -317.2045669839717
33300 -312.9931530163158 0 -312.9931530163158
33400 -307.0407021706924 0 -307.0407021706924
33500 -280.2804769380018 0 -280.2804769380018
33600 -289.9603202543221 0 -289.9603202543221
33700 -292.9369039684534 0 -292.9369039684534
33800 -326.9334012882318 0 -326.9334012882318
33900 -302.6028266504873 0 -302.6028266504873
34000 -306.2419023709372 0 -306.2419023709372
34100 -305.3826534305699 0 -305.3826534305699
34200 -286.7213426053058 0 -286.7213426053058
34300 -270.7631060187705 0 -270.7631060187705
34400 -312.7086978428997 0 -312.7086978428997
34500 -304.3578826235607 0 -304.3578826235607
34600 -326.0501874857582 0 -326.0501874857582
34700 -316.386922581587 0 -316.386922581587
34800 -329.8344323039055 0 -329.8344323039055
34900 -315.5763138039038 0 -315.5763138039038
35000 -326.5314519319218 0 -326.5314519319218
35100 -342.6873523462564 0 -342.6873523462564
35200 -359.3659624818247 0 -359.3659624818247
35300 -369.8141573490575 0 -369.8141573490575
35400 -364.8526880426798 0 -364.8526880426798
35500 -361.8218915942125 0 -361.8218915942125
35600 -363.6465562016238 0 -363.6465562016238
35700 -361.8093336671591 0 -361.8093336671591
35800 -336.475129350787 0 -336.475129350787
35900 -332.1255285057705 0 -332.1255285057705
36000 -347.1699240603484 0 -347.1699240603484
36100 -326.2061806356069 0 -326.2061806356069
36200 -360.1132717835717 0 -360.1132717835717
36300 -325.1375401404221 0 -325.1375401404221
36400 -313.6600505991373 0 -313.6600505991373
36500 -312.6879127349239 0 -312.6879127349239
36600 -303.5629423153587 0 -303.5629423153587
36700 -311.8472043571528 0 -311.8472043571528
36800 -287.5305573837832 0 -287.5305573837832
36900 -285.3367618748453 0 -285.3367618748453
37000 -282.8547588000074 0 -282.8547588000074
37100 -295.2311060545035 0 -295.2311060545035
37200 -322.7721549032722 0 -322.7721549032722
37300 -328.40772742033 0 -328.40772742033
37400 -327.9209949574433 0 -327.9209949574433
37500 -322.3248649258167 0 -322.3248649258167
37600 -331.7831312278286 0 -331.7831312278286
37700 -332.4416989784222 0 -332.4416989784222
37800 -340.2454094337299 0 -340.2454094337299
37900 -330.9147780148778 0 -330.9147780148778
38000 -341.353059578687 0 -341.353059578687
38100 -339.0732414056547 0 -339.0732414056547
38200 -322.8868441209197 0 -322.8868441209197
38300 -313.6149502780754 0 -313.6149502780754
38400 -283.3421322517097 0 -283.3421322517097
38500 -281.3827286146116 0 -281.3827286146116
38600 -299.020556360716 0 -299.020556360716
38700 -277.3300586685073 0 -277.3300586685073
38800 -273.0177300658543 0 -273.0177300658543
38900 -256.8948058497626 0 -256.8948058497626
39000 -241.8664101082832 0 -241.8664101082832
39100 -255.4807428672211 0 -255.4807428672211
39200 -246.5609404321294 0 -246.5609404321294
39300 -268.2701010596938 0 -268.2701010596938
39400 -255.790294648381 0 -255.790294648381
39500 -270.0725162413437 0 -270.0725162413437
39600 -272.6978957608808 0 -272.6978957608808
39700 -278.5710033527575 0 -278.5710033527575
39800 -278.4650507250335 0 -278.4650507250335
39900 -292.2620071040001 0 -292.2620071040001
40000 -277.0070326225832 0 -277.0070326225832
40100 -272.4509166905191 0 -272.4509166905191
40200 -259.3322363812476 0 -259.3322363812476
40300 -286.882208423689 0 -286.882208423689
40400 -301.1201816073153 0 -301.1201816073153
40500 -281.6499244018923 0 -281.6499244018923
40600 -308.8670828405302 0 -308.8670828405302
40700 -307.2443025421817 0 -307.2443025421817
40800 -283.2438995526172 0 -283.2438995526172
40900 -290.0684745700564 0 -290.0684745700564
41000 -285.7668254701421 0 -285.7668254701421
41100 -275.0390290680807 0 -275.0390290680807
41200 -275.1010499636177 0 -275.1010499636177
41300 -300.6667980713682 0 -300.6667980713682
41400 -278.9911268474534 0 -278.9911268474534
41500 -306.0523395233322 0 -306.0523395233322
41600 -305.7843367389869 0 -305.7843367389869
41700 -313.7366545342375 0 -313.7366545342375
41800 -293.6265067730565 0 -293.6265067730565
41900 -290.8208322054707 0 -290.8208322054707
42000 -292.390072690323 0 -292.390072690323
42100 -299.5073903342709 0 -299.5073903342709
42200 -313.2698710225523 0 -313.2698710225523
42300 -287.2438645486254 0 -287.2438645486254
42400 -270.0795643154997 0 -270.0795643154997
42500 -287.176066245418 0 -287.176066245418
42600 -286.7364770872518 0 -286.7364770872518
42700 -283.8430555777159 0 -283.8430555777159
42800 -296.1694391337223 0 -296.1694391337223
42900 -300.3698160953354 0 -300.3698160953354
43000 -291.7089573924895 0 -291.7089573924895
43100 -289.4327989651356 0 -289.4327989651356
43200 -274.1075182610657 0 -274.1075182610657
43300 -259.2990721373353 0 -259.2990721373353
43400 -241.9447845655959 0 -241.9447845655959
43500 -241.1717812353745 0 -241.1717812353745
43600 -235.3960291340481 0 -235.3960291340481
43700 -248.612327942159 0 -248.612327942159
43800 -216.4419136098586 0 -216.4419136098586
43900 -215.8729092848953 0 -215.8729092848953
44000 -202.072541964706 0 -202.072541964706
44100 -220.3532874699449 0 -220.3532874699449
44200 -199.0308959977701 0 -199.0308959977701
44300 -219.5478670408484 0 -219.5478670408484
44400 -214.6423708186485 0 -214.6423708186485
44500 -217.5438998751342 0 -217.5438998751342
44600 -247.9395898946095 0 -247.9395898946095
44700 -242.4535895835143 0 -242.4535895835143
44800 -233.8899196651764 0 -233.8899196651764
44900 -213.7453943949658 0 -213.7453943949658
45000 -209.8514635353349 0 -209.8514635353349
45100 -234.4437096233014 0 -234.4437096233014
45200 -234.9104220899753 0 -234.9104220899753
45300 -220.9870331068523 0 -220.9870331068523
45400 -240.9177316653077 0 -240.9177316653077
45500 -225.9107948355377 0 -225.9107948355377
45600 -242.3806529787835 0 -242.3806529787835
45700 -229.4380717170425 0 -229.4380717170425
45800 -225.5770135733765 0 -225.5770135733765
45900 -238.2779625523835 0 -238.2779625523835
46000 -223.8512567991856 0 -223.8512567991856
46100 -239.0012703691609 0 -239.0012703691609
46200 -223.9656513771042 0 -223.9656513771042
46300 -228.6126491785981 0 -228.6126491785981
46400 -242.1951875262894 0 -242.1951875262894
46500 -232.2940992449876 0 -232.2940992449876
46600 -202.408914739266 0 -202.408914739266
46700 -225.9644916497637 0 -225.9644916497637
46800 -232.9321561695542 0 -232.9321561695542
46900 -247.2824335349724 0 -247.2824335349724
47000 -208.8032467276789 0 -208.8032467276789
47100 -224.3475082330406 0 -224.3475082330406
47200 -218.1650089726318 0 -218.1650089726318
47300 -215.1877068665344 0 -215.1877068665344
47400 -200.7016442227177 0 -200.7016442227177
47500 -187.8442687655916 0 -187.8442687655916
47600 -218.0608062630054 0 -218.0608062630054
47700 -225.3379203658551 0 -225.3379203658551
47800 -212.2265343971085 0 -212.2265343971085
47900 -238.8410502208862 0 -238.8410502208862
48000 -226.0332498580683 0 -226.0332498580683
48100 -228.1593502210453 0 -228.1593502210453
48200 -220.3623825968243 0 -220.3623825968243
48300 -193.6936736926436 0 -193.6936736926436
48400 -191.1212251991965 0 -191.1212251991965
48500 -191.0074699725956 0 -191.0074699725956
48600 -194.3783609326929 0 -194.3783609326929
48700 -193.5696692068595 0 -193.5696692068595
48800 -189.4554837297183 0 -189.4554837297183
48900 -210.9713155198842 0 -210.9713155198842
49000 -214.9764799720142 0 -214.9764799720142
49100 -193.312425785698 0 -193.312425785698
49200 -186.2695612441748 0 -186.2695612441748
49300 -185.0551740704104 0 -185.0551740704104
49400 -172.4431304484606 0 -172.4431304484606
49500 -168.8885085154325 0 -168.8885085154325
49600 -150.0898908714298 0 -150.0898908714298
49700 -162.9668636152055 0 -162.9668636152055
49800 -201.347020301735 0 -201.347020301735
49900 -193.8506746129133 0 -193.8506746129133
50000 -186.3031591842882 0 -186.3031591842882
50100 -183.5339996963739 0 -183.5339996963739
50200 -191.9478884513956 0 -191.9478884513956
50300 -157.0762203657068 0 -157.0762203657068
50400 -165.3332396354526 0 -165.3332396354526
50500 -155.5436761530582 0 -155.5436761530582
50600 -179.9714986069594 0 -179.9714986069594
50700 -184.5910928829107 0 -184.5910928829107
50800 -180.7060993819032 0 -180.7060993819032
50900 -188.6530645885505 0 -188.6530645885505
51000 -186.2672833460383 0 -186.2672833460383
51100 -177.7792540695518 0 -177.7792540695518
51200 -209.5595970845316 0 -209.5595970845316
51300 -203.9265240507666 0 -203.9265240507666
51400 -209.9523542264942 0 -209.9523542264942
51500 -229.8769271769561 0 -229.8769271769561
51600 -220.3000756741967 0 -220.3000756741967
51700 -226.3039595165756 0 -226.3039595165756
51800 -232.3998606796376 0 -232.3998606796376
51900 -218.5883062945213 0 -218.5883062945213
52000 -214.5260747133289 0 -214.5260747133289
52100 -258.1257710093632 0 -258.1257710093632
52200 -209.2531789757777 0 -209.2531789757777
52300 -210.728884632932 0 -210.728884632932
52400 -206.3881476207171 0 -206.3881476207171
52500 -191.9903653771617 0 -191.9903653771617
52600 -179.9835409047082 0 -179.9835409047082
52700 -178.0858872006647 0 -178.0858872006647
52800 -188.8449102423619 0 -188.8449102423619
52900 -197.6126551842317 0 -197.6126551842317
53000 -204.5828585459385 0 -204.5828585459385
53100 -195.3564420107286 0 -195.3564420107286
53200 -202.6166499122046 0 -202.6166499122046
53300 -200.0495103411376 0 -200.0495103411376
53400 -201.7416669048835 0 -201.7416669048835
53500 -216.8264092176687 0 -216.8264092176687
53600 -197.4623477021232 0 -197.4623477021232
53700 -205.9962024090346 0 -205.9962024090346
53800 -196.5139598685782 0 -196.5139598685782
53900 -212.6348639865173 0 -212.6348639865173
54000 -190.2685518921353 0 -190.2685518921353
54100 -185.2557002170943 0 -185.2557002170943
54200 -191.97086368897 0 -191.97086368897
54300 -174.6826328583993 0 -174.6826328583993
54400 -178.0335823274218 0 -178.0335823274218
54500 -160.1252651002724 0 -160.1252651002724
54600 -186.8123274699319 0 -186.8123274699319
54700 -182.4902059047017 0 -182.4902059047017
54800 -162.3546402894426 0 -162.3546402894426
54900 -150.3952934385743 0 -150.3952934385743
55000 -168.9407276790589 0 -168.9407276790589
55100 -137.4188313973136 0 -137.4188313973136
55200 -153.8817630261183 0 -153.8817630261183
55300 -147.293593790615 0 -147.293593790615
55400 -167.3538224950898 0 -167.3538224950898
55500 -165.0623062290251 0 -165.0623062290251
55600 -161.0747716443148 0 -161.0747716443148
55700 -163.3562771168072 0 -163.3562771168072
55800 -164.5709081867244 0 -164.5709081867244
55900 -153.2682169214822 0 -153.2682169214822
56000 -155.2331159466412 0 -155.2331159466412
56100 -164.5337899276055 0 -164.5337899276055
56200 -163.8067915651482 0 -163.8067915651482
56300 -164.9306875912007 0 -164.9306875912007
56400 -148.2241826369427 0 -148.2241826369427
56500 -174.6449472266249 0 -174.6449472266249
56600 -183.5404031265061 0 -183.5404031265061
56700 -189.7220117158722 0 -189.7220117158722
56800 -181.4495882133488 0 -181.4495882133488
56900 -186.3072622392792 0 -186.3072622392792
57000 -170.9012152317446 0 -170.9012152317446
57100 -143.5849554638844 0 -143.5849554638844
57200 -182.1293666348793 0 -182.1293666348793
57300 -158.4670818427112 0 -158.4670818427112
57400 -154.4402435873635 0 -154.4402435873635
57500 -177.9181641591713 0 -177.9181641591713
57600 -156.769091358874 0 -156.769091358874
57700 -190.3808003352024 0 -190.3808003352024
57800 -166.2081720742863 0 -166.2081720742863
57900 -160.9815228749067 0 -160.9815228749067
58000 -175.9006164239254 0 -175.9006164239254
58100 -183.8964548986405 0 -183.8964548986405
58200 -179.7663831000682 0 -179.7663831000682
58300 -198.5500226462027 0 -198.5500226462027
58400 -192.6775742077734 0 -192.6775742077734
58500 -202.1938469586894 0 -202.1938469586894
58600 -208.8233437403105 0 -208.8233437403105
58700 -194.3409251882695 0 -194.3409251882695
58800 -220.7407356509939 0 -220.7407356509939
58900 -251.6932627283968 0 -251.6932627283968
59000 -253.0054103515577 0 -253.0054103515577
59100 -258.2045950859319 0 -258.2045950859319
59200 -247.5451926419046 0 -247.5451926419046
59300 -257.0446917787194 0 -257.0446917787194
59400 -263.56043161056 0 -263.56043161056
59500 -271.7923378660344 0 -271.7923378660344
59600 -282.8703743582591 0 -282.8703743582591
59700 -266.8379794019274 0 -266.8379794019274
59800 -274.7770725276787 0 -274.7770725276787
59900 -236.0217754142359 0 -236.0217754142359
60000 -247.5657310853712 0 -247.5657310853712
60100 -247.9409652296454 0 -247.9409652296454
60200 -235.0062794399855 0 -235.0062794399855
60300 -216.8037125065457 0 -216.8037125065457
60400 -198.6143370866776 0 -198.6143370866776
60500 -189.6263198296074 0 -189.6263198296074
60600 -176.7359101737384 0 -176.7359101737384
60700 -170.1534923664294 0 -170.1534923664294
60800 -165.2010963244829 0 -165.2010963244829
60900 -169.4743722195271 0 -169.4743722195271
61000 -172.9697428295622 0 -172.9697428295622
61100 -199.285686142277 0 -199.285686142277
61200 -208.8451617831597 0 -208.8451617831597
61300 -164.5923412481789 0 -164.5923412481789
61400 -161.335985714104 0 -161.335985714104
61500 -156.0515865487978 0 -156.0515865487978
61600 -165.3695464094635 0 -165.3695464094635
61700 -145.5478228775319 0 -145.5478228775319
61800 -157.8824545752723 0 -157.8824545752723
61900 -145.0892055244185 0 -145.0892055244185
62000 -151.6795872240327 0 -151.6795872240327
62100 -160.6880351332948 0 -160.6880351332948
62200 -170.5495110040065 0 -170.5495110040065
62300 -161.9840402274858 0 -161.9840402274858
62400 -164.9358834568411 0 -164.9358834568411
62500 -170.4747198570985 0 -170.4747198570985
62600 -193.9335039700381 0 -193.9335039700381
62700 -183.9863454145379 0 -183.9863454145379
62800 -168.3347807787359 0 -168.3347807787359
62900 -171.7581564462744 0 -171.7581564462744
63000 -157.0626753766555 0 -157.0626753766555
63100 -163.4107206093613 0 -163.4107206093613
63200 -141.2303336854093 0 -141.2303336854093
63300 -176.7976452861913 0 -176.7976452861913
63400 -163.7660166821443 0 -163.7660166821443
63500 -162.3472738058772 0 -162.3472738058772
63600 -158.7162781688385 0 -158.7162781688385
63700 -160.8340827687643 0 -160.8340827687643
63800 -149.0267858172301 0 -149.0267858172301
63900 -170.6353241079487 0 -170.6353241079487
64000 -193.0723589349072 0 -193.0723589349072
64100 -190.4822588027455 0 -190.4822588027455
64200 -183.5527659929357 0 -183.5527659929357
64300 -171.2540767465252 0 -171.2540767465252
64400 -161.6154770927387 0 -161.6154770927387
64500 -125.4478600458242 0 -125.4478600458242
64600 -143.4836325685028 0 -143.4836325685028
64700 -167.9280692597385 0 -167.9280692597385
64800 -191.1563393874094 0 -191.1563393874094
64900 -155.8801758380141 0 -155.8801758380141
65000 -150.8184618491214 0 -150.8184618491214
65100 -146.5375356264412 0 -146.5375356264412
65200 -145.6897409404628 0 -145.6897409404628
65300 -146.9599123797962 0 -146.9599123797962
65400 -151.4851723928005 0 -151.4851723928005
65500 -165.0598569242284 0 -165.0598569242284
65600 -164.1791849515866 0 -164.1791849515866
65700 -166.2180552105419 0 -166.2180552105419
65800 -174.4918054500595 0 -174.4918054500595
65900 -191.2261541460175 0 -191.2261541460175
66000 -226.8163849774282 0 -226.8163849774282
66100 -207.03541465546 0 -207.03541465546
66200 -202.4647153194528 0 -202.4647153194528
66300 -222.4943138812669 0 -222.4943138812669
66400 -276.8303801228758 0 -276.8303801228758
66500 -280.3985404390842 0 -280.3985404390842
66600 -282.7671592680272 0 -282.7671592680272
66700 -292.9449645243585 0 -292.9449645243585
66800 -218.6985425590537 0 -218.6985425590537
66900 -172.8978499700315 0 -172.8978499700315
67000 -171.7299894380849 0 -171.7299894380849
67100 -170.9598911043722 0 -170.9598911043722
67200 -157.875329493545 0 -157.875329493545
67300 -156.6430669502006 0 -156.6430669502006
67400 -167.8416669161525 0 -167.8416669161525
67500 -171.3450597848278 0 -171.3450597848278
67600 -168.0428650376853 0 -168.0428650376853
67700 -193.5378134674393 0 -193.5378134674393
67800 -209.1909357816912 0 -209.1909357816912
67900 -191.7842788244598 0 -191.7842788244598
68000 -180.3477242055815 0 -180.3477242055815
68100 -195.8223548308015 0 -195.8223548308015
68200 -199.5269009964541 0 -199.5269009964541
68300 -171.1029239399359 0 -171.1029239399359
68400 -164.3081821585074 0 -164.3081821585074
68500 -169.850157744484 0 -169.850157744484
68600 -190.0447376891971 0 -190.0447376891971
68700 -209.7136096935719 0 -209.7136096935719
68800 -197.440359469736 0 -197.440359469736
68900 -202.2169048851356 0 -202.2169048851356
69000 -232.0600549234077 0 -232.0600549234077
69100 -219.9535739687271 0 -219.9535739687271
69200 -214.5658223666251 0 -214.5658223666251
69300 -210.7081157166976 0 -210.7081157166976
69400 -196.5343463711906 0 -196.5343463711906
69500 -183.9537728978321 0 -183.9537728978321
69600 -202.3735610891599 0 -202.3735610891599
69700 -219.4393065818585 0 -219.4393065818585
69800 -194.7941825445741 0 -194.7941825445741
69900 -179.5031403817702 0 -179.5031403817702
70000 -203.8967414526269 0 -203.8967414526269
70100 -219.3675049755257 0 -219.3675049755257
70200 -240.1253083066549 0 -240.1253083066549
70300 -261.217924309196 0 -261.217924309196
70400 -223.5595902567729 0 -223.5595902567729
70500 -221.2813363696914 0 -221.2813363696914
70600 -197.390484073665 0 -197.390484073665
70700 -205.3333455028478 0 -205.3333455028478
70800 -187.9997460413724 0 -187.9997460413724
70900 -164.8033729824238 0 -164.8033729824238
71000 -193.8869160329923 0 -193.8869160329923
71100 -172.3675579950213 0 -172.3675579950213
71200 -169.1480504900683 0 -169.1480504900683
71300 -173.3517051318195 0 -173.3517051318195
71400 -166.6224278383888 0 -166.6224278383888
71500 -201.7171318957116 0 -201.7171318957116
71600 -166.0557922304943 0 -166.0557922304943
71700 -154.0216030608863 0 -154.0216030608863
71800 -152.8206056603231 0 -152.8206056603231
71900 -150.2862352957018 0 -150.2862352957018
72000 -137.9469411559403 0 -137.9469411559403
72100 -144.881875340594 0 -144.881875340594
72200 -137.6326103187166 0 -137.6326103187166
72300 -119.6518238547724 0 -119.6518238547724
72400 -115.4066010834649 0 -115.4066010834649
72500 -83.56545566394925 0 -83.56545566394925
72600 -106.2139663780108 0 -106.2139663780108
72700 -110.0921149291098 0 -110.0921149291098
72800 -123.4150959784165 0 -123.4150959784165
72900 -109.6707189509179 0 -109.6707189509179
73000 -94.72006776928902 0 -94.72006776928902
73100 -128.6096945330501 0 -128.6096945330501
73200 -128.5674731866457 0 -128.5674731866457
73300 -121.5520005389117 0 -121.5520005389117
73400 -71.67891513067298 0 -71.67891513067298
73500 -73.37169980537146 0 -73.37169980537146
73600 -87.29192941496149 0 -87.29192941496149
73700 -79.40893809427507 0 -79.40893809427507
73800 -78.11834944901057 0 -78.11834944901057
73900 -62.16951001458801 0 -62.16951001458801
74000 -55.37370494101197 0 -55.37370494101197
74100 -60.9468762180768 0 -60.9468762180768
74200 -66.56958551192656 0 -66.56958551192656
74300 -57.58937906796928 0 -57.58937906796928
74400 -63.54326577018946 0 -63.54326577018946
74500 -73.48956540224026 0 -73.48956540224026
74600 -63.45973775861785 0 -63.45973775861785
74700 -55.56336284452118 0 -55.56336284452118
74800 -57.47126261144876 0 -57.47126261144876
74900 -51.45577871473506 0 -51.45577871473506
75000 -31.02920771250501 0 -31.02920771250501
75100 -43.38326952210627 0 -43.38326952210627
75200 -48.46608821162954 0 -48.46608821162954
75300 -56.12629479751922 0 -56.12629479751922
75400 -58.16346145770513 0 -58.16346145770513
75500 -94.65173781476915 0 -94.65173781476915
75600 -82.17258754326031 0 -82.17258754326031
75700 -92.23303996189497 0 -92.23303996189497
75800 -72.28602401842363 0 -72.28602401842363
75900 -59.19897537538782 0 -59.19897537538782
76000 -82.22262499155477 0 -82.22262499155477
76100 -59.50036734738387 0 -59.50036734738387
76200 -65.73970268666744 0 -65.73970268666744
76300 -77.45839000330307 0 -77.45839000330307
76400 -82.02750329836272 0 -82.02750329836272
76500 -77.27576664893422 0 -77.27576664893422
76600 -98.48271789588034 0 -98.48271789588034
76700 -98.49897176027298 0 -98.49897176027298
76800 -76.22831834526733 0 -76.22831834526733
76900 -95.67597844428383 0 -95.67597844428383
77000 -91.79224858083762 0 -91.79224858083762
77100 -95.31476779328659 0 -95.31476779328659
77200 -93.98463738616556 0 -93.98463738616556
77300 -98.29495399422012 0 -98.29495399422012
77400 -95.192261665361 0 -95.192261665361
77500 -124.4126753164455 0 -124.4126753164455
77600 -132.9439267241396 0 -132.9439267241396
77700 -112.3894194208551 0 -112.3894194208551
77800 -113.3746307075489 0 -113.3746307075489
77900 -95.06417948845774 0 -95.06417948845774
78000 -100.8842788063921 0 -100.8842788063921
78100 -125.0395894222893 0 -125.0395894222893
78200 -145.7145547640976 0 -145.7145547640976
78300 -131.0616411459632 0 -131.0616411459632
78400 -110.0345918203238 0 -110.0345918203238
78500 -114.3121051578782 0 -114.3121051578782
78600 -105.873029868817 0 -105.873029868817
78700 -119.8834071159945 0 -119.8834071159945
78800 -106.0549124490935 0 -106.0549124490935
78900 -133.6133250254206 0 -133.6133250254206
79000 -124.7445459680166 0 -124.7445459680166
79100 -117.6774796764366 0 -117.6774796764366
79200 -120.7962334060576 0 -120.7962334060576
79300 -128.0823524573352 0 -128.0823524573352
79400 -119.3583348372485 0 -119.3583348372485
79500 -126.0156430196948 0 -126.0156430196948
79600 -130.5686202328652 0 -130.5686202328652
79700 -186.0571673051454 0 -186.0571673051454
79800 -189.1825157089625 0 -189.1825157089625
79900 -171.0037513033021 0 -171.0037513033021
80000 -167.2397574663628 0 -167.2397574663628
80100 -168.6855223043822 0 -168.6855223043822
80200 -161.0229464659933 0 -161.0229464659933
80300 -175.1076361108571 0 -175.1076361108571
80400 -182.1102060310077 0 -182.1102060310077
80500 -182.6931126886047 0 -182.6931126886047
80600 -163.2157326415181 0 -163.2157326415181
80700 -163.8466409908142 0 -163.8466409908142
80800 -158.635451433016 0 -158.635451433016
80900 -175.7633673248347 0 -175.7633673248347
81000 -176.6346980475355 0 -176.6346980475355
81100 -189.6798680927604 0 -189.6798680927604
81200 -193.4063098905608 0 -193.4063098905608
81300 -190.3720172429457 0 -190.3720172429457
81400 -180.1734305471182 0 -180.1734305471182
81500 -201.2308952435851 0 -201.2308952435851
81600 -205.1382892013062 0 -205.1382892013062
81700 -200.59696000861 0 -200.59696000861
81800 -192.7319822832942 0 -192.7319822832942
81900 -168.5882351254113 0 -168.5882351254113
82000 -145.0857169162482 0 -145.0857169162482
82100 -143.804519633064 0 -143.804519633064
82200 -133.8091202988289 0 -133.8091202988289
82300 -132.9258943872992 0 -132.9258943872992
82400 -126.4979672296904 0 -126.4979672296904
82500 -135.7263533235528 0 -135.7263533235528
82600 -151.2894836878404 0 -151.2894836878404
82700 -152.929086798802 0 -152.929086798802
82800 -144.5028450177051 0 -144.5028450177051
82900 -124.1486152615398 0 -124.1486152615398
83000 -126.8015273539349 0 -126.8015273539349
83100 -134.4138764634263 0 -134.4138764634263
83200 -123.840752789285 0 -123.840752789285
83300 -140.1909370068461 0 -140.1909370068461
83400 -138.2649171703961 0 -138.2649171703961
83500 -125.8159917043522 0 -125.8159917043522
83600 -152.8576298225671 0 -152.8576298225671
83700 -133.6361339776777 0 -133.6361339776777
83800 -115.1820094904397 0 -115.1820094904397
83900 -124.2862639597151 0 -124.2862639597151
84000 -116.5171094825491 0 -116.5171094825491
84100 -111.4563858632464 0 -111.4563858632464
84200 -134.3838325613178 0 -134.3838325613178
84300 -128.8402496667113 0 -128.8402496667113
84400 -131.8556551863439 0 -131.8556551863439
84500 -132.0162233742885 0 -132.0162233742885
84600 -140.4838441489264 0 -140.4838441489264
84700 -134.6179214480799 0 -134.6179214480799
84800 -131.378040313255 0 -131.378040313255
84900 -142.8524752985686 0 -142.8524752985686
85000 -149.202352155 0 -149.202352155
85100 -133.8678836850449 0 -133.8678836850449
85200 -126.2424416535068 0 -126.2424416535068
85300 -149.5288391308859 0 -149.5288391308859
85400 -130.0305525031872 0 -130.0305525031872
85500 -123.7669305086602 0 -123.7669305086602
85600 -143.1683804634959 0 -143.1683804634959
85700 -133.9512504527811 0 -133.9512504527811
85800 -123.6559536452405 0 -123.6559536452405
85900 -108.0186279129703 0 -108.0186279129703
86000 -114.9581785311457 0 -114.9581785311457
86100 -114.4891056546476 0 -114.4891056546476
86200 -91.15797873632982 0 -91.15797873632982
86300 -97.58045554952696 0 -97.58045554952696
86400 -89.05262572481297 0 -89.05262572481297
86500 -102.5802982496098 0 -102.5802982496098
86600 -110.0377113048453 0 -110.0377113048453
86700 -119.6705763682257 0 -119.6705763682257
86800 -128.552922324976 0 -128.552922324976
86900 -135.9050149929244 0 -135.9050149929244
87000 -164.99546073284 0 -164.99546073284
87100 -129.4385085855611 0 -129.4385085855611
87200 -105.5577992245089 0 -105.5577992245089
87300 -85.41085617686622 0 -85.41085617686622
87400 -88.93732558214106 0 -88.93732558214106
87500 -121.2337206553202 0 -121.2337206553202
87600 -128.4598261339124 0 -128.4598261339124
87700 -115.5856572531629 0 -115.5856572531629
87800 -121.3812367019709 0 -121.3812367019709
87900 -102.9974896134809 0 -102.9974896134809
88000 -98.23652541753836 0 -98.23652541753836
88100 -82.97259196126834 0 -82.97259196126834
88200 -109.7915300044697 0 -109.7915300044697
88300 -94.56072748522274 0 -94.56072748522274
88400 -123.9200901456643 0 -123.9200901456643
88500 -107.3777770732995 0 -107.3777770732995
88600 -114.8585187622812 0 -114.8585187622812
88700 -122.5432251873426 0 -122.5432251873426
88800 -94.59417481883429 0 -94.59417481883429
88900 -111.1938743453939 0 -111.1938743453939
89000 -114.8925131843425 0 -114.8925131843425
89100 -116.526332161855 0 -116.526332161855
89200 -116.5618148823269 0 -116.5618148823269
89300 -82.56492632976733 0 -82.56492632976733
89400 -103.7380487469491 0 -103.7380487469491
89500 -95.42354470235296 0 -95.42354470235296
89600 -104.461375187384 0 -104.461375187384
89700 -131.8982903356664 0 -131.8982903356664
89800 -122.7449854959268 0 -122.7449854959268
89900 -172.2528117413167 0 -172.2528117413167
90000 -183.2814815025777 0 -183.2814815025777
90100 -192.1176812534686 0 -192.1176812534686
90200 -184.6594661865383 0 -184.6594661865383
90300 -188.0402339308057 0 -188.0402339308057
90400 -149.1357875354588 0 -149.1357875354588
90500 -163.7625132282265 0 -163.7625132282265
90600 -175.3200421473011 0 -175.3200421473011
90700 -186.8123375454452 0 -186.8123375454452
90800 -179.8777198754251 0 -179.8777198754251
90900 -182.4539585064631 0 -182.4539585064631
91000 -186.6098863729276 0 -186.6098863729276
91100 -184.8264815658331 0 -184.8264815658331
91200 -166.0965477062855 0 -166.0965477062855
91300 -182.0891677774489 0 -182.0891677774489
91400 -162.3087800503708 0 -162.3087800503708
91500 -181.0901182065718 0 -181.0901182065718
91600 -175.4361402671784 0 -175.4361402671784
91700 -169.6590700098313 0 -169.6590700098313
91800 -159.2343200398609 0 -159.2343200398609
91900 -162.8943797117099 0 -162.8943797117099
92000 -150.8704610266723 0 -150.8704610266723
92100 -175.1655980590731 0 -175.1655980590731
92200 -175.456086366903 0 -175.456086366903
92300 -184.8962776644621 0 -184.8962776644621
92400 -207.6853700997308 0 -207.6853700997308
92500 -217.1758287274279 0 -217.1758287274279
92600 -197.7491613507736 0 -197.7491613507736
92700 -227.8022135999054 0 -227.8022135999054
92800 -245.7065431308001 0 -245.7065431308001
92900 -210.7946851050947 0 -210.7946851050947
93000 -221.8015716944356 0 -221.8015716944356
93100 -236.3740245178342 0 -236.3740245178342
93200 -248.4458107419778 0 -248.4458107419778
93300 -236.5422787275165 0 -236.5422787275165
93400 -234.5081782008056 0 -234.5081782008056
93500 -226.2838129885495 0 -226.2838129885495
93600 -219.3285185059067 0 -219.3285185059067
93700 -195.2056784101296 0 -195.2056784101296
93800 -164.8483213554136 0 -164.8483213554136
93900 -156.6712523836177 0 -156.6712523836177
94000 -149.7365738842636 0 -149.7365738842636
94100 -140.0566077446565 0 -140.0566077446565
94200 -155.1678321808577 0 -155.1678321808577
94300 -141.3361856483389 0 -141.3361856483389
94400 -145.7580431655515 0 -145.7580431655515
94500 -149.3133495443035 0 -149.3133495443035
94600 -164.4847619663924 0 -164.4847619663924
94700 -194.3339301198721 0 -194.3339301198721
94800 -171.8283162415028 0 -171.8283162415028
94900 -164.6127139567398 0 -164.6127139567398
95000 -170.8268454568461 0 -170.8268454568461
95100 -182.7042751025874 0 -182.7042751025874
95200 -193.9026095098816 0 -193.9026095098816
95300 -195.5985386115499 0 -195.5985386115499
95400 -209.1793714910746 0 -209.1793714910746
95500 -195.409231191501 0 -195.409231191501
95600 -188.7437020479701 0 -188.7437020479701
95700 -199.0223691312131 0 -199.0223691312131
95800 -198.9264381472021 0 -198.9264381472021
95900 -198.1161692547612 0 -198.1161692547612
96000 -205.4815152781084 0 -205.4815152781084
96100 -185.9607051184867 0 -185.9607051184867
96200 -199.0946292686276 0 -199.0946292686276
96300 -183.2147132490645 0 -183.2147132490645
96400 -204.2015101942234 0 -204.2015101942234
96500 -196.7584889256395 0 -196.7584889256395
96600 -194.2479423177429 0 -194.2479423177429
96700 -201.4179170704447 0 -201.4179170704447
96800 -179.9131723716855 0 -179.9131723716855
96900 -203.0345360264182 0 -203.0345360264182
97000 -204.2950436715037 0 -204.2950436715037
97100 -194.3917543801945 0 -194.3917543801945
97200 -195.4545410671271 0 -195.4545410671271
97300 -209.3815110803116 0 -209.3815110803116
97400 -206.9596979899798 0 -206.9596979899798
97500 -212.6728678061627 0 -212.6728678061627
97600 -253.0815533834975 0 -253.0815533834975
97700 -244.1393399699591 0 -244.1393399699591
97800 -228.9976833281107 0 -228.9976833281107
97900 -228.3982263281941 0 -228.3982263281941
98000 -212.9725579211954 0 -212.9725579211954
98100 -216.1828420271631 0 -216.1828420271631
98200 -243.2056322293356 0 -243.2056322293356
98300 -239.5302251754329 0 -239.5302251754329
98400 -283.4625876965001 0 -283.4625876965001
98500 -269.7245849713217 0 -269.7245849713217
98600 -258.5003400503192 0 -258.5003400503192
98700 -239.1757570761256 0 -239.1757570761256
98800 -240.0075526738074 0 -240.0075526738074
98900 -246.1009587012231 0 -246.1009587012231
99000 -260.179966875352 0 -260.179966875352
99100 -285.8436782744247 0 -285.8436782744247
99200 -285.701174165355 0 -285.701174165355
99300 -317.3557274660561 0 -317.3557274660561
99400 -282.3352887486108 0 -282.3352887486108
99500 -250.8512643964496 0 -250.8512643964496
99600 -256.4880398826208 0 -256.4880398826208
99700 -276.8520150196273 0 -276.8520150196273
99800 -229.6470605409704 0 -229.6470605409704
99900 -199.5568853905424 0 -199.5568853905424
100000 -208.0204131377395 0 -208.0204131377395
100100 -211.1820101505145 0 -211.1820101505145
100200 -189.0650565684773 0 -189.0650565684773
100300 -168.3676462387666 0 -168.3676462387666
100400 -183.7537538048346 0 -183.7537538048346
100500 -179.0417870569509 0 -179.0417870569509
100600 -181.5782089876011 0 -181.5782089876011
100700 -192.1419628355652 0 -192.1419628355652
100800 -183.9801387682091 0 -183.9801387682091
100900 -184.8533698106185 0 -184.8533698106185
101000 -179.0200231655035 0 -179.0200231655035
101100 -179.2087988383137 0 -179.2087988383137
101200 -163.1676275546197 0 -163.1676275546197
101300 -154.4980770850088 0 -154.4980770850088
101400 -161.3780679011252 0 -161.3780679011252
101500 -158.2520187988412 0 -158.2520187988412
101600 -203.5466824255418 0 -203.5466824255418
101700 -166.8458995705005 0 -166.8458995705005
101800 -163.5343644542154 0 -163.5343644542154
101900 -175.285001616925 0 -175.285001616925
102000 -216.0044136042707 0 -216.0044136042707
102100 -215.6948277705815 0 -215.6948277705815
102200 -197.3337800593581 0 -197.3337800593581
102300 -194.5617303561885 0 -194.5617303561885
102400 -169.5988949094899 0 -169.5988949094899
102500 -196.0614658133127 0 -196.0614658133127
102600 -229.3050420966465 0 -229.3050420966465
102700 -222.6520480415784 0 -222.6520480415784
102800 -211.7843742948025 0 -211.7843742948025
102900 -180.6850836840458 0 -180.6850836840458
103000 -202.531653446611 0 -202.531653446611
103100 -199.6911090619396 0 -199.6911090619396
103200 -192.5400399826467 0 -192.5400399826467
103300 -198.8380872185808 0 -198.8380872185808
103400 -224.4802498354111 0 -224.4802498354111
103500 -225.3604138588998 0 -225.3604138588998
103600 -202.714613787597 0 -202.714613787597
103700 -201.9269151366316 0 -201.9269151366316
103800 -204.0018456485122 0 -204.0018456485122
103900 -227.4879316953011 0 -227.4879316953011
104000 -255.5897619614843 0 -255.5897619614843
104100 -221.2209034929983 0 -221.2209034929983
104200 -213.1356492496561 0 -213.1356492496561
104300 -205.6064672628418 0 -205.6064672628418
104400 -194.534724756144 0 -194.534724756144
104500 -206.843287324562 0 -206.843287324562
104600 -200.1509270344395 0 -200.1509270344395
104700 -219.5025732405484 0 -219.5025732405484
104800 -223.8774299367797 0 -223.8774299367797
104900 -235.6589756910689 0 -235.6589756910689
105000 -192.6362878286745 0 -192.6362878286745
105100 -196.7028937837604 0 -196.7028937837604
105200 -193.0617807959206 0 -193.0617807959206
105300 -185.9826069953851 0 -185.9826069953851
105400 -176.8185410061851 0 -176.8185410061851
105500 -185.5719857802615 0 -185.5719857802615
105600 -179.0529849498998 0 -179.0529849498998
105700 -190.715414051665 0 -190.715414051665
105800 -179.7764702108689 0 -179.7764702108689
105900 -161.6607331549749 0 -161.6607331549749
106000 -165.5553495008498 0 -165.5553495008498
106100 -185.6247037560679 0 -185.6247037560679
106200 -172.1070719610434 0 -172.1070719610434
106300 -157.6898817401379 0 -157.6898817401379
106400 -145.2429534711409 0 -145.2429534711409
106500 -161.0218042198103 0 -161.0218042198103
106600 -159.4665654159617 0 -159.4665654159617
106700 -151.9896970000118 0 -151.9896970000118
106800 -154.4420422052499 0 -154.4420422052499
106900 -149.8327365566511 0 -149.8327365566511
107000 -161.506449906854 0 -161.506449906854
107100 -163.4859218206257 0 -163.4859218206257
107200 -162.8459849320352 0 -162.8459849320352
107300 -181.1345340108965 0 -181.1345340108965
107400 -181.7924517330248 0 -181.7924517330248
107500 -177.9369558512699 0 -177.9369558512699
107600 -194.0316756144166 0 -194.0316756144166
107700 -188.9980588573962 0 -188.9980588573962
107800 -196.0495081832632 0 -196.0495081832632
107900 -209.735875247512 0 -209.735875247512
108000 -169.7725903026294 0 -169.7725903026294
108100 -163.4534433906665 0 -163.4534433906665
108200 -206.6605834634975 0 -206.6605834634975
108300 -232.9734267489985 0 -232.9734267489985
108400 -227.3872629876714 0 -227.3872629876714
108500 -226.2752986138221 0 -226.2752986138221
108600 -198.403613332659 0 -198.403613332659
108700 -213.4173930592369 0 -213.4173930592369
108800 -235.1395801766776 0 -235.1395801766776
108900 -248.6718452312489 0 -248.6718452312489
109000 -249.4962328996044 0 -249.4962328996044
109100 -206.6658002859913 0 -206.6658002859913
109200 -222.9403171942104 0 -222.9403171942104
109300 -216.4822234478779 0 -216.4822234478779
109400 -219.7350848251954 0 -219.7350848251954
109500 -233.6222461927682 0 -233.6222461927682
109600 -206.4062545169145 0 -206.4062545169145
109700 -185.87201848533 0 -185.87201848533
109800 -147.3793420337606 0 -147.3793420337606
109900 -160.7192840815987 0 -160.7192840815987
110000 -179.4646518598311 0 -179.4646518598311
110100 -200.5642622692976 0 -200.5642622692976
110200 -199.870034817839 0 -199.870034817839
110300 -180.0228672414087 0 -180.0228672414087
110400 -192.3176178783178 0 -192.3176178783178
110500 -208.1498110997491 0 -208.1498110997491
110600 -210.1537847749423 0 -210.1537847749423
110700 -209.1936723240651 0 -209.1936723240651
110800 -223.7681287941523 0 -223.7681287941523
110900 -218.4897968117148 0 -218.4897968117148
111000 -208.5523194512352 0 -208.5523194512352
111100 -202.5360329577234 0 -202.5360329577234
111200 -168.2995301620103 0 -168.2995301620103
111300 -167.1914249765687 0 -167.1914249765687
111400 -171.0414127849508 0 -171.0414127849508
111500 -158.9243001930881 0 -158.9243001930881
111600 -182.2360005378723 0 -182.2360005378723
111700 -166.5933227001224 0 -166.5933227001224
111800 -171.0999884542543 0 -171.0999884542543
111900 -181.3893119692802 0 -181.3893119692802
112000 -171.8325305199251 0 -171.8325305199251
112100 -146.9040371086448 0 -146.9040371086448
112200 -154.0653748961631 0 -154.0653748961631
112300 -158.472976695979 0 -158.472976695979
112400 -177.2764169380534 0 -177.2764169380534
112500 -165.1710301220883 0 -165.1710301220883
112600 -176.1138400703203 0 -176.1138400703203
112700 -160.3048877436668 0 -160.3048877436668
112800 -185.8782402777579 0 -185.8782402777579
112900 -172.8838790000882 0 -172.8838790000882
113000 -164.831643441692 0 -164.831643441692
113100 -149.0471470942721 0 -149.0471470942721
113200 -139.4575702291913 0 -139.4575702291913
113300 -142.7135508302599 0 -142.7135508302599
113400 -168.0303492734674 0 -168.0303492734674
113500 -155.8596378250513 0 -155.8596378250513
113600 -131.0724938439671 0 -131.0724938439671
113700 -170.3092025164515 0 -170.3092025164515
113800 -185.165069158189 0 -185.165069158189
113900 -176.6609929599799 0 -176.6609929599799
114000 -186.9295345600694 0 -186.9295345600694
114100 -192.602491538506 0 -192.602491538506
114200 -189.7127627292648 0 -189.7127627292648
114300 -186.4108074794058 0 -186.4108074794058
114400 -189.8206685967743 0 -189.8206685967743
114500 -187.5969342167955 0 -187.5969342167955
114600 -190.9827112415805 0 -190.9827112415805
114700 -169.6130744882394 0 -169.6130744882394
114800 -171.8702391604893 0 -171.8702391604893
114900 -156.1323657326866 0 -156.1323657326866
115000 -163.6998588193674 0 -163.6998588193674
115100 -163.4538422792684 0 -163.4538422792684
115200 -193.0518262791447 0 -193.0518262791447
115300 -163.481073449133 0 -163.481073449133
115400 -152.111722140573 0 -152.111722140573
115500 -167.2762019466609 0 -167.2762019466609
115600 -165.1886683176272 0 -165.1886683176272
115700 -145.9255663757212 0 -145.9255663757212
115800 -148.0294028641656 0 -148.0294028641656
115900 -149.5586316946428 0 -149.5586316946428
116000 -135.7644047900103 0 -135.7644047900103
116100 -142.7363203633577 0 -142.7363203633577
116200 -126.1657929888461 0 -126.1657929888461
116300 -137.4682539510541 0 -137.4682539510541
116400 -132.9700164655223 0 -132.9700164655223
116500 -120.4753712597303 0 -120.4753712597303
116600 -132.3816283803899 0 -132.3816283803899
116700 -186.764352849219 0 -186.764352849219
116800 -190.0038599146064 0 -190.0038599146064
116900 -186.442329141777 0 -186.442329141777
117000 -187.3214844395407 0 -187.3214844395407
117100 -155.5891021359712 0 -155.5891021359712
117200 -158.7077797451057 0 -158.7077797451057
117300 -161.6191963269375 0 -161.6191963269375
117400 -141.5001632082276 0 -141.5001632082276
117500 -158.0723716595676 0 -158.0723716595676
117600 -189.7219853308052 0 -189.7219853308052
117700 -201.521953583695 0 -201.521953583695
117800 -198.585550009273 0 -198.585550009273
117900 -195.4624544538092 0 -195.4624544538092
118000 -178.3001431664452 0 -178.3001431664452
118100 -183.0771980241407 0 -183.0771980241407
118200 -191.9697417051066 0 -191.9697417051066
118300 -185.7814209512435 0 -185.7814209512435
118400 -205.235964194173 0 -205.235964194173
118500 -216.7197032172699 0 -216.7197032172699
118600 -199.8422543348279 0 -199.8422543348279
118700 -175.3677719065454 0 -175.3677719065454
118800 -185.6032639814075 0 -185.6032639814075
118900 -205.2575462695677 0 -205.2575462695677
119000 -192.7320251862984 0 -192.7320251862984
119100 -218.4602637528442 0 -218.4602637528442
119200 -238.3443921557628 0 -238.3443921557628
119300 -247.5719578084536 0 -247.5719578084536
119400 -216.8687073262408 0 -216.8687073262408
119500 -225.1473527685739 0 -225.1473527685739
119600 -213.1995842991309 0 -213.1995842991309
119700 -205.3342734985054 0 -205.3342734985054
119800 -219.8230599537492 0 -219.8230599537492
119900 -182.760632737074 0 -182.760632737074
120000 -179.3908691040706 0 -179.3908691040706
120100 -190.4513609001879 0 -190.4513609001879
120200 -189.2299161439296 0 -189.2299161439296
120300 -180.6507946525235 0 -180.6507946525235
120400 -189.9179620053619 0 -189.9179620053619
120500 -169.1580229098909 0 -169.1580229098909
120600 -175.4873758472677 0 -175.4873758472677
120700 -177.4132540279534 0 -177.4132540279534
120800 -163.8996027112007 0 -163.8996027112007
120900 -164.9976525618695 0 -164.9976525618695
121000 -183.5157575816847 0 -183.5157575816847
121100 -181.3168852156959 0 -181.3168852156959
121200 -151.205707666697 0 -151.205707666697
121300 -160.7456771251746 0 -160.7456771251746
121400 -173.1285890687723 0 -173.1285890687723
121500 -168.2682253478561 0 -168.2682253478561
121600 -169.2353124117944 0 -169.2353124117944
121700 -168.1202137963846 0 -168.1202137963846
121800 -163.4236251324182 0 -163.4236251324182
121900 -157.9976201215759 0 -157.9976201215759
122000 -173.0689769312739 0 -173.0689769312739
122100 -183.5045732522849 0 -183.5045732522849
122200 -183.1618282860145 0 -183.1618282860145
122300 -173.1891565343831 0 -173.1891565343831
122400 -169.6393162384629 0 -169.6393162384629
122500 -152.3582139953505 0 -152.3582139953505
122600 -158.421967742499 0 -158.421967742499
122700 -174.4657536146697 0 -174.4657536146697
122800 -204.8054554075934 0 -204.8054554075934
122900 -213.0625219109934 0 -213.0625219109934
123000 -186.8350766703952 0 -186.8350766703952
123100 -186.6273501503747 0 -186.6273501503747
123200 -175.5257885749452 0 -175.5257885749452
123300 -200.9126424021088 0 -200.9126424021088
123400 -228.4958614441566 0 -228.4958614441566
123500 -226.2703607410658 0 -226.2703607410658
123600 -247.6124960181769 0 -247.6124960181769
123700 -246.5762646144722 0 -246.5762646144722
123800 -246.0273776787799 0 -246.0273776787799
123900 -234.8336819722317 0 -234.8336819722317
124000 -247.4948186648544 0 -247.4948186648544
124100 -253.6212027387228 0 -253.6212027387228
124200 -242.7992642433383 0 -242.7992642433383
124300 -220.0632192692719 0 -220.0632192692719
124400 -199.7944069267251 0 -199.7944069267251
124500 -211.5545214652084 0 -211.5545214652084
124600 -211.3980946564116 0 -211.3980946564116
124700 -233.3020121550653 0 -233.3020121550653
124800 -213.2686109157512 0 -213.2686109157512
124900 -224.5207786150277 0 -224.5207786150277
125000 -202.2113362278324 0 -202.2113362278324
125100 -229.8018250453752 0 -229.8018250453752
125200 -241.2075632438064 0 -241.2075632438064
125300 -229.8538652211428 0 -229.8538652211428
125400 -211.7644058542792 0 -211.7644058542792
125500 -218.9403869207017 0 -218.9403869207017
125600 -236.934458805481 0 -236.934458805481
125700 -223.292306181509 0 -223.292306181509
125800 -233.3356549819 0 -233.3356549819
125900 -212.9952213403303 0 -212.9952213403303
126000 -209.0705159821082 0 -209.0705159821082
126100 -204.5762171507813 0 -204.5762171507813
126200 -195.5159622454084 0 -195.5159622454084
126300 -228.3564219900873 0 -228.3564219900873
126400 -221.1366373896599 0 -221.1366373896599
126500 -212.068296964746 0 -212.068296964746
126600 -197.6434379634447 0 -197.6434379634447
126700 -203.7212086291984 0 -203.7212086291984
126800 -197.7586772632785 0 -197.7586772632785
126900 -196.3359299157746 0 -196.3359299157746
127000 -200.8322754355613 0 -200.8322754355613
127100 -202.4346499694511 0 -202.4346499694511
127200 -212.047239409294 0 -212.047239409294
127300 -168.9770536569413 0 -168.9770536569413
127400 -165.4306740881875 0 -165.4306740881875
127500 -153.1819516709074 0 -153.1819516709074
127600 -172.365266405046 0 -172.365266405046
127700 -159.8850984254386 0 -159.8850984254386
127800 -175.3227021330968 0 -175.3227021330968
127900 -169.4762185288128 0 -169.4762185288128
128000 -182.5731985091697 0 -182.5731985091697
128100 -190.2398950399365 0 -190.2398950399365
128200 -187.7661520701367 0 -187.7661520701367
128300 -216.6833997904323 0 -216.6833997904323
128400 -218.843838470988 0 -218.843838470988
128500 -201.11500127404 0 -201.11500127404
128600 -228.3546370225959 0 -228.3546370225959
128700 -263.9516857683193 0 -263.9516857683193
128800 -230.4399336746428 0 -230.4399336746428
128900 -225.6005391492508 0 -225.6005391492508
129000 -231.4341685168911 0 -231.4341685168911
129100 -246.5751963192597 0 -246.5751963192597
129200 -257.5820878921077 0 -257.5820878921077
129300 -248.7540383262094 0 -248.7540383262094
129400 -248.8287851398345 0 -248.8287851398345
129500 -266.7788143742364 0 -266.7788143742364
129600 -243.1591302519664 0 -243.1591302519664
129700 -228.1351133412682 0 -228.1351133412682
129800 -210.2652293210849 0 -210.2652293210849
129900 -208.9417903053109 0 -208.9417903053109
130000 -207.0051874089986 0 -207.0051874089986
130100 -231.8300110616256 0 -231.8300110616256
130200 -236.1965167575981 0 -236.1965167575981
130300 -235.7437019275967 0 -235.7437019275967
130400 -234.0658803347033 0 -234.0658803347033
130500 -235.0681789962109 0 -235.0681789962109
130600 -235.4636556438636 0 -235.4636556438636
130700 -241.3483549552038 0 -241.3483549552038
130800 -227.4383324540686 0 -227.4383324540686
130900 -232.4600378426258 0 -232.4600378426258
131000 -221.371647386346 0 -221.371647386346
131100 -234.610710603185 0 -234.610710603185
131200 -207.2484934872482 0 -207.2484934872482
131300 -215.2128603570163 0 -215.2128603570163
131400 -237.8616913531441 0 -237.8616913531441
131500 -253.1389790039975 0 -253.1389790039975
131600 -226.9401078473311 0 -226.9401078473311
131700 -249.6797910474706 0 -249.6797910474706
131800 -262.3281325248536 0 -262.3281325248536
131900 -257.639330273727 0 -257.639330273727
132000 -254.1109715104103 0 -254.1109715104103
132100 -256.5125636006705 0 -256.5125636006705
132200 -252.6625607246533 0 -252.6625607246533
132300 -268.4499703175388 0 -268.4499703175388
132400 -285.0803280184045 0 -285.0803280184045
132500 -234.6938316307496 0 -234.6938316307496
132600 -249.8095127069391 0 -249.8095127069391
132700 -266.0384905927349 0 -266.0384905927349
132800 -241.6213996593142 0 -241.6213996593142
132900 -271.5007436701562 0 -271.5007436701562
133000 -261.7205805147532 0 -261.7205805147532
133100 -257.3476280437317 0 -257.3476280437317
133200 -264.6078396413941 0 -264.6078396413941
133300 -256.3329386692494 0 -256.3329386692494
133400 -260.3842527612578 0 -260.3842527612578
133500 -253.1612051310949 0 -253.1612051310949
133600 -244.2945374874398 0 -244.2945374874398
133700 -210.7674315788317 0 -210.7674315788317
133800 -235.7243131506257 0 -235.7243131506257
133900 -251.1127963252366 0 -251.1127963252366
134000 -261.0930738325696 0 -261.0930738325696
134100 -266.538532045437 0 -266.538532045437
134200 -255.6936313528568 0 -255.6936313528568
134300 -261.2645510637667 0 -261.2645510637667
134400 -265.5037209957372 0 -265.5037209957372
134500 -232.9547469853424 0 -232.9547469853424
134600 -218.9586464995518 0 -218.9586464995518
134700 -242.3775741036516 0 -242.3775741036516
134800 -216.7428110849578 0 -216.7428110849578
134900 -211.2433651656611 0 -211.2433651656611
135000 -235.6416119667701 0 -235.6416119667701
135100 -191.8845172484871 0 -191.8845172484871
135200 -196.2543379587587 0 -196.2543379587587
135300 -192.0249479352497 0 -192.0249479352497
135400 -171.9232994690537 0 -171.9232994690537
135500 -175.6157494080253 0 -175.6157494080253
135600 -161.8366366378032 0 -161.8366366378032
135700 -189.4917429161724 0 -189.4917429161724
135800 -174.9705694646109 0 -174.9705694646109
135900 -158.0605858869385 0 -158.0605858869385
136000 -181.0346362739801 0 -181.0346362739801
136100 -185.473332378082 0 -185.473332378082
136200 -165.7469602089841 0 -165.7469602089841
136300 -155.2649679919705 0 -155.2649679919705
136400 -164.550389332464 0 -164.550389332464
136500 -163.5559841501527 0 -163.5559841501527
136600 -205.1960221754853 0 -205.1960221754853
136700 -191.6447460546624 0 -191.6447460546624
136800 -183.2904655926395 0 -183.2904655926395
136900 -200.1723663886078 0 -200.1723663886078
137000 -182.7386491289362 0 -182.7386491289362
137100 -194.3297096251044 0 -194.3297096251044
137200 -218.0284512380604 0 -218.0284512380604
137300 -199.4135606037453 0 -199.4135606037453
137400 -182.4447011793964 0 -182.4447011793964
137500 -191.3108077580109 0 -191.3108077580109
137600 -171.2555885002948 0 -171.2555885002948
137700 -153.7086364324205 0 -153.7086364324205
137800 -169.8328588060103 0 -169.8328588060103
137900 -158.7409256740939 0 -158.7409256740939
138000 -181.2214188708458 0 -181.2214188708458
138100 -192.2821460261475 0 -192.2821460261475
138200 -177.1796410158277 0 -177.1796410158277
138300 -195.3199065304361 0 -195.3199065304361
138400 -218.0710974319372 0 -218.0710974319372
138500 -225.4990820677485 0 -225.4990820677485
138600 -219.6504297442734 0 -219.6504297442734
138700 -208.8038741291966 0 -208.8038741291966
138800 -196.9594149286859 0 -196.9594149286859
138900 -213.9140149252489 0 -213.9140149252489
139000 -226.9292614525184 0 -226.9292614525184
139100 -211.163293630816 0 -211.163293630816
139200 -225.5969780643936 0 -225.5969780643936
139300 -204.8777535904665 0 -204.8777535904665
139400 -209.7589001674205 0 -209.7589001674205
139500 -197.0086385707837 0 -197.0086385707837
139600 -194.8331383070908 0 -194.8331383070908
139700 -195.2983639860759 0 -195.2983639860759
139800 -204.973590900423 0 -204.973590900423
139900 -191.3241930285003 0 -191.3241930285003
140000 -215.4130427923519 0 -215.4130427923519
140100 -186.3564879745245 0 -186.3564879745245
140200 -179.2207776671275 0 -179.2207776671275
140300 -179.9708976408001 0 -179.9708976408001
140400 -190.7986027111765 0 -190.7986027111765
140500 -211.2392891775817 0 -211.2392891775817
140600 -228.3049575041514 0 -228.3049575041514
140700 -234.1911114328541 0 -234.1911114328541
140800 -233.1562171357218 0 -233.1562171357218
140900 -255.5032396339811 0 -255.5032396339811
141000 -280.6184788672253 0 -280.6184788672253
141100 -299.8924458629917 0 -299.8924458629917
141200 -260.5298398369923 0 -260.5298398369923
141300 -274.5578064336441 0 -274.5578064336441
141400 -264.6186620518565 0 -264.6186620518565
141500 -252.0657992586493 0 -252.0657992586493
141600 -237.8924383169506 0 -237.8924383169506
141700 -230.3988219567109 0 -230.3988219567109
141800 -237.4511205118615 0 -237.4511205118615
141900 -264.3230489054695 0 -264.3230489054695
142000 -245.1273268009536 0 -245.1273268009536
142100 -229.4336957007181 0 -229.4336957007181
142200 -254.844157169573 0 -254.844157169573
142300 -241.4321350916289 0 -241.4321350916289
142400 -230.6106547028758 0 -230.6106547028758
142500 -233.7611316463444 0 -233.7611316463444
142600 -225.8719174447469 0 -225.8719174447469
142700 -207.5826814337634 0 -207.5826814337634
142800 -215.8796675801277 0 -215.8796675801277
142900 -214.677729473915 0 -214.677729473915
143000 -217.2736116191372 0 -217.2736116191372
143100 -228.3532795361243 0 -228.3532795361243
143200 -212.668063006131 0 -212.668063006131
143300 -229.278970599873 0 -229.278970599873
143400 -246.5154293125961 0 -246.5154293125961
143500 -255.1106346852612 0 -255.1106346852612
143600 -263.4909714516252 0 -263.4909714516252
143700 -244.7866107807495 0 -244.7866107807495
143800 -234.6886300339829 0 -234.6886300339829
143900 -214.5472403315362 0 -214.5472403315362
144000 -179.7502775252797 0 -179.7502775252797
144100 -204.7956715133041 0 -204.7956715133041
144200 -209.2362096568104 0 -209.2362096568104
144300 -196.1747919530608 0 -196.1747919530608
144400 -201.1652899465989 0 -201.1652899465989
144500 -193.6413853517734 0 -193.6413853517734
144600 -171.7808436192572 0 -171.7808436192572
144700 -190.3584782681428 0 -190.3584782681428
144800 -185.1757824397646 0 -185.1757824397646
144900 -180.694815129973 0 -180.694815129973
145000 -169.4055941668339 0 -169.4055941668339
145100 -159.3975159132387 0 -159.3975159132387
145200 -178.2691718770657 0 -178.2691718770657
145300 -186.6183852639515 0 -186.6183852639515
145400 -169.808407942066 0 -169.808407942066
145500 -149.2112501168158 0 -149.2112501168158
145600 -172.7829708512872 0 -172.7829708512872
145700 -152.7977894498035 0 -152.7977894498035
145800 -136.2626462888438 0 -136.2626462888438
145900 -134.3530317803379 0 -134.3530317803379
146000 -113.9999651506077 0 -113.9999651506077
146100 -153.0696372361854 0 -153.0696372361854
146200 -113.8839199654758 0 -113.8839199654758
146300 -149.7663238749374 0 -149.7663238749374
146400 -155.6765531906858 0 -155.6765531906858
146500 -124.7726726422552 0 -124.7726726422552
146600 -101.8833788905758 0 -101.8833788905758
146700 -110.2247234289534 0 -110.2247234289534
146800 -113.3005997824948 0 -113.3005997824948
146900 -138.2995109350886 0 -138.2995109350886
147000 -140.7409934673924 0 -140.7409934673924
147100 -120.5985203424934 0 -120.5985203424934
147200 -117.3719178242609 0 -117.3719178242609
147300 -116.1334839868359 0 -116.1334839868359
147400 -99.61989888874814 0 -99.61989888874814
147500 -97.63590299454518 0 -97.63590299454518
147600 -95.84929451067001 0 -95.84929451067001
147700 -121.8327450430952 0 -121.8327450430952
147800 -112.8944470619317 0 -112.8944470619317
147900 -129.74875165103 0 -129.74875165103
148000 -117.7099205595441 0 -117.7099205595441
148100 -127.0604788290802 0 -127.0604788290802
148200 -118.8124184145126 0 -118.8124184145126
148300 -97.03130781254731 0 -97.03130781254731
148400 -120.7206968795508 0 -120.7206968795508
148500 -106.3628575082403 0 -106.3628575082403
148600 -117.3576004861388 0 -117.3576004861388
148700 -154.0263811892364 0 -154.0263811892364
148800 -168.3498537261039 0 -168.3498537261039
148900 -138.1090689580888 0 -138.1090689580888
149000 -132.2235236472916 0 -132.2235236472916
149100 -143.2854449346196 0 -143.2854449346196
149200 -174.5266295268666 0 -174.5266295268666
149300 -144.0606834723148 0 -144.0606834723148
149400 -137.1253142934293 0 -137.1253142934293
149500 -144.2425534965005 0 -144.2425534965005
149600 -134.3266304349527 0 -134.3266304349527
149700 -156.0823257463053 0 -156.0823257463053
149800 -141.532462693518 0 -141.532462693518
149900 -138.5307841640897 0 -138.5307841640897
150000 -128.9664101947565 0 -128.9664101947565
150100 -120.5694046257995 0 -120.5694046257995
150200 -122.929591511609 0 -122.929591511609
150300 -151.6014960352331 0 -151.6014960352331
150400 -142.9584106784314 0 -142.9584106784314
150500 -159.3367150435224 0 -159.3367150435224
150600 -144.9190101800486 0 -144.9190101800486
150700 -130.2215594318695 0 -130.2215594318695
150800 -135.4722984656692 0 -135.4722984656692
150900 -140.1427224602085 0 -140.1427224602085
151000 -121.3865876987111 0 -121.3865876987111
151100 -111.1777259290684 0 -111.1777259290684
151200 -125.6531363683753 0 -125.6531363683753
151300 -119.786316592712 0 -119.786316592712
151400 -103.0737580152927 0 -103.0737580152927
151500 -125.248802093789 0 -125.248802093789
151600 -136.67580046691 0 -136.67580046691
151700 -168.6754122518469 0 -168.6754122518469
151800 -164.4170670559397 0 -164.4170670559397
151900 -150.3371349447407 0 -150.3371349447407
152000 -159.4043714166619 0 -159.4043714166619
152100 -139.9185819798149 0 -139.9185819798149
152200 -162.4041327065788 0 -162.4041327065788
152300 -148.5965022442397 0 -148.5965022442397
152400 -153.5494605004787 0 -153.5494605004787
152500 -171.2612219112925 0 -171.2612219112925
152600 -129.1684989412315 0 -129.1684989412315
152700 -136.5704343116377 0 -136.5704343116377
152800 -144.3178245096933 0 -144.3178245096933
152900 -139.6293780980632 0 -139.6293780980632
153000 -161.5193032294046 0 -161.5193032294046
153100 -119.5174156876747 0 -119.5174156876747
153200 -144.4971866328269 0 -144.4971866328269
153300 -157.9607185749337 0 -157.9607185749337
153400 -126.5766502267215 0 -126.5766502267215
153500 -141.6795446877368 0 -141.6795446877368
153600 -139.6382380959112 0 -139.6382380959112
153700 -145.5516682894668 0 -145.5516682894668
153800 -138.2446354080457 0 -138.2446354080457
153900 -168.7191511264537 0 -168.7191511264537
154000 -176.7146277271677 0 -176.7146277271677
154100 -167.327618802432 0 -167.327618802432
154200 -139.4515290930867 0 -139.4515290930867
154300 -136.8696600103285 0 -136.8696600103285
154400 -135.0254603589419 0 -135.0254603589419
154500 -116.8885185017716 0 -116.8885185017716
154600 -142.5835058640223 0 -142.5835058640223
154700 -158.9786565457471 0 -158.9786565457471
154800 -161.3875063078012 0 -161.3875063078012
154900 -180.3197250205558 0 -180.3197250205558
155000 -182.4021862419322 0 -182.4021862419322
155100 -180.9288593803067 0 -180.9288593803067
155200 -183.7647254518233 0 -183.7647254518233
155300 -187.2145396575797 0 -187.2145396575797
155400 -208.8892063510139 0 -208.8892063510139
155500 -194.454236735357 0 -194.454236735357
155600 -191.3751475734171 0 -191.3751475734171
155700 -208.0245469752699 0 -208.0245469752699
155800 -197.5558797067497 0 -197.5558797067497
155900 -185.7888106331229 0 -185.7888106331229
156000 -221.0071207932197 0 -221.0071207932197
156100 -202.7325183399953 0 -202.7325183399953
156200 -203.4247184463311 0 -203.4247184463311
156300 -220.2592478310689 0 -220.2592478310689
156400 -208.6384507038165 0 -208.6384507038165
156500 -228.3358546426753 0 -228.3358546426753
156600 -214.5306261370424 0 -214.5306261370424
156700 -225.6608527100179 0 -225.6608527100179
156800 -228.3588746106252 0 -228.3588746106252
156900 -230.0329272272065 0 -230.0329272272065
157000 -235.2205040762201 0 -235.2205040762201
157100 -228.1857648184523 0 -228.1857648184523
157200 -204.8166045884136 0 -204.8166045884136
157300 -214.1726131055038 0 -214.1726131055038
157400 -207.2237251165789 0 -207.2237251165789
157500 -224.8780664070509 0 -224.8780664070509
157600 -225.476213324815 0 -225.476213324815
157700 -226.7751467665657 0 -226.7751467665657
157800 -246.6225532377139 0 -246.6225532377139
157900 -242.7396048556548 0 -242.7396048556548
158000 -241.2613765455317 0 -241.2613765455317
158100 -232.6173267469276 0 -232.6173267469276
158200 -262.1503340553027 0 -262.1503340553027
158300 -255.912954846397 0 -255.912954846397
158400 -242.9333531637676 0 -242.9333531637676
158500 -241.8127369825961 0 -241.8127369825961
158600 -243.7099513844587 0 -243.7099513844587
158700 -266.2340155106504 0 -266.2340155106504
158800 -250.6199282431044 0 -250.6199282431044
158900 -293.5566523578018 0 -293.5566523578018
159000 -297.3768985364586 0 -297.3768985364586
159100 -283.5346753110643 0 -283.5346753110643
159200 -267.8708860920742 0 -267.8708860920742
159300 -287.3345667351969 0 -287.3345667351969
159400 -285.3365077483468 0 -285.3365077483468
159500 -282.573873920599 0 -282.573873920599
159600 -281.8136352864094 0 -281.8136352864094
159700 -275.7409828386735 0 -275.7409828386735
159800 -286.7668283006642 0 -286.7668283006642
159900 -286.5211778581142 0 -286.5211778581142
160000 -311.2559551012237 0 -311.2559551012237
160100 -295.9868709314615 0 -295.9868709314615
160200 -306.4227786522824 0 -306.4227786522824
160300 -294.4281826769002 0 -294.4281826769002
160400 -288.2367618537974 0 -288.2367618537974
160500 -315.0399325657636 0 -315.0399325657636
160600 -308.5079244300723 0 -308.5079244300723
160700 -279.341579383472 0 -279.341579383472
160800 -249.0805726796389 0 -249.0805726796389
160900 -257.6943715703674 0 -257.6943715703674
161000 -238.3484421637841 0 -238.3484421637841
161100 -242.0005136309192 0 -242.0005136309192
161200 -258.4627503855154 0 -258.4627503855154
161300 -226.123442515498 0 -226.123442515498
161400 -255.7630512383766 0 -255.7630512383766
161500 -247.1709235198796 0 -247.1709235198796
161600 -248.1577886547893 0 -248.1577886547893
161700 -238.0387436388992 0 -238.0387436388992
161800 -261.1546201850288 0 -261.1546201850288
161900 -254.4450952932239 0 -254.4450952932239
162000 -259.4313255890738 0 -259.4313255890738
162100 -250.4550416297279 0 -250.4550416297279
162200 -263.228150469251 0 -263.228150469251
162300 -245.6809609222692 0 -245.6809609222692
162400 -277.4655849875417 0 -277.4655849875417
162500 -286.2119892043993 0 -286.2119892043993
162600 -263.0580193833448 0 -263.0580193833448
162700 -287.2802147974726 0 -287.2802147974726
162800 -298.5789728479285 0 -298.5789728479285
162900 -288.8440674791782 0 -288.8440674791782
163000 -290.6622728251969 0 -290.6622728251969
163100 -286.893160819076 0 -286.893160819076
163200 -286.4881480340846 0 -286.4881480340846
163300 -270.8886243824381 0 -270.8886243824381
163400 -291.7662982544862 0 -291.7662982544862
163500 -303.0239543842617 0 -303.0239543842617
163600 -264.715558869997 0 -264.715558869997
163700 -290.1883719274774 0 -290.1883719274774
163800 -258.9713532594033 0 -258.9713532594033
163900 -257.543557766825 0 -257.543557766825
164000 -274.6300159983803 0 -274.6300159983803
164100 -261.5555243797135 0 -261.5555243797135
164200 -290.001311950502 0 -290.001311950502
164300 -276.2410543533042 0 -276.2410543533042
164400 -269.6484505434055 0 -269.6484505434055
164500 -221.1886642153841 0 -221.1886642153841
164600 -218.1264587459154 0 -218.1264587459154
164700 -245.7491942308843 0 -245.7491942308843
164800 -234.3947512854356 0 -234.3947512854356
164900 -241.9534857755061 0 -241.9534857755061
165000 -239.8974780177232 0 -239.8974780177232
165100 -232.2678839319851 0 -232.2678839319851
165200 -235.8462740622927 0 -235.8462740622927
165300 -234.9765219502151 0 -234.9765219502151
165400 -225.614265558077 0 -225.614265558077
165500 -227.0283580040559 0 -227.0283580040559
165600 -222.411960155936 0 -222.411960155936
165700 -189.9220211592037 0 -189.9220211592037
165800 -186.6651564205531 0 -186.6651564205531
165900 -189.5608360744081 0 -189.5608360744081
166000 -196.0463921609335 0 -196.0463921609335
166100 -211.0955199438613 0 -211.0955199438613
166200 -193.6477407140192 0 -193.6477407140192
166300 -209.1454919306561 0 -209.1454919306561
166400 -218.2852977304719 0 -218.2852977304719
166500 -209.0754013403784 0 -209.0754013403784
166600 -205.6329268564004 0 -205.6329268564004
166700 -233.7260018142406 0 -233.7260018142406
166800 -187.8221446298994 0 -187.8221446298994
166900 -187.7783587747253 0 -187.7783587747253
167000 -207.0812236578204 0 -207.0812236578204
167100 -207.8495817815419 0 -207.8495817815419
167200 -203.0821147917304 0 -203.0821147917304
167300 -197.8133170716465 0 -197.8133170716465
167400 -187.1929234999698 0 -187.1929234999698
167500 -181.9962987477775 0 -181.9962987477775
167600 -190.9158547883853 0 -190.9158547883853
167700 -216.2684738268144 0 -216.2684738268144
167800 -239.6019167630002 0 -239.6019167630002
167900 -223.8073840052821 0 -223.8073840052821
168000 -186.860308212461 0 -186.860308212461
168100 -211.6513627357781 0 -211.6513627357781
168200 -202.9632269754075 0 -202.9632269754075
168300 -168.6739407051355 0 -168.6739407051355
168400 -185.779305357486 0 -185.779305357486
168500 -182.3527236012742 0 -182.3527236012742
168600 -177.6474076318555 0 -177.6474076318555
168700 -173.9664772117976 0 -173.9664772117976
168800 -168.4507430514786 0 -168.4507430514786
168900 -195.0169422971085 0 -195.0169422971085
169000 -161.5801258957945 0 -161.5801258957945
169100 -165.6633706197608 0 -165.6633706197608
169200 -160.4849275411107 0 -160.4849275411107
169300 -176.4911046056077 0 -176.4911046056077
169400 -181.4544329082128 0 -181.4544329082128
169500 -188.7030771491118 0 -188.7030771491118
169600 -193.8274524277076 0 -193.8274524277076
169700 -198.861772014061 0 -198.861772014061
169800 -205.6724690382835 0 -205.6724690382835
169900 -203.3352754720254 0 -203.3352754720254
170000 -195.8869767789729 0 -195.8869767789729
170100 -211.4771871673875 0 -211.4771871673875
170200 -220.7463771037292 0 -220.7463771037292
170300 -213.3056169995107 0 -213.3056169995107
170400 -181.4755563607905 0 -181.4755563607905
170500 -190.1250709174201 0 -190.1250709174201
170600 -190.1127797397785 0 -190.1127797397785
170700 -188.6484677121043 0 -188.6484677121043
170800 -197.9386372927111 0 -197.9386372927111
170900 -193.2791583638173 0 -193.2791583638173
171000 -202.5005951172207 0 -202.5005951172207
171100 -219.7832186757587 0 -219.7832186757587
171200 -211.5480681257322 0 -211.5480681257322
171300 -221.1121958389413 0 -221.1121958389413
171400 -234.9713966683485 0 -234.9713966683485
171500 -207.9301556986757 0 -207.9301556986757
171600 -212.1283821926918 0 -212.1283821926918
171700 -228.1934186383151 0 -228.1934186383151
171800 -220.3518144281115 0 -220.3518144281115
171900 -225.4965733417775 0 -225.4965733417775
172000 -208.4950851998292 0 -208.4950851998292
172100 -218.3793500897009 0 -218.3793500897009
172200 -229.5659283343703 0 -229.5659283343703
172300 -240.9733808625024 0 -240.9733808625024
172400 -260.258295556996 0 -260.258295556996
172500 -234.3414811287075 0 -234.3414811287075
172600 -237.6647425726987 0 -237.6647425726987
172700 -241.2971253306605 0 -241.2971253306605
172800 -232.1575886297505 0 -232.1575886297505
172900 -230.907621050952 0 -230.907621050952
173000 -225.2156035334774 0 -225.2156035334774
173100 -237.2618453409523 0 -237.2618453409523
173200 -233.1005746747833 0 -233.1005746747833
173300 -247.7332752775401 0 -247.7332752775401
173400 -229.3052986378316 0 -229.3052986378316
173500 -234.5156445321627 0 -234.5156445321627
173600 -223.59247856203 0 -223.59247856203
173700 -215.1251320843585 0 -215.1251320843585
173800 -259.7712191699538 0 -259.7712191699538
173900 -220.4485561002512 0 -220.4485561002512
174000 -221.3296768181026 0 -221.3296768181026
174100 -218.7138285301626 0 -218.7138285301626
174200 -224.0815616552718 0 -224.0815616552718
174300 -263.6736938012764 0 -263.6736938012764
174400 -272.3466427745298 0 -272.3466427745298
174500 -258.385411484167 0 -258.385411484167
174600 -294.9900174618233 0 -294.9900174618233
174700 -270.0323402930517 0 -270.0323402930517
174800 -283.9382953955792 0 -283.9382953955792
174900 -277.3227994400077 0 -277.3227994400077
175000 -277.4933972675353 0 -277.4933972675353
175100 -247.1784890522249 0 -247.1784890522249
175200 -279.385264556855 0 -279.385264556855
175300 -256.4897580475081 0 -256.4897580475081
175400 -256.8952450745273 0 -256.8952450745273
175500 -241.9125048064161 0 -241.9125048064161
175600 -240.3886990007013 0 -240.3886990007013
175700 -225.1675331995357 0 -225.1675331995357
175800 -235.17219027807 0 -235.17219027807
175900 -229.5523636145517 0 -229.5523636145517
176000 -258.8456213488244 0 -258.8456213488244
176100 -279.5968022583984 0 -279.5968022583984
176200 -272.4653888356406 0 -272.4653888356406
176300 -281.0066724123899 0 -281.0066724123899
176400 -259.4965235979762 0 -259.4965235979762
176500 -278.3202620425727 0 -278.3202620425727
176600 -276.6789111031685 0 -276.6789111031685
176700 -275.2058779636864 0 -275.2058779636864
176800 -253.2247060916852 0 -253.2247060916852
176900 -279.32422910491 0 -279.32422910491
177000 -267.2072020955384 0 -267.2072020955384
177100 -287.670429616468 0 -287.670429616468
177200 -297.9835854915436 0 -297.9835854915436
177300 -266.8617033287883 0 -266.8617033287883
177400 -296.5616607747506 0 -296.5616607747506
177500 -280.9429160640575 0 -280.9429160640575
177600 -271.1130697313638 0 -271.1130697313638
177700 -269.7514543686993 0 -269.7514543686993
177800 -264.3845564599615 0 -264.3845564599615
177900 -278.8638696859125 0 -278.8638696859125
178000 -280.0120326073375 0 -280.0120326073375
178100 -277.7762315683067 0 -277.7762315683067
178200 -280.6884053801186 0 -280.6884053801186
178300 -257.0498458994552 0 -257.0498458994552
178400 -267.1684501564596 0 -267.1684501564596
178500 -272.4484628494829 0 -272.4484628494829
178600 -265.5794557540212 0 -265.5794557540212
178700 -260.5180091648363 0 -260.5180091648363
178800 -258.3375717557501 0 -258.3375717557501
178900 -246.7476609279402 0 -246.7476609279402
179000 -244.0489040296525 0 -244.0489040296525
179100 -261.0042351735756 0 -261.0042351735756
179200 -239.135875295382 0 -239.135875295382
179300 -266.8042271290906 0 -266.8042271290906
179400 -280.8309374487726 0 -280.8309374487726
179500 -269.9308061888441 0 -269.9308061888441
179600 -250.4876608268823 0 -250.4876608268823
179700 -244.511009485228 0 -244.511009485228
179800 -283.0341017504688 0 -283.0341017504688
179900 -262.2139262971468 0 -262.2139262971468
180000 -274.3947131107561 0 -274.3947131107561
180100 -288.4984663887881 0 -288.4984663887881
180200 -303.2338081563357 0 -303.2338081563357
180300 -278.3554896542337 0 -278.3554896542337
180400 -281.2215280705132 0 -281.2215280705132
180500 -296.289169727359 0 -296.289169727359
180600 -317.2183013313916 0 -317.2183013313916
180700 -304.271599171916 0 -304.271599171916
180800 -317.3817602554336 0 -317.3817602554336
180900 -311.8939160876907 0 -311.8939160876907
181000 -303.9009671928361 0 -303.9009671928361
181100 -326.9578304439783 0 -326.9578304439783
181200 -316.4533650788944 0 -316.4533650788944
181300 -303.8643248619046 0 -303.8643248619046
181400 -298.1058616053779 0 -298.1058616053779
181500 -303.4057832197286 0 -303.4057832197286
181600 -264.0314760450274 0 -264.0314760450274
181700 -255.4834597320296 0 -255.4834597320296
181800 -258.4161161547527 0 -258.4161161547527
181900 -269.345568283461 0 -269.345568283461
182000 -257.1548899970949 0 -257.1548899970949
182100 -257.8295429733116 0 -257.8295429733116
182200 -240.9720041262917 0 -240.9720041262917
182300 -239.6401611373294 0 -239.6401611373294
182400 -241.8750020631123 0 -241.8750020631123
182500 -260.5390642301645 0 -260.5390642301645
182600 -253.0760232284665 0 -253.0760232284665
182700 -258.277215220267 0 -258.277215220267
182800 -277.3339835358784 0 -277.3339835358784
182900 -286.5654021436349 0 -286.5654021436349
183000 -271.0368757050019 0 -271.0368757050019
183100 -248.8069875549991 0 -248.8069875549991
183200 -285.7064211582765 0 -285.7064211582765
183300 -263.9166228363756 0 -263.9166228363756
183400 -267.2273889165372 0 -267.2273889165372
183500 -257.9210836552083 0 -257.9210836552083
183600 -264.7915186439641 0 -264.7915186439641
183700 -259.7095113992691 0 -259.7095113992691
183800 -287.080100029707 0 -287.080100029707
183900 -270.2580398679711 0 -270.2580398679711
184000 -273.6530877135228 0 -273.6530877135228
184100 -254.2356663637329 0 -254.2356663637329
184200 -239.9645365739707 0 -239.9645365739707
184300 -249.6482599184383 0 -249.6482599184383
184400 -220.8648633162957 0 -220.8648633162957
184500 -226.7511927378364 0 -226.7511927378364
184600 -204.0084434114397 0 -204.0084434114397
184700 -233.1818490382284 0 -233.1818490382284
184800 -220.4103505788371 0 -220.4103505788371
184900 -255.057562741451 0 -255.057562741451
185000 -227.8859218470752 0 -227.8859218470752
185100 -229.7758354258258 0 -229.7758354258258
185200 -246.1066476798151 0 -246.1066476798151
185300 -222.3695524288341 0 -222.3695524288341
185400 -219.2207183358259 0 -219.2207183358259
185500 -254.7410547279287 0 -254.7410547279287
185600 -251.958726179786 0 -251.958726179786
185700 -221.7211474741343 0 -221.7211474741343
185800 -242.0996048483066 0 -242.0996048483066
185900 -255.443003248889 0 -255.443003248889
186000 -217.3569021327421 0 -217.3569021327421
186100 -217.9809733482543 0 -217.9809733482543
186200 -235.7723400478717 0 -235.7723400478717
186300 -247.0236269568559 0 -247.0236269568559
186400 -249.2169535462745 0 -249.2169535462745
186500 -227.9181528910995 0 -227.9181528910995
186600 -228.3060353298206 0 -228.3060353298206
186700 -245.8609931429382 0 -245.8609931429382
186800 -232.6033155368641 0 -232.6033155368641
186900 -250.9327908542473 0 -250.9327908542473
187000 -256.6166479694657 0 -256.6166479694657
187100 -251.189607254928 0 -251.189607254928
187200 -235.6410305525642 0 -235.6410305525642
187300 -254.1412630451377 0 -254.1412630451377
187400 -232.4490836660843 0 -232.4490836660843
187500 -224.0321105450857 0 -224.0321105450857
187600 -220.8680438904557 0 -220.8680438904557
187700 -238.1256940832827 0 -238.1256940832827
187800 -257.3064472624101 0 -257.3064472624101
187900 -242.1480511999689 0 -242.1480511999689
188000 -241.9570555719547 0 -241.9570555719547
188100 -237.2590007365216 0 -237.2590007365216
188200 -260.8020507730544 0 -260.8020507730544
188300 -286.934961942723 0 -286.934961942723
188400 -281.8890327473637 0 -281.8890327473637
188500 -276.6263792761602 0 -276.6263792761602
188600 -263.8499707782175 0 -263.8499707782175
188700 -272.8682149746455 0 -272.8682149746455
188800 -271.3282087771222 0 -271.3282087771222
188900 -269.5154223858844 0 -269.5154223858844
189000 -290.0466759575065 0 -290.0466759575065
189100 -289.8113112968858 0 -289.8113112968858
189200 -282.6925259388518 0 -282.6925259388518
189300 -257.1018773347605 0 -257.1018773347605
189400 -243.4169995887205 0 -243.4169995887205
189500 -231.9716526381671 0 -231.9716526381671
189600 -261.9602461361792 0 -261.9602461361792
189700 -274.3790992377326 0 -274.3790992377326
189800 -268.0858561457135 0 -268.0858561457135
189900 -281.9446375113912 0 -281.9446375113912
190000 -296.6533831570669 0 -296.6533831570669
190100 -285.3386504910886 0 -285.3386504910886
190200 -277.492747053504 0 -277.492747053504
190300 -274.0575799972285 0 -274.0575799972285
190400 -290.1684928355971 0 -290.1684928355971
190500 -298.0344220073894 0 -298.0344220073894
190600 -306.9792714864016 0 -306.9792714864016
190700 -328.210370130837 0 -328.210370130837
190800 -312.0790871563368 0 -312.0790871563368
190900 -320.8163571534678 0 -320.8163571534678
191000 -314.4730253254529 0 -314.4730253254529
191100 -314.0543483239599 0 -314.0543483239599
191200 -292.4712022710592 0 -292.4712022710592
191300 -276.0246304832399 0 -276.0246304832399
191400 -272.0835747008678 0 -272.0835747008678
191500 -311.772673644824 0 -311.772673644824
191600 -272.4427074918058 0 -272.4427074918058
191700 -280.0795372892171 0 -280.0795372892171
191800 -291.7913741348311 0 -291.7913741348311
191900 -265.8088479936123 0 -265.8088479936123
192000 -258.6173413551878 0 -258.6173413551878
192100 -249.7253375129367 0 -249.7253375129367
192200 -281.7403674931265 0 -281.7403674931265
192300 -258.3834558292292 0 -258.3834558292292
192400 -242.3082717850339 0 -242.3082717850339
192500 -253.8626349987462 0 -253.8626349987462
192600 -250.297033327166 0 -250.297033327166
192700 -268.6858119673561 0 -268.6858119673561
192800 -253.7041510115378 0 -253.7041510115378
192900 -267.2798041554634 0 -267.2798041554634
193000 -242.772130564088 0 -242.772130564088
193100 -266.8467293900903 0 -266.8467293900903
193200 -245.5444464581087 0 -245.5444464581087
193300 -247.824125896208 0 -247.824125896208
193400 -292.6897593284957 0 -292.6897593284957
193500 -265.1132329551037 0 -265.1132329551037
193600 -269.0647226707079 0 -269.0647226707079
193700 -265.5287121711299 0 -265.5287121711299
193800 -242.04401589185 0 -242.04401589185
193900 -263.2602631126065 0 -263.2602631126065
194000 -237.7851418859791 0 -237.7851418859791
194100 -241.5230223513208 0 -241.5230223513208
194200 -220.2187451953068 0 -220.2187451953068
194300 -203.7839914124925 0 -203.7839914124925
194400 -204.4111322492827 0 -204.4111322492827
194500 -180.8839858039282 0 -180.8839858039282
194600 -191.1868627644144 0 -191.1868627644144
194700 -180.1016367205884 0 -180.1016367205884
194800 -175.6352183336858 0 -175.6352183336858
194900 -184.8141412753612 0 -184.8141412753612
195000 -196.5571330212988 0 -196.5571330212988
195100 -197.7405643609818 0 -197.7405643609818
195200 -212.8090549963526 0 -212.8090549963526
195300 -205.8529864230659 0 -205.8529864230659
195400 -227.1601431174204 0 -227.1601431174204
195500 -221.4503436300438 0 -221.4503436300438
195600 -216.6920557203703 0 -216.6920557203703
195700 -222.8646508892998 0 -222.8646508892998
195800 -230.0230756998062 0 -230.0230756998062
195900 -234.6791012058966 0 -234.6791012058966
196000 -222.3874854324386 0 -222.3874854324386
196100 -251.0596729184035 0 -251.0596729184035
196200 -272.4668380150106 0 -272.4668380150106
196300 -252.5479111212771 0 -252.5479111212771
196400 -279.9569487434346 0 -279.9569487434346
196500 -280.1153456133325 0 -280.1153456133325
196600 -303.3963517562952 0 -303.3963517562952
196700 -311.1985971413087 0 -311.1985971413087
196800 -316.1978844052646 0 -316.1978844052646
196900 -319.5826615735423 0 -319.5826615735423
197000 -331.8243562409189 0 -331.8243562409189
197100 -292.2606135047972 0 -292.2606135047972
197200 -294.9450795389712 0 -294.9450795389712
197300 -305.5024909893982 0 -305.5024909893982
197400 -289.4289737839717 0 -289.4289737839717
197500 -299.4888550913893 0 -299.4888550913893
197600 -300.9907152361702 0 -300.9907152361702
197700 -305.1029704068787 0 -305.1029704068787
197800 -289.1548133185133 0 -289.1548133185133
197900 -321.9219233533368 0 -321.9219233533368
198000 -312.5314449786674 0 -312.5314449786674
198100 -337.9464825247414 0 -337.9464825247414
198200 -343.858357575722 0 -343.858357575722
198300 -318.513677959796 0 -318.513677959796
198400 -286.3602053502109 0 -286.3602053502109
198500 -262.4016692475416 0 -262.4016692475416
198600 -260.6960551769007 0 -260.6960551769007
198700 -246.6057326050941 0 -246.6057326050941
198800 -262.0293950769119 0 -262.0293950769119
198900 -280.2345166010782 0 -280.2345166010782
199000 -284.4262662476394 0 -284.4262662476394
199100 -292.140458751237 0 -292.140458751237
199200 -262.7655159065034 0 -262.7655159065034
199300 -263.0848462735303 0 -263.0848462735303
199400 -273.4002420129254 0 -273.4002420129254
199500 -279.576457497431 0 -279.576457497431
199600 -290.7034758103546 0 -290.7034758103546
199700 -280.4600001377985 0 -280.4600001377985
199800 -291.4789088387042 0 -291.4789088387042
199900 -295.7712702087592 0 -295.7712702087592
200000 -274.0330627735239 0 -274.0330627735239
