33.4 4
33.6 1
33.8 8
34 1
34.2 2
34.4 14
34.6 3
34.8 10
35 30
35.2 47
35.4 23
35.6 45
35.8 43
36 49
36.2 145
36.4 184
36.6 239
36.8 271
37 301
37.2 513
37.4 546
37.6 751
37.8 1032
38 892
38.2 1037
38.4 1317
38.6 1369
38.8 1930
39 1964
39.2 2283
39.4 2683
39.6 2915
39.8 3462
40 4099
40.2 4398
40.4 5624
40.6 5948
40.8 6556
41 7456
41.2 8600
41.4 9383
41.6 10165
41.8 10883
42 12186
42.2 13464
42.4 14746
42.6 16026
42.8 18189
43 18447
43.2 20470
43.4 22170
43.6 22747
43.8 24038
44 25454
44.2 27293
44.4 28395
44.6 30751
44.8 31309
45 33509
45.2 34474
45.4 34881
45.6 36989
45.8 37495
46 38989
46.2 39303
46.4 40950
46.6 41669
46.8 41839
47 43185
47.2 43830
47.4 44719
47.6 45256
47.8 44963
48 46130
48.2 46029
48.4 46860
48.6 46928
48.8 47460
49 47714
49.2 48003
49.4 47891
49.6 47913
49.8 48355
50 48236
50.2 47581
50.4 47698
50.6 48128
50.8 48476
51 48076
51.2 47849
51.4 47910
51.6 47808
51.8 47191
52 48191
52.2 47784
52.4 48210
52.6 47550
52.8 47348
53 47691
53.2 46967
53.4 47383
53.6 46908
53.8 47604
54 47363
54.2 47262
54.4 47033
54.6 46917
54.8 47164
55 46521
55.2 46919
55.4 46858
55.6 46871
55.8 46757
56 47539
56.2 47235
56.4 46903
56.6 47116
56.8 47126
57 47043
57.2 47264
57.4 47532
57.6 47414
57.8 47247
58 46903
58.2 47076
58.4 47046
58.6 47264
58.8 47052
59 47346
59.2 47716
59.4 47213
59.6 47537
59.8 47497
60 47398
60.2 47187
60.4 47124
60.6 47250
60.8 47310
61 47409
61.2 47545
61.4 47215
61.6 47571
61.8 47147
62 47709
62.2 47776
62.4 47505
62.6 48105
62.8 47515
63 47890
63.2 47175
63.4 47287
63.6 47714
63.8 47682
64 48084
64.2 47912
64.4 47585
64.6 48034
64.8 47611
65 48069
65.2 48085
65.4 47499
65.6 47840
65.8 47585
66 47728
66.2 47624
66.4 48019
66.6 48170
66.8 47915
67 48045
67.2 48085
67.4 47652
67.6 47938
67.8 48112
68 47735
68.2 47986
68.4 48427
68.6 48219
68.8 48178
69 48459
69.2 48259
69.4 47918
69.6 47994
69.8 48272
70 48184
70.2 48063
70.4 48589
70.6 48168
70.8 47864
71 48397
71.2 48029
71.4 48262
71.6 48452
71.8 48034
72 48361
72.2 48197
72.4 48488
72.6 48287
72.8 48280
73 48053
73.2 48345
73.4 48569
73.6 48230
73.8 48404
74 48447
74.2 48371
74.4 48081
74.6 48211
74.8 48731
75 48355
75.2 48428
75.4 48590
75.6 48791
75.8 48468
76 48390
76.2 48455
76.4 48929
76.6 48226
76.8 48309
77 48374
77.2 48842
77.4 48289
77.6 48687
77.8 48560
78 48438
78.2 48417
78.4 48512
78.6 48472
78.8 48530
79 48465
79.2 48566
79.4 48340
79.6 48234
79.8 48481
80 48537
80.2 48599
80.4 48885
80.6 48598
80.8 48467
81 48672
81.2 48320
81.4 48490
81.6 48438
81.8 48817
82 48359
82.2 48924
82.4 48658
82.6 48567
82.8 48506
83 48692
83.2 48589
83.4 48769
83.6 48444
83.8 48543
84 48319
84.2 48809
84.4 49271
84.6 48711
84.8 48665
85 48789
85.2 48705
85.4 48180
85.6 48772
85.8 48800
86 48131
86.2 48622
86.4 48537
86.6 48488
86.8 49013
87 48416
87.2 48602
87.4 48326
87.6 48664
87.8 48440
88 48680
88.2 48316
88.4 48405
88.6 48217
88.8 48861
89 48163
89.2 48403
89.4 48335
89.6 48707
89.8 48812
90 48763
90.2 48504
90.4 48349
90.6 49004
90.8 48508
91 48188
91.2 48453
91.4 48615
91.6 48964
91.8 48390
92 48677
92.2 48459
92.4 48794
92.6 48745
92.8 48581
93 48414
93.2 49245
93.4 48758
93.6 48433
93.8 48241
94 48636
94.2 48725
94.4 48802
94.6 48347
94.8 48643
95 48801
95.2 48257
95.4 48526
95.6 48281
95.8 48753
96 48605
96.2 48624
96.4 48459
96.6 48517
96.8 48866
97 48274
97.2 48998
97.4 48690
97.6 48428
97.8 48525
98 48332
98.2 48544
98.4 48565
98.6 48655
98.8 48814
99 48669
99.2 48722
99.4 48470
99.6 48846
99.8 48233
100 48845
100.2 48465
100.4 48509
100.6 48428
100.8 48851
101 48485
101.2 48155
101.4 48619
101.6 48257
101.8 48527
102 48651
102.2 48480
102.4 48640
102.6 48843
102.8 48384
103 48659
103.2 48689
103.4 48366
103.6 48297
103.8 48500
104 47954
104.2 48647
104.4 48528
104.6 48547
104.8 48351
105 48423
105.2 48671
105.4 48619
105.6 48678
105.8 48624
106 48149
106.2 48373
106.4 48522
106.6 48736
106.8 48477
107 48566
107.2 48732
107.4 48468
107.6 48600
107.8 48475
108 48538
108.2 48889
108.4 48831
108.6 48621
108.8 48419
109 48419
109.2 48737
109.4 48498
109.6 48460
109.8 49014
110 48154
110.2 48539
110.4 48372
110.6 48234
110.8 48541
111 48320
111.2 48582
111.4 48022
111.6 48936
111.8 48369
112 48761
112.2 48676
112.4 48560
112.6 48564
112.8 48244
113 48428
113.2 48565
113.4 48880
113.6 48760
113.8 48249
114 48306
114.2 48639
114.4 48732
114.6 48958
114.8 48574
115 48806
115.2 48156
115.4 48751
115.6 48449
115.8 48544
116 48168
116.2 48313
116.4 48486
116.6 48459
116.8 48393
117 48563
117.2 48414
117.4 48778
117.6 48907
117.8 48546
118 48815
118.2 48588
118.4 48649
118.6 48459
118.8 48445
119 48529
119.2 48537
119.4 48568
119.6 48401
119.8 48825
120 48568
120.2 48400
120.4 48127
120.6 49100
120.8 48807
121 48850
121.2 48519
121.4 48741
121.6 48484
121.8 48501
122 48662
122.2 48479
122.4 48272
122.6 48581
122.8 48388
123 48842
123.2 48850
123.4 49040
123.6 49065
123.8 48578
124 48437
124.2 48552
124.4 48027
124.6 48382
124.8 48370
125 48927
125.2 48654
125.4 48655
125.6 48301
125.8 48679
126 48999
126.2 48557
126.4 48602
126.6 48261
126.8 48461
127 48512
127.2 48959
127.4 48645
127.6 48059
127.8 48612
128 48550
128.2 48599
128.4 48225
128.6 48180
128.8 48794
129 48591
129.2 48314
129.4 48446
129.6 48453
129.8 48429
130 49037
130.2 48720
130.4 48785
130.6 48670
130.8 48551
131 49028
131.2 48417
131.4 48465
131.6 48494
131.8 48426
132 48508
132.2 48392
132.4 48767
132.6 48467
132.8 48331
133 48323
133.2 48454
133.4 48939
133.6 48550
133.8 48683
134 48539
134.2 49039
134.4 48487
134.6 48445
134.8 49202
135 48413
135.2 48880
135.4 48522
135.6 48902
135.8 48278
136 48207
136.2 48442
136.4 48432
136.6 48466
136.8 48736
137 48646
137.2 48706
137.4 48359
137.6 48656
137.8 48681
138 48204
138.2 48861
138.4 48488
138.6 48749
138.8 48492
139 48245
139.2 48947
139.4 48714
139.6 48690
139.8 48860
140 48836
140.2 48761
140.4 48549
140.6 48668
140.8 48249
141 49219
141.2 48616
141.4 48757
141.6 48870
141.8 48934
142 48576
142.2 48812
142.4 48503
142.6 48367
142.8 48542
143 48574
143.2 48770
143.4 48445
143.6 48749
143.8 48536
144 48663
144.2 48856
144.4 48521
144.6 48782
144.8 48887
145 48353
145.2 48842
145.4 48887
145.6 48728
145.8 48269
146 48401
146.2 48557
146.4 48667
146.6 48673
146.8 49008
147 48802
147.2 48560
147.4 48680
147.6 48930
147.8 49245
148 48939
148.2 48914
148.4 48899
148.6 48461
148.8 48832
149 48816
149.2 48443
149.4 48614
149.6 48517
149.8 48558
150 48537
150.2 48698
150.4 48714
150.6 48692
150.8 48476
151 48590
151.2 48704
151.4 49022
151.6 49018
151.8 48723
152 48485
152.2 48612
152.4 48859
152.6 48810
152.8 48109
153 48356
153.2 48347
153.4 48224
153.6 48824
153.8 48408
154 48623
154.2 48385
154.4 48770
154.6 48553
154.8 48738
155 48690
155.2 48178
155.4 48515
155.6 48697
155.8 49080
156 48217
156.2 48561
156.4 48754
156.6 49032
156.8 48479
157 48206
157.2 48639
157.4 48380
157.6 48449
157.8 48511
158 48813
158.2 48407
158.4 48287
158.6 48448
158.8 49108
159 48245
159.2 48603
159.4 48288
159.6 48598
159.8 48440
160 48154
160.2 48405
160.4 48807
160.6 48366
160.8 48504
161 48854
161.2 48584
161.4 48742
161.6 48511
161.8 48799
162 48478
162.2 48859
162.4 48664
162.6 48715
162.8 48610
163 48561
163.2 48876
163.4 48650
163.6 48485
163.8 48373
164 48892
164.2 48673
164.4 48486
164.6 48868
164.8 48300
165 48707
165.2 48491
165.4 48324
165.6 48632
165.8 48803
166 48629
166.2 48508
166.4 48633
166.6 48427
166.8 48907
167 48371
167.2 48607
167.4 48603
167.6 48831
167.8 48471
168 48833
168.2 48697
168.4 48349
168.6 48910
168.8 48746
169 48366
169.2 48374
169.4 48873
169.6 48253
169.8 48377
170 48214
170.2 48829
170.4 48589
170.6 48455
170.8 49032
171 48256
171.2 48141
171.4 48316
171.6 48606
171.8 48469
172 48440
172.2 48173
172.4 48469
172.6 48320
172.8 48449
173 48643
173.2 48843
173.4 48683
173.6 48424
173.8 48380
174 48280
174.2 48657
174.4 48228
174.6 48458
174.8 48379
175 48494
175.2 48636
175.4 48564
175.6 48435
175.8 48451
176 48345
176.2 48816
176.4 48890
176.6 48518
176.8 48921
177 48564
177.2 48581
177.4 48461
177.6 48607
177.8 49239
178 48032
178.2 48634
178.4 48699
178.6 48763
178.8 48594
179 48450
179.2 48669
179.4 48641
179.6 48400
179.8 48574
180 48527
180.2 48791
180.4 48578
180.6 48532
180.8 48446
181 48537
181.2 48642
181.4 48637
181.6 48859
181.8 48625
182 48864
182.2 48676
182.4 48550
182.6 48372
182.8 48718
183 48403
183.2 48550
183.4 48563
183.6 48661
183.8 48384
184 48065
184.2 48548
184.4 48632
184.6 48363
184.8 48577
185 48439
185.2 48471
185.4 48806
185.6 48491
185.8 48347
186 48287
186.2 48612
186.4 48026
186.6 48521
186.8 48615
187 48326
187.2 48740
187.4 48537
187.6 48100
187.8 48645
188 48304
188.2 48644
188.4 48317
188.6 48757
188.8 49003
189 48770
189.2 48614
189.4 49242
189.6 48671
189.8 48710
190 48432
190.2 48179
190.4 48462
190.6 48812
190.8 48615
191 48567
191.2 48244
191.4 48533
191.6 48363
191.8 48769
192 48647
192.2 48758
192.4 48593
192.6 48427
192.8 48575
193 48771
193.2 48294
193.4 48458
193.6 48708
193.8 48550
194 48578
194.2 48609
194.4 48409
194.6 48611
194.8 48678
195 48570
195.2 48490
195.4 48810
195.6 48491
195.8 48574
196 48669
196.2 48346
196.4 48427
196.6 48162
196.8 48990
197 48444
197.2 48259
197.4 48691
197.6 48871
197.8 48495
198 48396
198.2 48387
198.4 48295
198.6 48415
198.8 48695
199 48532
199.2 48446
199.4 48371
199.6 48423
199.8 49150
200 48509
200.2 48111
200.4 48712
200.6 48493
200.8 48740
201 48622
201.2 48616
201.4 48084
201.6 48467
201.8 48695
202 48477
202.2 48394
202.4 48676
202.6 48534
202.8 48759
203 48545
203.2 48772
203.4 48655
203.6 48643
203.8 48483
204 48274
204.2 48753
204.4 48450
204.6 48286
204.8 48343
205 48790
205.2 48906
205.4 48570
205.6 48407
205.8 48264
206 48517
206.2 48544
206.4 48526
206.6 48884
206.8 48276
207 48541
207.2 48442
207.4 48529
207.6 48355
207.8 48585
208 48657
208.2 48355
208.4 48576
208.6 49076
208.8 48558
209 48536
209.2 48827
209.4 48629
209.6 48861
209.8 48807
210 48634
210.2 48833
210.4 48379
210.6 48423
210.8 49091
211 48389
211.2 48014
211.4 48297
211.6 48257
211.8 48555
212 48488
212.2 48232
212.4 48745
212.6 48738
212.8 48657
213 48708
213.2 48331
213.4 48505
213.6 48570
213.8 49033
214 48750
214.2 48736
214.4 48420
214.6 48774
214.8 48685
215 48697
215.2 48777
215.4 48378
215.6 48687
215.8 48409
216 48745
216.2 48650
216.4 48373
216.6 48736
216.8 48527
217 48496
217.2 48534
217.4 48747
217.6 48220
217.8 48572
218 48525
218.2 48422
218.4 48273
218.6 48769
218.8 48807
219 48735
219.2 48774
219.4 48499
219.6 49245
219.8 48204
220 48766
220.2 48606
220.4 48717
220.6 48572
220.8 48501
221 48048
221.2 48690
221.4 48647
221.6 48172
221.8 48873
222 48807
222.2 48593
222.4 48509
222.6 48256
222.8 48611
223 48470
223.2 48397
223.4 48436
223.6 48765
223.8 48295
224 48881
224.2 48390
224.4 48388
224.6 48399
224.8 48754
225 49017
225.2 48090
225.4 48383
225.6 48476
225.8 48554
226 48733
226.2 48612
226.4 48437
226.6 48856
226.8 48672
227 48539
227.2 48685
227.4 48507
227.6 48334
227.8 48316
228 48285
228.2 48372
228.4 48888
228.6 48642
228.8 48741
229 48435
229.2 48452
229.4 48476
229.6 48764
229.8 48563
230 48994
230.2 48556
230.4 48756
230.6 48412
230.8 49013
231 48251
231.2 49103
231.4 48358
231.6 48913
231.8 48651
232 48999
232.2 48094
232.4 48755
232.6 48854
232.8 48449
233 48456
233.2 48805
233.4 48733
233.6 48521
233.8 48961
234 48777
234.2 48460
234.4 48744
234.6 48600
234.8 48706
235 48884
235.2 48649
235.4 48571
235.6 49015
235.8 48614
236 48894
236.2 48929
236.4 48738
236.6 48556
236.8 48499
237 48858
237.2 48245
237.4 48540
237.6 48557
237.8 49296
238 48447
238.2 48369
238.4 48747
238.6 48404
238.8 48680
239 49281
239.2 48509
239.4 48879
239.6 48842
239.8 48593
240 48504
240.2 48437
240.4 49122
240.6 48945
240.8 48628
241 48707
241.2 48434
241.4 48802
241.6 48245
241.8 48733
242 48681
242.2 48684
242.4 48667
242.6 48610
242.8 48927
243 48536
243.2 49022
243.4 48350
243.6 48770
243.8 48708
244 48478
244.2 48787
244.4 48961
244.6 48765
244.8 48910
245 48494
245.2 48584
245.4 48628
245.6 48881
245.8 48707
246 48520
246.2 48347
246.4 48709
246.6 48647
246.8 48993
247 48814
247.2 48645
247.4 48704
247.6 48395
247.8 48756
248 48804
248.2 49079
248.4 49087
248.6 48391
248.8 48900
249 48505
249.2 49067
249.4 48334
249.6 48756
249.8 48639
250 49264
