0.5 0
1 0
1.5 0
2 0
2.5 0
3 0
3.5 0
4 0
4.5 0
5 0
5.5 0
6 0
6.5 0
7 0
7.5 0
8 0
8.5 0
9 0
9.5 0
10 0
10.5 0
11 0
11.5 0
12 0
12.5 0
13 0
13.5 0
14 0
14.5 0
15 0
15.5 0
16 0
16.5 0
17 0
17.5 0
18 0
18.5 0
19 0
19.5 0
20 0
20.5 0
21 0
21.5 0
22 0
22.5 0
23 0
23.5 0
24 0
24.5 0
25 0
25.5 0
26 0
26.5 0
27 0
27.5 0
28 0
28.5 0
29 0
29.5 0
30 0
30.5 0
31 0
31.5 0
32 0
32.5 0
33 0
33.5 0
34 0.0136110194344374
34.5 0.5816516635271783
35 6.807509703747843
35.5 54.23524403667103
36 79.57010363235953
36.5 52.72140132344515
37 34.23856412771256
37.5 24.48123204555853
38 19.88585020833282
38.5 14.26679095873554
39 11.9585110236281
39.5 9.882808330001886
40 9.037410656529159
40.5 8.086601022414095
41 7.300882810019938
41.5 6.623542103644643
42 6.208106333606524
42.5 5.183076200633763
43 4.501603595794969
43.5 3.95801036327958
44 3.364677750522102
44.5 2.9081014410467
45 2.797215727326158
45.5 2.234462267390717
46 2.171279221234979
46.5 1.782824800194871
47 1.716602793280454
47.5 1.701574996456577
48 1.475094231207153
48.5 1.451525750735462
49 1.290989037002623
49.5 1.265040170530884
50 1.069935015702255
50.5 1.067362240821201
51 1.107029580667575
51.5 1.061908411896135
52 0.9775772419834389
52.5 1.198806740282639
53 1.176294438556078
53.5 1.126924407572006
54 0.8741299147894243
54.5 0.8634617187079103
55 0.977869630296665
55.5 0.9398971764572918
56 1.028552099991382
56.5 0.9709968448095539
57 0.9879363025874932
57.5 1.008901249099869
58 1.033676813624355
58.5 0.9563130691713358
59 0.8904523636435789
59.5 0.982215606534095
60 0.8610179660675829
60.5 0.8640398966486269
61 0.9894746576439275
61.5 0.8819300032616677
62 1.002838950109615
62.5 0.954633783421871
63 0.9593625368663976
63.5 0.9209012035527249
64 1.021810066409122
64.5 0.8244903036196625
65 0.9198536334091787
65.5 0.9352033818270397
66 0.9824931273666255
66.5 0.9784483188891742
67 0.8727668251472931
67.5 0.9047784204437695
68 1.014020947865586
68.5 1.019391314130264
69 1.077377513124205
69.5 1.055416523586134
70 1.021126455562176
70.5 0.8895627199848917
71 1.011292533832954
71.5 0.9848869498140904
72 1.007677540660031
72.5 1.110571143108447
73 1.009784904380502
73.5 1.042693909186552
74 0.913717975210859
74.5 1.037569096641183
75 1.023780956201374
75.5 0.9854232415134142
76 0.9997406885559101
76.5 0.9652061189062769
77 0.973942016714275
77.5 1.047864372359435
78 0.969818692443888
78.5 0.9549503162582503
79 0.897520348336906
79.5 1.060532128729925
80 0.9538942695139592
80.5 0.9979264858010355
81 1.050394794726386
81.5 1.047021356026145
82 1.006211412919415
82.5 0.9316346595970592
83 0.966123555117822
83.5 1.044856209954471
84 0.9900859238941437
84.5 0.947553032522691
85 1.060570634331362
85.5 0.9212129357460721
86 1.014775479770416
86.5 0.9462998843655767
87 0.9832662299533833
87.5 1.072760774447207
88 0.9630780517798769
88.5 0.9401730539993117
89 1.048823470541433
89.5 0.9526736563917074
90 1.008163168390469
90.5 1.010501759192487
91 0.9766272155092082
91.5 1.005449082316242
92 1.042883256089746
92.5 0.9617600020835809
93 0.9896496850061327
93.5 1.018689190068307
94 1.004319476566572
94.5 1.044815398276903
95 1.021642364675773
95.5 1.021323798360364
96 1.087540538517311
96.5 0.9918179472914769
97 1.030115048909038
97.5 0.9550257246551437
98 1.033774216178496
98.5 0.9568151403090712
99 1.073999840209596
99.5 0.9996615131179375
100 1.024305434150247
100.5 0.9954448929390814
101 0.9763588127743065
101.5 1.032435905084589
102 0.9996537606847914
102.5 0.9854319772293577
103 1.042627951903608
103.5 1.064892565801021
104 1.028492723336743
104.5 1.001384147250814
105 0.990442711614466
105.5 1.003695362728496
106 0.9928485201622136
106.5 0.955803231565028
107 1.052712312439216
107.5 0.9925652994584598
108 0.9685575290413682
108.5 1.027815946867864
109 0.9588133195468207
109.5 0.9198950201049149
110 1.003876801315193
110.5 1.030893779649697
111 1.058661357721596
111.5 0.9643922790526045
112 0.9645811766992356
112.5 1.00824086882734
113 1.006731500265743
113.5 0.9514680793477308
114 1.013361133904083
114.5 0.9709257885367248
115 0.9815371822021134
115.5 0.9966466898256887
116 0.9845654718005733
116.5 1.043371925774184
117 0.998841414795542
117.5 0.9789621904915582
118 1.045264513160292
118.5 1.007329329781371
119 1.03110416613534
119.5 1.039021107728204
120 1.009620051581785
120.5 0.9763357351323071
121 0.9586114276250935
121.5 0.9763182465442616
122 1.0296456373346
122.5 1.062149762017184
123 0.9817711357063847
123.5 1.014070364194402
124 0.9885126793937636
124.5 0.9968303978205425
125 0.9928996945716929
125.5 1.065922073836649
126 1.005943155908464
126.5 0.9793248519642423
127 1.096496772026761
127.5 1.043390503134117
128 1.031413544476877
128.5 1.025308373458588
129 0.962535698491762
129.5 1.03955796845964
130 1.052990343507876
130.5 1.012600223658828
131 1.059897166070645
131.5 1.031834481960516
132 0.9906203683099155
132.5 1.037827778931763
133 1.040713211909394
133.5 0.9596558185846273
134 1.008588971631059
134.5 1.07503447128896
135 0.9790255045641553
135.5 0.9581018997683786
136 1.025079901156067
136.5 0.9812717893832251
137 1.002625009621542
137.5 1.062757036501141
138 0.9691440359621878
138.5 0.9884074001633076
139 1.037500502352418
139.5 1.017139954034081
140 0.9801850646552023
140.5 0.9652503834844984
141 1.009068032011332
141.5 0.9956626671172126
142 1.005830305640955
142.5 1.051474166753904
143 1.021050767502577
143.5 1.003250563009543
144 1.003124780687169
144.5 0.9306357924722597
145 0.9541632125763274
145.5 0.9855213238480405
146 1.01569007925992
146.5 0.980910429604934
147 1.003374446130634
147.5 1.019002948526946
148 1.020749404697037
148.5 1.018881761713538
149 1.024812099551333
149.5 1.037680334635765
150 0.9692352495185135
150.5 0.9996230970022699
151 0.9902537475992643
151.5 0.9707032325002055
152 1.000421710823319
152.5 0.9647800764446092
153 1.039142520772357
153.5 1.027041668814753
154 1.001806842805555
154.5 0.9959923093575795
155 1.034111152472217
155.5 1.000792488126898
156 1.003439073781943
156.5 1.049716096062491
157 0.9983571488154436
157.5 1.017400006038811
158 1.025467420466395
158.5 1.006481581673572
159 0.9933153036695772
159.5 1.006270326923795
160 1.004293322413537
160.5 0.9974349905501824
161 1.01735084562198
161.5 1.018300312701621
162 0.995237077195092
162.5 0.9688628391406151
163 0.9670734583657773
163.5 1.005311939709005
164 0.9845661674089388
164.5 1.021617785686767
165 0.9998312413789778
165.5 1.005862547962617
166 0.9895343504841522
166.5 1.014816516609685
167 1.004235450172224
167.5 1.016755825858341
168 1.014615079666296
168.5 0.9925314194183786
169 1.004846936814761
169.5 0.9874265714560776
170 1.020282016805428
170.5 1.001316678132724
171 1.016993252663596
171.5 0.9784394276091569
172 0.9355293862244034
172.5 1.003613506704168
173 1.029363985326555
173.5 0.9596706367119033
174 1.037314690796487
174.5 1.011226521239473
175 0.9833640432432732
175.5 0.995137745056497
176 1.006254019291106
176.5 0.9874288920203144
177 0.9331418452621374
177.5 0.9593545469101754
178 1.054782694805873
178.5 1.007894445920607
179 1.005218028161765
179.5 1.05480780214346
180 0.9911661978251193
180.5 0.9963072798947363
181 1.037397243277458
181.5 1.041719742725625
182 0.994202705282477
182.5 1.014745251279213
183 0.9758494130704833
183.5 0.9738096314793599
184 0.9978031866420159
184.5 1.018749332908132
185 0.972793577633297
185.5 1.021512837991945
186 0.9887400805162373
186.5 1.029134688256996
187 1.014189679511468
187.5 0.9729835185931306
188 0.9776088521898019
188.5 0.9936847657599623
189 0.9998865742363281
189.5 0.9792815831685532
190 1.015104550908649
190.5 0.9811673369302335
191 1.019167286961798
191.5 1.018142742272848
192 0.9974812553041429
192.5 0.9897586227622778
193 1.007024696057445
193.5 0.9946832562017028
194 1.02844278421925
194.5 1.015259486681101
195 0.979025504564155
195.5 0.9941962021676015
196 1.021896461713688
196.5 1.036262396508131
197 1.014791650929494
197.5 0.9951382918414144
198 0.9812890916713234
198.5 1.039445286184004
199 0.9829739997829005
199.5 1.007702935292325
200 1.042399923386388
200.5 0.9878911272619729
201 0.9818139965177717
201.5 1.037013705781748
202 1.009135471181027
202.5 0.9899611216051423
203 0.9759268392737467
203.5 0.9992528820851643
204 0.9902016638553209
204.5 0.977840775071379
205 1.015009912716105
205.5 0.9981539950858831
206 0.99368524576873
206.5 0.9420179775746638
207 1.006507076848482
207.5 1.025781113651339
208 0.9728493758577749
208.5 0.9880957165261127
209 1.004986248499917
209.5 0.9969684673595843
210 1.011136399393154
210.5 0.984322729579118
211 1.017831917133122
211.5 1.012321671853111
212 1.008602463535732
212.5 0.9766831993530378
213 0.9804266094464202
213.5 1.001383562471667
214 1.01835486098885
214.5 1.010535047465499
215 0.9997134034669054
215.5 1.012358963120018
216 0.9783375319460339
216.5 1.014441825277974
217 0.9923970618327553
217.5 0.9771961720433116
218 0.9816579739144763
218.5 1.010786380530137
219 1.006504251669714
219.5 0.990494000508794
220 0.984371423051297
220.5 1.010332211198142
221 0.9838592509531793
221.5 0.986157193842407
222 1.02066959005909
222.5 0.9852584117207398
223 1.017547759000386
223.5 0.9748865677305592
224 0.988099898497819
224.5 1.023663490373588
225 0.9721878661195803
225.5 1.009653766013777
226 0.9956414347793394
226.5 0.999224687472986
227 1.004598838592437
227.5 1.004139982202931
228 1.01517719328384
228.5 0.9917540020262661
229 1.054036555973274
229.5 0.995378145526374
230 1.005034587473012
230.5 1.000086786724887
231 0.9978261533639439
231.5 0.9964564793289235
232 1.037477096027386
232.5 1.02661601147548
233 1.018446929769579
233.5 1.031116495371468
234 0.9896460968227405
234.5 1.012040409981469
235 0.9883643302721815
235.5 0.9776466992946915
236 0.9670109266345085
236.5 0.9764293196896898
237 0.9866000832842019
237.5 1.00365030118865
238 1.014993163539475
238.5 0.994145141016001
239 0.9999063152315432
239.5 0.9584298987702542
240 1.023551497098741
240.5 1.013315308744877
241 1.004780588680834
241.5 1.008448014037381
242 0.9873590236889627
242.5 0.9766025788358409
243 1.001099250072814
243.5 0.990092580690194
244 0.9944960301052617
244.5 1.001750447721344
245 0.9879670417183527
245.5 1.017362911267482
246 0.9812511298082351
246.5 0.9925524374258941
247 1.003496385320554
247.5 1.001757698491462
248 1.01409530567207
248.5 0.9965142604738434
249 0.9526734504629115
249.5 1.008257414897293
250 0.9906339498325588
250.5 1.045608446246735
251 0.9979907701619611
251.5 0.986812654023432
252 0.9858738466403399
252.5 1.008132891041527
253 1.015705393653677
253.5 1.004357245325085
254 1.027477958307105
254.5 1.002310173445077
255 0.9826551097466718
255.5 0.9899001318273594
256 1.000682414660061
256.5 0.9970240729816654
257 0.9952923755367055
257.5 0.9947530866298545
258 0.9925558442944273
258.5 0.9953129189254796
259 1.031583020145644
259.5 1.013825974879565
260 0.9936374395303097
260.5 1.004897902859959
261 0.9798015850275433
261.5 0.9907843253987503
262 1.008781883191373
262.5 0.9887301305569194
263 0.9961206341501538
263.5 0.9950632480601811
264 1.00574606673215
264.5 1.014541840846362
265 1.00578775898633
265.5 0.9886102697442904
266 0.9929026690545824
266.5 0.9769956969257451
267 1.002915372504266
267.5 1.000708873923942
268 0.9853677659418987
268.5 0.9875941111506245
269 1.026762292359723
269.5 0.9789788074363139
270 1.007299830203023
270.5 0.9801403538867712
271 1.019590103085356
271.5 1.014343971204626
272 1.012957586972271
272.5 0.9808501339629244
273 1.004916892741857
273.5 0.9980907796512101
274 1.000319642751593
274.5 1.010878298544741
275 1.014279669722605
275.5 1.001687391921963
276 0.9658391969648742
276.5 1.004951126101608
277 0.99230361190669
277.5 1.008959186379589
278 0.9894529908620002
278.5 1.006189464493356
279 0.993490237296802
279.5 0.9840979483027804
280 0.9946349673282519
280.5 1.00029119134701
281 0.97959762287568
281.5 1.000345108736364
282 1.005506615427762
282.5 1.018117300831784
283 1.002931711845574
283.5 0.9878468240032328
284 1.003489350701527
284.5 1.001714797228551
285 0.9832871905753168
285.5 0.9950958903120856
286 0.9995063654753933
286.5 0.9954456615775837
287 0.9875867118734454
287.5 1.012137347446038
288 0.9832064558058998
288.5 1.014963108952113
289 1.012772878609487
289.5 1.01622384037266
290 0.9988779199892182
290.5 0.9754925344481005
291 0.9983420198030771
291.5 1.002141755445178
292 0.9797054198384657
292.5 0.9767266750709547
293 1.00840231384274
293.5 0.9876172039480686
294 1.013750415548168
294.5 1.001421630094196
295 0.9745255309723635
295.5 0.9959166253273515
296 0.9855511493626561
296.5 1.019457378278114
297 0.994265920831803
297.5 1.007282104366006
298 1.004613520825736
298.5 1.010080172237167
299 0.9773132459688606
299.5 0.9847528423755886
300 1.008571095684037
300.5 1.005566067519146
301 1.011432403916126
301.5 0.9814245423343055
302 1.014578796103009
302.5 1.014150708544
303 0.9828712991505436
303.5 0.9810020470832266
304 0.997697621753684
304.5 0.9935753162837396
305 1.006219613388671
305.5 1.000568398744825
306 0.9957889033145191
306.5 1.009961555649818
307 0.999161961615133
307.5 0.9834351545804635
308 1.002802015165958
308.5 1.004183171499647
309 1.010658642172408
309.5 0.98144302092961
310 1.003657594150521
310.5 0.9891668722329483
311 1.01201724132598
311.5 1.00698728386863
312 1.022997084079561
312.5 1.006192063707947
313 1.000892091594468
313.5 1.029240396910548
314 0.9892608640516199
314.5 0.9966169379897774
315 1.019461446200673
315.5 0.984460657548616
316 0.9975774798667402
316.5 1.004480726862086
317 0.9911369651514793
317.5 0.9792769747609821
318 1.007474403392937
318.5 1.011758806760353
319 0.9954468907091877
319.5 1.01622491625677
320 0.992769148732231
320.5 0.9898271778801812
321 1.012857668756791
321.5 1.022648847291892
322 0.9842687328019337
322.5 1.008903822906336
323 1.019356015040026
323.5 1.004780919375159
324 1.000033400458683
324.5 0.9923218772424395
325 0.9894198920006096
325.5 0.988610137017681
326 1.008083768832299
326.5 1.006031776868545
327 0.9863299080605186
327.5 0.9960832882518588
328 1.00284762476576
328.5 0.9744267584975663
329 0.9985049188791123
329.5 0.9818540816528495
330 0.9895728572550028
330.5 0.9870130954609041
331 0.9981074683523969
331.5 1.00111240379315
332 1.012802397098249
332.5 1.012889699714073
333 1.014107053161272
333.5 0.9977705827941491
334 0.9871690892914882
334.5 1.005735430123101
335 0.9939026543725562
335.5 1.002684427389969
336 1.003186722999725
336.5 0.9896470180213238
337 0.9886521788064698
337.5 0.9877970205486101
338 1.02357763629486
338.5 1.006549452095038
339 1.024256542022035
339.5 1.005133462114663
340 0.9870711293854005
340.5 1.002495321942902
341 1.004158252489588
341.5 1.018354445596362
342 0.9872636880023983
342.5 0.9894802268867046
343 1.0067922377039
343.5 0.9818605385243652
344 1.012249178130527
344.5 1.011831970139193
345 0.9988545385480361
345.5 1.009014900771631
346 1.012803737350157
346.5 0.9982193078766954
347 0.9916857927568946
347.5 1.006554647494183
348 1.01613704868729
348.5 0.9763011774697944
349 0.9864238267992611
349.5 0.9945524245558613
350 1.002630580140673
350.5 1.003102060169628
351 0.9979474255481863
351.5 0.9961291314621288
352 1.014254272094657
352.5 1.005933985417791
353 1.000308399307536
353.5 0.9948365063971106
354 1.013121844647495
354.5 0.9991228708493289
355 0.9757100187536466
355.5 1.022518327214733
356 1.01356472697683
356.5 1.000200409297244
357 1.003326575452814
357.5 0.9922736019376961
358 1.0372602735636
358.5 0.9913977766446325
359 1.014153751435847
359.5 1.005977926739466
360 0.9989362415121363
360.5 1.006821383346056
361 1.002464777625545
361.5 0.9970447925306
362 1.000055745284485
362.5 0.99155144324324
363 0.9844036633459482
363.5 1.004203563365839
364 0.997171538014448
364.5 0.9981089497665014
365 0.9979745546216657
365.5 1.003255065808872
366 0.9913540017230235
366.5 0.9925165028444226
367 1.012009697397516
367.5 1.013335376771467
368 1.00884083251195
368.5 1.006452606223823
369 0.990091230076778
369.5 1.022217290272884
370 0.9862407478345134
370.5 0.9858730871974741
371 0.9963636857584817
371.5 1.007364307787376
372 1.001815645058483
372.5 0.9940252132411598
373 1.023706285505751
373.5 0.9959280847200034
374 1.004740707342106
374.5 1.006771491642726
375 0.9967039079608565
375.5 1.003871332441055
376 1.001314531324186
376.5 0.9961037895043308
377 0.9836106443602123
377.5 1.003420327044696
378 1.004291360906973
378.5 1.025802130529138
379 1.000313133948012
379.5 1.006309818322472
380 1.007695028639243
380.5 1.019393838683428
381 1.007073102896465
381.5 0.9988134242071345
382 1.006012567430552
382.5 0.9811226097807204
383 0.9958319868585256
383.5 1.014954684034077
384 0.9928929268939932
384.5 1.023304981915315
385 1.01162587676153
385.5 0.9772404261692242
386 0.9942468029971523
386.5 1.001261002962459
387 0.9790297068592805
387.5 1.004901933092698
388 1.001059449923982
388.5 1.007866670584416
389 1.000806284238591
389.5 1.009750622037845
390 1.005404572998629
390.5 1.013356185570191
391 1.012618678377539
391.5 0.9995628931230749
392 0.9916901033764598
392.5 0.9930461951849164
393 0.9918453295716839
393.5 1.006499340508204
394 1.009216986446761
394.5 0.9917985761348872
395 0.9957433617391697
395.5 0.9969491069001852
396 0.9913227224655087
396.5 0.9891243657001908
397 0.9983147197310837
397.5 1.003572093271378
398 1.002343434903926
398.5 0.9962627939952859
399 1.01066793019805
399.5 0.9863521915186688
400 0.9937218137565523
400.5 1.002228712918239
401 1.015582607948892
401.5 0.9905076806005834
402 1.001578796328671
402.5 1.000257408979549
403 0.9827603728933161
403.5 0.998398159195096
404 1.006243413086316
404.5 1.003372672737215
405 0.9854525777373667
405.5 1.006085161542527
406 1.009813187859641
406.5 1.001807800383931
407 0.9859548399281373
407.5 1.001066120037667
408 0.985097531567407
408.5 1.002959798678761
409 0.9835783940863226
409.5 0.9825854062364825
410 0.9929200621627116
410.5 1.010577963179017
411 0.9989923103113191
411.5 0.9980528190321555
412 0.9790395117359446
412.5 1.003668743947045
413 1.006590302711979
413.5 0.9985440400792525
414 0.9955827479406958
414.5 1.002615021676897
415 0.9902423842952316
415.5 1.002078318561141
416 1.008581133307504
416.5 1.00244222766782
417 1.001216035106359
417.5 0.9931324424984096
418 0.9845443239112541
418.5 1.006539131337029
419 0.9849589586733039
419.5 1.007200085361008
420 1.001681524804616
420.5 0.9954744686849339
421 1.004119263552435
421.5 0.9958932528014665
422 1.011205407255954
422.5 1.002731469579361
423 0.9843579564561959
423.5 1.007037666121392
424 1.023306144017684
424.5 0.9915588220453446
425 1.006736330264276
425.5 1.005066959928056
426 1.000541481518544
426.5 1.011258250013163
427 1.013637652946588
427.5 0.9894860065915522
428 1.013630711414424
428.5 1.000469203950159
429 0.9937782903332453
429.5 0.9920628974074913
430 1.006606218046478
430.5 0.9858462839694344
431 0.9927927883810012
431.5 0.9989439142019289
432 1.01425374950972
432.5 0.9939092829923247
433 1.007056742499643
433.5 1.002725528623282
434 0.9948195799129868
434.5 1.012950349492688
435 0.9895025908198951
435.5 0.9929560733050976
436 1.005826956071561
436.5 1.001954937342741
437 1.001970424977747
437.5 1.005929011257508
438 0.9994508483415204
438.5 1.002082661593585
439 0.9992298114265685
439.5 1.010642393299154
440 1.0026577151737
440.5 0.9964906013636357
441 0.9945558834287929
441.5 0.9880262659927533
442 0.9944098044792816
442.5 1.00100305415978
443 1.00275349783634
443.5 0.9885745613536815
444 1.002232408693462
444.5 1.006190479668685
445 0.9897874221617142
445.5 0.9921650519642798
446 1.001569474849416
446.5 1.015743632809712
447 0.9955970012776623
447.5 1.00578766808002
448 0.990922145113649
448.5 0.9940329935588196
449 0.9876838571727469
449.5 1.004255272439601
450 1.00855167057482
450.5 1.002670355830994
451 1.018859159681846
451.5 1.000240577102341
452 1.002033625302753
452.5 1.016341921450938
453 1.008042277947157
453.5 1.011176098228492
454 1.000629299108637
454.5 1.007188390093394
455 0.9940317005171154
455.5 0.9998891589776572
456 1.008745316313869
456.5 1.00011899350102
457 0.9958222727729554
457.5 0.9992848337368077
458 1.000029559083098
458.5 0.9876705743569121
459 1.000456605452529
459.5 0.9972372267003443
460 1.023475589078022
460.5 1.005376001476658
461 1.008304852561907
461.5 0.9965911521226206
462 0.9970889886525344
462.5 1.015456736425532
463 0.9955756987048849
463.5 1.003902241662206
464 1.015990883979481
464.5 1.005418395805679
465 0.9965626791293374
465.5 1.001611585213897
466 1.008810230732914
466.5 0.9926947595710379
467 1.012502721525552
467.5 1.004434740624241
468 1.014574029139632
468.5 1.003520644526031
469 0.9925120644962458
469.5 1.003033495299206
470 0.9895039835789236
470.5 0.9955047914420847
471 1.001336049088976
471.5 1.003530777599464
472 1.003100802730786
472.5 0.9898436606272583
473 0.9963320492684986
473.5 1.019353134153181
474 0.9914322387176637
474.5 0.9989878686542286
475 1.009926602405088
475.5 1.007803793528083
476 1.000896036268093
476.5 0.9892334544367763
477 1.010880194168886
477.5 1.013180811319382
478 1.002178829584342
478.5 1.009500177730694
479 1.006639416431637
479.5 0.9986558436562121
480 1.010712713975272
480.5 1.005952523438971
481 0.9957693121236574
481.5 1.002524983357644
482 0.9982789078697425
482.5 1.011890855662555
483 1.007368882936217
483.5 1.010065212455319
484 0.9880306964941933
484.5 0.9890757908257719
485 1.004562844449086
485.5 0.9877423925540109
486 1.000566325265748
486.5 1.011872946932763
487 1.009995272609723
487.5 0.9919026278532661
488 0.9950906663177881
488.5 1.010659456171835
489 0.9929989494589336
489.5 1.009226641544658
490 0.995437739698977
490.5 0.9941287272649356
491 0.9938672320234293
491.5 0.9977732581613387
492 0.999256334031664
492.5 0.998006842959665
493 1.003428305511437
493.5 0.9898315369953175
494 0.9998212829070826
494.5 0.99329626049488
495 1.006509626035588
495.5 1.006914606762928
496 0.9986817733393905
496.5 1.006819965198447
497 0.9904628123311039
497.5 1.000424370870396
498 1.004253332936696
498.5 0.9973010915646356
499 0.9992844546995362
499.5 1.008762428516562
500 1.016438264917143
500.5 1.008315701872806
501 1.015017503694672
501.5 0.992787210135419
502 1.006856804281268
502.5 0.9978750870439091
503 0.9977578914262631
503.5 1.006514544786383
504 0.9946696550232833
504.5 1.005681151768075
505 1.001901469866791
505.5 0.9959796332956309
506 1.01103491870706
506.5 1.004194528220012
507 1.010539600382242
507.5 1.008182824947395
508 0.9994924145815558
508.5 1.00300438635056
509 0.9949009489443312
509.5 0.987312271073697
510 1.003525339546142
510.5 0.9983606587892936
511 1.00821822533086
511.5 1.010758523085687
512 0.9904186974751479
512.5 0.9969336756869892
513 1.00575311559712
513.5 0.9885791909379377
514 1.012920818760668
514.5 0.9963902633504829
515 1.002939866565143
515.5 0.9917585661525169
516 0.998997174791456
516.5 0.9954714728862776
517 1.015916155359352
517.5 1.000852130119746
518 0.9908873280139324
518.5 0.9949468654036479
519 1.00547283392498
519.5 0.9999236292168896
520 0.9922409006131905
520.5 0.9914389638894275
521 0.9855372718288551
521.5 1.008641665598438
522 1.006132886463927
522.5 1.006571173049523
523 1.008328985132065
523.5 1.002155165402544
524 0.9973783615624771
524.5 1.003484978256647
525 0.9967221754921369
525.5 1.002062502587736
526 1.000328953796598
526.5 0.9917888329552914
527 1.000218722643048
527.5 1.002903715681837
528 0.9984654133871192
528.5 1.004970595586767
529 1.001722314149788
529.5 1.008249359138219
530 1.00578775898633
530.5 1.005737708255048
531 1.00948068298003
531.5 1.003070708799868
532 1.00496649207725
532.5 0.9880425161826932
533 1.00601756456685
533.5 1.000263051140932
534 1.001701456450398
534.5 0.989308952155433
535 1.009174549961312
535.5 1.001200389499337
536 0.9887633196039929
536.5 1.002992688199513
537 1.004617832845596
537.5 0.9960508511273398
538 0.996918343900093
538.5 0.9977266391879599
539 0.9956597917630667
539.5 0.9920852453465535
540 1.004925650187545
540.5 0.9977352319186881
541 1.003955743134898
541.5 1.009668647519758
542 1.009627728680341
542.5 0.993332655022362
543 1.015411252319109
543.5 0.9909590817814755
544 0.9941892672052538
544.5 0.9982019787521668
545 0.9906501596047013
545.5 0.9907384889496512
546 1.015103287715553
546.5 0.9972838119492785
547 0.9876260765347404
547.5 0.9956387298915848
548 0.9873257567573339
548.5 0.9980260441817486
549 0.9973052579734933
549.5 1.004245470638929
550 1.007881905652047
550.5 0.9957198289886524
551 0.9948463977304428
551.5 1.011459838588506
552 1.001056387529996
552.5 1.004605988268629
553 1.001400971089269
553.5 1.008323535641528
554 1.001275152105268
554.5 1.004280552018818
555 0.9988450754590156
555.5 0.9830256838863005
556 1.005180407229097
556.5 1.005203993816305
557 0.9932063746289256
557.5 0.9947668390227654
558 0.9956126477732244
558.5 1.005937145212156
559 1.001167596505535
559.5 0.997167427610772
560 1.003365116859886
560.5 1.001325371223537
561 1.005090669274305
561.5 1.004149850740421
562 1.011878911505839
562.5 1.014954186572922
563 0.9980616691272993
563.5 0.9926739803392495
564 1.000906452340652
564.5 1.006046867310941
565 1.005548559947193
565.5 0.9989985880367536
566 1.000623298992649
566.5 1.005672715490721
567 1.0040955926105
567.5 0.9968063272365469
568 1.00631800458667
568.5 1.000118397366721
569 0.986697823022088
569.5 1.003886211296282
570 0.9838683295768388
570.5 1.004769224473515
571 0.9963023596262369
571.5 0.9921510926537124
572 0.9927256496588022
572.5 1.000305594844981
573 1.002298575577468
573.5 1.011315414156248
574 0.9953708817977864
574.5 1.010896514018624
575 0.999811619921658
575.5 0.996697378764292
576 0.9977183782193961
576.5 1.010522584279916
577 1.003573366483429
577.5 0.9975902606562926
578 0.9898366624691033
578.5 1.007449763616721
579 0.994868683926625
579.5 1.006599594896519
580 0.9922829683728819
580.5 1.010138363829866
581 0.9969339796815737
581.5 0.9926145229150868
582 0.9926284487796369
582.5 1.007155326928423
583 0.9993179081113758
583.5 1.004722859480806
584 1.008908354984338
584.5 0.9987088161882445
585 0.9945196153483252
585.5 0.9910317330429836
586 1.005515665997771
586.5 0.9946536193298594
587 0.9980285560148413
587.5 1.001664084361863
588 0.9806656358703302
588.5 0.9975359490852063
589 1.008905079775607
589.5 0.9935658683520967
590 0.9966286378668665
590.5 0.9916023972421275
591 0.9983492061925439
591.5 1.0025983534438
592 0.9989300780484283
592.5 0.9971551915005985
593 1.007242145471323
593.5 0.9949591651664541
594 0.9975658705152239
594.5 0.9958440658394219
595 0.9981710546221374
595.5 0.9998676537395542
596 1.012187987847835
596.5 0.9906366358101169
597 1.002663499643817
597.5 0.9984739425485668
598 1.006704802258578
598.5 0.9951840679125983
599 1.004398784368119
599.5 0.9932677317875105
600 0.9960710379025488
600.5 1.007634016338533
601 0.9919314210482794
601.5 1.001155205172472
602 0.9985376827638639
602.5 1.000435298672088
603 0.9938005308311139
603.5 1.003559552349076
604 0.9985777446936309
604.5 1.0028685526226
605 0.9974717294445145
605.5 1.001275401457291
606 1.004465332924383
606.5 0.9960514473912598
607 0.9973577751013738
607.5 1.003433460727762
608 0.9982083884542406
608.5 1.009486788716346
609 1.006429856028999
609.5 1.009523015320339
610 0.9989888370443502
610.5 0.9927938330374654
611 0.9995568721412076
611.5 1.005076209938788
612 0.9962089965069399
612.5 0.9927797439963971
613 1.004099423900607
613.5 0.9910926892989722
614 1.011307163404189
614.5 1.001286785364056
615 0.9971633102916121
615.5 1.00551178040595
616 0.9948406362827352
616.5 1.005729880826861
617 1.009432235657552
617.5 1.000659464159278
618 1.005879724738363
618.5 1.004459715713246
619 1.004562369079542
619.5 0.9940858207012609
620 0.9985001366928145
620.5 0.9878192884795521
621 0.9961437545606102
621.5 1.005051187313258
622 1.00319198247018
622.5 0.9970334182681637
623 1.01395998164743
623.5 1.002418277431485
624 0.9947107055499478
624.5 0.9946919646446345
625 1.002405752499438
625.5 0.998189816031528
626 1.008480690973133
626.5 1.000738277221232
627 1.012670731164672
627.5 1.004464223806255
628 0.99712037325545
628.5 1.000872055589287
629 0.9996791688048298
629.5 0.9994417535330062
630 0.9885398437727475
630.5 0.987407981446775
631 1.003310518404857
631.5 1.003221662859076
632 0.9999410341548465
632.5 1.001821792338682
633 0.9990617143403128
633.5 0.9933686301179501
634 1.001784250085176
634.5 1.010445699331725
635 1.000231379265551
635.5 0.9965931976856908
636 0.9975552538614626
636.5 1.002086111646607
637 1.00826891358971
637.5 1.008430146016116
638 1.008048462873338
638.5 1.001182843138116
639 0.9979211533558915
639.5 0.9951301243299616
640 0.9969946790820432
640.5 0.9993891565101778
641 1.019926379435962
641.5 0.9911141419961769
642 1.002168683861122
642.5 1.0056788637065
643 1.008491904332954
643.5 1.008483199653386
644 0.9971297835427545
644.5 0.997098421135902
645 0.9971037781939807
645.5 0.9865722997218853
646 0.9993353742652723
646.5 0.9998230589582233
647 1.000683915027864
647.5 1.007845821046341
648 0.9917522485738892
648.5 0.9941145419758336
649 1.001847629339143
649.5 0.9982543206022391
650 0.9999963467329257
650.5 0.9910600859621033
651 1.002012880725935
651.5 1.009854108433829
652 1.009638311286806
652.5 1.008535040279176
653 0.9953677809943152
653.5 0.9923346590547171
654 1.002111480884551
654.5 0.9990382664119086
655 1.006572235985291
655.5 0.9980064491167033
656 1.002884187680473
656.5 0.9991667123520007
657 1.009201677231917
657.5 0.9956565816053569
658 1.00973428341302
658.5 1.005262328830847
659 1.002723009735213
659.5 1.005761315577393
660 0.9991088199617966
660.5 0.9998689206700122
661 0.9957279659038967
661.5 0.9993292338820833
662 0.998753724986582
662.5 1.000150507924603
663 1.002043071788667
663.5 0.9986033888837023
664 1.006271641683556
664.5 0.9936758629625784
665 1.008121987905668
665.5 1.009911687102937
666 0.9975410816408327
666.5 1.006989727764289
667 1.015878428334721
667.5 1.002350349759193
668 0.9977826732276484
668.5 0.9975581625394434
669 1.000180823091521
669.5 0.9992140076236651
670 0.9932717385953412
670.5 0.9998405839858773
671 0.9949612551310399
671.5 0.9944222575679462
672 0.9937443917294791
672.5 0.9942155367645505
673 1.016951937852999
673.5 0.9898431554776419
674 0.9914923371116174
674.5 1.000951695023883
675 0.9802687115540778
675.5 0.9914731230564211
676 0.9916941294592495
676.5 0.998033138339426
677 0.9883546632270168
677.5 1.001704962970718
678 1.005978471127777
678.5 1.005624246321861
679 0.9950657461251263
679.5 0.9966007088584503
680 0.9979259173843642
680.5 0.9989063808445666
681 0.9913670403131044
681.5 0.997806446001139
682 0.9966145491374387
682.5 0.9991069530594504
683 1.00584088242346
683.5 1.003191019061
684 1.006836772428662
684.5 1.00251196398123
685 1.003463324846978
685.5 1.01006959131383
686 0.9986006829005839
686.5 1.005693462076352
687 1.001663104050763
687.5 0.9977432701021836
688 1.000216004529999
688.5 0.9927559341919542
689 1.00198808599574
689.5 0.9997079947483847
690 1.004604958403362
690.5 0.9973424941591982
691 1.004566272045172
691.5 0.997651804254659
692 0.9979192287523239
692.5 0.9950350614025771
693 1.004182151320097
693.5 0.9993976854097804
694 0.9975334590140922
694.5 0.9937162729430259
695 0.9962610789308121
695.5 0.9923570450629751
696 1.004346428924041
696.5 0.9926232421875135
697 1.010340871522367
697.5 0.990361197851562
698 1.001021245922928
698.5 0.9940095880762583
699 0.9963879862771308
699.5 1.008276988634286
700 1.001956251349264
700.5 0.9941454682494323
701 1.001885325035357
701.5 0.999786181631783
702 0.9967660826141805
702.5 0.9984403306094319
703 0.9908759575075374
703.5 0.9973842158118508
704 0.9992061775355963
704.5 1.008662143000194
705 1.000172404811483
705.5 0.9957836834020106
706 0.9909013082006927
706.5 0.9993973997046141
707 0.9975436301646765
707.5 0.9919849234059981
708 1.004646726973223
708.5 0.999812627205366
709 0.9959301849838331
709.5 0.9913075282166046
710 0.9977774206493225
710.5 0.9987424135558961
711 1.000481830938463
711.5 0.99857886620693
712 1.004346551942774
712.5 0.9889281131500908
713 0.9934222223422959
713.5 0.9872088546579694
714 0.9972463694923057
714.5 0.9954504611447836
715 0.998736922545851
715.5 0.9961121628741916
716 0.9970540077816046
716.5 0.9879700362812123
717 1.004650284587554
717.5 0.9983909487058558
718 1.004814307354369
718.5 1.004269705669397
719 0.998125382109828
719.5 0.9955836460810755
720 0.9937157434099219
720.5 0.9998841148304072
721 1.007729411289189
721.5 1.003159486411148
722 1.003340108185316
722.5 1.006804752717682
723 0.99987422769839
723.5 0.9938636562298765
724 1.004798475736969
724.5 1.005240596597811
725 1.002058464031139
725.5 0.9971802284806002
726 0.9998969160532671
726.5 1.00922323547325
727 1.007150799010723
727.5 0.996996775763737
728 0.9995762925273446
728.5 0.9980564234695566
729 1.00334937703598
729.5 1.004546728660496
730 0.9991555895975492
730.5 1.006663414555047
731 0.9907703232665219
731.5 0.9982378220781271
732 0.9952301488861586
732.5 0.9988864563118943
733 1.001506900766447
733.5 0.9912808190565386
734 1.024597027986756
734.5 0.9983537979357774
735 1.002151173946673
735.5 0.9947973889417974
736 0.9982388831895133
736.5 0.9966519051190206
737 0.9929536736167454
737.5 1.003670895646342
738 0.9958401841729871
738.5 1.001502754290227
739 0.9906115301987763
739.5 0.9975587894017791
740 1.002848577698409
740.5 0.999055718375627
741 1.004270091091811
741.5 0.9967348698203495
742 1.010652976800222
742.5 0.9969915008946502
743 1.00391560132398
743.5 0.9973000728194963
744 0.9956189644710709
744.5 1.008645923035073
745 0.9975971724263178
745.5 1.00061933640693
746 0.9954899003716716
746.5 1.009347271397016
747 1.003315773230667
747.5 1.00512786606483
748 1.006062438568178
748.5 1.002921382228831
749 0.9967867955477628
749.5 1.003720103260519
750 1.00428436258191
750.5 1.004930032402872
751 1.002950707886515
751.5 0.9966016448359166
752 0.9894338681899346
752.5 0.9943992153556702
753 0.9941058099844871
753.5 0.9994380261198845
754 0.9993860542444363
754.5 1.006547248734597
755 0.9852852270538185
755.5 0.9991154448131344
756 0.993885052397575
756.5 0.9964207879669342
757 1.006691898118852
757.5 1.002730954973659
758 1.014662785781914
758.5 1.00613278529274
759 1.005271935001001
759.5 1.000702838107835
760 0.9981334760048256
760.5 1.008329187408011
761 1.001136038587605
761.5 1.000445855322551
762 1.005691100737178
762.5 1.003425404611872
763 0.9890836690194905
763.5 0.9963719971603261
764 1.005015180908716
764.5 0.9974553008721008
765 1.007067565344635
765.5 0.9982073367599706
766 1.010527051722767
766.5 1.001871166616928
767 1.006743682453007
767.5 1.003161948348683
768 1.002576433945646
768.5 0.999833621755757
769 0.9977622678581465
769.5 1.007413892350441
770 0.9974015464901719
770.5 1.007026921699548
771 0.9898662030728731
771.5 1.003439955812152
772 0.9983124962436091
772.5 1.007250779671165
773 0.9940722733756521
773.5 0.9945232159441985
774 1.007447727645356
774.5 1.001530817594585
775 1.005425865278877
775.5 1.009414689640219
776 0.9987339568397461
776.5 1.002380220264614
777 0.9984843784503038
777.5 0.9993348969868431
778 1.002002052785993
778.5 0.9880201563594171
779 0.9876338060816445
779.5 1.004985722371162
780 0.9869133632626987
780.5 0.9979954274549678
781 0.9988848277628172
781.5 0.9950050454867804
782 1.000525712150345
782.5 1.007753149064448
783 1.004593044274665
783.5 0.9919822362376624
784 0.9996256720921723
784.5 1.004104205502294
785 0.9967996095295678
785.5 1.010576565101506
786 1.000504620144157
786.5 1.005642831814305
787 1.002231498781667
787.5 1.002785981014413
788 1.00293281921168
788.5 0.9935882568772273
789 1.004006494388535
789.5 0.9898359283150121
790 0.9979619513642721
790.5 1.010825529324527
791 0.9877199594319085
791.5 0.9975987346252715
792 0.9977191620968019
792.5 0.9972622855427472
793 0.9973312055248813
793.5 1.005370756445499
794 0.9966924583115206
794.5 0.9944911572066862
795 0.9995141886473646
795.5 1.005443771586932
796 1.0046777001621
796.5 1.002499077126363
797 0.9981205689716571
797.5 0.9996649384225375
798 0.9973995779949316
798.5 1.004393114850518
799 0.9979113913643023
799.5 0.9996174919742398
800 0.9988846435657773
800.5 1.000411832125189
801 0.9960487766440054
801.5 0.9932388833970197
802 0.9968933047290985
802.5 1.005668562915532
803 1.003562509362933
803.5 0.9923460926695923
804 0.9986335490662093
804.5 1.003518906503107
805 0.9991890691893969
805.5 0.9945054511549936
806 0.999787200134641
806.5 0.9993220095674694
807 0.9971418262099505
807.5 1.002036464105392
808 1.000170091087424
808.5 1.006900801403173
809 1.00007906395427
809.5 0.9950022172636644
810 0.9980908895369286
810.5 0.9922610274990634
811 0.9988605629409996
811.5 1.001906914814831
812 1.001651827848108
812.5 0.9986318351083059
813 1.00325990274643
813.5 1.011323318204278
814 0.9984455009542019
814.5 1.010786367489683
815 1.001445132293242
815.5 0.9953673534976351
816 0.9915485876535204
816.5 1.005203395843062
817 0.9983631746131797
817.5 0.9972364831441297
818 0.9950771469482385
818.5 1.002974396971504
819 1.009373807065409
819.5 1.003620724220258
820 1.005158400975662
820.5 1.0071356486765
821 1.000120166646073
821.5 1.008368950350337
822 1.003789336323537
822.5 1.000778410934909
823 1.00316341441869
823.5 1.001295963919228
824 1.003649906582176
824.5 0.9911611184881077
825 1.005610612716429
825.5 0.9910932519631217
826 0.9929378682543752
826.5 1.001595257320057
827 0.9960134013268629
827.5 1.003334966460027
828 1.001779321060659
828.5 0.9966736993851654
829 1.00348502923133
829.5 0.9949580971779861
830 0.9974597612081685
830.5 0.9919703737289466
831 1.003878322816855
831.5 1.013526688983153
832 1.000943811104509
832.5 1.007006742969556
833 1.001693933388209
833.5 0.9977746950365639
834 1.003907962539202
834.5 1.002660129309658
835 1.00060214888059
835.5 0.9951899022471025
836 1.003410329203434
836.5 1.003695244542085
837 0.9966120897436033
837.5 1.00069411220551
838 1.001808120113757
838.5 0.9952874915363136
839 1.001075522036798
839.5 0.9945698696722848
840 1.002662691035502
840.5 0.9915364814486727
841 1.008088083231827
841.5 0.9985136069294939
842 1.001611406670165
842.5 1.005210994447018
843 1.001162763565512
843.5 0.9980522336237775
844 0.9938218630115144
844.5 0.9916305324505613
845 0.999029401917412
845.5 1.000533394692194
846 0.9913488853054248
846.5 0.9928130869456248
847 1.002629299301756
847.5 1.009814812299741
848 1.006129969645166
848.5 0.9982570067960167
849 1.002582448435202
849.5 0.9946653809494054
850 0.9970670620580513
850.5 1.000876291735164
851 1.003546106335428
851.5 1.004103967447201
852 1.001776985514353
852.5 1.000104273073796
853 0.9960993236326302
853.5 0.9987556811317726
854 0.9960763331462615
854.5 0.997927831721668
855 1.004746286298187
855.5 1.006710957642591
856 1.001004348006415
856.5 0.9983131418164893
857 0.9918784512567107
857.5 0.995536707054968
858 0.999078897181203
858.5 0.9955031032208613
859 1.006818884102659
859.5 0.993102784996427
860 1.005776527402641
860.5 0.9916671523435204
861 0.9999607297763513
861.5 1.00361276895313
862 0.9977478586071157
862.5 0.9952377227493763
863 1.000443893431866
863.5 0.9938413188848461
864 1.001565038844615
864.5 1.00200687012827
865 0.996075258283206
865.5 0.9998187948535957
866 0.9913844219444926
866.5 0.9959197416807329
867 0.9928874984284562
867.5 0.9952767171981859
868 1.004969095318094
868.5 0.9900240098513218
869 0.9916562229256827
869.5 0.9820248526650459
870 0.9888997426027991
870.5 0.984774039937467
871 0.9823163693698165
871.5 0.9885438489380407
872 0.9794231707698143
872.5 0.9775982013609521
873 0.9782541982825445
873.5 0.974804351672876
874 0.9721444818939591
874.5 0.9747982719725117
875 0.967663100107686
875.5 0.9722237382657354
876 0.9724469757158478
876.5 0.9664224598171162
877 0.9620067197745866
877.5 0.9595416474817861
878 0.9564692416304524
878.5 0.9581942801340525
879 0.9557808109757094
879.5 0.9536366449008158
880 0.9524720023488833
880.5 0.9523038460607695
881 0.9541221141626837
881.5 0.9591349892865567
882 0.9506653305320125
882.5 0.9474872670684132
883 0.9456275081322391
883.5 0.9486696090403214
884 0.9332608902449824
884.5 0.9378373885503418
885 0.9345279978417519
885.5 0.9297405615535457
886 0.9291725413608224
886.5 0.9294661241621325
887 0.9315583355400519
887.5 0.9234973597846414
888 0.9308581687098574
888.5 0.9282162930509222
889 0.926794206757749
889.5 0.9249968885227093
890 0.9188527893339972
890.5 0.9185355439316468
891 0.9163355775572616
891.5 0.9183963851876623
892 0.9177428083692651
892.5 0.9049618058874414
893 0.9066320887258404
893.5 0.9146245801238636
894 0.9010022929185078
894.5 0.9038889200843562
895 0.9096167356739625
895.5 0.9054815436785746
896 0.9055491849847912
896.5 0.9032864396815062
897 0.89250208187804
897.5 0.8868198929132051
898 0.889227659162204
898.5 0.8903626667110799
899 0.8901512837654286
899.5 0.8879757026945232
900 0.8821136346778344
900.5 0.8859075963433646
901 0.8760476574113721
901.5 0.8842143258373656
902 0.8854969858688094
902.5 0.8786242173815275
903 0.8802950676635696
903.5 0.8792053712261286
904 0.872129681141703
904.5 0.8778970426010984
905 0.874180077001805
905.5 0.8636775766581329
906 0.8722705533198708
906.5 0.8699682512518188
907 0.8654327020625486
907.5 0.8695995563484555
908 0.8662565707171223
908.5 0.8642548482870366
909 0.8549256969226544
909.5 0.8552794170321157
910 0.8565248686369571
910.5 0.8625119861406185
911 0.847327383052492
911.5 0.8555261789741796
912 0.84575398698073
912.5 0.8474540090152491
913 0.8534723745120903
913.5 0.8437518138036069
914 0.8384593001405971
914.5 0.8393676585112722
915 0.8465129535471119
915.5 0.8357890971757045
916 0.8441781177100924
916.5 0.8330858179495899
917 0.8306993624692163
917.5 0.826971849043624
918 0.8258285330652959
918.5 0.8333783425665456
919 0.8343161471252711
919.5 0.8308222533707476
920 0.8213867499166739
920.5 0.822741578622586
921 0.8237776425383468
921.5 0.8159169346271282
922 0.8168646387053865
922.5 0.8268509785296655
923 0.8202853860336188
923.5 0.8077560222958391
924 0.813571833747131
924.5 0.8078872605800803
925 0.807620951654048
925.5 0.8118919952793586
926 0.8063363117109401
926.5 0.806639349888106
927 0.8051285724514942
927.5 0.8049191938110924
928 0.8013662811506261
928.5 0.8008137028795804
929 0.794701310531108
929.5 0.8010948067385762
930 0.7930841547397492
930.5 0.794703529318609
931 0.786316648998209
931.5 0.7979304822978683
932 0.7893036162097969
932.5 0.7857793929186522
933 0.7812139021970186
933.5 0.7880149189222415
934 0.783834674220775
934.5 0.7818970684925197
935 0.7787212930509791
935.5 0.7788060228732612
936 0.7842959685004551
936.5 0.7778971821102927
937 0.7754722088950261
937.5 0.7784226192358142
938 0.7769670570480791
938.5 0.7610264091936421
939 0.7658551899686171
939.5 0.7585872066058839
940 0.7616267434792352
940.5 0.7661535945686081
941 0.7640424643443302
941.5 0.7558470024507381
942 0.7577754886291703
942.5 0.7582115879344197
943 0.753851272650137
943.5 0.7551735155735255
944 0.7555743971565607
944.5 0.7511236101483063
945 0.7411670243493457
945.5 0.7473003457741406
946 0.7434513429681384
946.5 0.7536607306798805
947 0.7442856911711916
947.5 0.7429395312843843
948 0.7427513119897959
948.5 0.7401320560822534
949 0.7382167436536512
949.5 0.7342282022254882
950 0.7436893916377889
950.5 0.7386228834298477
951 0.7325227649236974
951.5 0.731388142031973
952 0.7305506349504156
952.5 0.7243729090393635
953 0.7289663058202493
953.5 0.7265232677791896
954 0.7227364639011882
954.5 0.718266387042776
955 0.7174627162569669
955.5 0.7194177803226905
956 0.7165650938802909
956.5 0.7171231862156547
957 0.7182982033853015
957.5 0.7088985101107843
958 0.7157364663326519
958.5 0.7120784597826647
959 0.7087527519212277
959.5 0.7063393920372024
960 0.7105037213647789
960.5 0.7084850601625362
961 0.7001323250152609
961.5 0.7008850547179019
962 0.7007007352231985
962.5 0.6977309992569221
963 0.6975495809772343
963.5 0.6988257806408099
964 0.695832229930848
964.5 0.6961596358983655
965 0.6879364177848806
965.5 0.6895364921716314
966 0.6914363916471186
966.5 0.6877734774568016
967 0.6939949627258478
967.5 0.6899496228822153
968 0.6868526106287981
968.5 0.6882571868462467
969 0.6775933294563383
969.5 0.680108660408754
970 0.6780531637680967
970.5 0.680211306883431
971 0.6737869010503511
971.5 0.6739604208076945
972 0.6716018342042583
972.5 0.678331422375232
973 0.6708203757480964
973.5 0.667475052799575
974 0.6716163388245229
974.5 0.6643496060571856
975 0.6649759707754777
975.5 0.6640795184935876
976 0.6623421523915574
976.5 0.6655582240349867
977 0.6574923950992624
977.5 0.6559142546540772
978 0.6524965762754059
978.5 0.6519613801692286
979 0.6574846605807722
979.5 0.6506636467667503
980 0.6502128540680218
980.5 0.6503845656374829
981 0.6457978191934362
981.5 0.6482922994406118
982 0.6476975578277195
982.5 0.6431265295576066
983 0.6379456999191352
983.5 0.6419982959770589
984 0.6386484938492556
984.5 0.6414414958678628
985 0.6362820683055322
985.5 0.6442391886280983
986 0.6386011948204886
986.5 0.6337503578579298
987 0.6322685423147754
987.5 0.6357106373775417
988 0.6316662867505441
988.5 0.6293044586318165
989 0.6245180527497688
989.5 0.631970296013304
990 0.6240276201612436
990.5 0.6285939506412246
991 0.6240986442184812
991.5 0.6215647266365735
992 0.620346708966085
992.5 0.6183321778481596
993 0.6154756700530823
993.5 0.6160837725457751
994 0.614444934577518
994.5 0.6126499915788552
995 0.6124953108752336
995.5 0.6113403864768677
996 0.6079669357634168
996.5 0.6120788143461595
997 0.6069062464554583
997.5 0.6032776301514665
998 0.6081392179099744
998.5 0.6042792981371575
999 0.5943884770802529
999.5 0.5965502048134184
1000 0.5983296888545538
1000.5 0.5994294181334165
1001 0.5974017716633809
1001.5 0.5923345497436417
1002 0.5928718994298596
1002.5 0.5950517585574178
1003 0.5890157907508331
1003.5 0.5902570740703516
1004 0.5870781853190928
1004.5 0.5881935936820172
1005 0.5828415528078684
1005.5 0.5857169580378686
1006 0.5852748040192856
1006.5 0.5823170926732145
1007 0.5805597244824459
1007.5 0.5810996980918711
1008 0.57943936280454
1008.5 0.5755852614932673
1009 0.5799141544411339
1009.5 0.5724846606947589
1010 0.5732753237659185
1010.5 0.5723999646505256
1011 0.5699558875235043
1011.5 0.57071511021132
1012 0.5663258140861243
1012.5 0.5655056980704103
1013 0.5636289418988489
1013.5 0.5639001277101268
1014 0.5639409617979038
1014.5 0.5634005058686733
1015 0.5616084778368421
1015.5 0.5627034075074274
1016 0.5571805911458273
1016.5 0.5556427904586844
1017 0.5584433661733709
1017.5 0.5565724569995877
1018 0.5487684638420813
1018.5 0.5531593738943913
1019 0.5466009000271717
1019.5 0.5460346090626425
1020 0.5468756375207676
1020.5 0.5509630918423823
1021 0.5494123122268126
1021.5 0.5433406124207482
1022 0.5428542907007963
1022.5 0.5414054926232068
1023 0.5393578755455457
1023.5 0.5377345630528417
1024 0.5398805271871152
1024.5 0.5328027101422879
1025 0.5393218292398728
1025.5 0.5380629294390386
1026 0.5370752727029443
1026.5 0.5360594196306022
1027 0.535313811909473
1027.5 0.5261489905563571
1028 0.5243717414736003
1028.5 0.5306001341605092
1029 0.5265776616967086
1029.5 0.5292729322266626
1030 0.5242208760737541
1030.5 0.5249420830787531
1031 0.5243442341615016
1031.5 0.5201685966687483
1032 0.5175963623013703
1032.5 0.5177150740209397
1033 0.5150464887415226
1033.5 0.5146071809463453
1034 0.510356883064477
1034.5 0.5119219980325491
1035 0.5064482161216441
1035.5 0.5147636438025507
1036 0.511202982825983
1036.5 0.4986711424105269
1037 0.5015702727358389
1037.5 0.5034695959742509
1038 0.502269108377618
1038.5 0.5021648988724067
1039 0.4959244575258683
1039.5 0.5001799078897275
1040 0.4991608319074068
1040.5 0.4950914897075898
1041 0.4954145756966662
1041.5 0.4965926322528065
1042 0.4955654935409269
1042.5 0.4949309914309406
1043 0.4961632972451648
1043.5 0.4879717070296894
1044 0.486623815854748
1044.5 0.4904846965811925
1045 0.4824942581149351
1045.5 0.4872005433569631
1046 0.4815433862049633
1046.5 0.488899068303941
1047 0.4856907259652143
1047.5 0.478845998281749
1048 0.4768992858094413
1048.5 0.4790064692978107
1049 0.4770628785203014
1049.5 0.4728942960296244
1050 0.4697609840850399
1050.5 0.4733774211157364
1051 0.4746079564979924
1051.5 0.4685070653856614
1052 0.4683746028123241
1052.5 0.4670916733363534
1053 0.4703092956366569
1053.5 0.4716776114416549
1054 0.4647575356104359
1054.5 0.4636377045013794
1055 0.4620532807152238
1055.5 0.4640165646122149
1056 0.4638171254997087
1056.5 0.4613624253891525
1057 0.4581939227496561
1057.5 0.4575215583783109
1058 0.4564145085940113
1058.5 0.4565591926391513
1059 0.4525084406696676
1059.5 0.4549408572189427
1060 0.4508428505870587
1060.5 0.4515090715796025
1061 0.4477570665955647
1061.5 0.4462321979479132
1062 0.448267458616837
1062.5 0.4451278107418903
1063 0.4439711599668912
1063.5 0.441147108848553
1064 0.4467923026609414
1064.5 0.4438872013802017
1065 0.444816119305263
1065.5 0.4397835956133369
1066 0.4362557174467042
1066.5 0.4383090926011447
1067 0.4354936581809151
1067.5 0.4352514862432866
1068 0.4301815015892594
1068.5 0.4329763222907996
1069 0.4318554150803757
1069.5 0.4311490892520185
1070 0.4277365275764772
1070.5 0.4271997523824433
1071 0.4248805401484143
1071.5 0.4255393527194535
1072 0.4227053556848077
1072.5 0.4186179906272307
1073 0.4242820879365884
1073.5 0.4200230034573492
1074 0.4191273019228465
1074.5 0.4226894774549294
1075 0.4174356586570221
1075.5 0.4154152836221624
1076 0.4155185446963485
1076.5 0.4138292022228058
1077 0.4110304939911134
1077.5 0.4102696504756665
1078 0.4106744607262508
1078.5 0.4094009702256368
1079 0.4079539725374764
1079.5 0.4099795341134675
1080 0.4088850593700963
1080.5 0.4023746091183597
1081 0.4013965586872876
1081.5 0.4062584278906914
1082 0.4035713929699425
1082.5 0.4001640671996584
1083 0.3981714382312121
1083.5 0.3981793108760638
1084 0.3983075121661196
1084.5 0.3920540284976555
1085 0.3942589701002372
1085.5 0.3948038736758456
1086 0.3931596805476685
1086.5 0.3900255274471313
1087 0.3948469110662027
1087.5 0.3876588435806401
1088 0.3889109547189492
1088.5 0.3860040239428962
1089 0.3842963516741521
1089.5 0.3860778305552305
1090 0.3848761421639462
1090.5 0.3828164709917891
1091 0.3826242936789194
1091.5 0.3786419264224345
1092 0.3819238374529024
1092.5 0.3808888280750866
1093 0.3818706661867061
1093.5 0.3766659901791132
1094 0.3779913869406163
1094.5 0.3767135536892558
1095 0.3703594458262626
1095.5 0.3696805730356713
1096 0.3699196918990642
1096.5 0.3685223794471555
1097 0.366382196327372
1097.5 0.3670412189422498
1098 0.3640968133237086
1098.5 0.3645477870272381
1099 0.3618191378882005
1099.5 0.3617113986984716
1100 0.365257713369721
1100.5 0.3572737333848003
1101 0.3589741838370812
1101.5 0.3570403060339529
1102 0.3608754000310745
1102.5 0.3572731457920401
1103 0.3563543933161273
1103.5 0.3539253751680236
1104 0.3573098975298571
1104.5 0.3527559748687125
1105 0.3475014069476671
1105.5 0.3515902246701765
1106 0.3497159944763787
1106.5 0.3519702615118848
1107 0.3479674035988012
1107.5 0.3484101383383385
1108 0.3444174282233995
1108.5 0.341865930298202
1109 0.3428626597975075
1109.5 0.3428732513162256
1110 0.3449524800334833
1110.5 0.3427025774415926
1111 0.3396025110796065
1111.5 0.3386857213998687
1112 0.3404298523343873
1112.5 0.3382932430437275
1113 0.335512553660067
1113.5 0.3326351997347223
1114 0.3355444074825689
1114.5 0.3317091917373401
1115 0.3335886048722907
1115.5 0.3297491007960363
1116 0.3278239848374201
1116.5 0.3268235963904749
1117 0.3259005320895316
1117.5 0.3289982301335103
1118 0.3227749628074037
1118.5 0.3242598036443748
1119 0.324987917489508
1119.5 0.320830891178559
1120 0.3210587750168222
1120.5 0.3223012266619988
1121 0.3205613483977517
1121.5 0.3169980151127545
1122 0.3148782484956671
1122.5 0.3156467465223931
1123 0.3159646012872268
1123.5 0.3161197165646378
1124 0.311529380322064
1124.5 0.3137410293805871
1125 0.307569409306885
1125.5 0.3080663000768553
1126 0.309368837034647
1126.5 0.3075939925793896
1127 0.3022296597905539
1127.5 0.3044618202901978
1128 0.3075431612269831
1128.5 0.3064429077752472
1129 0.3022707931269081
1129.5 0.300140923425419
1130 0.2979407704397234
1130.5 0.3004719681762715
1131 0.2987056948370336
1131.5 0.2992651685509077
1132 0.2985711007007466
1132.5 0.2956699102858985
1133 0.294318121640542
1133.5 0.2931155583495909
1134 0.2922453600787408
1134.5 0.2895795454806482
1135 0.289776382317393
1135.5 0.2880568557118761
1136 0.2877911478659463
1136.5 0.2879643389228858
1137 0.2846561977025369
1137.5 0.2842965624453202
1138 0.2843140885157351
1138.5 0.2830811585577636
1139 0.2829660899308167
1139.5 0.2800398101937311
1140 0.280084784608567
1140.5 0.2796094252072509
1141 0.2751827183414822
1141.5 0.2786729567535673
1142 0.2803714039156469
1142.5 0.2774620919919853
1143 0.2759668625524055
1143.5 0.2740650175208599
1144 0.2730079694382125
1144.5 0.270066772696047
1145 0.269230880274961
1145.5 0.2695834609855886
1146 0.2698155178171188
1146.5 0.2659173582404873
1147 0.2662476791620906
1147.5 0.2636138927785995
1148 0.2664764918884828
1148.5 0.2616281846146549
1149 0.2618891770696208
1149.5 0.2596727997990189
1150 0.2587094063876964
1150.5 0.2589719586611668
1151 0.2560509865202499
1151.5 0.2602073897359765
1152 0.2545158810870303
1152.5 0.2544372412444638
1153 0.2549504215035567
1153.5 0.2512646242068136
1154 0.2518385484647315
1154.5 0.2521162630967562
1155 0.2489139851133886
1155.5 0.250501632851608
1156 0.2488720742090859
1156.5 0.2469864300881529
1157 0.2462910951421595
1157.5 0.2455616379819422
1158 0.2444813404997778
1158.5 0.2409877799964983
1159 0.2413304255917542
1159.5 0.2430650790205871
1160 0.2390085302090703
1160.5 0.2401111290280066
1161 0.2391222656819683
1161.5 0.2354175380637033
1162 0.2366482988050939
1162.5 0.2357811267183434
1163 0.2352061813100054
1163.5 0.2357014466902633
1164 0.2341054436210012
1164.5 0.2315142379671411
1165 0.2316053814790739
1165.5 0.2290900911462624
1166 0.2291019746719414
1166.5 0.2266507865776246
1167 0.2298648407643405
1167.5 0.226989921802234
1168 0.224039105532612
1168.5 0.2264632888739128
1169 0.2224355040343636
1169.5 0.2230736339992999
1170 0.2194577575683692
1170.5 0.2188913241244058
1171 0.2210108166235285
1171.5 0.2160528721568323
1172 0.2191103173753174
1172.5 0.2144369705559831
1173 0.2134880250548304
1173.5 0.2138545725795203
1174 0.2124623610906869
1174.5 0.2105477553451193
1175 0.2130239960962539
1175.5 0.2114194597244531
1176 0.2090666820357463
1176.5 0.2105600387598988
1177 0.2075303645954011
1177.5 0.2080350469120172
1178 0.2051258911915094
1178.5 0.2052917395848183
1179 0.2035782234587183
1179.5 0.204853309631207
1180 0.2017191008045879
1180.5 0.2028805502225803
1181 0.1994147392041989
1181.5 0.1987275057386809
1182 0.1992914397705899
1182.5 0.1969174657974021
1183 0.1984824541546699
1183.5 0.195663694632659
1184 0.1978779469212785
1184.5 0.1914532575206812
1185 0.1967821767477246
1185.5 0.1894958521037286
1186 0.1937769944249447
1186.5 0.1877124211077323
1187 0.1894192484460963
1187.5 0.1858900946948627
1188 0.1886657043666645
1188.5 0.1873151113171266
1189 0.1820713160296292
1189.5 0.1833861728305828
1190 0.1839098723908635
1190.5 0.1847212719760558
1191 0.1822922678228959
1191.5 0.1815519028529156
1192 0.1785315165647323
1192.5 0.1803734456187296
1193 0.1755348685763886
1193.5 0.1784365098572094
1194 0.1760024967948656
1194.5 0.1758551835585523
1195 0.1725458170416084
1195.5 0.173194168463825
1196 0.1738303757658687
1196.5 0.1744105061410872
1197 0.1715084831022572
1197.5 0.1700486155826147
1198 0.1690515767437609
1198.5 0.1684395318894172
1199 0.1686055338525498
1199.5 0.1655779658899003
1200 0.1679422098789181
1200.5 0.1656843457827581
1201 0.1647501033728929
1201.5 0.1636756667198808
1202 0.1654888879962414
1202.5 0.1600521329001708
1203 0.1594189954111893
1203.5 0.1592539706251678
1204 0.1580905838238149
1204.5 0.1579268257008025
1205 0.1565388016617237
1205.5 0.1551963342179596
1206 0.156690399814485
1206.5 0.1546905620456717
1207 0.1556532529967164
1207.5 0.1547689825288829
1208 0.153594998198514
1208.5 0.151130088232754
1209 0.1526197923992446
1209.5 0.1482343960808415
1210 0.1492510707046782
1210.5 0.1469265319294303
1211 0.1462795082022707
1211.5 0.1456656628474687
1212 0.1444422348413806
1212.5 0.1448368515001144
1213 0.1434663125719439
1213.5 0.141777436953444
1214 0.1398991252936031
1214.5 0.140125311056062
1215 0.1404683206463627
1215.5 0.137605150070803
1216 0.1364172729402968
1216.5 0.1371344705849926
1217 0.1350989591272286
1217.5 0.1326633832588158
1218 0.1350363036605954
1218.5 0.1330497730789718
1219 0.1323476837475238
1219.5 0.1295307047291709
1220 0.1303971143380112
1220.5 0.1288537766248085
1221 0.1301730571148967
1221.5 0.1275250781740997
1222 0.1263565315685335
1222.5 0.1237264452088412
1223 0.1237936117240188
1223.5 0.1249012077666266
1224 0.1241900500094308
1224.5 0.1219689112315105
1225 0.1222573171285327
1225.5 0.120146062185955
1226 0.1204458712614719
1226.5 0.119040243464325
1227 0.117595062215202
1227.5 0.1189194645472321
1228 0.1185930958199415
1228.5 0.1162238149215294
1229 0.1149833909368337
1229.5 0.1140155689105216
1230 0.1135068874480878
1230.5 0.1128431199393648
1231 0.1107371245149676
1231.5 0.1113423337217778
1232 0.1108373216398696
1232.5 0.1101362908129354
1233 0.1094881082702248
1233.5 0.1105886000402859
1234 0.1064692068563999
1234.5 0.1075702895602109
1235 0.1057913691232309
1235.5 0.1059634533114341
1236 0.1057335482282523
1236.5 0.1057303836725517
1237 0.104853156311453
1237.5 0.1024772439461932
1238 0.1022815566686371
1238.5 0.1026298181326679
1239 0.1028032414487735
1239.5 0.09999613097518689
1240 0.1003248272130068
1240.5 0.1010210540347845
1241 0.1002551575981492
1241.5 0.09837775312648751
1242 0.09818635860536999
1242.5 0.09749583651948641
1243 0.09667400519965907
1243.5 0.09616890522742209
1244 0.09683383103991156
1244.5 0.09466324601449522
1245 0.09595761456820354
1245.5 0.09394329767752178
1246 0.09355374011062119
1246.5 0.0931546506234544
1247 0.0916734928890182
1247.5 0.09334911718973887
1248 0.09245604867965065
1248.5 0.09063571525756983
1249 0.0901698049475059
1249.5 0.08986585981535716
1250 0.08979398150604245
1250.5 0.08806197169673785
1251 0.0877502992861204
1251.5 0.08645460323533462
1252 0.08770051953888067
1252.5 0.08679803831001674
1253 0.08617758017370389
1253.5 0.0869399914391325
1254 0.08549987548219624
1254.5 0.0840320337790678
1255 0.08384521055024363
1255.5 0.0844272677699293
1256 0.08296370248408387
1256.5 0.08131308444528051
1257 0.08177619015898464
1257.5 0.081940027283922
1258 0.08158657814389576
1258.5 0.08087602598928803
1259 0.07976951582566483
1259.5 0.07844652679603384
1260 0.07738329222988463
1260.5 0.07917375743860798
1261 0.077240817564973
1261.5 0.07686320947485352
1262 0.07663436617498208
1262.5 0.07660329238171114
1263 0.07640456011824442
1263.5 0.07677776282192562
1264 0.07430423793234238
1264.5 0.07448165634557879
1265 0.07479642719771075
1265.5 0.07473733462470765
1266 0.07255782889208053
1266.5 0.07142152695978647
1267 0.07387436718237153
1267.5 0.07195526749296341
1268 0.07323922834906864
1268.5 0.07118671041638922
1269 0.07169732480173471
1269.5 0.07170920006888042
1270 0.07109669461326544
1270.5 0.07040714989105529
1271 0.06826741323865332
1271.5 0.06844730868641118
1272 0.06788782635218239
1272.5 0.0678539209032183
1273 0.0672471941057321
1273.5 0.06774739985071662
1274 0.06624980535605028
1274.5 0.0674280254909834
1275 0.06519738802515224
1275.5 0.06560083681608628
1276 0.06511456536966552
1276.5 0.06471594144629704
1277 0.06479070575221126
1277.5 0.06377588869771592
1278 0.06383196472695811
1278.5 0.06208786670991096
1279 0.06350134429563509
1279.5 0.06312495068463352
1280 0.06119336224773426
1280.5 0.061807705533354
1281 0.05946781621710216
1281.5 0.0604465884270829
1282 0.06043774154632451
1282.5 0.06012277571302248
1283 0.0589575652711251
1283.5 0.05927458382359967
1284 0.05917116638674153
1284.5 0.05736089284096861
1285 0.05796422709803523
1285.5 0.05732881348545233
1286 0.05788362967888387
1286.5 0.05762949834194815
1287 0.0565398063782163
1287.5 0.05542331367205841
1288 0.05617699375949982
1288.5 0.05637033324525224
1289 0.05510500049946637
1289.5 0.05624508740137371
1290 0.05381879367205411
1290.5 0.05433452040395433
1291 0.05405642834922601
1291.5 0.0539674148446926
1292 0.05356746776032392
1292.5 0.05211323757193924
1293 0.05353169885306652
1293.5 0.05202328755673447
1294 0.05245293180413117
1294.5 0.05171759373078255
1295 0.0502140275017689
1295.5 0.05051277648347359
1296 0.04993984241836441
1296.5 0.05089355392631698
1297 0.04972256318113292
1297.5 0.0481701689285944
1298 0.05020631693321181
1298.5 0.04866524263358479
1299 0.04895414720484378
1299.5 0.04832016770635474
1300 0.04769645914934436
1300.5 0.04802261169332538
1301 0.04850628004868358
1301.5 0.04757729179704776
1302 0.04758716550707573
1302.5 0.04653971090494948
1303 0.04657813990335169
1303.5 0.04611643848823054
1304 0.04570169751673084
1304.5 0.04443693413685564
1305 0.04515125267354647
1305.5 0.04458121919347869
1306 0.04475003805007807
1306.5 0.04435629658789028
1307 0.04470000835739717
1307.5 0.04413200966360434
1308 0.04377639081724665
1308.5 0.04189581338410883
1309 0.04263515819469918
1309.5 0.04262095738854577
1310 0.04249674190949342
1310.5 0.0412091720199125
1311 0.04256925578257018
1311.5 0.04190561224285553
1312 0.04027405055707613
1312.5 0.04200618817950366
1313 0.03978376721055182
1313.5 0.03983556338124019
1314 0.04058896437180309
1314.5 0.03918308744340167
1315 0.03883482865085962
1315.5 0.03875985252666136
1316 0.03852144467942419
1316.5 0.03831062280590095
1317 0.03849925393046234
1317.5 0.03787177636434012
1318 0.03769812442656051
1318.5 0.03710838695473462
1319 0.03744201717943321
1319.5 0.03664549206188519
1320 0.03724985432341296
1320.5 0.0382322749772105
1321 0.03713036301373508
1321.5 0.03657069421555861
1322 0.03533663893465455
1322.5 0.03506702811455657
1323 0.03520233592294759
1323.5 0.03517574303556938
1324 0.03461960886182729
1324.5 0.03458450691419804
1325 0.034253694050753
1325.5 0.03407561361736205
1326 0.03455104933357187
1326.5 0.03360398292058094
1327 0.03347144143484564
1327.5 0.03236588148858029
1328 0.03246641933615686
1328.5 0.03282533408252103
1329 0.03317479123639677
1329.5 0.03189470671642562
1330 0.03246669421768623
1330.5 0.03169567968376066
1331 0.03153864636527358
1331.5 0.0303345952792701
1332 0.03057787462659215
1332.5 0.03098915149341796
1333 0.0307799533389788
1333.5 0.03018173263113824
1334 0.02992922712638411
1334.5 0.02994214442017663
1335 0.02916929921438462
1335.5 0.02980910214685619
1336 0.02948707497213912
1336.5 0.02885721765201741
1337 0.02905569031290988
1337.5 0.02820719278113893
1338 0.02771151261166577
1338.5 0.02726925930282069
1339 0.028723234208258
1339.5 0.0267462495041839
1340 0.02692783588029751
1340.5 0.02682894607122654
1341 0.02715892933257634
1341.5 0.0273747525280388
1342 0.02539735492840024
1342.5 0.02448796889969062
1343 0.02562125561861409
1343.5 0.02631699267932418
1344 0.02678521093727559
1344.5 0.02586876408124448
1345 0.02552771984816422
1345.5 0.02578686996720367
1346 0.02479502103035383
1346.5 0.02476793170370312
1347 0.02463681318958491
1347.5 0.02438456617947145
1348 0.02457429655490437
1348.5 0.02409748874538434
1349 0.02361273477221879
1349.5 0.02282630015163541
1350 0.02333603120667471
1350.5 0.022870151359149
1351 0.02351701283081693
1351.5 0.02317227469080281
1352 0.02323260932756852
1352.5 0.02261333032354823
1353 0.02289744979620578
1353.5 0.02180693699649448
1354 0.02219420943995368
1354.5 0.02180047797750299
1355 0.02213575319411201
1355.5 0.02128876993588951
1356 0.02047725826308924
1356.5 0.02181319845638216
1357 0.02013094113732712
1357.5 0.02108093657326786
1358 0.02124458713046236
1358.5 0.02070035936762994
1359 0.02041250896242816
1359.5 0.02053370733620678
1360 0.01931063382260807
1360.5 0.01963646807485156
1361 0.01949462689239669
1361.5 0.01937845319409872
1362 0.01999189009255636
1362.5 0.0194856293625471
1363 0.01931888520124094
1363.5 0.01833990640325683
1364 0.0181150365250025
1364.5 0.01811866474487194
1365 0.01799561259187309
1365.5 0.01831997609670067
1366 0.01764041385290465
1366.5 0.01841113902470131
1367 0.01808613366130924
1367.5 0.0173409070336029
1368 0.01689103376819746
1368.5 0.0173323764319243
1369 0.01678241228685959
1369.5 0.01630875000726409
1370 0.01700103277184354
1370.5 0.01692161375698916
1371 0.01680045141688372
1371.5 0.01654562403097729
1372 0.01643326198297911
1372.5 0.0155275584135069
1373 0.01529924074615703
1373.5 0.01623057839196531
1374 0.01521030390811292
1374.5 0.01524088161066203
1375 0.01517154328536868
1375.5 0.01554306274184996
1376 0.01486695274264015
1376.5 0.01524644999047284
1377 0.0149034542930953
1377.5 0.01429560483173398
1378 0.01422722986052963
1378.5 0.01423347110295664
1379 0.01438035899219271
1379.5 0.01376636614678117
1380 0.01418602139596826
1380.5 0.01384550270569419
1381 0.01395098072284432
1381.5 0.0136688266539426
1382 0.01338707718610304
1382.5 0.01302340922787421
1383 0.0135322505524499
1383.5 0.01265933469228387
1384 0.01226411221664762
1384.5 0.01283805750695806
1385 0.01254990308921047
1385.5 0.01276215575108979
1386 0.01245808362282111
1386.5 0.0128337861603834
1387 0.01226018995048171
1387.5 0.01224318235072194
1388 0.01173616817261544
1388.5 0.0120541673155743
1389 0.01193947068141118
1389.5 0.01153970320929971
1390 0.01146625358957775
1390.5 0.01160448916296058
1391 0.01186450216948735
1391.5 0.01114900674512049
1392 0.01086490994712628
1392.5 0.01003755135143775
1393 0.01046821171794602
1393.5 0.0107767096735375
1394 0.01050987699339664
1394.5 0.01056707105984276
1395 0.009993521328983497
1395.5 0.01007523674839235
1396 0.00996306150365283
1396.5 0.01023830893976798
1397 0.009368321880938035
1397.5 0.009949741843257746
1398 0.009515938397107144
1398.5 0.009436730641282318
1399 0.009116457543543932
1399.5 0.009455383442705443
1400 0.009288076329288034
1400.5 0.009498039344081969
1401 0.008585422820403352
1401.5 0.008635371875057158
1402 0.009221571543949595
1402.5 0.008567068100221096
1403 0.008824746110536701
1403.5 0.008706631268116289
1404 0.008261418491188674
1404.5 0.008462922913139728
1405 0.008146043698770911
1405.5 0.007988913545091387
1406 0.007561386752820747
1406.5 0.008025279771678885
1407 0.007916252382288373
1407.5 0.007823262660621824
1408 0.007563731073198697
1408.5 0.007653535463229701
1409 0.00768773201991222
1409.5 0.007618919760890591
1410 0.007281118348630786
1410.5 0.007283865829481941
1411 0.007452571535302349
1411.5 0.007028727881570243
1412 0.006826454536425607
1412.5 0.00697934787944329
1413 0.006990170747681623
1413.5 0.00698522632997763
1414 0.006555331681344079
1414.5 0.006692249819664009
1415 0.006491060481758623
1415.5 0.006494328466178182
1416 0.006693773496439411
1416.5 0.006265591978409619
1417 0.006206317214366945
1417.5 0.005833895234898204
1418 0.006048887681442131
1418.5 0.005481606116472608
1419 0.005876267233319302
1419.5 0.006090771362966717
1420 0.005548063206444681
1420.5 0.005973031178132235
1421 0.005579218301236009
1421.5 0.005622014452243742
1422 0.005610280301974175
1422.5 0.005132014486092327
1423 0.005058475799152697
1423.5 0.005148101176928635
1424 0.005346231143488452
1424.5 0.00493927280118142
1425 0.004625866452115557
1425.5 0.004994290033282995
1426 0.004634856148417572
1426.5 0.00460841090812148
1427 0.004589728402889967
1427.5 0.004656006377173134
1428 0.00465274643932299
1428.5 0.004240828288870313
1429 0.003860306218910897
1429.5 0.004319595002444301
1430 0.004208852824596152
1430.5 0.003890660006566426
1431 0.004049298903383979
1431.5 0.004130932124509442
1432 0.004005280675229311
1432.5 0.003994817559652772
1433 0.00416826198027749
1433.5 0.004104099519039402
1434 0.003550325453531037
1434.5 0.003723714228427359
1435 0.003973269556473437
1435.5 0.003550545213257489
1436 0.003563333648734055
1436.5 0.003515103790077738
1437 0.003299307910127839
1437.5 0.003403614025265219
1438 0.003416465638282253
1438.5 0.00296546882467182
1439 0.003236953788851952
1439.5 0.003098027816243233
1440 0.003141404381274493
1440.5 0.002957239986945679
1441 0.003152200671204412
1441.5 0.002877416908721999
1442 0.002913256317552247
1442.5 0.002631455853345766
1443 0.002599406906847411
1443.5 0.002756181264371702
1444 0.002376975226966508
1444.5 0.002722203560731334
1445 0.00262989385888922
1445.5 0.002424756699033883
1446 0.002408029930034054
1446.5 0.002308606891147247
1447 0.002554996696695485
1447.5 0.002290399196849521
1448 0.002288817702543582
1448.5 0.002152253317080381
1449 0.002278165658012036
1449.5 0.002089374317474077
1450 0.001998130021630427
1450.5 0.002108929832096133
1451 0.001890750328298998
1451.5 0.002053747754835513
1452 0.002097111758553277
1452.5 0.001745147194654859
1453 0.00191535986527903
1453.5 0.001802327801721611
1454 0.001711778278594087
1454.5 0.001621352817583675
1455 0.001783749002439892
1455.5 0.001492863590164759
1456 0.001707078820883374
1456.5 0.001335057636756114
1457 0.001474967534090139
1457.5 0.00148136253576523
1458 0.001443338019136122
1458.5 0.001568091794280754
1459 0.001515276072635108
1459.5 0.001477305399605461
1460 0.001276994067674173
1460.5 0.001342507601859888
1461 0.001393188434367065
1461.5 0.001289106794584405
1462 0.001111554318334261
1462.5 0.001162288191762085
1463 0.000896849698756418
1463.5 0.001072545908329939
1464 0.001079154607918279
1464.5 0.00113710726514187
1465 0.001011701339951277
1465.5 0.000871813930094876
1466 0.0009663945649081182
1466.5 0.001009632774113134
1467 0.000818853638588125
1467.5 0.001008257252782197
1468 0.0008177384141501345
1468.5 0.0008390704504568046
1469 0.0007291298807628885
1469.5 0.0006484840728209015
1470 0.0007863892611183491
1470.5 0.000596667362691098
1471 0.0006907911229567771
1471.5 0.0006830552110088076
1472 0.000646283212121124
1472.5 0.000689384455499628
1473 0.0006236507453668309
1473.5 0.000463797263399767
1474 0.0006879820802963329
1474.5 0.0003980353315698996
1475 0.000404997623261242
1475.5 0.0005781759830750885
1476 0.0005416728105724669
1476.5 0.0004907841157028486
1477 0.0003245637490858172
1477.5 0.0004180435264627204
1478 0.0003817468741858996
1478.5 0.0002951139147597792
1479 0.0004100029635423077
1479.5 0.0003378441530301768
1480 0.0003160659662679072
1480.5 0.00027996018495179
1481 0.0002654239421826852
1481.5 0.0003154262646954349
1482 0.0002865576930582124
1482.5 0.0002434097672855047
1483 0.0002289370932691013
1483.5 0.0001930354849701781
1484 0.0001357482648965348
1484.5 0.000192775504548533
1485 0.0001783756585632944
1485.5 0.0001283440326575605
1486 0.0001425085315452943
1486.5 0.0001566539470806773
1487 0.0001636644619759148
1487.5 0.0001137770114356237
1488 9.948799108230309e-05
1488.5 0.0001065226763119848
1489 4.967720267115212e-05
1489.5 9.219573382063176e-05
1490 7.087220605472562e-05
1490.5 0.0001345668630198495
1491 4.246630275606593e-05
1491.5 6.365675297616731e-05
1492 2.827293099607134e-05
1492.5 8.476197249542661e-05
1493 4.235260453998894e-05
1493.5 2.821616755514877e-05
1494 4.934524768573063e-05
1494.5 6.340144540056564e-05
1495 1.407978744417591e-05
1495.5 2.814074849751016e-05
1496 3.515242622530321e-05
1496.5 0
1497 7.021095616398522e-06
1497.5 0
1498 0
1498.5 7.007046404077145e-06
