10053096.49148734
544
 -18.78238104454266   11.36385123015272 0.08970314970814508 1 2 14 43 0
 -16.47446289430594   13.32839503813823 -0.3351961946827311 -1 3.08 122.06 19 0
-16.60454020310764  8.656824417778529 -2.532219834455268 0 2.78 90.06 57 0
-17.2454618655123 6.658314718352546 -5.69116466237227 0 2.7 82.04000000000001 50 0
-20.05581967132085  2.778007632575312 -4.306293202159976 0 3.06 120.07 18 0
-16.97991618927662  2.487309594543933 -8.032551171679874 -1 2.97 110.05 4 0
-13.17277529782059  4.750602061836324 -4.918727238784826 0 2.9 102.07 34 0
 -16.48675841020353   2.255870849950453 -0.5402208534032309 0 3.21 138.1 45 0
 -16.33215704701596 -0.8159460534061571  -3.836551140450701 0 2.95 108.05 3 0
 -11.34528381854094 0.04047769501863355  -5.729351925331331 0 3.06 120.07 18 0
-10.65733821124506  2.826425748165918 -1.049377317274975 0 3.21 138.1 45 0
-13.18844994152337 -2.660139933611972   1.18952631877211 0 2.95 108.05 3 0
-10.83211608587093 -5.184361449092945 -2.503725032074519 0 2.9 102.07 34 0
 -7.34882939028507 -3.201128826166302 -2.858413887444294 0 3.21 138.1 45 0
-8.064481383806108 -3.620731240991423  2.767237193735302 0 2.51 66.04000000000001 1 0
-10.28922727811003 -7.301694095321761  2.450648818593811 0 3.06 120.07 18 0
-6.203594667063829 -8.400504936784191 -1.695449341849427 0 3.33 154.1 56 0
-3.679355341011877 -5.502629373900847  3.067323915790292 0 2.7 82.04000000000001 50 0
-5.111624029926569 -7.993838620052544  5.751713589153461 0 2.51 66.04000000000001 1 0
-4.124122756438569 -10.90191374712322  4.023874097367229 0 2.51 66.04000000000001 1 0
-0.5875506303545924  -10.22844633691783   4.596097187374961 0 2.51 66.04000000000001 1 0
-0.7185688716588943  -8.330940537978812   8.624349785404601 0 3.33 154.1 56 0
-2.890064283961598 -13.98416463885087  7.345943356270388 0 2.86 98.09999999999999 15 0
0.4887944011696785  -16.6938360511463  7.710608753628647 0 2.35 54.03 20 0
 -2.66291389284103 -19.02572777397851  5.791494934162125 1 3.03 116.08 52 0
-1.393048389772948 -15.90849435485492  3.230846687724026 0 2.95 108.05 3 0
 3.269139173586136 -15.45189845348897  4.250255017042361 0 2.95 108.05 3 0
 3.703559630252601 -20.43179965035324  3.583920285167449 -1 2.97 110.05 4 0
   1.823065849702683   -20.31474203780787 -0.03127219688421223 0 2.51 66.04000000000001 1 0
 1.240452222958104 -22.85217984166117 -2.336263470580374 0 2.78 90.06 9 0
 1.451215774727607 -21.73128211237025 -6.220228716426949 0 2.51 66.04000000000001 5 0
-2.456157416310902 -21.59833175083607 -6.711866765278364 0 2.35 54.03 20 0
-3.066863859921977 -21.72048671325928 -3.626600193292183 0 2.82 94.05 54 0
 -6.97979121768816 -20.40940892439714 -2.891464456602176 0 2.95 108.05 3 0
 -6.09189252277177 -15.90919011540204 -1.058005535364143 0 2.9 102.07 26 0
-7.432696494856547 -17.65078525387879  2.821445600112522 0 2.82 94.05 54 0
-8.401709486113687 -14.78602139737606  5.538779568232962 0 2.86 98.09999999999999 15 0
-8.205635508604695 -16.29788714610958  9.652022447329177 0 2.82 94.05 54 0
-11.83903896778873 -15.27034590680253  10.02254549130258 0 2.35 54.03 20 0
-14.20234800703797 -12.70376295923111   7.89972463594856 0 2.95 108.05 3 0
-10.20482107658025 -10.63446036551079  7.161868791469549 0 2.51 66.04000000000001 1 0
-10.26407701185831 -12.03461860376063  3.350085918919038 0 2.86 98.09999999999999 15 0
-14.20017982286237  -11.5149196090033  2.783074772041474 0 2.78 90.06 9 0
 -14.96169252223763  -9.448576828713493 -0.9083455441807686 -1 3.08 122.06 19 0
-10.30822068472165 -11.84611100738969 -1.471471428845671 0 2.78 90.06 57 0
-12.20650478051783  -15.6249135333083 0.8181687168976901 -1 3.08 122.06 19 0
-16.44827467202667 -13.12913268707781 -2.802761579544607 1 3.03 116.08 52 0
-12.68669516026995 -14.03130053553432 -5.438860360564532 0 2.51 66.04000000000001 1 0
-10.46865588402314 -16.49816749096626 -8.892942181855638 -1 2.97 110.05 4 0
-7.783559671704349 -15.55767260014009 -5.675251438624261 0 2.51 66.04000000000001 1 0
-4.622641948113975 -17.28801215378963 -6.936078229253548 0 2.82 94.05 54 0
-1.307606350962921 -17.37593628930266 -3.420198485631608 0 3.21 138.1 45 0
 1.348012918687702 -15.78847250169415 -8.543637669641363 0 2.9 102.07 7 0
 6.418763531626993 -14.88245384753953 -4.681653143073081 0 3.33 154.1 56 0
 4.442444173237806 -16.48755059492353 -1.229334754971724 0 2.7 82.04000000000001 50 0
  6.816114866673086   -12.3714728859739 -0.1470816563629018 0 3.21 138.1 45 0
 8.248300338581181 -15.79120874423975  4.805768885810754 -1 3.08 122.06 19 0
 12.32485826481738 -13.51531426409659  6.190309540763149 -1 2.97 110.05 4 0
 12.68835151859408 -11.29497704924612  2.350655215537632 0 2.7 82.04000000000001 50 0
  15.7925126156936 -9.479536741988218  2.853390129858809 0 2.35 54.03 20 0
 16.49313321444697 -6.155658313365572  4.469362898711294 0 2.78 90.06 12 0
13.22141892880768 -6.34661638987607  7.22639874806542 0 2.35 54.03 20 0
 10.67070037822166 -9.353546071449529  7.595578636128486 -1 2.97 110.05 4 0
10.10781776809494 -8.37749860725199 3.136221334089783 0 2.78 90.06 57 0
 6.449976924055752 -10.18741583796141  4.285270073342286 0 2.82 94.05 54 0
 4.047727390802464 -11.30865078713094  1.182487065389934 0 2.35 54.03 20 0
0.1227398848064584 -11.58559862948539 -1.181138751533216 0 3.21 138.1 45 0
 1.978327998378797 -11.80222840404437 -6.288685358133081 0 2.9 102.07 34 0
-2.029175809100785  -12.0223038977762 -6.660725725758003 0 2.51 66.04000000000001 1 0
-4.084929874951293 -13.76458159713713 -10.29633965885142 0 2.9 102.07 34 0
-8.394689442619031 -11.26641835070257 -9.130871125004848 -1 2.97 110.05 4 0
-9.072616854895726 -14.24875732386153 -12.58239335518977 0 2.95 108.05 3 0
-13.03053611346608 -11.90233742029366  -10.3892739288781 0 2.82 94.05 54 0
-11.56678612135192 -8.164389076720955 -9.929050976194539 0 2.95 108.05 3 0
-9.679431504880904 -9.268298201473076 -14.38451764464166 1 3.03 116.08 52 0
 -6.51010034413726 -7.665931798404984 -10.38173224599026 0 2.9 102.07 34 0
-1.718847166568075 -8.150876464669487 -10.99621633418728 0 2.9 102.07 26 0
-2.253336315075627 -7.929934622430765 -6.278052487222571 0 2.78 90.06 57 0
  2.18848761573988 -6.643164373137521 -4.557787237071876 0 2.9 102.07 34 0
 0.4236091562766629   -7.46741044175048 -0.5407406264759831 0 2.7 82.04000000000001 50 0
 4.119535005614999 -5.293082087190936 0.5065159575531917 0 3.21 138.1 45 0
 3.902193227269044 -8.736156459372708  7.029026708962312 1 3.25 144.09 2 0
3.245272287671125 -5.30201349870067 7.999667231676718 0 2.35 54.03 20 0
 4.300481455901933 -4.298470476134178  11.36033755672242 0 2.7 82.04000000000001 50 0
 2.999609032802805 -9.522085980806819  12.88799689267221 1 3.25 144.09 48 0
 8.544755547135257 -8.598529504911204  13.11931619450553 0 2.7 82.04000000000001 50 0
  11.5361876988065 -7.634548359915241  16.18861661370901 0 2.9 102.07 6 0
  13.2340578690443 -8.257072653275406  12.25501706394292 -1 3.08 122.06 19 0
 9.314553812835438 -5.583266695536774  10.57818084881651 0 2.95 108.05 3 0
 9.599351240925616 -1.648018871893268  15.91262515524168 0 3.48 176.13 11 0
 14.41455402546832 -2.550750072224608  14.10654305146402 0 2.9 102.07 6 0
   13.3904487558249 -0.6682035965379381   10.40606400250905 0 2.35 54.03 20 0
 10.00414432966165 0.9283710509087877  11.14710161990381 0 2.95 108.05 3 0
13.44668266476816  2.52664299952788 14.25962690116371 0 2.9 102.07 7 0
 16.4223484757106 2.784299886967472 10.23123603772101 0 2.95 108.05 3 0
14.47337256621939 7.905476792585706 12.05226378513565 0 3.21 138.1 8 0
 17.9982868192475 7.781152396596116  8.30185754131433 -1 2.97 110.05 4 0
16.23486184406531 11.05262506770086 5.251619525257526 0 2.9 102.07 34 0
18.61344279371838 6.867491248050882 1.818186166297791 1 3.03 116.08 52 0
   20.47161205538462    9.396411610395424 0.006160279025617887 -1 3.08 122.06 19 0
15.89755173011576 8.254292932617023  -3.4301429844413 0 2.9 102.07 26 0
 18.66784958136721  10.74387196302493 -6.591739432987294 0 2.95 108.05 3 0
 17.28938118597183  6.283512016451842 -8.017078714048484 -1 2.97 110.05 4 0
 13.40341655202091  7.196746364730194 -7.606608356998518 0 2.9 102.07 6 0
 13.43699467668224  11.38682383266056 -7.291787218995842 0 2.86 98.09999999999999 15 0
 15.94092183120784  14.55185164813102 -8.411930851968823 0 2.7 82.04000000000001 50 0
 16.15553212526034  15.25300858470697 -4.181551270875962 0 2.35 54.03 20 0
 13.96521219249387  12.64799319750366 -3.944438550340653 0 2.86 98.09999999999999 15 0
16.55625970108873 12.87616699811081 1.701569205862988 1 3.25 144.09 48 0
14.37461299191719 8.441002687356036 2.065971744753894 0 2.35 54.03 20 0
12.55902870833117 5.565334784187998 5.952947672222228 0.5 3.14 130.08 23 0
17.17445062836676 4.089727260141077 5.225771646978257 -1 2.97 110.05 4 0
14.39414126802651 1.126670344606102 5.392515765883406 0 2.35 54.03 20 0
10.48900470653126 2.164544818654434 4.836516631587692 0 3.21 138.1 45 0
 14.46092937782552  2.453686204860293 0.8193956832975799 0 2.82 94.05 54 0
  16.64746061861397 -0.5579384754224377   2.285012257483634 0 2.7 82.04000000000001 50 0
 13.74408889606222 -3.124330025002696  2.454254917514146 0 2.7 82.04000000000001 50 0
 11.63724329760449 -2.237045160239966  -3.28812440215668 0 3.48 176.13 55 0
  16.21448142108713 -0.3790396085148827  -3.899167418764062 1 3.25 144.09 48 0
  16.36539683588787  -6.004831863118047 -0.7773666389519545 0 2.7 82.04000000000001 50 0
 13.16406909326562 -7.318066231812839  -2.78708457973279 0 2.78 90.06 57 0
 13.22306555431789 -5.258940426240939 -6.256967914846622 0 2.51 66.04000000000001 1 0
 15.49391231049832  -7.19932689895431 -8.750873360081535 -1 2.97 110.05 4 0
 12.72677929384728 -10.79882564567158 -7.120497735818732 0 2.82 94.05 54 0
 9.119440130059134  -8.66943584022207 -6.470463704949501 0 2.9 102.07 34 0
 11.56197072643667 -5.060544645807064 -11.05336199025512 1 3.25 144.09 48 0
 10.99789420913011 -11.32989527640703 -12.46671878061989 0 3.06 120.07 18 0
  7.83625314482347 -12.75161313280544  -9.89793343622312 1 3.03 116.08 52 0
 5.182013949881087 -8.158503350211729 -11.62114493471212 0 2.78 90.06 57 0
 7.670227974259163 -7.324292107807437 -15.36101225905568 -1 3.08 122.06 19 0
 6.651548544493936 -12.77559971000212 -15.45993997193767 -1 2.97 110.05 4 0
 2.235186542992792 -11.40940371396873 -14.78577589323639 0 2.51 66.04000000000001 1 0
 1.869782633342245 -8.304673165006406 -17.03450647376093 0 2.78 90.06 57 0
  3.62482939770573 -11.30954397944242 -19.97046786231061 1 2.78 90.06 48 0
0.4313752112050104 -13.71587805123138 -18.77762431826853 -1 2.65 78.05 19 0
-2.522816898766783 -12.31035334873182 -17.11418501706888 0.5 3.14 130.08 23 0
-1.963789208919052 -8.149092585668491 -20.57370506313228 0 2.78 90.06 9 0
-5.991375338102655 -7.719777158899845 -19.44897786804917 -1 2.97 110.05 4 0
-5.793243497513183 -9.282178931076729 -15.60663880154099 0 3.33 154.1 56 0
-5.831555256215326 -2.493378646433045 -11.94277308415919 1 3.25 144.09 48 0
-1.000042664559289 -3.490726785099584 -11.52300195089197 0 2.78 90.06 57 0
 -2.60414414120446 -3.151457039666415 -7.580330835997834 0 2.78 90.06 57 0
 1.816222351058281 -2.343917771764478 -6.153545134141327 0 3.21 138.1 45 0
-1.507315885279191 -3.006467136383605 -1.232705471453186 0 2.82 94.05 54 0
-0.954765438379891 -1.662238382280031  2.187759859618358 0 2.35 54.03 20 0
-1.513070095768755 -1.661469947586876  7.388754414629525 0.5 3.14 130.08 23 0
 1.670231572434716 0.3697256714505756  7.854093934095451 0 2.7 82.04000000000001 50 0
 5.660307302705775 -1.298182198367526  6.627549586897891 0 2.9 102.07 34 0
 3.256177757590144 -1.763932179132337  3.479723017655044 0 2.35 54.03 20 0
2.533558858572551 1.024839374978239 2.295721683007351 0 2.35 54.03 20 0
5.475974669082364 2.191224104749588 2.453499613881618 0 2.51 66.04000000000001 1 0
7.153991959721667 -1.10559188976332 1.180553702254687 0 2.9 102.07 34 0
 4.027388150029946 0.1228773091779076 -1.842183645833039 0 2.51 66.04000000000001 1 0
 4.479200192995874  3.937185343094791 -1.882940519816689 0 2.82 94.05 54 0
 8.601677684329481   2.93588738034398 -2.696199243615754 0 2.78 90.06 57 0
 7.629305712933995  0.240900322431178 -5.315073721333846 0 2.51 66.04000000000001 1 0
 5.803894457568889  2.104082615740574 -7.273138711747236 0 2.35 54.03 20 0
 7.760304189192867  4.689868835408148 -7.792815154441734 0 2.51 66.04000000000001 1 0
 11.22730947489263  1.977735794549795 -8.398727481203696 -1 2.97 110.05 4 0
  8.484852790827286 -0.4133483481936974  -10.66282155754176 0 2.9 102.07 34 0
 4.574587603262879  4.242958158070841 -10.99060950553076 1 3.25 144.09 2 0
7.523273721267117 3.039949451707961 -16.5717998170657 0 2.35 54.03 20 0
   8.50980783308438 -0.3799997907342598  -17.09345070115784 0 2.95 108.05 3 0
  4.24151746653609 -0.269232949095202 -19.55419227444434 0 2.35 54.03 20 0
 4.017230013037423 -2.084840056608407 -15.65186988927185 0 3.33 154.1 56 0
-0.2121783671215165   1.754107979327314   -15.3531797807595 -1 2.97 110.05 4 0
 1.602919914551888 0.8546635507016335 -10.78341917588796 0 2.9 102.07 26 0
-2.737367220820112   1.82031830369657 -9.164387207515883 -1 2.97 110.05 4 0
-0.941128704657491  2.615642719106077 -4.730718038162046 0 2.78 90.06 57 0
  -5.0052987754099  1.299266814762752 -3.361774962205948 0 3.21 138.1 45 0
-2.225292278691696  3.317615781417844  1.397816761884752 0 2.7 82.04000000000001 50 0
-5.039626441057125 0.9188897574513727  3.280885722559607 0 3.33 154.1 56 0
-1.658102761240127  3.641669783338919  7.540874641600593 0 2.35 54.03 20 0
0.8287692763774031   5.08174121637707  6.135608918632388 0 2.51 66.04000000000001 1 0
 3.95495674379579 5.997284471821941  7.01961032326519 0 2.78 90.06 47 0
 4.96300624158258 11.44828414188348  7.32065658995866 1 3.25 144.09 2 0
8.171093588896415 7.829164082734835 2.694511797779218 0 2.78 90.06 57 0
9.669722206993104 11.57238299342703 2.918434723689129 0 2.35 54.03 20 0
 11.70529641878414   14.4002032043136 0.9209624441199242 0 2.95 108.05 3 0
  7.619900424707099   19.36657290063977 -0.1069697888112278 1 3.25 144.09 48 0
 10.63999799289788  15.96140070325381 -2.912121126714066 0 2.51 66.04000000000001 5 0
 9.422840361378903  10.89808607293781 -2.653468278488514 0 3.21 138.1 45 0
 5.983673946840216  14.40880702203524 -1.811517075371783 0 2.51 66.04000000000001 1 0
 6.432942748716215  17.82114503518444 -4.408322392615877 -1 3.08 122.06 19 0
 7.799832994400379  12.04916727247625 -7.714087331918372 0 3.21 138.1 8 0
 4.577799529146963  10.44567527414779 -4.790504975830027 0 2.9 102.07 34 0
 1.674392023104757  14.32409617543888 -5.782055379725109 0 2.82 94.05 54 0
 2.995711715066845  14.44460809661822 -9.950561128510152 0 2.78 90.06 12 0
 4.525637789059035   9.43109012953248 -10.40152326013316 0 3.06 120.07 18 0
 2.655037575275976  9.505578243950007 -14.31674233312844 0 2.82 94.05 54 0
 1.359959524348139   5.48553223980523 -14.08354500416512 0 2.35 54.03 20 0
-0.7355020337872554   6.007278844784367  -11.80391732543216 0 2.35 54.03 20 0
-3.116251710524429  6.362227954327238  -8.85087277304925 0 2.82 94.05 54 0
-1.270482013407616  7.254357479094237 -4.420729640748692 0 2.9 102.07 34 0
-5.728802217836707  5.673065338126264 -4.634290297427129 0 3.33 154.1 56 0
-2.429849528763736  9.503982159205767  1.829437463625903 1 3.25 144.09 2 0
-6.235020332225416  5.497328326940438  2.938284285352553 0 2.9 102.07 26 0
-6.180467896513894  8.230695630992827  6.544873428059561 0 2.82 94.05 54 0
-9.017722432843328  6.060518781554554  10.88890763446558 0.5 3.14 130.08 23 0
-9.239495074051245  9.280184713365932  12.38504940665301 0 2.82 94.05 54 0
-6.561178816453078  9.799720090846337  15.43772463357745 0 2.95 108.05 3 0
-3.543395065164793  6.460793693294708   12.7517795887043 -1 2.97 110.05 4 0
0.0323687143601406  7.575949858444098  15.39656656547862 0 2.9 102.07 6 0
 1.26154166539019 5.772391715711705 11.76323683781251 0 2.78 90.06 57 0
-0.1852562062108559   8.739472821991958   9.560481596803712 0 2.78 90.06 47 0
-0.3047386496015277   12.03518729579144   13.36046805622034 1 3.25 144.09 48 0
4.917272700166505 8.972623470729795 12.35950385221819 0 2.9 102.07 7 0
8.024194740167264 10.41956665631428 10.69730083305886 0 2.78 90.06 47 0
8.228771370090756 13.54965463985653 12.85423537998224 0 2.78 90.06 9 0
6.533496748124865 18.25537986718748 9.046927262438178 1 3.25 144.09 48 0
10.01444112743645  17.9371741069163 13.19672549457572 -1 3.08 122.06 19 0
12.72523739756401 13.99867296371172 12.40345734146386 0 3.21 138.1 8 0
11.82408180912917 15.86279113768607 7.057757098373972 0 2.35 54.03 20 0
10.17842375347147 12.34885311628884 7.048528416607076 0 3.33 154.1 56 0
6.459275103947748 15.02862325430589 3.840569037479205 0 2.7 82.04000000000001 50 0
2.336473037964987 12.73500948764971 3.864736127046187 0.5 3.14 130.08 23 0
  1.404489020167052   12.74406131103356 -0.4596671710791702 0 2.7 82.04000000000001 50 0
-1.414035752630041  14.99153414137549 -2.499636535666399 0 2.7 82.04000000000001 50 0
-4.245543354717276  13.29287168418607 -2.175226960433659 0 2.78 90.06 47 0
-5.598444072657639  12.72819497097436  3.148494473267971 -1 3.08 122.06 19 0
  -8.63084865857574   9.756447441205001 -0.6319321026860407 0 3.33 154.1 56 0
-10.24077909994151  12.08795699268739  7.458816953972117 0 3.48 176.13 11 0
-11.59606193061605  7.094056199556436  7.013027363614255 0 2.9 102.07 26 0
-15.52209540043865  10.70705193478357  9.081744372108577 1 3.03 116.08 52 0
-15.47991554893608  6.533539925330269  10.61120421044232 0 2.7 82.04000000000001 50 0
-14.95748173510034  4.936486995004211  13.67920386272714 0 2.35 54.03 20 0
-12.96678711553684  2.476413918716067  15.82660401485592 0 2.82 94.05 54 0
-15.43427742684461 -1.078663905351043  15.79500881049765 0 2.9 102.07 7 0
-17.81612087611773  1.994814451872345  12.80578590018307 0 2.78 90.06 12 0
-19.25286772976178 0.6955908220090998  9.791848864032502 0 2.78 90.06 9 0
-17.14719089161719  2.557727877929248  6.224683088528173 0 2.78 90.06 57 0
-20.00452648213009  4.959512771020102  4.448707109901844 0 2.82 94.05 54 0
-20.39385051279548  6.931177461289519 -0.812855129272871 1 3.25 144.09 48 0
-20.85896597012826  9.987251700163933  2.887299582757742 0 2.95 108.05 3 0
-17.70295630081132  8.326704929812809  6.082522489921517 -1 2.97 110.05 4 0
-14.38299256407898  8.597622223735804  2.521273040216236 0 2.9 102.07 26 0
-12.92062205889792  13.03431965695029  3.095832371765987 0 2.78 90.06 12 0
-10.33311417120236  14.55687229741905 -1.687385732888852 1 3.03 116.08 52 0
-7.836762541561551  16.05001351567238  2.180679917893783 0 2.9 102.07 26 0
-6.367280686219637  18.20228766918886 -2.253389779842641 -1 3.08 122.06 19 0
-2.208219893093469  18.96663823003103 0.1113703718425312 0 2.35 54.03 20 0
 1.725082626523273  18.76404252748978 0.1022438085163873 0 2.9 102.07 6 0
2.178964848929276 18.51568495813546 4.586326265033699 -1 2.97 110.05 4 0
-2.416738883589602  18.79178250775426  4.981960412462934 0 2.51 66.04000000000001 1 0
-4.226293774796293  20.34941407425896  7.871409152251663 0 2.82 94.05 54 0
-7.894860425667199  18.09500908886947  8.618605190216957 0 2.35 54.03 20 0
-7.231351269373103   15.4511309377339  8.590947768325748 0 2.35 54.03 20 0
-4.508082148774641  12.31831072505212  10.26640735970376 0 2.95 108.05 3 0
-2.134757839016407  16.60934762660167  9.896261351933408 0 2.95 108.05 3 0
-5.867543991836856  17.22066491060707  13.00012277798789 0 3.06 120.07 18 0
-3.808500864154517  19.40330194005202  16.28291686629209 0 2.78 90.06 9 0
-4.957314950871853  15.67767844714277  17.77339826829511 0 2.95 108.05 3 0
-4.505232404988291  13.10561676564309  21.18103984369185 0 2.9 102.07 6 0
-2.734691256441744  10.39328067537801  19.13455041122487 0 2.78 90.06 9 0
-5.659138289780605  6.222113798628686  18.62588305855337 -1 2.97 110.05 4 0
-2.927523821321214  3.120317337694017  18.70879347156139 0 2.9 102.07 6 0
-6.781247985393609  1.617084493367111  18.09844020533093 0 2.78 90.06 9 0
-7.293619888762663  3.418045542663996  14.65260164913266 0 2.51 66.04000000000001 1 0
-3.049134502622083  1.572336888828838  12.52339700611966 0.5 3.14 130.08 23 0
-6.064101514106868 -1.803886112067079  14.14064813162448 0 2.9 102.07 7 0
 -11.94231108610073 -0.5458698163841387   11.99425644085749 0 3.48 176.13 11 0
-7.686923147658316  1.643489426450631  8.112433974918066 0 3.33 154.1 56 0
 -12.75475223510126 0.04758947834049186   5.308485018319796 0 3.21 138.1 45 0
-11.38763763890437 -3.321055534408961  9.287669545739814 0 2.35 54.03 20 0
-9.894511009541123 -5.602366074417922  12.27964299380778 0 2.9 102.07 7 0
-6.026152770932416 -4.172062954452358  9.515066613911173 0 2.9 102.07 26 0
-3.193961555756879 -6.852685035523481   11.6715561709133 0 2.35 54.03 20 0
-5.488716536935149 -8.664958241800839  13.68394863303582 0 2.82 94.05 54 0
-4.587874157751196 -12.21633442468138  10.60043809307934 0 2.86 98.09999999999999 15 0
-3.014530706688515 -14.84687100348042  13.76352973295975 0 2.9 102.07 7 0
-8.031382100309232 -25.73908812120438 -5.062376091662024 0 2.9 108 39 0
-1.501388500893013 -15.45217930663588   11.7198143580566 -1 2 16 14 0
20.92703334300819 1.573622776267536 33.71691537475809 1 2 14 43 0
20.60845368507653 3.237775275403069 36.26555451665021 -1 3.08 122.06 19 0
 18.45466263591323 -1.419639089502525  35.68496809719876 0 2.78 90.06 57 0
 18.62227185043167 -5.114409212936537  36.52421472860657 0 2.7 82.04000000000001 50 0
 17.82388988657765 -7.527618220096965  32.23332069995314 0 3.06 120.07 18 0
 16.53726644336469 -9.427391566624546  36.49549706691619 -1 2.97 110.05 4 0
 14.25882822866398 -4.689771036347925  37.79024996133894 0 2.9 102.07 34 0
 13.78851088281167 -4.254088077032371  31.79304494494053 0 3.21 138.1 45 0
 12.75427908093408 -8.530363340006383  32.77772178848389 0 2.95 108.05 3 0
 10.24973573149566 -7.857507357957345  37.51687661636825 0 3.06 120.07 18 0
 10.08173836540215 -2.573935821620721  36.03613803315754 0 3.21 138.1 45 0
 7.825636272174083 -5.382390333302031  30.69346027154382 0 2.95 108.05 3 0
 5.659443618912923 -8.945395555228954  33.55295536974319 0 2.9 102.07 34 0
 4.481648032219702 -6.886728206300874  36.80364580822762 0 3.21 138.1 45 0
 3.049880257484019 -3.473564266641461  32.48664140589214 0 2.51 66.04000000000001 1 0
 2.462706398221554 -6.766263000407582  29.76403751696084 0 3.06 120.07 18 0
0.06915669390827385  -9.206351730210525   34.60209455019507 0 3.33 154.1 56 0
-1.381653501923276 -3.270152023341722  34.27019264810106 0 2.7 82.04000000000001 50 0
-2.701892390964374 -3.471033423796546  30.57153330147967 0 2.51 66.04000000000001 1 0
-4.707055091343749 -6.316471668229179  31.11952304684698 0 2.51 66.04000000000001 1 0
-7.016566759295268 -4.469992737620677  33.25142628915039 0 2.51 66.04000000000001 1 0
 -6.949774932016473 -0.4594532793911775   31.31348275643247 0 3.33 154.1 56 0
-8.514164584678412 -5.711469844543399  28.43638959274826 0 2.86 98.09999999999999 15 0
-12.75267366189105 -6.298090159343561  29.19987072378004 0 2.35 54.03 20 0
-11.34928519528346 -10.06815178903415  27.50543330995667 1 3.03 116.08 52 0
-9.559190713499461 -9.412329345412875  31.28062611243156 0 2.95 108.05 3 0
-12.95165178321157  -7.08076434756659  33.73799840546959 0 2.95 108.05 3 0
-16.16474626788532 -10.72288264200495  32.38037651378937 -1 2.97 110.05 4 0
-13.64753405994481 -13.68159450867254  33.61700208993868 0 2.51 66.04000000000001 1 0
-14.11369351240682 -17.12619920947852  33.70869635555974 0 2.78 90.06 9 0
-12.40310482544619 -19.01156049347395  36.85596790373808 0 2.51 66.04000000000001 5 0
-9.347860889324959 -20.37241979742139  34.77258232507705 0 2.35 54.03 20 0
-9.908123436409848 -18.49082989847841  32.31240360278586 0 2.82 94.05 54 0
-6.483835344694318 -18.22230389174032   29.9098019138139 0 2.95 108.05 3 0
-4.875478571845218 -13.71524346724499  31.13515894671736 0 2.9 102.07 26 0
-6.153961893680241 -12.56547650866266  27.02121116291708 0 2.82 94.05 54 0
-4.486030873994477 -9.058503327652524  25.81750553192259 0 2.86 98.09999999999999 15 0
-6.802853273513272 -7.158374999324687  22.61363344733848 0 2.82 94.05 54 0
-3.647693097807913 -7.251077139263885  20.50861097692558 0 2.35 54.03 20 0
0.2951029092464635 -7.688401252418585   21.4792052753419 0 2.95 108.05 3 0
-1.085946844068271 -5.691979050850472  25.34102686669841 0 2.51 66.04000000000001 1 0
-0.7706317166272321  -9.276664972162498   27.22364372652914 0 2.86 98.09999999999999 15 0
 2.568671153602549 -10.44125559940202  25.33227410735938 0 2.78 90.06 9 0
 5.512772307088883 -11.84191274579534  28.13346777878116 -1 3.08 122.06 19 0
 0.825370745078625 -12.50207440116609  30.43836131803047 0 2.78 90.06 57 0
-0.8407539422425566  -13.96276795394479   26.17037749586138 -1 3.08 122.06 19 0
 4.865618402451568 -16.01721614898037  26.91147623023728 1 3.03 116.08 52 0
 2.375627131716922 -17.37341511337087  30.63613351300068 0 2.51 66.04000000000001 1 0
0.2733448448895965 -20.77203072090455  33.27538211329581 -1 2.97 110.05 4 0
-2.048202084649692 -17.15853565202751  33.24572963533371 0 2.51 66.04000000000001 1 0
 -5.03195790787411 -18.28255112603716  35.34547972135431 0 2.82 94.05 54 0
-8.538397773199321 -14.96621526144047  35.08974951228983 0 3.21 138.1 45 0
-7.933148701583598  -16.7063802080792  40.78426297479487 0 2.9 102.07 7 0
-12.19428100386795 -11.99279134100414  41.82018650372017 0 3.33 154.1 56 0
-12.80018437647733 -11.22848944224112  37.64293863717766 0 2.7 82.04000000000001 50 0
 -12.2796616943965 -7.074773790111928  40.13760944804911 0 3.21 138.1 45 0
-16.92936948897182 -5.508482571999303   36.3688661159127 -1 3.08 122.06 19 0
-18.87585380093267  -1.88323393545348  38.97342830226759 -1 2.97 110.05 4 0
-16.60480974064116 -2.965122213082834  42.64451079395055 0 2.7 82.04000000000001 50 0
 -17.87020056173126 -0.5317655137656684   45.02399461688932 0 2.35 54.03 20 0
-16.79321213492128  2.991107496362725  45.78548440975126 0 2.78 90.06 12 0
-15.37392132861476   3.84475834033305  41.83596293590848 0 2.35 54.03 20 0
-15.51174959167047  1.381531467151136  38.73796329666923 -1 2.97 110.05 4 0
 -13.1593078213257 -1.217799037550891  41.71535673341293 0 2.78 90.06 57 0
-11.98581815107867 -2.661069987304604  37.90539558047114 0 2.82 94.05 54 0
  -10.015719197078 -6.234675478571043  37.96272733362694 0 2.35 54.03 20 0
-6.641099213958843 -9.168467215689963  36.92650339802497 0 3.21 138.1 45 0
-6.584880073780442 -12.32162322694524  41.35726119120623 0 2.9 102.07 34 0
-3.712815381539942 -13.86232394561221  38.98567528225267 0 2.51 66.04000000000001 1 0
-2.219815348383798 -18.11854148030513  39.35297383840112 0 2.9 102.07 34 0
  2.10096499946402 -16.87708569413608  36.91108752727797 -1 2.97 110.05 4 0
 1.770891204978763 -21.43766135312907  37.51036874749385 0 2.95 108.05 3 0
 5.434504225097887 -19.48560990729225   34.5526637535579 0 2.82 94.05 54 0
 6.564231468149351 -16.27159539360059  36.72532435440171 0 2.95 108.05 3 0
 5.849669854527066 -19.55299910837722  40.37959547165185 1 3.03 116.08 52 0
 3.354325123039144 -14.81944292746628  40.41466108481782 0 2.9 102.07 34 0
-0.2270891460753048  -14.20709313774676   43.63450092614892 0 2.9 102.07 26 0
-1.11892440010519 -10.9457858606041 40.29323338843577 0 2.78 90.06 57 0
-4.045756035525274 -7.640739714712385  42.49668899016848 0 2.9 102.07 34 0
-4.488066081341699 -5.907400061134234  38.40636669244532 0 2.7 82.04000000000001 50 0
-6.121354478671305 -2.691043627806398  40.95032784285614 0 3.21 138.1 45 0
  -10.0639960938862 -0.5216143542741941   35.10273869825149 1 3.25 144.09 2 0
-7.74326212212512 2.242455232681642  35.4784236335333 0 2.35 54.03 20 0
-8.890087936062969  5.534288922146413  34.35446120796844 0 2.7 82.04000000000001 50 0
-11.65858763188919  2.756982364103066  30.36270109928939 1 3.25 144.09 48 0
-15.16235391646114   5.10331324307019  34.08741159512186 0 2.7 82.04000000000001 50 0
-17.64623620205301  8.716582926355684   34.3578594030805 0 2.9 102.07 6 0
-18.08083435984798  6.062091888317799  37.75024894423914 -1 3.08 122.06 19 0
-13.08002720947564  5.563095517672898  37.49244959347271 0 2.95 108.05 3 0
-12.43773532737391   11.9479040826492  35.80565921116783 0 3.48 176.13 11 0
-15.93889373271011  11.46491393746674   39.6490489105971 0 2.9 102.07 6 0
-12.9165980510549   9.8615295137944  42.2144348913446 0 2.35 54.03 20 0
-9.697160655675621  10.47299204828392  40.25826990646018 0 2.95 108.05 3 0
-12.12544321068181  14.66502816431782  41.04797496017782 0 2.9 102.07 7 0
-12.90769910622378  12.89147092551321  45.67306711847865 0 2.95 108.05 3 0
-8.858166171016656  16.99696303283162  45.37756819372848 0 3.21 138.1 8 0
-10.35864013102097  15.31826396646524  50.00753270550634 -1 2.97 110.05 4 0
-6.13262030294737 14.87678922028446 52.25742370207515 0 2.9 102.07 34 0
-9.426433524441613   10.3979803008176    54.270511424467 1 3.03 116.08 52 0
-8.652414321946988   11.3486667284967   57.6806079934908 -1 3.08 122.06 19 0
-5.02503884321173 6.914062677008375 56.58011851377437 0 2.9 102.07 26 0
-4.530001344615086  7.163156240479518  61.43410000406519 0 2.95 108.05 3 0
-5.881340276841351  2.825883800580041  59.64845476816365 -1 2.97 110.05 4 0
-2.62670038515351 2.613332643327958 57.31064699045605 0 2.9 102.07 6 0
-0.1379883662295907    5.62085744347466    58.8656698489758 0 2.86 98.09999999999999 15 0
0.3573907552327721  7.655812001540506  62.49269804009657 0 2.7 82.04000000000001 50 0
-0.6308335322506191   11.11059738141439   60.14287660764431 0 2.35 54.03 20 0
-0.7394887846486344   8.924866528038846   57.52551081537018 0 2.86 98.09999999999999 15 0
-4.16496462880244 13.72018168788114 55.54711201387853 1 3.25 144.09 48 0
-5.456974385335455  10.41076087066967  52.09146465324264 0 2.35 54.03 20 0
-7.100180260172123  10.67858075254312  47.20244215331145 0.5 3.14 130.08 23 0
-11.13713807498176  10.50573395091948  49.97397920362615 -1 2.97 110.05 4 0
-11.0209292037283 7.866324069536269 46.88243573768214 0 2.35 54.03 20 0
-7.384861985312202  7.061944495931059  45.21858517045537 0 3.21 138.1 45 0
-8.871190875978566  5.599765354105776  50.47690311777117 0 2.82 94.05 54 0
-12.76592090106951  5.236669963114601  49.64139501304278 0 2.7 82.04000000000001 50 0
-12.31464702566065  2.827252008989567  46.63546204065825 0 2.7 82.04000000000001 50 0
-8.516183961099244 -1.157301319263004  49.44544534668317 0 3.48 176.13 55 0
-10.48589906417675  0.951213009551651  53.50143558040118 1 3.25 144.09 48 0
-15.03264255021685 -0.577367952763838  49.21092069558229 0 2.7 82.04000000000001 50 0
-12.93228944315169 -3.748371798330325   47.9678191465169 0 2.78 90.06 57 0
-10.65237366183936 -4.767629760515871  51.13746695998717 0 2.51 66.04000000000001 1 0
  -12.753325333201 -7.137221906892597  53.39853842225963 -1 2.97 110.05 4 0
-13.48188048218773 -9.181892196583677    49.090398239198 0 2.82 94.05 54 0
-9.743763411126587 -8.342635428097815  47.27604715206821 0 2.9 102.07 34 0
-7.888731103134201 -8.427864797502535  53.32126006412118 1 3.25 144.09 48 0
-10.95818369371625 -13.72599501431485  51.28931664380478 0 3.06 120.07 18 0
 -10.3278802640011 -13.78802531144907  47.02143849919449 1 3.03 116.08 52 0
-5.033560562847851 -12.68668448135535  48.38830657118332 0 2.78 90.06 57 0
-5.191184454860263 -14.01627663140809  52.75649434816634 -1 3.08 122.06 19 0
-7.817315970830128 -17.99066467709865  49.91538154322678 -1 2.97 110.05 4 0
 -3.97645521246089 -17.87062782149394  47.25857484691564 0 2.51 66.04000000000001 1 0
-1.105455464709177  -17.4711653022494  49.79381668285573 0 2.78 90.06 57 0
-3.363265143633451 -20.99941694243125  51.57792510128017 1 2.78 90.06 48 0
-2.909809006202257 -22.67631270954295  47.78400006982637 -1 2.65 78.05 19 0
-0.398453315312611 -21.43042060519729   45.4153239672475 0.5 3.14 130.08 23 0
 2.824979521707334 -20.90588948216887  49.76632728729542 0 2.78 90.06 9 0
 5.666547437423712 -20.98521893408418  46.66955935187279 -1 2.97 110.05 4 0
 3.398077745298588 -19.30558272369237  43.62377661453543 0 3.33 154.1 56 0
 6.551001309845402 -12.27570951746856  44.01511379814706 1 3.25 144.09 48 0
2.311271209801656  -11.275894395135 46.36872452149478 0 2.78 90.06 57 0
 2.499086316240514 -8.776451143741481  42.91178802416599 0 2.78 90.06 57 0
-0.6223909515540202  -5.998630678854317   45.09526464770705 0 3.21 138.1 45 0
-0.1083815062703963  -3.974580326422055   39.49717966125684 0 2.82 94.05 54 0
-0.6977268356889589 -0.5579397585674958   38.15886529840483 0 2.35 54.03 20 0
-1.854236642419502  2.884791330821193  34.39427544631498 0.5 3.14 130.08 23 0
-3.031361158762479   5.45786532331611  36.93777188317934 0 2.7 82.04000000000001 50 0
-6.586024992052781  4.634277880548219  39.56324341936228 0 2.9 102.07 34 0
-4.19314718643299 1.463858778717448 39.92122742793329 0 2.35 54.03 20 0
-1.57999196374886 2.289438810162461 41.40147112704285 0 2.35 54.03 20 0
-3.028835958627848  4.007449884201097  43.63584957375708 0 2.51 66.04000000000001 1 0
-5.91164219131986 1.414943092371139  44.1587891332581 0 2.9 102.07 34 0
 -1.979658021367068 -0.7497912822685616   44.68334094749152 0 2.51 66.04000000000001 1 0
0.07953345034371637   1.880923771687698   46.57907558365412 0 2.82 94.05 54 0
-3.28004126520677 1.823306586396776 49.29361901099205 0 2.78 90.06 57 0
-3.468266296226518 -2.053723378610364  49.28035209935146 0 2.51 66.04000000000001 1 0
-0.4015229683685266  -2.691054534659017   50.18946560965679 0 2.35 54.03 20 0
-0.0509320081723242 -0.7800718322936118   52.83694065328268 0 2.51 66.04000000000001 1 0
-4.063465619652432 -2.015243170168461  54.29187941924094 -1 2.97 110.05 4 0
-2.889279983871402 -5.947282848808993  53.05704093320755 0 2.9 102.07 34 0
 2.933741514982142 -4.194357774469912  52.74322034060398 1 3.25 144.09 2 0
 1.727970444525407 -8.019698110437034  57.76363391942316 0 2.35 54.03 20 0
-0.9569634999037081  -10.36998859155078     57.306811866069 0 2.95 108.05 3 0
 2.936273681578252 -13.21118264076317  56.27912433546064 0 2.35 54.03 20 0
0.7976415855493377 -11.77787828430704  52.82271790569902 0 3.33 154.1 56 0
 6.154779556939631 -10.22410364744577  51.55721793224367 -1 2.97 110.05 4 0
 2.911541410892413 -7.142202532735657   49.3279611311831 0 2.9 102.07 26 0
 6.164625242952708 -6.612201731988028  45.93261272978224 -1 2.97 110.05 4 0
 4.030501351473304 -2.505416847956383  44.48476288673184 0 2.78 90.06 57 0
 5.738907131691549 -3.584293981925759  40.47955342268333 0 3.21 138.1 45 0
3.556811692480791 1.838725269057139 39.94550871515722 0 2.7 82.04000000000001 50 0
 3.533790357410458 0.7522936896104994    35.940580692371 0 3.33 154.1 56 0
 1.50508051483647  6.46749648882285 36.40591110688772 0 2.35 54.03 20 0
1.024917341071288 7.155742207761272  39.4927980779924 0 2.51 66.04000000000001 1 0
-0.9308025225400931   9.262232164828028   41.26214425477561 0 2.78 90.06 47 0
1.642174005011518 13.37332598861767 43.96378993995143 1 3.25 144.09 2 0
-1.54124576400252 8.679716681788623 47.51723057093598 0 2.78 90.06 57 0
-0.3625501906614561   11.74353479136134   49.86912605365196 0 2.35 54.03 20 0
0.5248564462328114  12.81449042354213  53.63682940173498 0 2.95 108.05 3 0
6.877534379942248 14.23873564164432 53.80096865481153 1 3.25 144.09 48 0
3.416751094611006 10.89440593053201 56.12980932749604 0 2.51 66.04000000000001 5 0
1.068264958444057  7.36867936374794 53.09017216399118 0 3.21 138.1 45 0
5.486799972088158  9.30500905771085 51.82958313995099 0 2.51 66.04000000000001 1 0
8.064667528980177 9.898754318682222 55.23419126027966 -1 3.08 122.06 19 0
 4.47650471589424 4.168420085549676 55.86708562200383 0 3.21 138.1 8 0
 4.93089228017696 4.214274759258911 51.25281977328138 0 2.9 102.07 34 0
9.741066223771064 5.277257985941096 51.68570466466935 0 2.82 94.05 54 0
10.11158305186426 2.846288562997183 55.30370880700924 0 2.78 90.06 12 0
   6.02090518180882 -0.3581842544515209   54.48084091499999 0 3.06 120.07 18 0
 8.594501207965788 -3.550040862711128  55.90291296500605 0 2.82 94.05 54 0
6.959207603836089 -6.42330856042493 53.26425315496425 0 2.35 54.03 20 0
 8.114845505300682 -5.093539360008341  50.66500404620245 0 2.35 54.03 20 0
9.170877818905961 -3.48918220088571 47.37482716938199 0 2.82 94.05 54 0
 7.062242615572988 0.6934445762096677  46.00070204441246 0 2.9 102.07 34 0
 9.365612820651574 -1.768603890400646   42.6757185736164 0 3.33 154.1 56 0
7.424921825029019 6.184044359177461 42.10309882141021 1 3.25 144.09 2 0
7.349979013091914 3.213638771076112 37.31423514980303 0 2.9 102.07 26 0
7.929282416108887 7.539496959787282 36.11710669817926 0 2.82 94.05 54 0
 7.32660747285981 8.301922138864461 30.57762975473286 0.5 3.14 130.08 23 0
9.041582142945487 11.41096581631134 30.79345679624838 0 2.82 94.05 54 0
6.512492298942096 14.62899748157893 30.69296904877203 0 2.95 108.05 3 0
3.058836541856503 11.41049052054674 32.96963852316352 -1 2.97 110.05 4 0
0.3739458353082491  14.99597539948595  33.94954571693205 0 2.9 102.07 6 0
-0.5468389409600606   11.63277230276827   36.35906711203089 0 2.78 90.06 57 0
3.006542534484954 11.66589191066926  38.1257895592782 0 2.78 90.06 47 0
 4.00358407860212  16.4493646820396 36.92570479414875 1 3.25 144.09 48 0
-1.377328413034327   15.2061741806916  39.59981907607234 0 2.9 102.07 7 0
-2.224406605071609  15.89703994999561  43.24874919979006 0 2.78 90.06 47 0
-1.071702068973849  19.52509155919542  43.26226938491984 0 2.78 90.06 9 0
 4.22474115594328 19.53043888874718 46.64768835916648 1 3.25 144.09 48 0
0.2648318127961879  23.17992362590533   45.9847907863644 -1 3.08 122.06 19 0
-3.907912484816199  20.78679843855522  46.57693848741039 0 3.21 138.1 8 0
-0.4923026884041927   18.06709022330397    50.2918174885272 0 2.35 54.03 20 0
-1.48643998606664 15.26230930405671 47.80165061638274 0 3.33 154.1 56 0
3.832660269838146 13.76412673307911 48.67735576033892 0 2.7 82.04000000000001 50 0
5.378848228626028 11.08924577756845 45.11181797422224 0.5 3.14 130.08 23 0
7.355896666922781 7.837026295133525 47.36647713706559 0 2.7 82.04000000000001 50 0
11.40436771145169 7.116169265761985 47.86340607642959 0 2.7 82.04000000000001 50 0
12.29710613697347 5.410288264453781 45.16134776289259 0 2.78 90.06 47 0
11.32638175742184  8.33735437837619 40.58082506455114 -1 3.08 122.06 19 0
12.80385191497174  2.88802776998327 39.91726836163527 0 3.33 154.1 56 0
12.99094533825109 9.579342005356102 34.56195856977921 0 3.48 176.13 11 0
10.99689634719109 5.572793389320164 31.92645067763543 0 2.9 102.07 26 0
15.46296623184428 8.288120874108873 29.59658298056421 1 3.03 116.08 52 0
12.37638662448294 6.589875537206586  26.8858232839233 0 2.7 82.04000000000001 50 0
10.08423919395054 7.802467558569244 24.53809719989004 0 2.35 54.03 20 0
6.469744141382304 8.221746792894589 23.36090458147318 0 2.82 94.05 54 0
6.050892655324956 5.140992690772531 20.35065498663511 0 2.9 102.07 7 0
10.58250308874665 4.434917607138048 22.08871882102675 0 2.78 90.06 12 0
11.71713389658819 1.078686986447693 22.62198139259768 0 2.78 90.06 9 0
 12.42392930270515 0.4421233680849101   27.0628515826401 0 2.78 90.06 57 0
   16.51727227714623 -0.00460051586008655    27.42618213639121 0 2.82 94.05 54 0
 19.60451222599136 -2.449473603919659  31.45291991406756 1 3.25 144.09 48 0
 20.7322721137733 2.007815809962024 30.00109494119262 0 2.95 108.05 3 0
16.45839217894847 4.013629170911726 29.20239280739431 -1 2.97 110.05 4 0
15.29529189622749 2.669965012383992 33.74329771694847 0 2.9 102.07 26 0
16.82653474516888 6.426351409765862 36.13030140463037 0 2.78 90.06 12 0
17.33854542310563 4.859326957186647 41.53167331175819 1 3.03 116.08 52 0
15.30221188085801  9.23619116887196  41.1858707482118 0 2.9 102.07 26 0
16.90964674674575 8.011453604940598  45.9154379685824 -1 3.08 122.06 19 0
13.66876129899118 11.33583210683543 47.30081810666194 0 2.35 54.03 20 0
10.70169283805503 12.31116184410963 49.70024171975923 0 2.9 102.07 6 0
8.873474206213086 15.37949106774409  46.9402311326683 -1 2.97 110.05 4 0
12.24921355414541 14.53255203366464 43.90044048853036 0 2.51 66.04000000000001 1 0
13.65978211727407 17.05291721676167 41.51136646410655 0 2.82 94.05 54 0
14.68500674971996 15.03349068335536 37.77373941503168 0 2.35 54.03 20 0
12.56832960560215 13.44844358806982 37.11161813883363 0 2.35 54.03 20 0
8.147158531807147 13.30250923850316 36.42614637944836 0 2.95 108.05 3 0
9.212621506897086 16.56671586082997 39.94643298884224 0 2.95 108.05 3 0
11.36044211444903 18.06194158611562 35.81212244119818 0 3.06 120.07 18 0
10.24496545849587 22.36700696525942  35.8613559825668 0 2.78 90.06 9 0
8.309874872760545 20.60100132544324 32.61201335179822 0 2.95 108.05 3 0
5.359934981341829 21.38186264915318 29.59207771373301 0 2.9 102.07 6 0
3.006065997417131  18.6678792756538 30.92372972427385 0 2.78 90.06 9 0
2.677353818955737 14.71842353189214 27.68281724908187 -1 2.97 110.05 4 0
-1.252676867919279  13.49292199350203   28.0606238206179 0 2.9 102.07 6 0
0.7812165318008318  10.97951872149008  25.40930119642989 0 2.78 90.06 9 0
3.306356081632864 9.643494217328204 28.09602742014338 0 2.51 66.04000000000001 1 0
-0.2720305369389444   8.149217058139362   31.40028134788657 0.5 3.14 130.08 23 0
-0.6785234059027812   6.173278045829438   27.03738808736089 0 2.9 102.07 7 0
 4.99826692612263 3.854077412987903 25.26586049440154 0 3.48 176.13 11 0
4.448891031515296 3.826760376196319 31.40325456388566 0 3.33 154.1 56 0
  7.961123539538337 -0.6112482130638942   29.38825564911044 0 3.21 138.1 45 0
 3.682417721293066 0.2964099826928802  26.23872962691366 0 2.35 54.03 20 0
0.2854745364883498  1.277807811534772  24.26810908351753 0 2.9 102.07 7 0
-0.7916848363845752   1.410518131949889   29.11320564541765 0 2.9 102.07 26 0
-5.154545881552627  1.928532355298167  28.36849510087016 0 2.35 54.03 20 0
-5.227077106062091  1.468162509389609  24.84958094367601 0 2.82 94.05 54 0
-7.163118772856148 -2.767213228468432  25.96544924168127 0 2.86 98.09999999999999 15 0
-10.88672525430211 -1.876294908604784  23.78799652163269 0 2.9 102.07 7 0
-8.38875410177701 -23.5597627809734 28.45825164379854 0 2.9 108 39 0
-11.74414171499279 -3.263416233191419  25.83091146213207 -1 2 16 14 0
2
0 271 0 272 -9.730438677024722e-12  9.123368727159686e-12      1.009307116381058
272 543 1 272 -4.946265619309997e-12 -1.078070965832012e-11      40.22411221794854
randomstate
2654837558 3495340033 45320882 4069268503 4279457843 3498375670 3748982249 1106321268 744865443 1306795242 3001641939 1211525107 1044005053 1112458971 2945746223 1839501712 2987643338 800273154 1764324586 1045957911 3539032542 2112586843 3287491332 1003461367 138729165 1922209504 69361095 1739554277 267936208 2453889389 2368221037 3870843481 1166690505 1190781956 3012165852 1503716856 1335026631 327695218 444669520 467605345 2562458482 1522660405 1469710123 934660216 2466608025 485014826 1497417524 4065583174 3693063259 1159856641 846924597 676615895 2725379386 1925995987 248128867 3976633581 2980561831 2998554656 2142251293 607073549 3995527608 3185560882 1794610778 2820680685 765406487 2695599979 3916673582 400137119 1256123748 4247100101 4088407279 2780292418 1938910656 3592781754 2212854664 3850845474 2628541723 1853847902 2279842834 3234196853 2988318361 4249993204 1827523304 898986556 2007106962 3597530010 510628592 779916331 1261950659 2480331472 742938404 361204401 431778790 3336676530 3371947070 3474220281 506450152 2041086532 3535370651 2821348569 3098181324 1009224347 353224474 1786546867 3439597003 2171859541 1799307574 4037173425 2209784177 1488569550 689690121 1132102438 667425924 1014890651 2288610323 2475497637 1992706674 3117150756 494475255 2992605819 1384563618 3685812548 840346991 1324193701 2185613665 4090852093 406089461 2336586123 1802254430 2774660441 276009525 2132417863 4018425481 3418888633 2479594616 1676593642 511209727 2655635952 863228302 1203511538 3345783746 3940382579 3055167812 2772328713 3440996696 2989420289 2737023452 3683174523 524150622 2415136933 388202043 2592605911 1250104037 3042998135 957642053 560447681 3278264856 547349076 1321208321 682768606 884696810 3394283337 2624770394 3834222158 2294039702 2020341075 4227371279 2942691637 4104119287 1697732747 3201546382 998356674 3483451651 96054905 2872405567 776105025 3931333033 1947030525 123773241 1843745780 4110751372 158899422 259757814 202474018 696221045 68442547 849476814 1933019369 2631472764 570009803 3554609366 2558771341 537264545 253404697 191753256 1566116570 3250297780 284282117 2534544229 1604452477 2469463420 1935321142 938179357 2111437803 2364593853 1393987332 3892881197 2558231129 782396244 2834078359 1834266696 2655158951 86482299 2916804697 3106175295 3886440217 4287265984 3853468343 2178936661 2486191226 2530240790 1390049293 2936988851 472719761 4080513203 1941134722 3118730866 2788156774 3081765186 3917737396 2327455388 460333015 560878724 2787463344 1697920394 2592869054 3680970199 2357851058 3455585679 262855399 865793660 4256910112 990247322 1805303972 1700182583 2242899631 203276579 479076267 1196646944 814070973 1699504290 1017940990 1859747597 2496194061 274905985 295466738 1361809547 654033462 3247312436 3618898330 2249196815 1884965940 1163402516 4245827156 1367113160 2825144232 2100211524 3347900201 115574161 2223850830 993347536 4138246649 259008518 3052726789 892044210 1447572354 1927230206 2924556630 2906570264 1998048063 1457903152 2340891101 1798661227 2828153386 2758699269 2467133779 4013541130 2385269053 1328546464 114161828 3081442621 2447156972 1781699997 882066208 3425330140 1465829462 3822511782 2934059622 1993661252 1150736181 441020510 1845006923 2146288976 914374823 327946072 167157151 2842245555 708368554 2154695910 86856397 397419343 1164335280 2036145822 2551265168 3533178871 907292305 1430451698 2346994571 3441678019 2628859548 4066183132 3538448567 4126426090 555129255 4148541499 852875853 3296278685 775465036 1686974607 81947062 986341913 2935508102 1223736344 3388056685 2274996526 1505386816 705544183 2628969418 2390554710 3607752811 1790844613 3149326040 2578349233 1739524796 4086095541 1145865600 1458785540 1981090235 4013682887 520672542 714160564 3035051984 854561620 751871288 3076391398 292709808 2622972151 1596839301 956572026 1828656631 3431790826 3878953523 2138248544 244664662 2766355851 1973845796 4004188145 610135475 2061358407 3251208191 3697067365 2007010866 3129944869 3512592095 1925352793 74279269 2595954107 2774375223 3260808179 3516156307 4057625288 2337701151 1105237621 2884401955 233385399 495828010 835538849 100248268 101032294 3867295996 1631204053 2035193109 3760285990 736597468 33936366 2487601652 3886859152 188394877 2868873084 2481701604 2127841338 3475362656 250341047 1194696405 2470474493 1670607245 626621535 910497197 3072336424 231569244 1294766190 3794464287 4093432939 1185453906 436506256 1853404402 2986964236 236454303 2106032675 2307268701 1133010717 720379383 1564934581 740579139 1829700918 1227161705 4132548648 1367361194 851385370 56429614 1164258796 3523656328 3420182000 1595618662 2928218047 3982802881 1071606386 782089069 1081023105 1202514421 350865335 1580325300 616320939 687903052 2514999729 2105845411 3828940877 288151000 4097866338 1289415745 1801658016 698532469 1610202498 1895828250 2878019645 1391813529 1925135571 1537145255 1054384245 1854255032 789343993 1400821664 119056326 2499072908 3113166440 2723866799 1770271151 976363314 780487851 1278132531 3773978661 191057142 2342255215 1218194025 158337241 515665792 2229196861 3564255801 2209063607 2638323087 3170703564 4106163618 1074800928 3936993015 298569766 1373694218 868321501 1938320551 1253748477 154182357 3569014327 2435201243 2243053748 1050848982 3063955589 2906231386 987120071 3743395707 91956642 3553008513 178777017 3761775778 874434769 3266607941 3369288782 3559051096 1460482647 171057751 3965731196 986870220 3091003943 2335404960 1338593995 1516625973 4100325300 2808463889 3001046546 4053462392 3806742451 2432740830 748822499 2676374197 1297136858 2878511593 2548836163 1345595074 1103756947 3086801842 2263683930 3525739504 3847085492 417884396 2045414051 3589727871 2997947711 2556449948 1652741434 2140453715 4277827384 1735632786 3461619721 1808503506 2297911264 844475081 1338172642 2375939040 2072465939 2184294254 2600620855 857829762 1227741149 2666272375 481863749 615197024 3130916646 1480467918 864867265 901073422 1072310348 778314830 3110438735 1907007850 289101265 1507302024 4214626306 991759459 654638081 1946625482 2105398320 2558517244 3935061930 1901582917 981622719 1651450880 1064154219 3584269600 1207951565 641990929 318374556 2016465931 2929464413 2067993702 3035063311 2057207283 2645271581 1555975359 4197816846 4076526916 4158022463 1401721928 269650876 4167034350 3588008752 2120973840 1610869300 4051038087 1335797093 2625564815 25491220 560701729 585919475 1891165544 621369488 1700882952 3117592838 3395363905 3795272125 428996507 3247234343 2238087742 2369365429 4286608886 3653127217 1912917920 862908468 4224600393 2543047036 1785457920 4084589710 1624181123 3496997844 4182400576 4156245835 3903983115 26