0.5 0
1 0
1.5 0
2 0
2.5 0
3 0
3.5 0
4 0
4.5 0
5 0
5.5 0
6 0
6.5 0
7 0
7.5 0
8 0
8.5 0
9 0
9.5 0
10 0
10.5 0
11 0
11.5 0
12 0
12.5 0
13 0
13.5 0
14 0
14.5 0
15 0
15.5 0
16 0
16.5 0
17 0
17.5 0
18 0
18.5 0
19 0
19.5 0
20 0
20.5 0
21 0
21.5 0
22 0
22.5 0
23 0
23.5 0
24 0
24.5 0
25 0
25.5 0
26 0
26.5 0
27 0
27.5 0
28 0
28.5 0
29 0
29.5 0
30 0
30.5 0
31 0
31.5 0
32 0
32.5 0
33 0
33.5 0
34 0
34.5 0
35 0.3816017308065603
35.5 13.81707119925955
36 59.15415719061571
36.5 71.57986303513559
37 46.38198539006569
37.5 31.41345447999604
38 24.9000194471207
38.5 19.50058431532147
39 17.51830430872326
39.5 17.67682428716176
40 17.14027774206133
40.5 14.79596102770394
41 15.34106303775432
41.5 14.99624453078909
42 15.34798627954626
42.5 14.62234452232474
43 13.58901512319873
43.5 13.66956655824442
44 12.39482894570551
44.5 11.42934359543404
45 10.59965548358675
45.5 9.540043270164006
46 8.597385402928598
46.5 8.035152642932292
47 6.471955565390044
47.5 5.852988319877906
48 5.021565744744531
48.5 4.27269022642907
49 4.185937353235228
49.5 3.879221757578508
50 2.804772721428217
50.5 2.90225804153929
51 2.126733982884825
51.5 2.335327775720231
52 2.40588554239867
52.5 1.893875256595521
53 1.622554529128108
53.5 1.619588095272551
54 1.456143435812356
54.5 1.377087299750128
55 1.622595789255994
55.5 1.441730425212676
56 1.527897554987204
56.5 1.488771730207023
57 1.246949330685231
57.5 1.119316986077214
58 1.19274173564501
58.5 1.126908464303835
59 1.163843256362055
59.5 1.188379092477177
60 1.374252066440523
60.5 1.032348101520605
61 1.162059825907508
61.5 1.132941882613612
62 1.10460828793674
62.5 1.236593128736352
63 0.9913007924758896
63.5 1.120664764246848
64 1.008117365422198
64.5 1.104912168501258
65 1.124859539823283
65.5 1.098671727537292
66 1.073145363264546
66.5 0.942552751530516
67 1.154163176499198
67.5 1.222626121518778
68 1.086768553754085
68.5 1.162283496427178
69 1.10458913099725
69.5 1.250049663352408
70 1.113005048185801
70.5 1.128624403773741
71 1.043235241554832
71.5 1.158234995618066
72 1.104631746318662
72.5 1.096859196119372
73 1.13305542998836
73.5 1.067215724855837
74 1.152435833311448
74.5 0.9475156709477787
75 0.9487749699646069
75.5 1.209607696769621
76 1.234210064686644
76.5 0.9651844366769941
77 1.011822771078001
77.5 1.096095710304934
78 1.011656462272761
78.5 1.169492910382256
79 1.004932454178335
79.5 1.115602544243827
80 1.010399895306172
80.5 1.03395554030763
81 1.015292670841643
81.5 0.9559552561105038
82 1.129723297719823
82.5 1.161858713294416
83 1.017844651411024
83.5 0.9889298681933431
84 1.004796224056626
84.5 1.145700375220144
85 0.9974681919727418
85.5 1.007151382476532
86 1.169287347810123
86.5 1.030856357904053
87 1.116828291844518
87.5 0.987076477019636
88 1.096620418085958
88.5 0.9648956911719605
89 1.052443859476284
89.5 1.07962288622748
90 1.10613464665379
90.5 1.032114201760771
91 0.9784659764270777
91.5 1.028289175277514
92 0.9342983066351743
92.5 0.9970704098576085
93 0.9503459684185616
93.5 1.069432057509306
94 1.022815865919953
94.5 1.00765889136163
95 0.9452835118386884
95.5 0.939682450703727
96 1.006003911825925
96.5 1.041621412111923
97 0.9522468527894246
97.5 1.061342880926157
98 1.0180913523857
98.5 0.9596008377514725
99 0.9260847023727381
99.5 0.9994308101686087
100 1.040103217529631
100.5 1.006638559954188
101 1.076890483834316
101.5 1.13436899764138
102 1.033412991683471
102.5 1.023355504149895
103 1.06485071534413
103.5 1.000039542466646
104 0.9868452673910714
104.5 1.016664028355886
105 1.017604615484161
105.5 0.9309833111214757
106 0.9742261168482867
106.5 0.9960106009906216
107 1.05137126352777
107.5 0.9404862559683588
108 0.9985937782291157
108.5 1.048974580867842
109 1.006585240531641
109.5 1.094880802598071
110 0.9787085712972661
110.5 0.9985848203661225
111 1.043357544561805
111.5 0.961952924270058
112 0.9533832304493327
112.5 1.111136298969094
113 1.067766609779627
113.5 0.9283501905922046
114 0.9981589594187064
114.5 0.8973485142788211
115 1.030949855597434
115.5 1.054164560921092
116 0.9495613817756386
116.5 1.004572700935811
117 1.061456710063966
117.5 1.027048207434104
118 1.110686953787827
118.5 1.037528606936362
119 1.004070298042059
119.5 1.055699541511995
120 1.014457726211016
120.5 1.059712800479929
121 0.9631701359547908
121.5 1.021230054881652
122 1.154208070327051
122.5 0.9812615935025835
123 0.950126260646415
123.5 1.026732516708959
124 0.9652654993208671
124.5 1.045489814782682
125 1.00223878579035
125.5 0.986848811791223
126 1.008476796305917
126.5 0.9469645662984693
127 1.026470958631272
127.5 1.006454391900424
128 0.9653199300976703
128.5 1.052189059769586
129 0.9480708225487487
129.5 0.8943064667672614
130 1.044183138401531
130.5 1.011035545305227
131 0.9624727530491979
131.5 0.9281344414312336
132 1.035138131648927
132.5 0.962993047031246
133 0.9865972726300728
133.5 0.9988927181322159
134 0.987113243058525
134.5 1.037929003905113
135 0.9981930048064152
135.5 0.963257592661994
136 1.038327319768923
136.5 1.022371501010344
137 0.9692614157705213
137.5 0.9581041803225868
138 0.9757203990475711
138.5 0.9869653387710237
139 1.032299076832956
139.5 1.002892743923537
140 1.005679561396456
140.5 1.055762694356916
141 1.04241003959658
141.5 0.9805795577418885
142 0.9833458110211288
142.5 0.9898859302055062
143 0.9886907281673956
143.5 0.9458698463378948
144 1.006943224535379
144.5 1.01491199183236
145 1.000513455919697
145.5 0.9458065359106556
146 1.056300062150438
146.5 0.9166030694211478
147 1.025752951761776
147.5 1.015229425165054
148 0.9852614994668861
148.5 0.978637911520261
149 0.9808541852959413
149.5 0.9795330834247805
150 1.03880471164008
150.5 1.026754251358917
151 0.8867039472082395
151.5 0.962327666405133
152 1.089207242879197
152.5 1.107202226918721
153 0.9751691032633079
153.5 0.9407206669405604
154 0.9707585352387962
154.5 1.072194513380986
155 0.9907018920063828
155.5 1.077780966006163
156 1.026062962526646
156.5 1.03542222633337
157 1.008292536248486
157.5 0.9830563106374762
158 1.053306531941578
158.5 1.02806405250929
159 1.006199532308314
159.5 1.018275861932352
160 1.00279146235959
160.5 1.004114374660107
161 0.9693333190384033
161.5 0.9857438147817768
162 1.018261362861647
162.5 1.035608389450419
163 0.9632862013260751
163.5 0.9923771969627907
164 0.983438614297128
164.5 0.9529966266558884
165 1.055975037452313
165.5 0.9884483638199578
166 0.9980532276335874
166.5 0.9527224447311835
167 1.030833676167637
167.5 0.9302728760955947
168 1.024119228365407
168.5 0.9590528578702152
169 0.9970321122451494
169.5 0.9721760751898317
170 1.010947491864265
170.5 0.9902864808980224
171 1.061772026235181
171.5 1.003936248616454
172 0.9520211176427017
172.5 0.9700747212669184
173 1.020443667420174
173.5 1.039158430989774
174 0.9997414547963025
174.5 0.9863446515313943
175 0.9947085116357671
175.5 1.035845154057061
176 0.9834371180541506
176.5 1.000381717185835
177 1.013389160187046
177.5 1.02747079790467
178 0.9651500346832749
178.5 0.9817576247522359
179 1.006675393914813
179.5 1.011956235181386
180 1.002735103597022
180.5 0.9696871046954507
181 0.9583917587778591
181.5 1.025252925565137
182 1.040796140790822
182.5 0.9169707944370312
183 1.001535045151516
183.5 1.006496557766637
184 1.039004151344289
184.5 1.003626293992058
185 0.9765826617098495
185.5 1.015476303944122
186 0.9953860617085407
186.5 0.983336188163493
187 0.9925666283758243
187.5 0.9894961146608983
188 1.005181109610988
188.5 0.9888923265829135
189 1.021835910395939
189.5 1.006687616072704
190 1.01866168399055
190.5 1.042304105444147
191 0.945021555537271
191.5 1.01020180187647
192 0.9954366438445598
192.5 1.039680748671317
193 1.009201468562255
193.5 1.026881648126875
194 0.9729478713283252
194.5 1.031795640786832
195 0.9619700436193647
195.5 1.002921065652867
196 0.9937545073087507
196.5 1.007872411211896
197 1.079049059187064
197.5 1.024656594272767
198 0.9996150328186422
198.5 0.9748124590065792
199 0.9541809900231796
199.5 1.034556862271812
200 0.9495324317335112
200.5 1.008758376643172
201 0.9950680017937953
201.5 1.018918844178986
202 0.9766480185837809
202.5 1.02597996211366
203 0.9774479529676557
203.5 0.9886420249446645
204 1.012819616849199
204.5 1.019050897472739
205 1.053017982531051
205.5 0.9759491581110744
206 0.9813150126748925
206.5 1.024072441430035
207 0.9991304156098584
207.5 0.9726071113483119
208 0.9760403922006582
208.5 0.9615077338904184
209 0.9569127214261979
209.5 0.981640009233767
210 1.027321326222291
210.5 1.053216844193626
211 1.053481115216407
211.5 1.006705100896948
212 0.9438898943485625
212.5 0.9687842418035798
213 1.006314158931904
213.5 1.014425455673625
214 0.9909769595548962
214.5 1.018535599216764
215 1.005376436711695
215.5 0.9755518216719984
216 0.996923888967863
216.5 1.021412715363829
217 1.007611229887249
217.5 0.9939257130000613
218 0.9705186683953284
218.5 0.9456833261871194
219 0.9535534586425336
219.5 0.9969174683497538
220 0.9972203288135795
220.5 1.021546583476871
221 1.030488488748427
221.5 1.00122757928306
222 0.9983034687739087
222.5 1.033952322506047
223 1.03950450366968
223.5 0.9880677819677658
224 1.01083466290312
224.5 1.017157901388148
225 1.014950677520938
225.5 0.9897707145778422
226 1.023530564517328
226.5 1.006108096810891
227 0.9865610738785237
227.5 1.003303958905611
228 1.06485276376425
228.5 1.013193837466708
229 1.044430472745052
229.5 0.952611152827562
230 1.025058713565448
230.5 1.005952398377236
231 1.018393048812273
231.5 1.027809428316879
232 0.9828539302220406
232.5 0.9836756374531462
233 1.00744290865277
233.5 1.058862608373599
234 1.042248043058787
234.5 0.9889285219535868
235 0.9995379875921192
235.5 1.01566771676441
236 0.9994783734022699
236.5 0.9896849504806405
237 0.9931423563722396
237.5 1.053192588532603
238 0.9978808236020742
238.5 1.021779616950147
239 0.9909117789515047
239.5 0.9928908663345684
240 1.017839251965053
240.5 1.010917487501196
241 1.022824063754362
241.5 0.9958835339784734
242 1.015053610129151
242.5 0.9870245639347773
243 0.9981402280593927
243.5 0.973021207201801
244 0.9768892568017505
244.5 1.025680690605271
245 0.9832085411087395
245.5 0.9682198875296109
246 0.9816683926055442
246.5 1.028337551771879
247 0.985229025672838
247.5 1.007961718977366
248 1.005801583281849
248.5 0.9449834569004616
249 0.98391649636399
249.5 1.000001965374145
250 1.045868583679233
250.5 0.9833426937967705
251 1.037551570291775
251.5 1.021112813318451
252 1.009703653722348
252.5 0.9837127256585806
253 1.031558444650325
253.5 0.992334134516072
254 0.9636750882208885
254.5 1.017630145839535
255 1.019634151794358
255.5 1.001325615020654
256 1.022977586020992
256.5 0.9982699769873216
257 1.049240099400277
257.5 0.959393775534877
258 1.019468748691309
258.5 0.9863804190006042
259 0.9924478907176946
259.5 1.010030976936294
260 0.9652355170102451
260.5 1.022383054566729
261 0.9961673755213264
261.5 0.9997672654060493
262 1.00389994112266
262.5 0.9899031565070918
263 1.006980813882916
263.5 1.029532374649144
264 0.9613593879244893
264.5 1.025660077780433
265 0.9984950948480661
265.5 0.9963957223270586
266 1.001462298501173
266.5 1.018550709205018
267 0.9863245931228937
267.5 0.9995172245110604
268 1.001214860816504
268.5 0.992085895452279
269 0.9641757499969171
269.5 0.9547015809800377
270 0.9891088072252003
270.5 0.9737429919894223
271 0.9701531591292879
271.5 1.012560578890752
272 0.9630327930311153
272.5 0.9773385293083765
273 0.9988506842693082
273.5 1.013949834511948
274 0.9962429969375808
274.5 0.9657336246447443
275 0.9787085712972662
275.5 0.9936360165489554
276 1.016119723746082
276.5 0.9935952772963635
277 1.015904137284372
277.5 0.9535655619389103
278 1.024234240295199
278.5 1.045672061618884
279 0.9618562144815562
279.5 1.022245988809959
280 0.9549980815237094
280.5 1.000117016744813
281 1.002481212585633
281.5 1.009738276160473
282 0.9997927118499154
282.5 1.019198482843365
283 0.9985763055774292
283.5 1.040132746927397
284 1.004596899275024
284.5 0.9895181107971648
285 1.019620875783385
285.5 1.00123720830477
286 0.9839282487446239
286.5 1.029853999003579
287 0.9832317052682417
287.5 1.064175896657831
288 1.01915428975829
288.5 1.002519918210663
289 0.9817967568047422
289.5 1.014198090686397
290 0.9944918471572176
290.5 0.9947642738280077
291 0.9858285050858633
291.5 1.037462993407334
292 1.012439851957341
292.5 1.022640974071278
293 0.9946504594906712
293.5 1.008448746241267
294 0.9784313085565977
294.5 0.989035533319455
295 1.00045756844969
295.5 0.9778916951888552
296 0.9701446714064736
296.5 0.9814982139645408
297 1.016617541660488
297.5 1.001759560917798
298 0.974274215358804
298.5 0.993747257879811
299 1.004369998796316
299.5 0.9775680973165438
300 1.044864405791314
300.5 0.9900540751052676
301 1.001386369939245
301.5 1.014780804585576
302 0.9836604963490249
302.5 0.9872227824438279
303 1.030216743400204
303.5 0.9891861100964376
304 0.9749753687227483
304.5 1.025553601200966
305 1.002093392215015
305.5 1.006328933986128
306 0.9818255476541836
306.5 1.009725179369611
307 0.9795729264714974
307.5 1.001932603096838
308 0.9953970767423189
308.5 0.9758006269750186
309 1.000388488131727
309.5 1.016679064061923
310 0.9894858094875535
310.5 1.035192447595777
311 1.004881730263594
311.5 0.978373330361894
312 1.03086512927794
312.5 1.004033840332064
313 0.9885021715302446
313.5 0.9722716809189037
314 0.9901179842628156
314.5 0.9759446349509227
315 0.9865896599967963
315.5 0.9756380507327644
316 1.028729379529607
316.5 0.9994265286475325
317 1.016434368657375
317.5 0.975751217145962
318 1.014289191641573
318.5 1.011107109863617
319 0.9953072334677124
319.5 0.976166711622226
320 0.9986068242389692
320.5 0.9746355181603704
321 0.99352883155375
321.5 0.9862952614574317
322 1.027568460298462
322.5 0.9891773006819733
323 1.017108390706651
323.5 1.022528138265769
324 0.9904298751741023
324.5 1.010316571241187
325 0.9913516206704865
325.5 0.97580740891106
326 0.9827132061473391
326.5 0.9870141786898934
327 0.9890984176776714
327.5 1.002424452232372
328 0.9881457947042939
328.5 1.019073031893951
329 1.015977899187905
329.5 0.9895747435542919
330 0.9382867626143016
330.5 0.9882316903815553
331 0.9916483765085836
331.5 0.9844054121962096
332 1.012543377184925
332.5 1.01866168399055
333 1.02509000506106
333.5 1.010810695856699
334 1.000104216986488
334.5 0.9873682566883404
335 1.035102133028755
335.5 1.016445449688139
336 0.9830578442092468
336.5 0.9945878122238168
337 0.9738022401622108
337.5 1.010590262681955
338 0.9936222896998514
338.5 1.015507312542602
339 1.010819057258047
339.5 1.016293269330186
340 0.9961202619835895
340.5 1.012684572727074
341 0.9946415973566403
341.5 1.013777055780837
342 1.010148856829141
342.5 1.004212940913081
343 1.013538541231849
343.5 1.033700588008458
344 1.059666658952924
344.5 1.004731586236006
345 1.005421573458831
345.5 1.018177906655045
346 0.9866024233475656
346.5 0.9993311319288896
347 0.9945121472174863
347.5 1.022298679526137
348 0.975294752555466
348.5 0.999761517236856
349 0.987623957175404
349.5 0.9876703666026051
350 1.010608583752707
350.5 0.9934580398396745
351 1.012446942396431
351.5 1.005154525931917
352 0.9938122538903995
352.5 1.000086624455065
353 0.9791236056956358
353.5 1.008152793376806
354 1.01743028260497
354.5 1.011152491153418
355 1.014179208160416
355.5 0.9962247348836373
356 0.9805186658088046
356.5 0.9615251068854315
357 0.9765615227532359
357.5 0.9832805515431269
358 0.994821426414004
358.5 1.019327464285053
359 1.018908144801807
359.5 1.012157461110429
360 1.004538583999175
360.5 1.000255267305661
361 0.9705838560253169
361.5 1.005162183746364
362 1.009521840201492
362.5 1.001106352782464
363 0.9803168111805057
363.5 0.9920679436706986
364 0.9961065889828543
364.5 1.024162096382891
365 0.9690182438661739
365.5 1.017107582945032
366 0.9869947570395597
366.5 1.012724823990579
367 0.9888539456908423
367.5 0.9832806502793379
368 1.033826389792739
368.5 0.9951636262414018
369 1.032522033927405
369.5 1.016034059709385
370 0.995078545454354
370.5 0.9960837848669003
371 1.035004694404586
371.5 0.9941156114030721
372 0.9801850302231726
372.5 1.003103256976715
373 0.9973358491567089
373.5 0.9834976302522981
374 0.9961871014871838
374.5 1.030470216680015
375 0.995036406456312
375.5 0.9782981281728734
376 0.9977414467931435
376.5 1.020101027393211
377 1.012737568382446
377.5 1.005409516094614
378 0.997571397048757
378.5 0.9998320190857789
379 0.9936701037959016
379.5 0.9997089508823598
380 1.020010547449224
380.5 1.000918683824563
381 1.002855417622239
381.5 0.9739981892693325
382 1.008823858298121
382.5 0.9835562231958114
383 1.010732927955269
383.5 0.9964447725157151
384 0.984869375863195
384.5 0.9691348590993192
385 0.9978937822813424
385.5 0.9950447610576357
386 0.9835792551117102
386.5 0.9857300172877397
387 0.9951492365079594
387.5 1.020341876598652
388 0.9954602289893795
388.5 1.008901581123586
389 0.9998738195648836
389.5 1.00603869717253
390 0.9834837506651651
390.5 0.9916961635055667
391 0.9873778275926978
391.5 0.9937528864111203
392 1.034569424573217
392.5 1.00993614790632
393 0.9907214292393209
393.5 0.9972621838374087
394 1.035887096819581
394.5 1.024251924038999
395 1.001187364286987
395.5 0.9720100473399149
396 0.972537985458495
396.5 1.007502585881961
397 0.9896422631496813
397.5 1.019204622741211
398 1.009513650527101
398.5 0.9738656186887592
399 0.9954061768499841
399.5 1.011954320511663
400 1.029634013795133
400.5 1.018321703653873
401 1.0094851478079
401.5 1.00358927235226
402 0.9967553748588526
402.5 0.9952423212402979
403 1.003567901140507
403.5 0.9793092238320943
404 0.9924004059802936
404.5 1.022327790672878
405 0.9996179769760173
405.5 1.042877984884085
406 1.003680236038113
406.5 0.9844747202536678
407 0.9961673686169359
407.5 0.9866865784541788
408 1.010245444994915
408.5 0.9867640177072478
409 1.001585445619344
409.5 1.005180978157636
410 1.008292526846964
410.5 0.9933543759023769
411 1.004775633716907
411.5 1.024190292211386
412 1.026754763027939
412.5 0.990155455172088
413 1.024300825114564
413.5 0.9999533312789005
414 1.034131799596191
414.5 0.9896926768722223
415 0.9778094284555238
415.5 1.029611989211747
416 1.013857455367104
416.5 0.977515908834685
417 0.994887196227248
417.5 0.9802138761346898
418 0.9974901015053145
418.5 0.9839870257524348
419 0.9763146565616129
419.5 1.01582595668754
420 1.015175437799628
420.5 1.008576782754299
421 1.01365527659036
421.5 0.9794583500918681
422 1.009950645546958
422.5 1.01694547590969
423 0.9949485966909717
423.5 0.9780482855348798
424 0.9878774169731626
424.5 0.9920369467543046
425 1.014506027035628
425.5 0.991682747458744
426 1.009963335702775
426.5 0.9951757389596861
427 1.01292988318211
427.5 0.9962805421577383
428 1.003523663549261
428.5 1.006911404626561
429 1.002237336303279
429.5 0.9977934644948265
430 0.9929461748160562
430.5 0.9858065731832725
431 0.9755518216719984
431.5 0.9862639443917524
432 1.026146951039785
432.5 1.002117332168546
433 0.9779881308416482
433.5 1.002474344873631
434 0.967075145926268
434.5 1.011896464306874
435 1.017806281083741
435.5 1.004584614718616
436 1.016626502092319
436.5 1.000395888502126
437 0.9748534546695953
437.5 0.9962349185589935
438 0.9888852946314181
438.5 1.000205205115217
439 1.007226225625877
439.5 0.9835584531500413
440 0.9907814566339922
440.5 0.9955600510119345
441 0.9668637957731095
441.5 0.9974504544367645
442 1.002173983059132
442.5 0.9782251780396968
443 0.9907071467489598
443.5 1.010458274052681
444 0.9903992449514709
444.5 1.027407474751992
445 1.003067521396182
445.5 0.9672538363361104
446 0.9650863214175174
446.5 1.027212342562077
447 1.005029482250164
447.5 1.004730127453141
448 1.022480223535644
448.5 1.006064525186187
449 0.9860480187659038
449.5 0.994845152145843
450 0.9972525231744777
450.5 1.00425342872839
451 0.9907283100834321
451.5 0.9837578421730326
452 0.9907348757883827
452.5 1.008332768540477
453 0.9895927374858816
453.5 0.9932836315075901
454 1.000546805577185
454.5 1.009661439532252
455 1.010642453728814
455.5 0.9887107829835607
456 1.001343775918353
456.5 1.009619644126895
457 0.9837231772458425
457.5 0.9988828965998949
458 0.9996744727572215
458.5 1.005648754485559
459 0.984414164917302
459.5 0.9959259011663733
460 0.995050708840023
460.5 1.01530230934983
461 1.003569493643471
461.5 0.9920680166896183
462 1.007442585921819
462.5 1.026572767190382
463 1.019632019498941
463.5 0.9786290865410421
464 1.012889598929121
464.5 0.9939191656442702
465 0.9916026938721825
465.5 0.9963050446275261
466 0.9887865584925337
466.5 1.000809397266311
467 0.9884861124729252
467.5 1.008830907583778
468 1.005787147354512
468.5 0.9789719436688572
469 0.9995545447539478
469.5 1.025525717599001
470 0.9938948655732506
470.5 0.9988224834754947
471 1.000214957588188
471.5 0.9903847342290636
472 1.016439430473652
472.5 0.9823583650850179
473 1.015106133234014
473.5 0.9863796551964918
474 1.01672255198443
474.5 1.006103046441277
475 0.9908643058341979
475.5 0.9980853119132423
476 1.009400123254269
476.5 1.011915240201297
477 1.003288967045554
477.5 0.9940131814898697
478 1.014610460519684
478.5 1.008577996580615
479 1.028884858068995
479.5 0.9686260567163517
480 1.023249693171512
480.5 1.003573891362817
481 1.006708137536584
481.5 1.014531893272711
482 1.018296809701679
482.5 1.021709291944643
483 1.009242132690458
483.5 0.995991145464137
484 0.9972602391783288
484.5 0.9922158701313543
485 0.9804002380023292
485.5 0.9929254308309045
486 1.011994124152748
486.5 0.9876955931241345
487 0.9861612640174904
487.5 1.006431704847352
488 1.020564647218038
488.5 1.026801957229603
489 0.9989634680418558
489.5 1.002126199090417
490 0.9947279811118288
490.5 0.9998252881783705
491 0.992134530946564
491.5 0.9955997051088017
492 1.015946321724393
492.5 1.031550825251499
493 1.011348184488865
493.5 1.004661264186914
494 0.973735751232066
494.5 1.003628848066728
495 0.9907913931651338
495.5 0.9684838561968492
496 0.996142594525521
496.5 1.012942288103266
497 0.9982885984946466
497.5 1.010762939039812
498 0.9996239755524317
498.5 0.9990305561542552
499 1.024251074359281
499.5 1.011428383639562
500 1.016262649397491
500.5 1.033049822219497
501 0.9976210283657891
501.5 1.005390814086519
502 1.010499793652761
502.5 1.000159047384368
503 1.003560512245125
503.5 1.019700438505966
504 0.9883870061118669
504.5 0.9998975299329786
505 1.015790314538751
505.5 1.00768389612496
506 1.020451694435063
506.5 0.9876130312609938
507 1.025068430950933
507.5 1.000210957520326
508 1.030848555366612
508.5 0.9949249652182939
509 1.000338853467852
509.5 1.007680417311004
510 0.9892308420390329
510.5 1.027054841522781
511 0.9965517145914737
511.5 1.021702876548223
512 1.016290486751534
512.5 1.020834193487497
513 0.9938292742427159
513.5 0.9933721668411367
514 0.9914404761618131
514.5 0.972885156787361
515 1.009625354106972
515.5 1.006348447225602
516 1.000741423801457
516.5 1.003185540611049
517 1.00620130212473
517.5 0.9825843068163194
518 0.9925930703389231
518.5 0.9889408412754437
519 0.9931103548999903
519.5 0.9848485412771411
520 0.9892943724342319
520.5 1.005511956262833
521 1.006166141994292
521.5 0.9953569761777951
522 1.01646814580319
522.5 0.9876980216532548
523 1.004751860034142
523.5 1.000843448830169
524 1.004609310781452
524.5 1.001420425924547
525 1.009689912919284
525.5 0.9981770077473961
526 0.992901104516544
526.5 0.9963562803235054
527 1.029812901181746
527.5 0.9969221290971472
528 1.028570705597698
528.5 0.9900847503018039
529 1.005475399268196
529.5 0.9692587304289422
530 1.001962091705177
530.5 1.005887849585528
531 1.007033890743473
531.5 0.9852827375797536
532 0.9951308985931119
532.5 1.003154401163244
533 1.019784817495655
533.5 1.02581245586155
534 0.9968435673154785
534.5 1.002888003805624
535 0.9593677717290937
535.5 1.001591112120968
536 1.013553776354736
536.5 0.988116324658403
537 1.003163107247906
537.5 0.9988705640449607
538 0.9987644110451037
538.5 0.9932834731091417
539 0.9962686441968651
539.5 0.9920137483574634
540 0.994452452861209
540.5 0.988613106046611
541 1.000096342510733
541.5 1.000641632081947
542 0.9980006390933599
542.5 0.9789547003278944
543 1.000537743207158
543.5 1.005818983361813
544 1.002128028068054
544.5 1.000288417573675
545 1.011044380359404
545.5 1.003693546836146
546 0.9970212874116722
546.5 1.002893246610584
547 1.002883355835329
547.5 1.014437928199471
548 0.996891592638712
548.5 0.9927442445765943
549 0.9892565796347528
549.5 0.9865540304129194
550 1.007554718661817
550.5 0.9991695713307875
551 1.006210439279043
551.5 1.031155046536844
552 1.005892046607218
552.5 0.9975639029778888
553 1.005696758237794
553.5 0.9901479730541184
554 0.9900115280882182
554.5 1.004190585649255
555 0.9956792664648595
555.5 0.9883331103615096
556 0.9951252209167304
556.5 1.03044492529546
557 0.9846494124898284
557.5 1.009455225025544
558 1.008898089695535
558.5 0.9796172152801852
559 1.010652223327114
559.5 1.000757988510606
560 0.9990959377855352
560.5 1.033645576926709
561 1.004325429934086
561.5 0.990181927354411
562 1.006674662539854
562.5 0.9901117026381664
563 1.026452541686011
563.5 0.9843924128415312
564 0.9950166320162376
564.5 1.012447499547302
565 0.9906433529361157
565.5 0.9884050674912245
566 0.9932259210857819
566.5 1.017449837106241
567 0.9989345719559021
567.5 0.9891919034088664
568 0.9968692308190619
568.5 1.015848087674898
569 1.00191115133852
569.5 1.019730506384806
570 0.9890466373867757
570.5 0.9961707270073522
571 0.9993255382173142
571.5 0.99232980401594
572 1.002501918493433
572.5 0.9662838968326908
573 0.9820393490498418
573.5 0.9851837732284658
574 1.001794401002623
574.5 1.006424905316119
575 0.9904187984173743
575.5 0.991874266391043
576 0.9998983792144694
576.5 1.008830858646907
577 0.9873089483965426
577.5 1.006508146421833
578 0.9900755655616467
578.5 1.003613444274127
579 0.9846831599996023
579.5 1.010244718008384
580 1.010472270411491
580.5 1.000062269272272
581 0.9999573587841862
581.5 0.9972016493010567
582 0.9916937936718851
582.5 1.019957014298714
583 0.9952859737902442
583.5 1.010056766119555
584 1.003073869572356
584.5 1.00078836079015
585 0.9908826446227156
585.5 0.9924864066343333
586 1.002818209614226
586.5 1.010282162001945
587 1.006639869566395
587.5 0.9895778772288161
588 1.023950222496817
588.5 0.9865551207469648
589 0.9857791720040299
589.5 0.9950932481735066
590 0.9940788121407823
590.5 1.004908552203839
591 1.016369413578472
591.5 1.015097212913708
592 1.002490237329856
592.5 0.9991345001983963
593 0.9905820574797882
593.5 1.007714349903839
594 0.9955300144605363
594.5 1.003114654231957
595 1.008471702088271
595.5 1.012051744965925
596 1.018360013937624
596.5 0.9977130499135487
597 0.9945123514571491
597.5 0.9848831071511389
598 0.9823653632478504
598.5 0.9914911083078012
599 1.000150745499778
599.5 1.017559667064479
600 0.9996331173053192
600.5 0.9846816121105714
601 0.9926424517722094
601.5 1.015003225169727
602 1.00514855574301
602.5 0.9933935588904008
603 0.9864972179712819
603.5 0.9967355341329724
604 1.006191148186806
604.5 1.004314127538211
605 1.002654790146971
605.5 0.9909056270679444
606 0.9893772205203567
606.5 1.004373194473432
607 0.9962698498758797
607.5 0.9968471977573462
608 1.00932923493585
608.5 0.9988338241973568
609 1.016625697052863
609.5 0.9864359753450702
610 0.9872274016493512
610.5 1.017907250336831
611 0.992868084495853
611.5 0.9872863585796335
612 0.996490526702832
612.5 0.9858304305516963
613 0.9979070407199054
613.5 0.9834472504353003
614 0.9854627636876236
614.5 1.013054690812709
615 0.9842175118414249
615.5 1.000099774120961
616 1.016237176430715
616.5 0.9966529734795303
617 0.9912521679432681
617.5 1.025506567435277
618 0.9776431136564645
618.5 1.016388695648616
619 0.9943121246525602
619.5 0.9796137508416359
620 0.9914112734757001
620.5 1.011870731582863
621 1.007413571416148
621.5 1.011340124001898
622 0.9913893302780906
622.5 0.987786819236022
623 0.99061805197701
623.5 0.9931383191735391
624 1.00805483720929
624.5 1.007240384350258
625 0.9913687332877481
625.5 1.01019545076651
626 1.009377619641805
626.5 1.001613731182913
627 1.000115988128261
627.5 1.014055170011031
628 1.003847672991121
628.5 0.9865708913376136
629 0.994750670592128
629.5 1.001723572323347
630 1.003176772266937
630.5 0.9884552615474069
631 1.003815322956093
631.5 1.003496256761373
632 0.9864995898693572
632.5 1.000130905959031
633 1.002926465907388
633.5 1.024542969960024
634 0.9950163675634314
634.5 1.012123736580361
635 0.9910154441072553
635.5 1.021480378695519
636 0.9952207089274612
636.5 1.005100092387155
637 1.021091456561852
637.5 0.9927474416107326
638 1.006887250318635
638.5 0.9968067120744147
639 0.9916220485341495
639.5 0.9862618663110957
640 0.9882403343492503
640.5 1.000181908135382
641 1.009809621004485
641.5 1.008330757485483
642 0.9863457844458652
642.5 0.9903788504288616
643 1.002312666353091
643.5 1.005271212083712
644 1.00868900321254
644.5 0.9908064759769017
645 1.020920116370272
645.5 0.9787637699859784
646 0.9919047136241628
646.5 0.9885069858271915
647 1.005963703554146
647.5 0.9957696004514016
648 1.00137692699787
648.5 0.9985365782266118
649 0.9968136218269414
649.5 0.9867838600829828
650 0.9943942735241068
650.5 1.014776459697998
651 0.9835285677607707
651.5 1.002118787778664
652 0.996825275687314
652.5 1.010395070299151
653 1.001174415426003
653.5 0.9970889170376557
654 0.9981150607117495
654.5 1.006957582721135
655 1.000426867273213
655.5 0.9921016813791245
656 0.9897752033067744
656.5 0.994143139174421
657 1.018982784547875
657.5 0.9973390289088244
658 1.003111724942079
658.5 1.003924728197576
659 0.9881395372547207
659.5 0.9936278147632106
660 1.003033199531262
660.5 1.003211752784861
661 1.00882728046439
661.5 0.9984004299514696
662 0.9854261296140336
662.5 0.9763063149625537
663 1.015600110170018
663.5 1.017344064104175
664 1.007242102958826
664.5 1.00519755382423
665 1.003069923521307
665.5 0.9840598585509522
666 0.9959322016271775
666.5 1.00154162232205
667 0.9833163647323916
667.5 0.9875267616020461
668 0.9937313461903977
668.5 1.000787960717021
669 1.001642621471211
669.5 1.007795053673172
670 1.004989755416332
670.5 0.9993322572510958
671 1.000525636720603
671.5 0.9990362053874584
672 0.9984989949738533
672.5 1.017256559014056
673 1.021766102492126
673.5 0.9898481907632378
674 0.9990133936148076
674.5 0.9976184507524654
675 1.003750396267864
675.5 0.9936424568126114
676 1.006068141990189
676.5 1.006624395476226
677 0.9885642410598428
677.5 1.007389218052676
678 1.005310737445692
678.5 0.9992602162555991
679 1.004971079598706
679.5 0.9942963455695049
680 0.993592893253929
680.5 1.004078642805648
681 1.001176793491539
681.5 1.003398762064898
682 0.9914590122522657
682.5 0.9951918905540362
683 1.011438854993204
683.5 0.9806080687225655
684 0.9887502204785734
684.5 0.9980315265226035
685 1.006454487656191
685.5 1.009131777408135
686 0.994168399231828
686.5 0.9989200956674881
687 0.9904508987624954
687.5 0.9921426342127571
688 1.016707199806184
688.5 1.004547854741556
689 0.9985771539452758
689.5 1.015320124718512
690 1.006894358966827
690.5 1.00600859715758
691 1.002513631168045
691.5 1.022164297249691
692 1.005638123138408
692.5 0.9851782410382697
693 0.9994122464688189
693.5 0.9893859049098607
694 0.9991223613026683
694.5 0.9955036157028018
695 1.002620478374009
695.5 0.9912739229630467
696 0.9904131078886149
696.5 0.9997520156354794
697 0.9979974208798452
697.5 0.9908019811025829
698 0.994180398600953
698.5 0.9979473417156846
699 1.004174060975122
699.5 0.9951756791076395
700 1.002976549136576
700.5 0.9914631216057791
701 1.012959370656827
701.5 1.006845411244578
702 0.9932382753912519
702.5 0.9921406583455762
703 1.013982733813377
703.5 1.011833504434365
704 0.9975850305581264
704.5 0.9977392742666182
705 0.9864490795761321
705.5 1.005322148971519
706 0.9871735523261156
706.5 1.014028787760872
707 0.9824346098722958
707.5 0.9902297057704593
708 0.9995560872949223
708.5 0.9983785917884136
709 1.001310648236766
709.5 1.007638418970085
710 0.9779364431019556
710.5 1.019311570737754
711 1.008477189466442
711.5 0.9915161501575442
712 1.018479184688863
712.5 0.995257404245381
713 0.9970037588210352
713.5 1.002417221565257
714 0.9967346246317065
714.5 0.9961031663235175
715 0.9832043518723625
715.5 1.0007017979231
716 0.9974809704045701
716.5 0.9963928223048114
717 0.9923515070084044
717.5 1.001714002065684
718 1.005155454030973
718.5 0.9993803491210689
719 1.001080395388033
719.5 1.017975150133722
720 1.002133943462971
720.5 1.015901772242323
721 1.000405140734985
721.5 0.9998422200387505
722 1.014151024801322
722.5 1.006628518957846
723 0.9902576436552252
723.5 1.003550099588823
724 0.9966650028667701
724.5 0.9918759543648777
725 0.9911012182232675
725.5 1.011494531966949
726 0.9842339395725871
726.5 1.011959360818645
727 1.023466230743783
727.5 0.9949001514322436
728 1.014188216852525
728.5 0.9962811545539142
729 0.9911766294939494
729.5 0.9950888308324678
730 1.011124045651548
730.5 0.9977683142046826
731 1.004349997866521
731.5 1.004360682792538
732 1.004224998452228
732.5 1.008081870804961
733 0.9987317046442028
733.5 1.005262650597458
734 1.002085904747688
734.5 0.9916961365148538
735 1.000947397075938
735.5 1.004051644348936
736 1.003694694096916
736.5 0.9904109530426393
737 1.007355743311237
737.5 1.005560573496816
738 1.004198486862065
738.5 1.007267657928115
739 1.008473008717445
739.5 0.9966383130257938
740 0.9885338481293755
740.5 0.9900410234395637
741 0.9964385155595167
741.5 0.9865222445669817
742 1.00281115215998
742.5 0.9951722993394481
743 1.014649941536398
743.5 1.013778995295308
744 0.9950341859797127
744.5 0.9908166147473587
745 0.9974883492970243
745.5 1.012412183019602
746 1.00909556439101
746.5 1.006206347595813
747 0.9969013458264351
747.5 0.9960561681772128
748 1.006073778060512
748.5 0.9910324024807176
749 0.9852656269860329
749.5 1.003784479912793
750 1.004939678040614
750.5 0.9944717922011168
751 0.9901780546093134
751.5 0.9947239749749738
752 1.005387766911483
752.5 1.010862778523814
753 1.000932911374709
753.5 0.9840987124707797
754 0.9994445312873044
754.5 0.9816286896564257
755 0.9914682748437101
755.5 0.9987557481715341
756 1.016928480730217
756.5 0.9931900755824769
757 0.992626267520434
757.5 1.003740003372126
758 0.999839862218761
758.5 0.9831519039773343
759 1.004577663305488
759.5 0.9946113195790629
760 1.000182254606717
760.5 0.9863395822882889
761 0.9929812910361697
761.5 1.008875238857376
762 1.006478256299761
762.5 0.9920263946601259
763 1.003105719657637
763.5 1.003329328187206
764 1.00034802937487
764.5 1.009504249594006
765 0.9924092942356763
765.5 0.9998218526076253
766 1.002766036773278
766.5 1.004309302788893
767 0.9992259182125293
767.5 1.00129712605603
768 1.001512822933845
768.5 1.009642252400538
769 0.987843008907925
769.5 1.004454066735365
770 0.9916520184337834
770.5 1.004538798926971
771 1.004940161407985
771.5 1.005732325135264
772 0.9930568595768351
772.5 0.9982343073742492
773 0.9882073810878014
773.5 1.008155920880814
774 1.00236705964259
774.5 0.9982158394503262
775 0.9947879292696499
775.5 1.002120532069763
776 1.002834966843863
776.5 0.9917235770126431
777 1.004191308968174
777.5 1.003995662204844
778 1.004314556791324
778.5 0.9897840787731954
779 1.003470961855602
779.5 0.9998119391610381
780 1.00230824433024
780.5 1.012279119271091
781 1.015453954130507
781.5 1.009116121174136
782 0.9891614778618975
782.5 1.002339611421336
783 1.000805736180406
783.5 0.9965462597223501
784 1.005352535040734
784.5 0.9850191949508667
785 1.000137693792307
785.5 1.00069577528262
786 0.993495852793708
786.5 1.006339453565501
787 0.9981427130108272
787.5 0.999702312063606
788 0.9969284069500949
788.5 0.9888349823680382
789 0.9910238099343611
789.5 1.001518435484113
790 0.9998765828250152
790.5 0.9987367952923973
791 0.9995914239074003
791.5 1.008153640673268
792 1.008309497567313
792.5 0.9894224896306602
793 1.01580345568694
793.5 0.9961486857487489
794 0.9999613351992565
794.5 1.004257305823768
795 0.9934409838741438
795.5 1.002718975959521
796 1.016460973457038
796.5 0.9885360654306601
797 1.011274814368869
797.5 1.000942203651037
798 0.9903288223343407
798.5 0.9945265502166849
799 0.99895707797253
799.5 1.00605726725043
800 0.9974351255651955
800.5 0.9821466744857589
801 0.9908175460247768
801.5 0.9957063525110313
802 0.9807171225373965
802.5 1.01935755673326
803 0.9942855914022087
803.5 0.9956430822122512
804 0.9989851178376783
804.5 1.004123731698645
805 0.997887323785271
805.5 1.016101530781552
806 1.003927688867972
806.5 1.00286294996288
807 0.9867264204943945
807.5 1.011014701669819
808 1.009883169265059
808.5 1.002913414875971
809 0.9969124456206355
809.5 1.000437086401269
810 0.9939774621380082
810.5 1.000994249165957
811 0.9927122844526437
811.5 1.01148359273599
812 0.9978311458940243
812.5 0.9956592794983999
813 0.9935509359456616
813.5 0.9963916012743417
814 0.9992833312312358
814.5 1.012854176831743
815 1.002990600613609
815.5 0.9934433240741313
816 1.013814183247445
816.5 0.9881482136768894
817 1.00911619530258
817.5 0.9954665356669919
818 1.002458718212014
818.5 1.010712313135641
819 1.000825271353741
819.5 0.9980962442606933
820 1.002557008566233
820.5 0.999599577195338
821 0.995492734752062
821.5 1.012925883015023
822 1.00143176254663
822.5 1.010809835910421
823 1.003313097912603
823.5 1.013124193305934
824 0.9895767854663555
824.5 0.9892937966936439
825 1.016139881567934
825.5 1.007192026181657
826 1.00003505863331
826.5 0.9917541301539764
827 1.004680839053801
827.5 1.003068866237324
828 1.002937384322658
828.5 1.005529578662765
829 1.004203634791998
829.5 0.9948408098377036
830 1.012811975079047
830.5 1.012609440882595
831 1.005129652847628
831.5 0.9968219718077712
832 0.9979877949311849
832.5 0.9993187224115464
833 0.9991299465616178
833.5 1.002305285704095
834 1.008216578838264
834.5 0.9885489959169899
835 1.000327703962351
835.5 1.003762587914338
836 0.994257288257253
836.5 0.9965763588359557
837 1.005394971328536
837.5 0.991698655257489
838 0.9945096115248065
838.5 1.009945793172246
839 1.008687062134658
839.5 0.9958229953860742
840 1.003250383711923
840.5 1.000623387686763
841 0.9997644037000893
841.5 0.998356634757144
842 1.008380400909924
842.5 0.9950001895958227
843 1.003961253745946
843.5 0.992751872813334
844 1.014270880602092
844.5 0.9900744343657215
845 1.002051371031828
845.5 0.9990138129173232
846 1.003167263983113
846.5 1.002797997186197
847 1.014809260957216
847.5 1.008242858453499
848 1.009383631852431
848.5 0.992935916755614
849 1.00630463873203
849.5 1.00620001647116
850 0.990674624827414
850.5 0.9918258672549379
851 1.010563233700772
851.5 0.9875097242963188
852 1.012270903366708
852.5 1.000470753232021
853 0.998334517128323
853.5 1.005293502209031
854 0.998241224783297
854.5 0.9827219810248169
855 1.015837397044981
855.5 0.9772855588614151
856 1.006181863548067
856.5 1.004104713435953
857 0.9904690038978303
857.5 1.002187969133375
858 0.9999090130299242
858.5 1.002338763426536
859 0.9897688821348682
859.5 0.9965801703619381
860 1.008115307976836
860.5 0.9964748298359754
861 1.017283019736406
861.5 1.011273698904621
862 1.003285426232644
862.5 0.9955768205520461
863 0.987519265491954
863.5 1.005445211539268
864 0.9973413612831762
864.5 0.9941552082033694
865 0.9959738447830569
865.5 0.9976316065439031
866 1.005725843921606
866.5 0.9929436313672042
867 1.001748815467705
867.5 0.993709808204767
868 1.005853287470574
868.5 0.98290141877704
869 1.005964159382563
869.5 1.004498390776528
870 0.9956755822130896
870.5 0.9990559852745601
871 1.002171229066818
871.5 0.9948668532839321
872 0.9876297977895451
872.5 0.9918200796877551
873 1.005302796600236
873.5 0.9982298408353411
874 0.9972920150407305
874.5 0.9937578209055669
875 1.003968713636673
875.5 0.9982483116949959
876 1.000357988501372
876.5 0.99723946124916
877 0.9984831584789036
877.5 1.001949366354094
878 1.005356500041482
878.5 0.9984077283632748
879 1.002061936454638
879.5 1.005354665495389
880 1.000238550147761
880.5 1.006087157249072
881 1.009763695619536
881.5 0.9981909259180718
882 0.9947059477541458
882.5 0.9965802666605285
883 1.007043245823854
883.5 0.9897841221275986
884 1.000180003785238
884.5 1.000991470052538
885 0.9992638830585494
885.5 0.9968440282660292
886 0.993436504246014
886.5 0.9921674863594953
887 1.00902240135827
887.5 0.9963622957683507
888 1.0069487135797
888.5 0.9922456205864441
889 0.9999034749961097
889.5 1.011334578030882
890 0.998542996392826
890.5 0.9963412457538466
891 1.004791842870056
891.5 1.018516400824932
892 1.00014120200472
892.5 1.014914868567031
893 1.002689772847118
893.5 0.9920040459296831
894 1.015801136739849
894.5 0.9934874171608695
895 0.9911618938829851
895.5 1.001762523928115
896 0.9969085133133928
896.5 1.003454934201478
897 1.000254720420916
897.5 0.9966741242940583
898 1.002375876415466
898.5 0.9934435059752706
899 1.001255733794845
899.5 0.9866619567062381
900 0.9927798917771383
900.5 1.009260148836731
901 0.9937924555124686
901.5 1.0082206446751
902 1.003847368510015
902.5 1.001157098031559
903 0.9834711994451266
903.5 1.003046149036238
904 0.995311018401724
904.5 1.005448173312173
905 1.004432613492349
905.5 1.002658517345786
906 0.9921554656570036
906.5 1.004097814608925
907 0.9930468648143437
907.5 0.9830602792166198
908 1.007823165987975
908.5 1.004779063603075
909 1.017440396271271
909.5 0.999603876312267
910 0.9986938788243681
910.5 1.004363874267315
911 1.004200460081195
911.5 0.9928308227523686
912 1.003170361851974
912.5 1.004831567495845
913 0.9940108234854216
913.5 0.9922227590480466
914 0.9939819513733588
914.5 1.00058100495931
915 0.9997669461171017
915.5 0.9975597249057236
916 1.010306344123625
916.5 1.00962168269865
917 1.002730205032243
917.5 0.9946962532962692
918 0.9862169519398309
918.5 0.9930856177445126
919 0.9898835571013125
919.5 0.9986672718611146
920 0.9895737877321616
920.5 0.9976020033988674
921 1.004555939692336
921.5 0.9896119045344317
922 1.005219196920693
922.5 1.002161480244841
923 1.003408027204876
923.5 0.9914508229968728
924 1.000416038900444
924.5 1.022123010226704
925 0.9971614665160432
925.5 1.000086492691119
926 0.9928737206446869
926.5 1.00323838970427
927 1.003697730456977
927.5 0.995687534944185
928 0.9952481670077935
928.5 1.001270728024362
929 1.013869768333406
929.5 1.002318746207942
930 1.003628398780607
930.5 1.012448272598904
931 1.011226249734723
931.5 1.002149614677462
932 0.9894592634261962
932.5 1.001927737962484
933 1.002688935572749
933.5 0.9895900022166265
934 1.002865066584611
934.5 1.013077860112569
935 1.003973903655923
935.5 1.00628391126285
936 1.003875173555385
936.5 1.001115668593819
937 0.9934364493630217
937.5 1.016311126950701
938 0.9996430949439508
938.5 1.001497272327155
939 0.9993264779584609
939.5 1.000028435107928
940 0.9992734662474847
940.5 1.002615259672952
941 0.9964908418429983
941.5 0.9944219451420478
942 1.003858647962127
942.5 1.002267588649778
943 0.9933635984332202
943.5 0.9928361527112606
944 1.002582071990074
944.5 1.003485908645371
945 0.9987600855677873
945.5 0.9970504026995034
946 1.005486130856453
946.5 1.00351093884257
947 0.9968481023033422
947.5 1.003433238003503
948 1.002071621622444
948.5 1.014655001746314
949 1.014364683666998
949.5 1.002451165785679
950 0.993238305521464
950.5 1.007457470159694
951 0.9938641674040287
951.5 1.016356040990552
952 1.001147490667622
952.5 1.006880793930597
953 0.9959164107423664
953.5 1.015481766285525
954 1.00962372673509
954.5 1.015792286644474
955 1.001701492450173
955.5 0.997879983895869
956 1.004252943215606
956.5 1.007461190735137
957 1.00930108303228
957.5 0.9952028014111748
958 1.005751927060431
958.5 0.9972402437078939
959 0.9996739358300953
959.5 0.995162660431004
960 1.000170779900211
960.5 0.9862088754528114
961 0.9986808781063405
961.5 0.9843270948649481
962 1.011338422497657
962.5 0.985268336587164
963 1.003106227697596
963.5 1.012220325246512
964 0.9906302571575036
964.5 0.997643540481546
965 0.9980322751070786
965.5 0.9855486977840493
966 1.01625539701425
966.5 1.000733442486798
967 1.0066975920253
967.5 1.001828649052007
968 0.9912321111692888
968.5 1.005782797239242
969 1.000347426852618
969.5 1.005781256458185
970 0.995884599869427
970.5 0.9998218345037696
971 1.007716846619747
971.5 0.9948753884593773
972 1.001273847413842
972.5 1.00222161802895
973 1.013206810743571
973.5 0.9988894177034086
974 1.001149141322886
974.5 1.004716360136291
975 1.010939338704568
975.5 0.9940199157174102
976 1.009809377855225
976.5 1.000319024306967
977 0.9870113408425262
977.5 1.005611829487545
978 1.004665314320633
978.5 0.9987972188741258
979 0.9969643712479251
979.5 1.000534920863727
980 1.004219350691839
980.5 0.9904316047143609
981 0.9984490104537526
981.5 0.9987260018993787
982 1.003041547369836
982.5 1.000890952667765
983 0.9925761394348804
983.5 1.002722851958745
984 0.9979222463191769
984.5 1.004826586947108
985 0.9989886378282169
985.5 0.9963708106143048
986 0.9947595098304499
986.5 0.9960330261780408
987 0.9974634044689694
987.5 0.9950953513970612
988 1.002309308522318
988.5 1.015129389054989
989 0.9994470611997834
989.5 0.9991136309230385
990 1.011300393440856
990.5 1.006626698569499
991 1.013425378521187
991.5 0.9997232173157008
992 1.01035397552356
992.5 0.9995287992450826
993 0.9869076169698787
993.5 0.9991752715470864
994 1.002467847761646
994.5 0.9934250912820709
995 1.001398193653192
995.5 0.9940246004542174
996 0.9956578370573502
996.5 1.001602519163077
997 1.002244133182525
997.5 1.003158012563506
998 0.9960517072975336
998.5 0.9991570011273849
999 1.010881918782702
999.5 0.9972756701085058
1000 1.002355651320409
1000.5 1.007386065794506
1001 0.984491970798748
1001.5 1.007744468653679
1002 1.003906599561933
1002.5 1.002168984749633
1003 1.001015172352126
1003.5 0.9981223851697446
1004 0.9908292874966778
1004.5 0.9913874197596243
1005 0.9901312303120274
1005.5 0.9913429800612162
1006 0.9986720424286498
1006.5 1.008177913968284
1007 1.009673998841633
1007.5 1.005908919953875
1008 1.002495866400818
1008.5 0.9997785084076264
1009 0.9976017296958757
1009.5 1.001239039378086
1010 1.005823349422413
1010.5 0.9942225725644762
1011 0.997126844716994
1011.5 1.001776313666763
1012 0.9950050646610561
1012.5 0.9906026530496668
1013 0.9977867817367758
1013.5 1.000177791967438
1014 0.9964638084875995
1014.5 1.006950251970116
1015 0.9979422195250434
1015.5 0.9914823655211721
1016 0.9982052693660213
1016.5 0.9989200440499435
1017 1.017711518971969
1017.5 1.005950315390889
1018 0.9964295178012111
1018.5 1.007393239591013
1019 0.9962755458715941
1019.5 1.005305521499057
1020 1.003271779426037
1020.5 1.007675340245885
1021 0.9992521635249294
1021.5 0.9890903586902269
1022 0.9958057926494143
1022.5 0.998148244694596
1023 0.999033937032853
1023.5 1.004974835338996
1024 0.9942602097138219
1024.5 0.995294135269072
1025 1.006040032394895
1025.5 1.010171036822959
1026 0.9972338130135802
1026.5 1.001881972069654
1027 1.0019408143243
1027.5 1.003364289471246
1028 0.9936153344341788
1028.5 1.005833257119547
1029 0.9977554625651652
1029.5 0.9995431327461544
1030 1.003787034667672
1030.5 1.004500628178275
1031 0.9954274043533066
1031.5 0.9888609312011063
1032 1.009629587762851
1032.5 0.9949489539788395
1033 1.003368070731247
1033.5 1.008232774383621
1034 0.9999708407015212
1034.5 1.001843670265752
1035 0.9977121777132693
1035.5 1.00314297640682
1036 0.9920849416646235
1036.5 1.005378163027936
1037 0.9953888804603166
1037.5 0.9944297006745644
1038 0.9997267519782885
1038.5 0.9985837176968491
1039 1.013031404780638
1039.5 1.002034949926533
1040 1.002800466422248
1040.5 1.012019735535035
1041 0.9942964646871852
1041.5 1.003397539435459
1042 0.9943622388165674
1042.5 1.002405416066335
1043 0.994712407694157
1043.5 0.9930438888365225
1044 1.005102573708766
1044.5 0.9997129066898433
1045 0.991550643234393
1045.5 0.9972311972096284
1046 0.9999452866427669
1046.5 1.000768512679069
1047 0.9938783403238951
1047.5 1.008657298457163
1048 0.9959550009441875
1048.5 0.9912492675830114
1049 0.993172018145969
1049.5 1.004604423831325
1050 1.000220536636306
1050.5 1.003081011239561
1051 1.003713814920105
1051.5 1.000011332580398
1052 0.9910003437520838
1052.5 1.001241735822402
1053 0.9915431346816043
1053.5 0.9902160783283002
1054 0.9980783371811511
1054.5 0.9991989888690272
1055 1.005041983540011
1055.5 0.9997192362433568
1056 0.9976898299100077
1056.5 1.004109631156621
1057 1.004728911279644
1057.5 0.9997034495031664
1058 0.9969839138251173
1058.5 0.9898534952021357
1059 1.004515238864485
1059.5 1.006968224001107
1060 0.9983564149737816
1060.5 1.004342692116879
1061 1.007894919052844
1061.5 0.9953640039866696
1062 1.002129280629412
1062.5 1.001427871108876
1063 1.005484825901018
1063.5 1.000475426221967
1064 1.000257956127357
1064.5 1.004647033362108
1065 1.000612856871061
1065.5 0.9973406937740344
1066 1.002095931996537
1066.5 1.006430832621375
1067 0.9941279217011838
1067.5 1.00666557097479
1068 0.9909010299469404
1068.5 1.005294001701806
1069 1.007251350661067
1069.5 0.9988172824260949
1070 1.00016369875077
1070.5 0.9947425209137306
1071 1.000300576983961
1071.5 0.9933616750894776
1072 1.01253683276642
1072.5 0.9961836957925562
1073 1.005879681405618
1073.5 0.9949370676895533
1074 0.9916468596189157
1074.5 0.9962913759700467
1075 1.001365043720289
1075.5 0.9900277354077944
1076 0.999201816291822
1076.5 0.9968956092676471
1077 1.006246937425484
1077.5 1.000716529023812
1078 1.002939487406663
1078.5 1.007636209795165
1079 1.002620479274534
1079.5 1.002627916539068
1080 1.003403059301524
1080.5 0.9962683869860817
1081 1.008048007612067
1081.5 0.9937274468284562
1082 1.005253879544575
1082.5 1.002729755362707
1083 0.9985159993000419
1083.5 0.993645945104182
1084 0.9988957366636337
1084.5 0.9918143400647441
1085 0.9980811138213208
1085.5 1.005294668940701
1086 0.9895718601111338
1086.5 0.9939411810702542
1087 1.005884921409759
1087.5 1.000612272063492
1088 0.9961057822669093
1088.5 1.00225969213056
1089 1.000518353831491
1089.5 0.9829287463502966
1090 1.004880275303379
1090.5 1.013131165984724
1091 0.9994716716717447
1091.5 1.001858666486862
1092 0.99502855154889
1092.5 1.001820524497451
1093 1.005664931028645
1093.5 1.000119356072729
1094 1.006626429505362
1094.5 0.9978699108750546
1095 0.9942622315106457
1095.5 0.9999116487099736
1096 0.9997454137236894
1096.5 0.9981534565426732
1097 1.005951485080939
1097.5 0.9993430582970769
1098 0.9994994048158418
1098.5 0.9929726075344161
1099 0.9973910303546856
1099.5 0.9939706605833462
1100 1.001051457760434
1100.5 0.9955745850111433
1101 0.9952168549640794
1101.5 1.003367649429403
1102 0.999313753342898
1102.5 1.000971433466137
1103 1.004931099725464
1103.5 1.003348830231018
1104 1.000842131019904
1104.5 1.005588249752118
1105 1.003721310975674
1105.5 0.9985423567235001
1106 0.9971620295738376
1106.5 0.9964519508069755
1107 1.000606387178133
1107.5 0.9930653116264146
1108 1.000514535004795
1108.5 1.002560488759387
1109 0.9952902085811429
1109.5 0.9995515486982001
1110 0.9931815317369692
1110.5 0.9937720340528998
1111 1.007016633203955
1111.5 1.000876590669362
1112 1.002906528044957
1112.5 1.004365863353667
1113 1.008872500406767
1113.5 1.002059998229128
1114 1.00477056377158
1114.5 0.9899444530865662
1115 0.9993656862107242
1115.5 1.007861763087129
1116 0.9995460147693513
1116.5 0.9905260087669099
1117 0.9981005589647171
1117.5 0.9947432833202869
1118 0.9974066579233267
1118.5 0.9989438992006093
1119 1.001442416381386
1119.5 0.9962586765057495
1120 0.9986301153602343
1120.5 1.006364617238731
1121 0.9969732305524202
1121.5 0.9972304216890151
1122 0.9963108783456918
1122.5 1.005842406193374
1123 0.9996031117767686
1123.5 0.9897328496234824
1124 1.00306706221159
1124.5 0.9910231957867276
1125 0.9969755085847067
1125.5 0.9999031537287212
1126 1.005559709779088
1126.5 0.9992338124872199
1127 0.9972432484902288
1127.5 1.001261860644922
1128 0.9996702482644365
1128.5 0.9998858004926225
1129 0.9942938586776114
1129.5 1.005932957568305
1130 0.9985143182310626
1130.5 1.001410862425494
1131 0.9965362035837854
1131.5 0.9969031750028833
1132 0.9870243390613727
1132.5 1.009297269646065
1133 0.9852524415810167
1133.5 1.001453302941473
1134 1.000812724050191
1134.5 0.9939986047894718
1135 1.00927087821516
1135.5 0.9974754210895654
1136 1.005834533676174
1136.5 1.002868684317536
1137 1.007832675022978
1137.5 1.004568438013609
1138 0.9941504609024288
1138.5 0.9986570685687209
1139 0.9997923127381773
1139.5 1.006685382718192
1140 0.9939025458380019
1140.5 0.9972839570856294
1141 1.004908016815299
1141.5 0.9915313341614538
1142 1.003387837153157
1142.5 0.9945415208712233
1143 0.9987107709047444
1143.5 0.9919686493480603
1144 0.9944354689711139
1144.5 1.005254398146071
1145 0.9968888296044518
1145.5 0.9997890786438439
1146 0.9952981260531425
1146.5 1.003409852395243
1147 0.9940075519139095
1147.5 1.002756367238826
1148 0.9979518047518751
1148.5 0.9972602725554156
1149 1.003356176860833
1149.5 0.9983561158835353
1150 0.9981656501894351
1150.5 0.9985637406656689
1151 0.9995488538311018
1151.5 1.006760231896047
1152 0.9978729861847078
1152.5 0.993517301674264
1153 0.9992488994631747
1153.5 0.9956307520207405
1154 0.9984539089718888
1154.5 0.9958356676047181
1155 1.008756641468673
1155.5 0.9965635501879867
1156 1.003659808099385
1156.5 0.9995009678379253
1157 0.9998012962458303
1157.5 0.9987341969642095
1158 0.9967389633805274
1158.5 1.008969080108923
1159 1.009432717431273
1159.5 0.996305897837711
1160 1.00456646181752
1160.5 0.9949656352437868
1161 1.005611106276673
1161.5 0.999634575067642
1162 0.9953989842115406
1162.5 1.004285984142641
1163 0.9965680299536496
1163.5 0.994618194988182
1164 0.9853684824516654
1164.5 1.009514746204742
1165 0.9981434356498217
1165.5 1.004083768508005
1166 1.002535149036931
1166.5 0.9976965596944052
1167 0.9939242328138396
1167.5 0.9989604214059593
1168 1.000760928800455
1168.5 0.9975651706266667
1169 1.006803125064011
1169.5 1.00748043331766
1170 0.9910249310449761
1170.5 1.001779098696261
1171 1.002401043568023
1171.5 0.9975149772189631
1172 0.9900844602896562
1172.5 1.009415493912682
1173 0.9925305950370525
1173.5 0.9964090492230206
1174 0.9990369347923221
1174.5 0.9952778269017768
1175 0.9911297357840049
1175.5 0.9917527230542112
1176 0.9933883279268058
1176.5 0.9847201975679007
1177 0.9911667682159679
1177.5 0.9877122706183358
1178 0.9838983426235689
1178.5 0.9931890700240951
1179 0.977381776593985
1179.5 0.9848415262915305
1180 0.9939389271340081
1180.5 0.9765487832817545
1181 0.9611428017507146
1181.5 0.9743662026032524
1182 0.9767763990036489
1182.5 0.9737496994834574
1183 0.9798855760173648
1183.5 0.9647625446124911
1184 0.9711450497340011
1184.5 0.9644669656191657
1185 0.9595752543831222
1185.5 0.9616763896081038
1186 0.9629428019059562
1186.5 0.9598900142959633
1187 0.9644728759340848
1187.5 0.9487435084738021
1188 0.9527753290773886
1188.5 0.9534630615212285
1189 0.9579243445698205
1189.5 0.949713114171674
1190 0.9552972394549752
1190.5 0.9575458840589587
1191 0.9444937483140149
1191.5 0.9559118241747037
1192 0.954616555171606
1192.5 0.9526656766400877
1193 0.9476795961869501
1193.5 0.9455730403338771
1194 0.9489346340642894
1194.5 0.953655364160909
1195 0.9406091961466436
1195.5 0.937832863359721
1196 0.9417602746305698
1196.5 0.9345788278038506
1197 0.9322485086312986
1197.5 0.9377996850233097
1198 0.9246128730310991
1198.5 0.9335505058415868
1199 0.9288700422694733
1199.5 0.9345396163838759
1200 0.9288374941188065
1200.5 0.9281990947576604
1201 0.9264811492993186
1201.5 0.927976920978166
1202 0.9247784510358271
1202.5 0.9268921272475988
1203 0.9347623050935909
1203.5 0.9186824574685628
1204 0.9220579949912885
1204.5 0.9175335798705467
1205 0.9214404011464217
1205.5 0.9239197125532582
1206 0.9151186589494131
1206.5 0.9162336310421081
1207 0.9213840818530412
1207.5 0.9153846181400522
1208 0.9152676882822043
1208.5 0.9077088714409907
1209 0.9142072900154776
1209.5 0.9093507381482596
1210 0.8987282003392523
1210.5 0.9001658744999513
1211 0.9100744608882383
1211.5 0.8920982684592096
1212 0.8975148132114011
1212.5 0.9083540691610229
1213 0.9087702947147973
1213.5 0.8928107161209347
1214 0.9024895933928165
1214.5 0.8949592535885958
1215 0.8927714526293555
1215.5 0.8988397150022739
1216 0.8958613654727912
1216.5 0.8889917538872563
1217 0.8896817183826572
1217.5 0.8927880202852014
1218 0.8863308135737763
1218.5 0.8818254403640543
1219 0.8843004762501304
1219.5 0.8849899664349303
1220 0.8752613670720466
1220.5 0.8795392365921155
1221 0.873462459294065
1221.5 0.8714682263550227
1222 0.8829899874938421
1222.5 0.8736662106151838
1223 0.8719362667217355
1223.5 0.8769227902772309
1224 0.8738143367178628
1224.5 0.8693856610070931
1225 0.876879242511211
1225.5 0.8676561563579409
1226 0.8717173102694271
1226.5 0.8648694043872022
1227 0.8687962620465712
1227.5 0.8665632627561415
1228 0.8619828431039274
1228.5 0.8670115054391034
1229 0.8656098418469182
1229.5 0.8628443809052807
1230 0.8645891485090876
1230.5 0.8558338706174871
1231 0.8546760536242956
1231.5 0.8530831725614704
1232 0.8580372078601796
1232.5 0.8532893690188903
1233 0.8521618659761605
1233.5 0.8516503766539312
1234 0.8497835892107846
1234.5 0.850245624683721
1235 0.8385748438085882
1235.5 0.8483083842085288
1236 0.8491266480114833
1236.5 0.8437010343635967
1237 0.8508602090463891
1237.5 0.8385987126694471
1238 0.8369556225123761
1238.5 0.8298800697282072
1239 0.8387771453818111
1239.5 0.8319899012059337
1240 0.8357020409605806
1240.5 0.8355347877823698
1241 0.8334957591020522
1241.5 0.8323190550450548
1242 0.8344774404360571
1242.5 0.8315854420724064
1243 0.8285969743517748
1243.5 0.8296186723196932
1244 0.8294553580640199
1244.5 0.8234315838949626
1245 0.8128180670601319
1245.5 0.8231394475636227
1246 0.8221025799132411
1246.5 0.8215434695130037
1247 0.829828141020671
1247.5 0.8136686830150673
1248 0.8153678963135881
1248.5 0.8167642320761954
1249 0.8055725604705303
1249.5 0.8138605282275252
1250 0.8136832649711356
1250.5 0.8158975174177251
1251 0.807802901727911
1251.5 0.811335989263808
1252 0.8141176246268926
1252.5 0.8043792899029997
1253 0.8115036338701039
1253.5 0.8114265952564937
1254 0.8067169610967208
1254.5 0.8095889243588473
1255 0.7968247661523264
1255.5 0.8018742973826918
1256 0.8031867906058545
1256.5 0.8069890187950746
1257 0.8049418490424267
1257.5 0.8037106280944386
1258 0.8026780317068866
1258.5 0.7922758702408906
1259 0.7968568476205155
1259.5 0.7892256554213516
1260 0.7893845988797487
1260.5 0.7906708553902309
1261 0.7918568310448307
1261.5 0.7832491461042985
1262 0.7902599724509849
1262.5 0.792249235154001
1263 0.7922570223365243
1263.5 0.7835532504309524
1264 0.7879318029218524
1264.5 0.7779778497496115
1265 0.7748312385787653
1265.5 0.7832920616649215
1266 0.7742882033833766
1266.5 0.773652677526911
1267 0.7789147382704136
1267.5 0.7746631870377392
1268 0.7765721392116272
1268.5 0.7698350815213422
1269 0.768865698935712
1269.5 0.774327166638951
1270 0.7651435286926752
1270.5 0.7657480716564694
1271 0.7617456015725391
1271.5 0.7724714211775165
1272 0.7677953456477825
1272.5 0.7659892161591202
1273 0.7587529732160186
1273.5 0.7521523679974891
1274 0.7584983382315771
1274.5 0.7575675728494786
1275 0.7531154435392031
1275.5 0.7558533858869596
1276 0.7526532440006561
1276.5 0.7523267129475955
1277 0.7575903006788725
1277.5 0.7523428381367344
1278 0.7526128954563952
1278.5 0.7504037538661625
1279 0.7531748673866945
1279.5 0.7503972001968453
1280 0.749644632415011
1280.5 0.7423833769418438
1281 0.7409018644475764
1281.5 0.7469419074325324
1282 0.7464778941863498
1282.5 0.7413249952474532
1283 0.7452200420864123
1283.5 0.738207594427581
1284 0.7320092085601021
1284.5 0.7459832333848148
1285 0.7286999030978247
1285.5 0.7302076056963143
1286 0.7349397796315754
1286.5 0.7325562939187586
1287 0.7371612593943443
1287.5 0.7334867978443255
1288 0.732917431052002
1288.5 0.7296269387873282
1289 0.7344534705738861
1289.5 0.7283317432080374
1290 0.7193633673314332
1290.5 0.7279987162252413
1291 0.7231343079471818
1291.5 0.7272454603732272
1292 0.7176980416619024
1292.5 0.7161168479316443
1293 0.7153534077852302
1293.5 0.7234383388519549
1294 0.7088507882421666
1294.5 0.7162769211002376
1295 0.7163975517290678
1295.5 0.7160767773345432
1296 0.7180291894322554
1296.5 0.7116353697300073
1297 0.7049038367629422
1297.5 0.7089191074546906
1298 0.7068007887740716
1298.5 0.7108079987064557
1299 0.7077214583264065
1299.5 0.7032323002783026
1300 0.7112431549341641
1300.5 0.7029113146046655
1301 0.7055932300966441
1301.5 0.7021535360687492
1302 0.6992704279663611
1302.5 0.6984581191198378
1303 0.6999412890369066
1303.5 0.6922054116900749
1304 0.6953630629007409
1304.5 0.693891558099094
1305 0.6977517709047655
1305.5 0.6935603480459541
1306 0.6883017008324999
1306.5 0.6882085835992314
1307 0.6912167725809254
1307.5 0.6932859042730268
1308 0.6922778151720055
1308.5 0.686106382204352
1309 0.6804670687353535
1309.5 0.6829689123220912
1310 0.6807224744914939
1310.5 0.6831518627794949
1311 0.6799563748828871
1311.5 0.6784641555398575
1312 0.6762724620545166
1312.5 0.6944586164781905
1313 0.6742936952473837
1313.5 0.675022282423467
1314 0.6767874100629396
1314.5 0.6714706290044903
1315 0.6740463743219401
1315.5 0.6751548335025929
1316 0.6689061009132555
1316.5 0.6705108686754928
1317 0.6636234422546303
1317.5 0.66635150448136
1318 0.6682903583362366
1318.5 0.6688367782931773
1319 0.6650159117195636
1319.5 0.6705754088424025
1320 0.6623766182799731
1320.5 0.6708558902834324
1321 0.6584274732618928
1321.5 0.6620560219137867
1322 0.6544003563224485
1322.5 0.6564892680255869
1323 0.6595318399728456
1323.5 0.6626363449429213
1324 0.6515803614110833
1324.5 0.6580166369759933
1325 0.6476461072983413
1325.5 0.6502395083099674
1326 0.6480211086902893
1326.5 0.6463371954442862
1327 0.6475093667115163
1327.5 0.6470880084232943
1328 0.6427574112719051
1328.5 0.6544132908466854
1329 0.6429814877707077
1329.5 0.6427624181057927
1330 0.6405174480903049
1330.5 0.640234178868607
1331 0.6373344418180372
1331.5 0.6388993310300999
1332 0.628056451224546
1332.5 0.6421312257837906
1333 0.6341518467578936
1333.5 0.6366776144207155
1334 0.6299835632376113
1334.5 0.6351988146374328
1335 0.6380454559080417
1335.5 0.626756371250083
1336 0.6285134698144398
1336.5 0.6303331897461806
1337 0.6321064277623447
1337.5 0.6286723806456277
1338 0.6297257878297023
1338.5 0.6225801656969091
1339 0.6252005577234717
1339.5 0.6232141333934524
1340 0.624180991561249
1340.5 0.6250161623618643
1341 0.6236403440995794
1341.5 0.6109237378139636
1342 0.6223002976576389
1342.5 0.6153742381137653
1343 0.6147865268582238
1343.5 0.6126887863109298
1344 0.6129662404782252
1344.5 0.6121656217317701
1345 0.6131102613939079
1345.5 0.6120306553282157
1346 0.6137047158529094
1346.5 0.6052348021046182
1347 0.6118491614690862
1347.5 0.6129184149891842
1348 0.6099126834408
1348.5 0.6041692038322397
1349 0.605947675852932
1349.5 0.6054345713291815
1350 0.5991936724569215
1350.5 0.60069371875855
1351 0.6024688390520317
1351.5 0.6014899645435519
1352 0.6027074462723383
1352.5 0.6034970508472005
1353 0.6026680514181085
1353.5 0.5975234832981602
1354 0.6026706123544906
1354.5 0.5927559285147318
1355 0.5977501356402282
1355.5 0.5932809548912993
1356 0.5929070702637429
1356.5 0.5929146397192261
1357 0.5945932529912805
1357.5 0.5906462449851041
1358 0.5897044230107003
1358.5 0.5842467277247495
1359 0.5926124337106663
1359.5 0.5907012261073384
1360 0.5850226766982022
1360.5 0.5937056370207034
1361 0.583111773816023
1361.5 0.5776609754765658
1362 0.5806178614658856
1362.5 0.5780723951773947
1363 0.5794726404259686
1363.5 0.5771409681334071
1364 0.5798376927331896
1364.5 0.5772787081937567
1365 0.5686392655312746
1365.5 0.5720043760283345
1366 0.5728591929700609
1366.5 0.566890889496461
1367 0.5806308787867691
1367.5 0.5732071411662103
1368 0.5659814419960507
1368.5 0.5696656550737319
1369 0.5690417590305172
1369.5 0.5641607268977907
1370 0.5650358197630979
1370.5 0.5711774255841476
1371 0.5627611164819788
1371.5 0.56007280032854
1372 0.563658715442908
1372.5 0.5669911032229038
1373 0.5563699763291571
1373.5 0.5590004401427686
1374 0.5568810178292131
1374.5 0.5668268706657408
1375 0.5565039958351129
1375.5 0.5557082874427298
1376 0.5596457127636396
1376.5 0.552043386785419
1377 0.5519096361620002
1377.5 0.5517964639008848
1378 0.5507191161488398
1378.5 0.5501146835823891
1379 0.5505147492471408
1379.5 0.5475774502998356
1380 0.5538082617151769
1380.5 0.5437592346831979
1381 0.5443255726803449
1381.5 0.5449317704002926
1382 0.5423551425453589
1382.5 0.546895222065504
1383 0.5375385011817783
1383.5 0.5390020671191205
1384 0.5386126851075389
1384.5 0.5385082412783002
1385 0.5401705976537132
1385.5 0.5380152790456126
1386 0.5364915670923438
1386.5 0.5318087268859174
1387 0.537034457308932
1387.5 0.529969986901687
1388 0.5345624112717283
1388.5 0.5348038638486191
1389 0.5332478194611187
1389.5 0.529817451692134
1390 0.5256257213483433
1390.5 0.5332262245361666
1391 0.5307289764243415
1391.5 0.5264245010891615
1392 0.526589203778144
1392.5 0.5256686871146922
1393 0.52685726703489
1393.5 0.5199193261883651
1394 0.5216513113879023
1394.5 0.5284087556678586
1395 0.5187017321466406
1395.5 0.5219507321447044
1396 0.5190182976048284
1396.5 0.5151910604080588
1397 0.5160399357023681
1397.5 0.5173462285222226
1398 0.5156407891509807
1398.5 0.5109300760658064
1399 0.5155010017777574
1399.5 0.5148542709043447
1400 0.5132145777545312
1400.5 0.5124906959803458
1401 0.5057740049443846
1401.5 0.5159839481157041
1402 0.50481493757573
1402.5 0.510277525810829
1403 0.5029081608331475
1403.5 0.50816630881262
1404 0.5049784650034354
1404.5 0.5039278080442418
1405 0.4990106776112774
1405.5 0.4975711079415962
1406 0.5045281392611917
1406.5 0.4953278671367459
1407 0.5000724396769838
1407.5 0.5009167058794913
1408 0.4929172016142176
1408.5 0.5006769438669523
1409 0.4949648598445454
1409.5 0.4917705874368165
1410 0.4928130621408569
1410.5 0.4952049749823345
1411 0.492388709203353
1411.5 0.488227182921915
1412 0.4922581441949203
1412.5 0.4899767418956753
1413 0.4873472458379714
1413.5 0.4870805153460291
1414 0.491587490910834
1414.5 0.4843088044339852
1415 0.4900952194348843
1415.5 0.4826526424803244
1416 0.4794558607188635
1416.5 0.4847477215339547
1417 0.4795166201834907
1417.5 0.4854211317347283
1418 0.4803516796761545
1418.5 0.4772058984128051
1419 0.4717235152781581
1419.5 0.4761277890615536
1420 0.4750584183302468
1420.5 0.4754190474011862
1421 0.4741585242181945
1421.5 0.4724755313426656
1422 0.4750330583377306
1422.5 0.475700243536925
1423 0.4774629284198698
1423.5 0.4763393767979737
1424 0.4700303721854237
1424.5 0.4655154558900789
1425 0.4676827343503883
1425.5 0.469540131983704
1426 0.4657051990035233
1426.5 0.4605737675608626
1427 0.4626423298918737
1427.5 0.4651857990813988
1428 0.4582694516691583
1428.5 0.4656992210388041
1429 0.4662318328663009
1429.5 0.459958006773989
1430 0.4597126137213023
1430.5 0.457773193637898
1431 0.4574913987197292
1431.5 0.4544154134460387
1432 0.4543261005598327
1432.5 0.447193929115711
1433 0.4536163499914829
1433.5 0.4537928476474035
1434 0.4581745103181366
1434.5 0.4512483945709105
1435 0.4461100543268047
1435.5 0.4520755400027895
1436 0.4537065580262719
1436.5 0.4423094379866203
1437 0.4438881685068474
1437.5 0.4470858381778055
1438 0.4449664836105632
1438.5 0.4423228544226266
1439 0.4439532001775154
1439.5 0.4420657040318762
1440 0.4415521184604394
1440.5 0.4396123749733729
1441 0.4347673875704655
1441.5 0.4347282927372853
1442 0.4409276290700114
1442.5 0.4321038698827324
1443 0.4403541309646004
1443.5 0.436216594665635
1444 0.4352046297757499
1444.5 0.4327190795751886
1445 0.4317666953488294
1445.5 0.4301070695587194
1446 0.4337034859770091
1446.5 0.4299966512736855
1447 0.4332158707624348
1447.5 0.4310760207269441
1448 0.4329892978116858
1448.5 0.4271205007515551
1449 0.4205546625063352
1449.5 0.4264942874734334
1450 0.4247550180918344
1450.5 0.4244437197891896
1451 0.4260755118558373
1451.5 0.4224538654446324
1452 0.4221999233917852
1452.5 0.4208568369997546
1453 0.4203458208520451
1453.5 0.4205914032018767
1454 0.4190492045869061
1454.5 0.4217993859375385
1455 0.4159708667470093
1455.5 0.4172849024893261
1456 0.4121104351962528
1456.5 0.4151879714285905
1457 0.415343469611974
1457.5 0.4113726439435568
1458 0.4138759831593116
1458.5 0.4114496779978444
1459 0.4105089129990053
1459.5 0.4078685925206459
1460 0.4113356712609354
1460.5 0.4101044251666647
1461 0.4091302690196184
1461.5 0.4066618670429703
1462 0.4090446278601329
1462.5 0.4079272045814513
1463 0.4032985715062312
1463.5 0.402586540545248
1464 0.4013483026102601
1464.5 0.402799778379228
1465 0.3982594960245311
1465.5 0.3959381721315142
1466 0.4002720913549535
1466.5 0.390181707179846
1467 0.3949478855766697
1467.5 0.3991467270773056
1468 0.397573370896541
1468.5 0.3952433707566935
1469 0.3934399536795769
1469.5 0.3884458965926173
1470 0.395663019073242
1470.5 0.3887824798141862
1471 0.3943511308445717
1471.5 0.3908808643500036
1472 0.3887815748342373
1472.5 0.3824989374091043
1473 0.387661396891028
1473.5 0.3849403323936876
1474 0.3856653502531809
1474.5 0.3826266368390465
1475 0.3826358521301095
1475.5 0.3834859450064979
1476 0.3831546505783534
1476.5 0.3883452127937624
1477 0.381850297779301
1477.5 0.3776839001582504
1478 0.3784805336154168
1478.5 0.378153304929028
1479 0.3768647698565479
1479.5 0.3765389023803087
1480 0.3795568758415575
1480.5 0.3745552927300893
1481 0.3729703912928896
1481.5 0.3689914950891792
1482 0.3695584355677837
1482.5 0.3716311160667183
1483 0.3695207387632213
1483.5 0.3705284422677393
1484 0.3672717129806263
1484.5 0.3698172919691101
1485 0.3677488094229024
1485.5 0.3647827217233883
1486 0.3681184423471732
1486.5 0.3685760153907734
1487 0.360470805344385
1487.5 0.3623587923165224
1488 0.3664785715743231
1488.5 0.36487859471038
1489 0.3618926410475129
1489.5 0.3642132411531644
1490 0.3598804890951656
1490.5 0.3548871448990806
1491 0.3585568071335344
1491.5 0.3581763568010582
1492 0.3556788871088944
1492.5 0.3565773266725798
1493 0.3534899227598391
1493.5 0.3514719036664172
1494 0.3492645261323288
1494.5 0.3525888453466638
1495 0.3534510925048243
1495.5 0.3512988351391316
1496 0.3516732631822593
1496.5 0.3456285451266521
1497 0.3490133406477206
1497.5 0.3446633250796543
1498 0.348078812578352
1498.5 0.3457300994400335
1499 0.3451527670221726
1499.5 0.3449919266668237
1500 0.3444330155561294
1500.5 0.3416601326286218
1501 0.3412423550121921
1501.5 0.3430713068086393
1502 0.3428256678329609
1502.5 0.3421661395252698
1503 0.3390414685525095
1503.5 0.3395914849761281
1504 0.3390385229048712
1504.5 0.3385378507659479
1505 0.3397404268231833
1505.5 0.3350117669831748
1506 0.3360088294533503
1506.5 0.3326104256622919
1507 0.32981681034979
1507.5 0.3307636892784336
1508 0.3300133500488468
1508.5 0.3295378343689959
1509 0.3311157770704099
1509.5 0.3310845167141471
1510 0.3323687589400596
1510.5 0.3260193535809963
1511 0.3295914443663647
1511.5 0.3254005505197713
1512 0.329717930665712
1512.5 0.325038524731139
1513 0.3232581501570271
1513.5 0.3193883278002496
1514 0.3218115840598366
1514.5 0.3178288000898185
1515 0.3213020291484228
1515.5 0.3226335110949793
1516 0.3191493992967561
1516.5 0.3208022408591463
1517 0.3174253530196793
1517.5 0.3170639634294576
1518 0.3130345414550977
1518.5 0.3146360990694104
1519 0.3119471983952734
1519.5 0.3151838020532087
1520 0.3136276149349216
1520.5 0.314364966282936
1521 0.3097634347817427
1521.5 0.3097618081872168
1522 0.3131234188980741
1522.5 0.3095566953563588
1523 0.3066663647212625
1523.5 0.3077070795671862
1524 0.3081761012073692
1524.5 0.3044540911407075
1525 0.3014739134657056
1525.5 0.305511399491875
1526 0.3062814792410726
1526.5 0.3033057626749885
1527 0.2991811244368004
1527.5 0.3029588525277856
1528 0.3017762160134643
1528.5 0.3027793281699432
1529 0.2984156147824351
1529.5 0.2992696155770265
1530 0.299539997589412
1530.5 0.2986125851913193
1531 0.2942959668546514
1531.5 0.2948678286582165
1532 0.293214790877197
1532.5 0.295229543615601
1533 0.2938269409988101
1533.5 0.2911174509803197
1534 0.2902324187889673
1534.5 0.2928061014285922
1535 0.2881680355847798
1535.5 0.2882612715391305
1536 0.2887836203032337
1536.5 0.2888927129097355
1537 0.2859015053916596
1537.5 0.2887477478859012
1538 0.2893340528058038
1538.5 0.2844555652453745
1539 0.2841885286075512
1539.5 0.2832314514628141
1540 0.2844930258940093
1540.5 0.2888553443701416
1541 0.2810562943695832
1541.5 0.277644430087554
1542 0.2824448709271872
1542.5 0.2823272820731077
1543 0.2792319232894906
1543.5 0.2798195547505354
1544 0.2767133689869368
1544.5 0.2739050883203561
1545 0.2741847795938196
1545.5 0.2747413045359792
1546 0.275639319648979
1546.5 0.2735391409356116
1547 0.2731019123052553
1547.5 0.2738201389656694
1548 0.2737245629299696
1548.5 0.270249913930259
1549 0.2701891223754526
1549.5 0.2728703610221028
1550 0.2673435809394639
1550.5 0.2679651795401118
1551 0.2629343785019833
1551.5 0.2639624838576582
1552 0.2670107938103499
1552.5 0.2645437936338435
1553 0.2618214850712532
1553.5 0.2627021702079068
1554 0.2634848814606141
1554.5 0.2635411002767162
1555 0.2623244763748633
1555.5 0.2594188648835364
1556 0.26121510460601
1556.5 0.2560627288639573
1557 0.2605422276321286
1557.5 0.2617560161657591
1558 0.2583783662659159
1558.5 0.2560153934308304
1559 0.2538317037591112
1559.5 0.2515706740619184
1560 0.2540986500335096
1560.5 0.2529440326430205
1561 0.2553079206373866
1561.5 0.2507828650469149
1562 0.2503189794474542
1562.5 0.2497758559643724
1563 0.2496320219483771
1563.5 0.24926522189686
1564 0.2495995595461347
1564.5 0.2485965361586345
1565 0.2489466772130553
1565.5 0.2449411053185851
1566 0.2489147655061102
1566.5 0.246057200321158
1567 0.2449324647200294
1567.5 0.2430956654468741
1568 0.2446835276844553
1568.5 0.240283988463781
1569 0.240020099425118
1569.5 0.2411797604668954
1570 0.2400779297515791
1570.5 0.2401935831370105
1571 0.2410982329249529
1571.5 0.2362284711120417
1572 0.2348801759111807
1572.5 0.2341321899054174
1573 0.2336055195870606
1573.5 0.2342280335711842
1574 0.2336861531311738
1574.5 0.2309921298656994
1575 0.2326200180426987
1575.5 0.2343713439865443
1576 0.2269610310391861
1576.5 0.2338076506590024
1577 0.2287095991882481
1577.5 0.2246041677001797
1578 0.229874721588298
1578.5 0.2285252817177026
1579 0.2278649744633432
1579.5 0.2246915353997061
1580 0.2245025344450885
1580.5 0.2276197976009611
1581 0.2248887703025606
1581.5 0.2253540163407388
1582 0.2230791698449215
1582.5 0.2243226454416508
1583 0.2210718701661404
1583.5 0.218322295680611
1584 0.2186657884290779
1584.5 0.2180002620627816
1585 0.2184985002097798
1585.5 0.2198328758006822
1586 0.2191057947776989
1586.5 0.2143710597421787
1587 0.2178089216929675
1587.5 0.2147811986097924
1588 0.2147541012472975
1588.5 0.2129670646385585
1589 0.2138513260619316
1589.5 0.2145956657499209
1590 0.2107934089123695
1590.5 0.2100603286037046
1591 0.2076352818412096
1591.5 0.2081507905797981
1592 0.2069441502846664
1592.5 0.206291963318927
1593 0.2095396809293824
1593.5 0.2092394511895093
1594 0.205566596589718
1594.5 0.2060812195077783
1595 0.2065492195730149
1595.5 0.2062208457947782
1596 0.2044552786736024
1596.5 0.2017442957055154
1597 0.200869558021557
1597.5 0.2016749741040321
1598 0.2029675023276603
1598.5 0.2002793149272588
1599 0.1983562448863181
1599.5 0.1978059141974993
1600 0.1990061721508151
1600.5 0.1963726372031755
1601 0.1965539573707032
1601.5 0.1948820311836986
1602 0.1957014924458828
1602.5 0.194001768743237
1603 0.1911671301029858
1603.5 0.1916842514411777
1604 0.19386620819133
1604.5 0.1895690703677886
1605 0.1912958861363004
1605.5 0.192521792374745
1606 0.1901515311057511
1606.5 0.1881615323733741
1607 0.1892361442693275
1607.5 0.1863747545647418
1608 0.187117620250105
1608.5 0.1869711948918382
1609 0.1845227075738849
1609.5 0.1850697409421992
1610 0.1835271084046043
1610.5 0.1836684940807268
1611 0.1832843268785975
1611.5 0.1841606396085988
1612 0.1825173159115929
1612.5 0.1808160672764973
1613 0.1801949179277883
1613.5 0.1775993487287948
1614 0.1776986853591005
1614.5 0.1767965656550805
1615 0.1761195615743441
1615.5 0.1776225968502808
1616 0.1732762613616385
1616.5 0.1764189876143213
1617 0.1730769080250484
1617.5 0.1740419571632846
1618 0.1715386989240356
1618.5 0.1752248305584936
1619 0.1693799612828342
1619.5 0.174340135414003
1620 0.1698537139245748
1620.5 0.1722262428594372
1621 0.1687843531806046
1621.5 0.1683246934897274
1622 0.1693166423947852
1622.5 0.1687239772287369
1623 0.1648489328064226
1623.5 0.1638458579506373
1624 0.1644982750876569
1624.5 0.1655779369071695
1625 0.164399143761189
1625.5 0.1649762081097235
1626 0.1652873175856927
1626.5 0.1623585004115504
1627 0.1586533032040332
1627.5 0.1597470998582055
1628 0.1594726149299716
1628.5 0.1597272377942575
1629 0.1582933298854525
1629.5 0.1604261777372419
1630 0.1542577492260523
1630.5 0.1560680330374062
1631 0.1549326410481178
1631.5 0.1557157888427965
1632 0.1558105270664065
1632.5 0.1546480564315301
1633 0.1534869800884495
1633.5 0.1509841764021622
1634 0.1521173652799823
1634.5 0.150230816795742
1635 0.1500660847918182
1635.5 0.148343237643432
1636 0.1448177049510648
1636.5 0.1484383671066891
1637 0.149874064383104
1637.5 0.1483878747116152
1638 0.1477310557654546
1638.5 0.1484244559393349
1639 0.1443315499379131
1639.5 0.1470985455860092
1640 0.1448942547485783
1640.5 0.143894032292556
1641 0.1408986958304282
1641.5 0.1412032172668365
1642 0.1393111893828647
1642.5 0.1420421029364619
1643 0.1427349257593685
1643.5 0.1427634668973981
1644 0.1408893995235077
1644.5 0.1399394709783792
1645 0.1403438687804872
1645.5 0.1391364084068844
1646 0.1359174364369136
1646.5 0.1340530814504653
1647 0.1368007748686331
1647.5 0.1360288530733514
1648 0.1357742035485929
1648.5 0.1336706672711226
1649 0.1304235797772668
1649.5 0.1318192031158765
1650 0.129006381269242
1650.5 0.1309874220221031
1651 0.1304650662213001
1651.5 0.1292291876638645
1652 0.128580014390078
1652.5 0.1285164821168883
1653 0.1265426033472298
1653.5 0.1262666114481445
1654 0.1247663347098674
1654.5 0.1259859455276871
1655 0.1249996067570304
1655.5 0.1258480022915106
1656 0.1222917673451045
1656.5 0.1220333981618133
1657 0.1227684761847966
1657.5 0.1220138073021013
1658 0.1224078657334229
1658.5 0.1202097233507937
1659 0.1176603638200095
1659.5 0.1185513504912032
1660 0.1202187627166576
1660.5 0.1181260391636414
1661 0.1159369752786964
1661.5 0.116770325202523
1662 0.115726988596751
1662.5 0.114783545547133
1663 0.1147567912660795
1663.5 0.1124072928254311
1664 0.1132542256286799
1664.5 0.114043879068945
1665 0.1124156276968948
1665.5 0.1124464458277792
1666 0.1140912420014524
1666.5 0.1112875902642344
1667 0.1116974617690941
1667.5 0.1090386645301828
1668 0.1118155982474499
1668.5 0.1108250505590164
1669 0.1085630638199354
1669.5 0.1087915486450176
1670 0.1075670750700132
1670.5 0.1073212180792923
1671 0.103797098655733
1671.5 0.1076669012683474
1672 0.1041188818513594
1672.5 0.1045997598869693
1673 0.103702173756867
1673.5 0.1020267055043249
1674 0.1037868322540077
1674.5 0.1045167596010529
1675 0.1012470121267026
1675.5 0.1012698515087936
1676 0.102637851892223
1676.5 0.1015232920503184
1677 0.1016982391577604
1677.5 0.1008900842673089
1678 0.09952947173145239
1678.5 0.1000785642161951
1679 0.09918985153309894
1679.5 0.09848171400600718
1680 0.09965149364957195
1680.5 0.09813004674629289
1681 0.09747889306642102
1681.5 0.09564362863917168
1682 0.0953940032618199
1682.5 0.09547492550963456
1683 0.09669723246332211
1683.5 0.09518285226102029
1684 0.09427466613236718
1684.5 0.0942049799726308
1685 0.0929691296842429
1685.5 0.09242033987769603
1686 0.0930370318274806
1686.5 0.09354340862930031
1687 0.09302258062595711
1687.5 0.09081974624630118
1688 0.09242021826805064
1688.5 0.09082151190509527
1689 0.09248833366378451
1689.5 0.09098697812233392
1690 0.08993747945478132
1690.5 0.08940719280807026
1691 0.08976302314558775
1691.5 0.08787192394120646
1692 0.08786081904859962
1692.5 0.08952239221249343
1693 0.0870367338986827
1693.5 0.0880176527015283
1694 0.08568510962547415
1694.5 0.08685557544172857
1695 0.08529929831268107
1695.5 0.08682090614918961
1696 0.0862550897771177
1696.5 0.08620425430465326
1697 0.08325868573416714
1697.5 0.08602160389421983
1698 0.08391726787277984
1698.5 0.08543423018769687
1699 0.08487113604596463
1699.5 0.08242047714091359
1700 0.08173847454219874
1700.5 0.08216191239426769
1701 0.08065956413536859
1701.5 0.08222683144653009
1702 0.07934107466379081
1702.5 0.080168062061274
1703 0.08091347360121089
1703.5 0.07980548874324524
1704 0.07963791658782771
1704.5 0.07806266406218751
1705 0.07911571560516811
1705.5 0.07703367347342208
1706 0.07876868441706682
1706.5 0.07912383747760449
1707 0.07687161069341357
1707.5 0.07692012533944352
1708 0.07686174340324065
1708.5 0.0760961045335187
1709 0.07685184656168559
1709.5 0.07415424682142172
1710 0.07542977681986941
1710.5 0.07625111603994238
1711 0.0750888079169839
1711.5 0.07290383976736894
1712 0.07232962196751268
1712.5 0.0736289990936668
1713 0.0730151769514218
1713.5 0.07264087794495677
1714 0.07428252329221972
1714.5 0.07254291329037467
1715 0.07163972518161475
1715.5 0.07274957453486207
1716 0.07141073312255942
1716.5 0.07128980823574628
1717 0.07009870201404995
1717.5 0.07059934006379069
1718 0.06908003959214183
1718.5 0.06981809575616782
1719 0.0703970859533937
1719.5 0.07013217120865728
1720 0.06930134359825089
1720.5 0.06860306977959435
1721 0.06790559561854101
1721.5 0.06786615574969451
1722 0.06852301553470082
1722.5 0.06675015203428755
1723 0.06526801497835137
1723.5 0.06635797428950602
1724 0.06551998544360382
1724.5 0.06633343359127507
1725 0.06581060221064507
1725.5 0.06439866443357409
1726 0.06517208711880162
1726.5 0.06502979497953582
1727 0.06552765167955975
1727.5 0.06317924446423615
1728 0.06465602483412805
1728.5 0.064579508996641
1729 0.06193597893082649
1729.5 0.06253831872277665
1730 0.06300979329057474
1730.5 0.06273923705906734
1731 0.06226096960668725
1731.5 0.06243291012097677
1732 0.0615008469787822
1732.5 0.06107600398516044
1733 0.06215625824944668
1733.5 0.06245745477444354
1734 0.06094447009777655
1734.5 0.05988641384996229
1735 0.05950249645941447
1735.5 0.05972688581739117
1736 0.05894277514734524
1736.5 0.05941266217512511
1737 0.05917188422466338
1737.5 0.05678935296427301
1738 0.05892326347647466
1738.5 0.05845115265393423
1739 0.05868805678863636
1739.5 0.05768876693238561
1740 0.05694794953575848
1740.5 0.05670948622805852
1741 0.05586724771005085
1741.5 0.05552690363431374
1742 0.05581596177668856
1742.5 0.05627146634072314
1743 0.05538008376724884
1743.5 0.05570714678156991
1744 0.05534220816797158
1744.5 0.05493927755699495
1745 0.05300163283131732
1745.5 0.05389184489168825
1746 0.05355430166452601
1746.5 0.0536002688140186
1747 0.05316115086793162
1747.5 0.05319451635431532
1748 0.05256487750579019
1748.5 0.05352868650599545
1749 0.05230103247807631
1749.5 0.05255114315144498
1750 0.0515543938319663
1750.5 0.05181734101977681
1751 0.05305830553963832
1751.5 0.0510978782548324
1752 0.0502564908462579
1752.5 0.05182597575212141
1753 0.05087102707572176
1753.5 0.05025923090975815
1754 0.04968611030069009
1754.5 0.05005009673699685
1755 0.0495409703106411
1755.5 0.0491841014579749
1756 0.04926979580499848
1756.5 0.04862307141883338
1757 0.04797707511674888
1757.5 0.04836596746485446
1758 0.04904431439930811
1758.5 0.04732837879725889
1759 0.04717557395696068
1759.5 0.04699776899796067
1760 0.04861851532477424
1760.5 0.04581320258666399
1761 0.04765887572545299
1761.5 0.04751883309732877
1762 0.04637515059160251
1762.5 0.04785367472000662
1763 0.04699934674542676
1763.5 0.04583282851126888
1764 0.04690851774862546
1764.5 0.04485501570836286
1765 0.04370417626955615
1765.5 0.04459175655664717
1766 0.0447663598064186
1766.5 0.04516546204782482
1767 0.04450360464414289
1767.5 0.04558820794787388
1768 0.04424141513952345
1768.5 0.04371818934185734
1769 0.04273496140738153
1769.5 0.04299696271931021
1770 0.04282346340716794
1770.5 0.04269986200137778
1771 0.04261365388712617
1771.5 0.04240340453743827
1772 0.0424539152496361
1772.5 0.04184720610230272
1773 0.04055960460200125
1773.5 0.04227066509459777
1774 0.04238300091087294
1774.5 0.04164158798176229
1775 0.04096282495136187
1775.5 0.04040839286345853
1776 0.0392123603691256
1776.5 0.04088133627043884
1777 0.03957534253582296
1777.5 0.04005859113412051
1778 0.04093561253989298
1778.5 0.03954556137501285
1779 0.03830477102906511
1779.5 0.03887373559534003
1780 0.03867977081673354
1780.5 0.03905126577888011
1781 0.03842756826205239
1781.5 0.03913017929435563
1782 0.03778335298187932
1782.5 0.03702653264640106
1783 0.03679745851392289
1783.5 0.03785453852728001
1784 0.03849427354984391
1784.5 0.03729833954873159
1785 0.03783984867507061
1785.5 0.03701218657732285
1786 0.03777306181691677
1786.5 0.03586005314603623
1787 0.03554721827150881
1787.5 0.03616131575792826
1788 0.03556839304908135
1788.5 0.03681505356482983
1789 0.03478617855343729
1789.5 0.03515601295158511
1790 0.03501479631008043
1790.5 0.03506814992099238
1791 0.03544933575000205
1791.5 0.03479839763693367
1792 0.0337114718726931
1792.5 0.03308646625077502
1793 0.03351635448970305
1793.5 0.03400631081547862
1794 0.0337210751584302
1794.5 0.03431923424097053
1795 0.03194251342113764
1795.5 0.03248056864625754
1796 0.03322332573516806
1796.5 0.03412216226568021
1797 0.03271588775263422
1797.5 0.03314378630842847
1798 0.03225775765860491
1798.5 0.03075850245801589
1799 0.03283577096928973
1799.5 0.03175889645872518
1800 0.03128437337601262
1800.5 0.0304258435942269
1801 0.03135773059894217
1801.5 0.03194048600994979
1802 0.03133493353209281
1802.5 0.02978284787518446
1803 0.03161174836755865
1803.5 0.03009715007166381
1804 0.02936227219015391
1804.5 0.03055429719698129
1805 0.02953301046359757
1805.5 0.03010220856540034
1806 0.02880759415454247
1806.5 0.02972272297736923
1807 0.03018348585876687
1807.5 0.02887903688058947
1808 0.02954233733977339
1808.5 0.02877564600812304
1809 0.02954539645483061
1809.5 0.02830365003138946
1810 0.02853771986435312
1810.5 0.02803470955419254
1811 0.02734220890506539
1811.5 0.02754079589273792
1812 0.02744254749909894
1812.5 0.0272495398127818
1813 0.02636935977414732
1813.5 0.02729056540173888
1814 0.02708610970739615
1814.5 0.02739064307956595
1815 0.02823880030276293
1815.5 0.02708864522072051
1816 0.02732178836064446
1816.5 0.02626784164017176
1817 0.02609999634423882
1817.5 0.02592053896211823
1818 0.02607129137380161
1818.5 0.02576246120215196
1819 0.02611327378757901
1819.5 0.02546351273302997
1820 0.02450869104415901
1820.5 0.02529449882799869
1821 0.02483420546225677
1821.5 0.02412785162818731
1822 0.02420848776698498
1822.5 0.02471124577244492
1823 0.02483835316897602
1823.5 0.0248598797028796
1824 0.02392125039992043
1824.5 0.02394324847235432
1825 0.02238625128255712
1825.5 0.02314550677516521
1826 0.02317956598254674
1826.5 0.02313184645823205
1827 0.02304916430392721
1827.5 0.02265163906054188
1828 0.02350191891031023
1828.5 0.02276668551580108
1829 0.02270765978854166
1829.5 0.02202021134479138
1830 0.02334588659255623
1830.5 0.02191477754858309
1831 0.02264646023204183
1831.5 0.02156568394970389
1832 0.02249406845861387
1832.5 0.02179736476836538
1833 0.02096228757830913
1833.5 0.02134484354159199
1834 0.02164590844542923
1834.5 0.02155308407108764
1835 0.02061582604528904
1835.5 0.0210439755624541
1836 0.02106718424403927
1836.5 0.02150616580674871
1837 0.02067485401706912
1837.5 0.02019056776754287
1838 0.02017958418674918
1838.5 0.01979981213398349
1839 0.02038801696879092
1839.5 0.02023878630729595
1840 0.019180730014296
1840.5 0.0200098016295683
1841 0.02070004617864141
1841.5 0.01959750387270001
1842 0.01966723421291227
1842.5 0.02025325800306802
1843 0.0188545564974806
1843.5 0.01895895517768975
1844 0.01975061423563178
1844.5 0.01919030484248419
1845 0.01942022600803333
1845.5 0.0188492592104344
1846 0.01903338458458027
1846.5 0.01777772349638101
1847 0.01900136102306731
1847.5 0.0177584835372963
1848 0.01760058774997018
1848.5 0.0174542607398263
1849 0.01798035884840965
1849.5 0.01790230899846681
1850 0.01808612878154954
1850.5 0.01715490593967324
1851 0.01694098310720518
1851.5 0.01690910717872416
1852 0.0169454082727279
1852.5 0.01708383015640667
1853 0.01630313436926128
1853.5 0.01684995739835112
1854 0.01669354090785338
1854.5 0.01617482946891807
1855 0.01596233655029221
1855.5 0.01630449087076173
1856 0.01567373374548679
1856.5 0.01632083839778563
1857 0.01554389324610228
1857.5 0.01656294834671558
1858 0.0156851457793544
1858.5 0.01531580462177715
1859 0.01530756699674297
1859.5 0.01449944436848008
1860 0.01551631213839784
1860.5 0.0148214811064563
1861 0.01503847643052854
1861.5 0.01467065854209731
1862 0.0147414315516884
1862.5 0.0149019649818987
1863 0.01436644909491927
1863.5 0.01526737980110926
1864 0.01371196889781804
1864.5 0.01432093115359689
1865 0.01495163794075471
1865.5 0.01363395825845628
1866 0.01417485139438848
1866.5 0.01322799233518101
1867 0.01392498015496585
1867.5 0.01429729661241274
1868 0.01309511892314263
1868.5 0.01390263165490737
1869 0.01350487966840211
1869.5 0.01362026148726658
1870 0.01337904063613204
1870.5 0.01352776441211056
1871 0.01288623843546668
1871.5 0.01325750412730508
1872 0.0131170295521477
1872.5 0.01281005024077689
1873 0.01330290353360171
1873.5 0.01205279053070188
1874 0.01233476252447164
1874.5 0.01241687507212084
1875 0.01228836720222773
1875.5 0.01245901084792131
1876 0.01137869941538645
1876.5 0.01191471735413552
1877 0.01191942743738599
1877.5 0.01186887534208039
1878 0.011652697226294
1878.5 0.01190039948654809
1879 0.01168443127211368
1879.5 0.01147971874489599
1880 0.01245454664320632
1880.5 0.01107094172469378
1881 0.01172565724711954
1881.5 0.01116921820263602
1882 0.01152622844743568
1882.5 0.01161903864175241
1883 0.01108551067978087
1883.5 0.01037685475433104
1884 0.01065669684667015
1884.5 0.01070588841664128
1885 0.01049190639179433
1885.5 0.01082602559688972
1886 0.01040412130128285
1886.5 0.01038766109092015
1887 0.01015241481968496
1887.5 0.01024544553105659
1888 0.01031651924960356
1888.5 0.009568311518430401
1889 0.01019642992466032
1889.5 0.01006010021537409
1890 0.009923913324016057
1890.5 0.009253787138015016
1891 0.00971733052759885
1891.5 0.00966864140041745
1892 0.009805002423283088
1892.5 0.01006086067614191
1893 0.009479390964021155
1893.5 0.008713826888514041
1894 0.009187039680907965
1894.5 0.00923645926759389
1895 0.00862410188338146
1895.5 0.00887976561857892
1896 0.009265196345782396
1896.5 0.008588803597618048
1897 0.00910387974724374
1897.5 0.008222714314616811
1898 0.00834814651604327
1898.5 0.008992227830829261
1899 0.008825459078091591
1899.5 0.008475322629659438
1900 0.008880917011909141
1900.5 0.008585043466373805
1901 0.007437894868501914
1901.5 0.008209703836955962
1902 0.007839268374253845
1902.5 0.007899723805669135
1903 0.007777247127938791
1903.5 0.008310724966821958
1904 0.007586404435120869
1904.5 0.00760390149569597
1905 0.007385223733734014
1905.5 0.007638837402836408
1906 0.006980722505203503
1906.5 0.007362889729973996
1907 0.007808926240739951
1907.5 0.007847657848138727
1908 0.007180107688647253
1908.5 0.006834105960113065
1909 0.007268791881532202
1909.5 0.007158147707722335
1910 0.007122365847947567
1910.5 0.006734423962010355
1911 0.006912240021855337
1911.5 0.007185822251884455
1912 0.006244346852047292
1912.5 0.006677745012926623
1913 0.006578452050571767
1913.5 0.006309035029487388
1914 0.006178135712016462
1914.5 0.006429982808504227
1915 0.007032109283304134
1915.5 0.006423270927115509
1916 0.006483587544143524
1916.5 0.005843850945038631
1917 0.00647682500218465
1917.5 0.006007274705118665
1918 0.005802946028080296
1918.5 0.0059798462694586
1919 0.006050778538272613
1919.5 0.006163927193864389
1920 0.005843699193694708
1920.5 0.005513242032156665
1921 0.005922066911382805
1921.5 0.005697419015296967
1922 0.005209371872196869
1922.5 0.005628254646645312
1923 0.005477847702587468
1923.5 0.005559230991041223
1924 0.005745762701695255
1924.5 0.005195846311572459
1925 0.005645182629287131
1925.5 0.005032846050524858
1926 0.005145750121145543
1926.5 0.005447465765882712
1927 0.00498305130681632
1927.5 0.005032892363621339
1928 0.004820687185727527
1928.5 0.00447253519845678
1929 0.005108819339269166
1929.5 0.004698096723238618
1930 0.004507417958034526
1930.5 0.005006809642815083
1931 0.005066900424284091
1931.5 0.004396001676369251
1932 0.004174562097495278
1932.5 0.004214126211473512
1933 0.004389181765292972
1933.5 0.004178507618096836
1934 0.004082613863789754
1934.5 0.003924361989509403
1935 0.003974354504401887
1935.5 0.004221870042724475
1936 0.004261262902942251
1936.5 0.004497985718724369
1937 0.004350307540292782
1937.5 0.003735805497844036
1938 0.004086522127777989
1938.5 0.003928916308065654
1939 0.003957973874722128
1939.5 0.003686681406274019
1940 0.003519173151613091
1940.5 0.003786334422334248
1941 0.003639626103927017
1941.5 0.003792769526933898
1942 0.003067772688049045
1942.5 0.00375789384015334
1943 0.003497995733983249
1943.5 0.003537449173647578
1944 0.003422242189727759
1944.5 0.003049586768015542
1945 0.003459913525991771
1945.5 0.003231709807907196
1946 0.003188902202429612
1946.5 0.003166701143448256
1947 0.003052036511438956
1947.5 0.003153178969188023
1948 0.003079700816177206
1948.5 0.002934474847502787
1949 0.002779142342678876
1949.5 0.003279960984512958
1950 0.002858249650370636
1950.5 0.002611039546399187
1951 0.003141875814649173
1951.5 0.002598135421525614
1952 0.002862619222041298
1952.5 0.002636348379025618
1953 0.002737130385876288
1953.5 0.002786769151499082
1954 0.002418045149676232
1954.5 0.0026207581937613
1955 0.002486918089627027
1955.5 0.002750510467556891
1956 0.002240011038091246
1956.5 0.002299926266511207
1957 0.002278408255201883
1957.5 0.002439904785050321
1958 0.002316725882063343
1958.5 0.002061645852318977
1959 0.002507224712415192
1959.5 0.002079833187688123
1960 0.002180175704810015
1960.5 0.002077711991306269
1961 0.001934832431580032
1961.5 0.00222746677285663
1962 0.002185852856746235
1962.5 0.002043135722354299
1963 0.002153298226623286
1963.5 0.002212827103122996
1964 0.001969322409757533
1964.5 0.002038977726540627
1965 0.00181598632650792
1965.5 0.002097405570640129
1966 0.001904846374570411
1966.5 0.001652042155271015
1967 0.00193311498489918
1967.5 0.001992511729564147
1968 0.001669640913652872
1968.5 0.001598422059593534
1969 0.001758376192109755
1969.5 0.001566671007578564
1970 0.001575913509696456
1970.5 0.001585146430393207
1971 0.001825001887321399
1971.5 0.001683762750138628
1972 0.001512614657862704
1972.5 0.001331627623628415
1973 0.001551110387188003
1973.5 0.001400293112550625
1974 0.001289616532798439
1974.5 0.001318939374625462
1975 0.001308284735377509
1975.5 0.001167876641303668
1976 0.001296984094878776
1976.5 0.001136779916936051
1977 0.001275738932952112
1977.5 0.001095783809453145
1978 0.001164926341506024
1978.5 0.00122404724491592
1979 0.001034443867632965
1979.5 0.001173103076171413
1980 0.001271875986091314
1980.5 0.001191781750986627
1981 0.0009827236821392832
1981.5 0.000863169880752439
1982 0.0007834025294842633
1982.5 0.001139820928444914
1983 0.0008519580313245694
1983.5 0.0009604450069744903
1984 0.00105892602144165
1984.5 0.0009594773042581121
1985 0.0007909228876321129
1985.5 0.0008201692603736067
1986 0.000750620260294932
1986.5 0.0008292153363333014
1987 0.0008682646432845874
1987.5 0.0008382427956749197
1988 0.000680113677884386
1988.5 0.0007585858072553676
1989 0.0006597363523501184
1989.5 0.0008365583091963539
1990 0.0007180949718731145
1990.5 0.0006882383277501596
1991 0.0006780656579340102
1991.5 0.0007759462673010405
1992 0.0006479335165232214
1992.5 0.0005592981386927887
1993 0.0004903662654527051
1993.5 0.000695970845489052
1994 0.0005388620016915507
1994.5 0.0006267250752897603
1995 0.0005676849386165101
1995.5 0.0004500072865222469
1996 0.0004400039936819119
1996.5 0.0003909187854252382
1997 0.0004297953625997666
1997.5 0.0004783961573089386
1998 0.0005464648568599054
1998.5 0.0003803833337283718
1999 0.0004289357720896799
1999.5 0.0003897466158137736
2000 0.0003311190018352757
2000.5 0.0003406874309984378
2001 0.0002529556295937685
2001.5 0.0003208986791394338
2002 0.0003207384101050298
2002.5 0.0004371521742372935
2003 0.000339837518816036
2003.5 0.0003493727157195668
2004 0.0003200985331369695
2004.5 0.0001648169900762823
2005 0.0002810181836950237
2005.5 0.0002227653717397003
2006 0.0002420155826544732
2006.5 0.0002805981789954111
2007 0.0003094713232058738
2007.5 0.0001256601063383518
2008 0.0002222110223918989
2008.5 0.0002317569400191265
2009 0.000164079463140247
2009.5 9.646930671374426e-05
2010 0.0002024847678068769
2010.5 0.0001541973841470673
2011 0.0001541207167105159
2011.5 0.0001251608364814421
2012 0.000182836469513821
2012.5 0.0001346546750168076
2013 0.0001634280316715694
2013.5 0.0001345209563805481
2014 0.0001248503023336494
2014.5 9.599102630649317e-05
2015 0.0001343207515866836
2015.5 9.589579711958943e-05
2016 9.584823565863721e-05
2016.5 9.580070957251576e-05
2017 8.617789694353749e-05
2017.5 7.656461070761548e-05
2018 5.7395005927578e-05
2018.5 5.736657496532555e-05
2019 1.911272170767163e-05
2019.5 5.730977637973266e-05
2020 4.773450726215937e-05
2020.5 1.908435403557633e-05
2021 9.537456089218335e-06
2021.5 1.906547732650805e-05
2022 1.905604947286233e-05
2022.5 1.904662861057994e-05
2023 1.903721473274986e-05
2023.5 0
2024 3.803681580569044e-05
2024.5 1.900901493699125e-05
2025 9.49981446401537e-06
2025.5 0
2026 9.490438876662377e-06
2026.5 1.897151257386777e-05
