33.8 22
34.8 944
35.6 161
35.8 19
36 875
36.2 302
36.4 49
36.6 154
36.8 233
37 767
37.2 5060
37.4 3249
37.6 9083
37.8 6415
38 7832
38.2 1866
38.4 3061
38.6 4909
38.8 6130
39 6002
39.2 5337
39.4 4715
39.6 6417
39.8 3284
40 8377
40.2 6670
40.4 11654
40.6 10876
40.8 11282
41 18384
41.2 13033
41.4 11657
41.6 11471
41.8 7300
42 11534
42.2 11715
42.4 11514
42.6 11267
42.8 8060
43 5944
43.2 9487
43.4 9022
43.6 7356
43.8 7005
44 8044
44.2 5531
44.4 7101
44.6 6637
44.8 7678
45 4942
45.2 6104
45.4 6057
45.6 4406
45.8 5050
46 4863
46.2 5204
46.4 4646
46.6 4053
46.8 3654
47 3702
47.2 3315
47.4 3246
47.6 3470
47.8 2602
48 2743
48.2 2186
48.4 2319
48.6 2536
48.8 2274
49 2212
49.2 1922
49.4 2121
49.6 1830
49.8 1672
50 1665
50.2 1694
50.4 1497
50.6 1562
50.8 1587
51 1367
51.2 1402
51.4 1163
51.6 1087
51.8 981
52 1118
52.2 1140
52.4 1113
52.6 1044
52.8 1024
53 960
53.2 901
53.4 935
53.6 850
53.8 901
54 828
54.2 768
54.4 793
54.6 752
54.8 761
55 712
55.2 816
55.4 798
55.6 717
55.8 682
56 670
56.2 699
56.4 717
56.6 736
56.8 620
57 711
57.2 701
57.4 644
57.6 646
57.8 724
58 636
58.2 702
58.4 679
58.6 676
58.8 681
59 653
59.2 658
59.4 620
59.6 608
59.8 633
60 655
60.2 666
60.4 613
60.6 587
60.8 585
61 671
61.2 635
61.4 645
61.6 612
61.8 610
62 613
62.2 598
62.4 541
62.6 625
62.8 581
63 627
63.2 622
63.4 637
63.6 625
63.8 596
64 570
64.2 586
64.4 591
64.6 611
64.8 595
65 621
65.2 584
65.4 569
65.6 611
65.8 620
66 611
66.2 600
66.4 597
66.6 642
66.8 599
67 574
67.2 564
67.4 629
67.6 558
67.8 585
68 539
68.2 575
68.4 609
68.6 566
68.8 569
69 611
69.2 637
69.4 583
69.6 559
69.8 618
70 620
70.2 580
70.4 615
70.6 573
70.8 602
71 608
71.2 589
71.4 606
71.6 578
71.8 605
72 595
72.2 630
72.4 570
72.6 588
72.8 561
73 607
73.2 591
73.4 583
73.6 585
73.8 573
74 563
74.2 603
74.4 539
74.6 564
74.8 560
75 537
75.2 567
75.4 615
75.6 583
75.8 560
76 618
76.2 575
76.4 589
76.6 569
76.8 584
77 570
77.2 598
77.4 517
77.6 597
77.8 618
78 580
78.2 584
78.4 579
78.6 605
78.8 592
79 517
79.2 585
79.4 592
79.6 582
79.8 594
80 570
80.2 593
80.4 540
80.6 603
80.8 626
81 629
81.2 575
81.4 591
81.6 585
81.8 528
82 568
82.2 564
82.4 606
82.6 582
82.8 553
83 575
83.2 585
83.4 547
83.6 520
83.8 585
84 595
84.2 562
84.4 566
84.6 608
84.8 598
85 560
85.2 544
85.4 579
85.6 557
85.8 563
86 593
86.2 581
86.4 600
86.6 568
86.8 592
87 583
87.2 574
87.4 567
87.6 567
87.8 563
88 569
88.2 606
88.4 582
88.6 581
88.8 563
89 582
89.2 567
89.4 568
89.6 575
89.8 544
90 562
90.2 580
90.4 562
90.6 577
90.8 559
91 593
91.2 578
91.4 551
91.6 574
91.8 602
92 561
92.2 585
92.4 549
92.6 597
92.8 589
93 587
93.2 632
93.4 576
93.6 558
93.8 597
94 566
94.2 557
94.4 563
94.6 604
94.8 582
95 629
95.2 581
95.4 597
95.6 572
95.8 528
96 539
96.2 581
96.4 600
96.6 599
96.8 602
97 601
97.2 598
97.4 573
97.6 580
97.8 566
98 534
98.2 573
98.4 567
98.6 543
98.8 534
99 561
99.2 573
99.4 599
99.6 585
99.8 576
100 571
100.2 575
100.4 560
100.6 601
100.8 560
101 600
101.2 596
101.4 579
101.6 564
101.8 577
102 602
102.2 585
102.4 555
102.6 551
102.8 588
103 587
103.2 549
103.4 575
103.6 547
103.8 602
104 559
104.2 557
104.4 551
104.6 571
104.8 543
105 535
105.2 581
105.4 604
105.6 594
105.8 600
106 580
106.2 576
106.4 595
106.6 583
106.8 569
107 600
107.2 606
107.4 604
107.6 557
107.8 569
108 571
108.2 570
108.4 602
108.6 545
108.8 605
109 596
109.2 664
109.4 538
109.6 614
109.8 590
110 564
110.2 652
110.4 572
110.6 589
110.8 557
111 577
111.2 543
111.4 588
111.6 607
111.8 584
112 591
112.2 594
112.4 563
112.6 551
112.8 593
113 583
113.2 610
113.4 566
113.6 565
113.8 578
114 577
114.2 579
114.4 591
114.6 589
114.8 578
115 570
115.2 591
115.4 600
115.6 569
115.8 544
116 572
116.2 612
116.4 566
116.6 582
116.8 555
117 603
117.2 569
117.4 579
117.6 573
117.8 612
118 559
118.2 611
118.4 546
118.6 564
118.8 580
119 544
119.2 576
119.4 580
119.6 598
119.8 581
120 585
120.2 604
120.4 578
120.6 590
120.8 595
121 578
121.2 610
121.4 600
121.6 613
121.8 569
122 562
122.2 574
122.4 583
122.6 607
122.8 604
123 600
123.2 586
123.4 595
123.6 569
123.8 591
124 578
124.2 548
124.4 592
124.6 545
124.8 589
125 610
125.2 571
125.4 589
125.6 548
125.8 591
126 605
126.2 610
126.4 581
126.6 570
126.8 554
127 585
127.2 581
127.4 587
127.6 601
127.8 603
128 599
128.2 566
128.4 579
128.6 595
128.8 556
129 582
129.2 552
129.4 566
129.6 588
129.8 589
130 582
130.2 532
130.4 603
130.6 566
130.8 612
131 572
131.2 605
131.4 589
131.6 624
131.8 574
132 611
132.2 576
132.4 543
132.6 559
132.8 563
133 550
133.2 553
133.4 543
133.6 568
133.8 560
134 541
134.2 609
134.4 571
134.6 586
134.8 582
135 560
135.2 568
135.4 630
135.6 559
135.8 586
136 593
136.2 554
136.4 600
136.6 557
136.8 621
137 557
137.2 559
137.4 579
137.6 609
137.8 581
138 600
138.2 590
138.4 601
138.6 590
138.8 561
139 617
139.2 617
139.4 581
139.6 556
139.8 613
140 599
140.2 580
140.4 546
140.6 642
140.8 570
141 594
141.2 554
141.4 574
141.6 574
141.8 559
142 550
142.2 570
142.4 582
142.6 617
142.8 556
143 570
143.2 565
143.4 587
143.6 564
143.8 562
144 584
144.2 563
144.4 544
144.6 586
144.8 565
145 622
145.2 603
145.4 589
145.6 599
145.8 560
146 589
146.2 605
146.4 569
146.6 602
146.8 551
147 575
147.2 608
147.4 572
147.6 608
147.8 581
148 597
148.2 560
148.4 570
148.6 577
148.8 562
149 580
149.2 585
149.4 588
149.6 619
149.8 604
150 581
150.2 609
150.4 570
150.6 579
150.8 604
151 568
151.2 544
151.4 629
151.6 553
151.8 558
152 576
152.2 544
152.4 574
152.6 611
152.8 600
153 547
153.2 608
153.4 565
153.6 569
153.8 603
154 552
154.2 593
154.4 593
154.6 605
154.8 612
155 608
155.2 572
155.4 594
155.6 556
155.8 617
156 577
156.2 528
156.4 557
156.6 574
156.8 623
157 536
157.2 620
157.4 586
157.6 583
157.8 590
158 579
158.2 573
158.4 576
158.6 584
158.8 606
159 587
159.2 560
159.4 573
159.6 598
159.8 569
160 603
160.2 548
160.4 575
160.6 572
160.8 575
161 585
161.2 569
161.4 523
161.6 571
161.8 589
162 594
162.2 545
162.4 585
162.6 592
162.8 544
163 594
163.2 585
163.4 559
163.6 590
163.8 579
164 598
164.2 623
164.4 595
164.6 584
164.8 516
165 600
165.2 577
165.4 617
165.6 581
165.8 607
166 586
166.2 590
166.4 580
166.6 586
166.8 594
167 618
167.2 542
167.4 567
167.6 562
167.8 578
168 615
168.2 594
168.4 587
168.6 555
168.8 584
169 581
169.2 546
169.4 601
169.6 570
169.8 594
170 563
170.2 603
170.4 614
170.6 607
170.8 578
171 601
171.2 603
171.4 578
171.6 599
171.8 614
172 647
172.2 577
172.4 562
172.6 557
172.8 577
173 594
173.2 613
173.4 561
173.6 584
173.8 599
174 580
174.2 622
174.4 582
174.6 612
174.8 598
175 568
175.2 604
175.4 582
175.6 604
175.8 570
176 608
176.2 553
176.4 604
176.6 577
176.8 611
177 620
177.2 564
177.4 554
177.6 549
177.8 652
178 603
178.2 575
178.4 569
178.6 590
178.8 560
179 570
179.2 626
179.4 616
179.6 582
179.8 614
180 577
180.2 612
180.4 578
180.6 593
180.8 566
181 613
181.2 566
181.4 561
181.6 565
181.8 626
182 587
182.2 584
182.4 565
182.6 601
182.8 535
183 614
183.2 578
183.4 608
183.6 611
183.8 571
184 597
184.2 604
184.4 565
184.6 612
184.8 530
185 533
185.2 623
185.4 591
185.6 614
185.8 574
186 618
186.2 627
186.4 574
186.6 626
186.8 587
187 591
187.2 596
187.4 581
187.6 603
187.8 560
188 609
188.2 600
188.4 571
188.6 580
188.8 586
189 600
189.2 589
189.4 569
189.6 556
189.8 595
190 595
190.2 554
190.4 577
190.6 594
190.8 618
191 606
191.2 567
191.4 634
191.6 606
191.8 608
192 636
192.2 626
192.4 674
192.6 596
192.8 564
193 601
193.2 573
193.4 581
193.6 564
193.8 573
194 564
194.2 590
194.4 578
194.6 590
194.8 573
195 609
195.2 596
195.4 570
195.6 559
195.8 567
196 599
196.2 593
196.4 597
196.6 559
196.8 608
197 584
197.2 614
197.4 563
197.6 596
197.8 539
198 608
198.2 536
198.4 596
198.6 592
198.8 620
199 589
199.2 607
199.4 555
199.6 585
199.8 602
200 551
200.2 600
200.4 591
200.6 600
200.8 574
201 556
201.2 534
201.4 568
201.6 601
201.8 564
202 582
202.2 628
202.4 575
202.6 564
202.8 600
203 608
203.2 610
203.4 526
203.6 600
203.8 553
204 543
204.2 552
204.4 592
204.6 581
204.8 590
205 578
205.2 583
205.4 534
205.6 556
205.8 607
206 577
206.2 578
206.4 571
206.6 606
206.8 609
207 556
207.2 567
207.4 578
207.6 571
207.8 630
208 557
208.2 598
208.4 603
208.6 537
208.8 614
209 587
209.2 569
209.4 595
209.6 560
209.8 565
210 603
210.2 580
210.4 585
210.6 569
210.8 624
211 637
211.2 588
211.4 580
211.6 629
211.8 592
212 552
212.2 566
212.4 594
212.6 565
212.8 570
213 570
213.2 527
213.4 587
213.6 570
213.8 577
214 578
214.2 561
214.4 564
214.6 524
214.8 561
215 565
215.2 572
215.4 572
215.6 573
215.8 566
216 605
216.2 585
216.4 546
216.6 604
216.8 588
217 546
217.2 592
217.4 599
217.6 571
217.8 590
218 574
218.2 583
218.4 622
218.6 578
218.8 550
219 536
219.2 557
219.4 555
219.6 577
219.8 542
220 613
220.2 596
220.4 614
220.6 536
220.8 585
221 557
221.2 555
221.4 565
221.6 595
221.8 595
222 570
222.2 595
222.4 572
222.6 535
222.8 554
223 586
223.2 541
223.4 582
223.6 566
223.8 537
224 568
224.2 571
224.4 589
224.6 600
224.8 579
225 604
225.2 551
225.4 532
225.6 536
225.8 590
226 590
226.2 581
226.4 629
226.6 598
226.8 619
227 607
227.2 549
227.4 589
227.6 561
227.8 535
228 556
228.2 546
228.4 569
228.6 542
228.8 609
229 560
229.2 552
229.4 591
229.6 548
229.8 611
230 560
230.2 587
230.4 558
230.6 573
230.8 565
231 570
231.2 597
231.4 576
231.6 620
231.8 575
232 574
232.2 567
232.4 599
232.6 599
232.8 517
233 576
233.2 548
233.4 558
233.6 551
233.8 543
234 564
234.2 543
234.4 575
234.6 591
234.8 545
235 560
235.2 561
235.4 565
235.6 600
235.8 526
236 582
236.2 596
236.4 568
236.6 548
236.8 571
237 594
237.2 580
237.4 562
237.6 575
237.8 557
238 563
238.2 585
238.4 568
238.6 597
238.8 572
239 546
239.2 549
239.4 601
239.6 572
239.8 573
240 585
240.2 570
240.4 510
240.6 611
240.8 565
241 563
241.2 541
241.4 568
241.6 559
241.8 557
242 572
242.2 590
242.4 581
242.6 564
242.8 564
243 591
243.2 567
243.4 602
243.6 598
243.8 590
244 619
244.2 546
244.4 552
244.6 586
244.8 562
245 550
245.2 551
245.4 545
245.6 589
245.8 620
246 577
246.2 542
246.4 577
246.6 568
246.8 545
247 571
247.2 595
247.4 565
247.6 554
247.8 573
248 555
248.2 574
248.4 574
248.6 585
248.8 576
249 572
249.2 587
249.4 575
249.6 583
249.8 556
250 502
