0.00174108 0.969433
0.00246225 1.02436
0.00301563 1.04507
0.00348215 1.04378
0.00492451 1.01307
0.00522323 1.01727
0.00603127 1.02639
0.00696431 1.01673
0.00738676 1.01873
0.00870538 1.01196
0.0090469 1.0326
0.00984901 1.01502
0.0104465 1.03593
0.0120625 1.03305
0.0121875 1.02653
0.0123113 1.02895
0.0139286 1.02609
0.0147735 1.02401
0.0150782 1.02931
0.0156697 1.01076
0.0172358 1.0201
0.0174108 1.02608
0.0180938 1.02663
0.0191518 1.00259
0.019698 1.02258
0.0208929 1.03296
0.0211094 1.02395
0.0221603 1.03048
0.022634 1.0323
0.0241251 1.01922
0.0243751 1.02266
0.0246225 1.03623
0.0261161 1.01334
0.0270848 1.02646
0.0271407 1.02392
0.0278572 1.03035
0.029547 1.02166
0.0295983 1.03416
0.0301563 1.02169
0.0313394 1.01381
0.0320093 1.02093
0.0330804 1.00858
0.033172 1.02037
0.0344716 1.01002
0.0348215 1.0273
0.0361876 1.00841
0.0365626 1.00837
0.0369338 1.01531
0.0383037 1.02811
0.0392032 1.02594
0.0393961 1.01584
0.0400448 1.0071
0.0417858 1.0178
0.0418583 1.01825
0.0422189 1.0146
0.0435269 1.01919
0.0443206 1.0248
0.0452345 0.999867
0.045268 1.01833
0.0467828 1.01284
0.0470091 1.00217
0.0482501 1.00402
0.0487501 1.00961
0.0492451 1.00991
0.0504912 1.01125
0.0512658 1.01695
0.0517073 1.00962
0.0522323 1.01314
0.0539734 1.00253
0.0541696 1.01658
0.0542814 1.01963
0.0557144 1.01687
0.0566318 1.01066
0.057297 1.00752
0.0574555 1.02166
0.0590941 0.993006
0.0591966 1.0095
0.0603127 1.01238
0.0609377 1.00702
0.0615563 1.01588
0.0626787 1.00158
0.0633283 0.985819
0.0640186 1.00237
0.0644198 0.999202
0.0661609 1.00526
0.0663439 1.00398
0.0664809 0.998301
0.067902 1.00969
0.0689431 1.0032
0.0693596 1.00464
0.0696431 1.00905
0.0713841 1.01359
0.0714054 1.00743
0.0723752 0.995834
0.0731252 1.00527
0.0738676 0.999744
0.0748663 1.01456
0.0753908 1.00149
0.0763299 1.00477
0.0766074 1.006
0.0783484 1.00331
0.0784064 1.00413
0.0787921 0.99125
0.0800895 0.991945
0.0812544 1.00556
0.0814221 0.994592
0.0818306 0.993878
0.0835717 1.00468
0.0837166 0.99605
0.0844377 1.00028
0.0853127 0.988179
0.0861789 0.999648
0.0870538 0.998617
0.0874533 0.996926
0.0886411 0.996908
0.0887949 0.99152
0.090469 0.996469
0.090536 1.00324
0.0911034 1.00008
0.092277 0.988739
0.0934846 1.00004
0.0935656 1.00322
0.0940181 1.00775
0.0957592 1.0019
0.0960279 1.00145
0.0965002 1.00216
0.0975003 0.99576
0.0984901 0.991043
0.0992413 0.997749
0.0995159 0.994698
0.100952 0.992643
0.100982 0.998064
0.102532 0.99506
0.102724 0.992066
0.103415 0.980629
0.104465 0.981023
0.105547 0.992249
0.105877 0.992569
0.106206 1.00531
0.107947 0.9886
0.108339 0.995609
0.108563 0.986238
0.109688 0.990677
0.110801 0.993006
0.111429 0.996433
0.111578 0.994292
0.11317 1.00051
0.113264 0.993345
0.114594 0.996251
0.114911 1.00759
0.115726 0.984523
0.116652 1.00664
0.11761 1.00192
0.118188 0.984674
0.118393 0.999664
0.120134 0.989177
0.120625 0.991629
0.12065 0.990224
0.121875 0.99303
0.123113 1.0027
0.123616 0.99799
0.123641 0.999582
0.125357 0.990646
0.125575 0.991643
0.126657 0.999751
0.127099 0.98729
0.128037 0.995933
0.12884 1.00983
0.129672 0.995264
0.130499 0.995982
0.130581 0.995582
0.132322 0.999962
0.132688 0.996985
0.132962 0.996662
0.134063 0.990031
0.135424 1.00105
0.135703 0.993013
0.135804 0.999738
0.137545 1.00204
0.137886 0.988846
0.138719 0.997359
0.139286 1.00641
0.140348 0.992164
0.141027 1.01434
0.141735 0.986431
0.142768 0.997092
0.142811 0.999489
0.144509 1.01227
0.14475 0.994279
0.145273 0.991635
0.14625 0.981868
0.147735 0.988856
0.147766 0.996623
0.147991 0.986992
0.149733 0.993381
0.150197 0.993169
0.150782 1.01334
0.151474 1.00704
0.15266 0.994404
0.153215 0.991075
0.153797 0.988032
0.154956 0.998086
0.155122 0.993584
0.156697 0.989149
0.156813 0.997089
0.157584 1.003
0.158438 1.01416
0.159829 0.997137
0.160046 1.00203
0.160179 0.9996
0.16192 0.989633
0.162509 1.00125
0.162844 0.997655
0.163661 0.999183
0.164971 0.997057
0.165402 0.985873
0.16586 0.997228
0.167143 1.00096
0.167433 0.997762
0.168875 0.99815
0.168884 0.979593
0.169896 1.00393
0.170625 0.99432
0.171891 0.995773
0.172358 1.00296
0.172367 0.992931
0.174108 0.995507
0.17482 0.995875
0.174907 1.00229
0.175849 1.0193
0.177282 1.00288
0.17759 1.00359
0.177922 0.999983
0.179331 0.99532
0.179745 1.00441
0.180938 0.998752
0.181072 0.995698
0.182207 0.994116
0.182813 1.00982
0.183954 1.00979
0.184554 1.01111
0.184669 0.997913
0.186295 1.00646
0.186969 1.0047
0.187131 1.00781
0.188036 0.999324
0.189594 1.01319
0.189777 1.00624
0.189985 0.989221
0.191518 0.997735
0.192056 1.01047
0.193 1.00162
0.193259 0.987935
0.194518 1.00912
0.195001 0.991709
0.196016 1.00835
0.196742 1.00969
0.19698 0.997492
0.198483 0.998426
0.199032 0.991957
0.199443 0.997101
0.200224 1.01666
0.201905 1.00659
0.201965 0.996465
0.202047 0.999512
0.203706 1.00895
0.204367 1.00004
0.205063 1.01175
0.205447 0.994603
0.206829 0.991584
0.207188 1.00007
0.208079 1.00596
0.208929 1.00485
0.209292 0.999345
0.21067 0.996891
0.211094 1.00616
0.211754 1.00716
0.212411 1.00015
0.21411 0.990131
0.214152 1.01804
0.214216 1.00629
0.215893 0.989252
0.216678 0.991213
0.217126 0.99539
0.217635 1.00395
0.219141 0.997347
0.219376 1.00529
0.220141 1.00149
0.221117 0.997373
0.221603 1.0011
0.222858 1.00129
0.223157 1.01436
0.224065 0.998847
0.224599 1.00541
0.226172 1.00094
0.22634 1.00174
0.226527 0.991289
0.228081 1.00683
0.22899 1.00506
0.229188 0.998701
0.229822 1.00874
0.231452 1.00466
0.231563 1.00578
0.232204 0.991343
0.233304 1.00591
0.233914 1.00249
0.235045 1.00695
0.235219 0.99299
0.236376 1.00897
0.236786 0.989132
0.238235 0.99
0.238527 1.01133
0.238839 0.988349
0.240269 0.980296
0.241251 1.00011
0.241301 1.00788
0.24201 1.01013
0.243751 0.993993
0.243763 0.997915
0.244266 0.990999
0.245492 0.994705
0.246225 1.00806
0.247233 1.00528
0.247282 1.00259
0.248688 0.998365
0.248974 1.00397
0.250298 0.984386
0.250715 1.00969
0.25115 1.00214
0.252456 1.00079
0.253313 1.00107
0.253612 1.00747
0.254197 0.999805
0.255938 0.985136
0.256074 0.996292
0.256329 0.985342
0.257679 1.0079
0.258537 1.00295
0.259344 0.99827
0.25942 0.99488
0.260999 0.99317
0.261161 0.992503
0.26236 1.00019
0.262903 0.996677
0.263461 0.993587
0.264644 1.00789
0.265376 1.00157
0.265923 0.998693
0.266385 0.987655
0.268126 0.992729
0.268386 1.00393
0.268391 1.00654
0.269867 0.993072
0.270848 0.991496
0.271407 0.992678
0.271608 0.992641
0.27331 0.999994
0.273349 1.00463
0.274423 0.987638
0.27509 0.991867
0.275772 0.989139
0.276831 0.99815
0.277438 0.998288
0.278235 0.992249
0.278572 1.00332
0.280313 1.008
0.280454 0.992946
0.280697 1.00162
0.282054 1.00403
0.283159 0.986907
0.283469 1.00578
0.283795 0.999241
0.285537 0.989168
0.285621 0.991341
0.286485 0.997511
0.287278 0.999036
0.288084 1.00846
0.289019 0.993633
0.289501 1.00824
0.290546 0.987777
0.29076 1.00399
0.292501 0.996249
0.292516 0.994843
0.293008 0.996793
0.294242 0.989163
0.29547 0.993076
0.295532 1.00239
0.295983 0.997035
0.297724 1.00842
0.297933 0.995266
0.298548 0.987488
0.299465 1.01578
0.300395 0.996702
0.301206 1.00801
0.301563 1.00811
0.302857 1.00743
0.302947 0.98803
0.304579 1.00641
0.304688 0.987004
0.305319 1.00345
0.306429 0.99804
0.307595 1.00533
0.307782 0.995874
0.308171 0.992545
0.309912 1.01202
0.310244 0.99425
0.31061 0.999804
0.311653 1.00203
0.312706 0.992614
0.313394 0.990019
0.313626 0.991277
0.315135 1.0052
0.315168 1.00505
0.316641 1.00641
0.316876 1.01
0.317631 0.993982
0.318617 1.01094
0.319657 1.00001
0.320093 0.998789
0.320358 1.00246
0.322099 1.00037
0.322555 1.00017
0.322673 1.00999
0.32384 1.00238
0.325017 0.99512
0.325581 0.991524
0.325688 0.995683
0.327322 0.995823
0.32748 0.996376
0.328704 0.992706
0.329063 1.00195
0.329942 0.994706
0.330804 0.989308
0.33172 1.00117
0.332404 0.99798
0.332546 1.00964
0.334287 1.00671
0.334735 0.98571
0.334867 0.997107
0.336028 1.00587
0.337329 1.00252
0.337751 1.00277
0.337769 1.0093
0.33951 1.00269
0.339791 0.992336
0.340766 0.990478
0.341251 1.00505
0.342253 0.991055
0.342992 1.0023
0.343782 0.999071
0.344716 1.00111
0.344733 0.999719
0.346474 0.996524
0.346798 0.994918
0.347178 1.00273
0.348215 0.985017
0.34964 1.00902
0.349813 1.0009
0.352102 1.00554
0.352829 1.01873
0.354565 1.00383
0.355845 1.00763
0.357027 0.99252
0.35886 1.00928
0.359489 1.00424
0.361876 0.998029
0.361951 1.00257
0.364414 1.00065
0.364892 0.992273
0.366876 0.99918
0.367907 0.998931
0.369338 1.0069
0.370923 0.983395
0.3718 1.00893
0.373938 1.00566
0.374263 1.00515
0.376725 1.00423
0.376954 1.00683
0.379187 1.00022
0.37997 0.991842
0.381649 0.997354
0.382985 1.00486
0.384112 1.00173
0.386001 1.00182
0.386574 0.999014
0.389017 1.0043
0.389036 0.998002
0.391498 0.998623
0.392032 1.01281
0.393961 0.998351
0.395048 0.999052
0.396423 1.00201
0.398064 0.996586
0.398885 1.01017
0.401079 1.00273
0.401347 1.0056
0.40381 0.999131
0.404095 0.995704
0.406272 0.992573
0.40711 0.998416
0.408734 1.00593
0.410126 1.00374
0.411196 1.00178
0.413142 1.01763
0.413659 0.99701
0.416121 0.997435
0.416157 0.994752
0.418583 1.00283
0.419173 1.0005
0.421045 0.999281
0.422189 1.00142
0.423508 0.997689
0.425204 1.00146
0.42597 1.00425
0.42822 1.00206
0.428432 0.996488
0.430894 0.992125
0.431235 1.01291
0.433357 1.00289
0.434251 0.99876
0.435819 0.997282
0.437267 0.991121
0.438281 1.00197
0.440282 1.00062
0.440743 1.00891
0.443206 1.00078
0.443298 1.00487
0.445668 1.01183
0.446314 0.993827
0.44813 0.993761
0.449329 1.00203
0.450592 0.9991
0.452345 1.00395
0.453055 0.991986
0.455361 1.00266
0.455517 1.00862
0.457979 0.992245
0.458376 0.995778
0.460441 0.999482
0.461392 0.994275
0.462904 0.999325
0.464407 0.992567
0.465366 1.00132
0.467423 1.00303
0.467828 0.992152
0.47029 0.993092
0.470439 0.99483
0.472753 1.00041
0.473454 1.00336
0.475215 1.00077
0.47647 1.01576
0.477677 0.997912
0.479486 1.00971
0.480139 1.00365
0.482501 0.992769
0.482602 0.993881
0.485064 1.00167
0.485517 0.990636
0.487526 1.00566
0.488532 0.99894
0.489988 1.00839
0.491548 0.994246
0.492451 0.998625
0.494564 1.00802
0.497579 0.999781
0.500595 1.00148
0.503611 0.998314
0.506626 1.02132
0.509642 1.00623
0.512658 1.00415
0.515673 0.992217
0.518689 1.00071
0.521704 0.991577
0.52472 1.00356
0.527736 0.9968
0.530751 1.00757
0.533767 1.00199
0.536783 0.987202
0.539798 1.00265
0.542814 0.999074
0.54583 1.00334
0.548845 1.0134
0.551861 1.00745
0.554876 0.988518
0.557892 0.997858
0.560908 1.00628
0.563923 1.0178
0.566939 1.01091
0.569955 1.00408
0.57297 1.01052
0.575986 0.992966
0.579001 1.00646
0.582017 1.00215
0.585033 1.00422
0.588048 0.993344
0.591064 1.00835
0.59408 0.999157
0.597095 0.997745
0.600111 1.00474
0.603127 0.99471
