33.6 4
33.8 3
34.2 15
34.4 7
34.6 53
34.8 25
35 25
35.2 194
35.4 210
35.6 264
35.8 151
36 198
36.2 302
36.4 332
36.6 400
36.8 664
37 1007
37.2 3440
37.4 4197
37.6 2767
37.8 9020
38 5596
38.2 7236
38.4 5816
38.6 7947
38.8 7778
39 9806
39.2 13438
39.4 14132
39.6 16022
39.8 17317
40 23435
40.2 21834
40.4 20767
40.6 30603
40.8 25635
41 32488
41.2 26702
41.4 40789
41.6 32650
41.8 34451
42 39221
42.2 38638
42.4 43855
42.6 39533
42.8 42465
43 43680
43.2 46871
43.4 45708
43.6 49072
43.8 50401
44 52123
44.2 51157
44.4 57315
44.6 53883
44.8 52300
45 53693
45.2 56094
45.4 56057
45.6 57954
45.8 58023
46 57401
46.2 58327
46.4 58469
46.6 57886
46.8 59927
47 56997
47.2 57490
47.4 57903
47.6 58546
47.8 56488
48 56137
48.2 57158
48.4 57066
48.6 56670
48.8 56445
49 56344
49.2 55105
49.4 55492
49.6 54385
49.8 54825
50 54343
50.2 54059
50.4 53109
50.6 52953
50.8 51605
51 52013
51.2 51574
51.4 50823
51.6 50982
51.8 50499
52 50742
52.2 50237
52.4 49894
52.6 49403
52.8 48931
53 49069
53.2 48991
53.4 48503
53.6 49577
53.8 48401
54 47821
54.2 47560
54.4 47185
54.6 47774
54.8 47706
55 47269
55.2 47289
55.4 47144
55.6 47217
55.8 47453
56 46926
56.2 46879
56.4 46721
56.6 46304
56.8 46640
57 46794
57.2 46722
57.4 46915
57.6 46827
57.8 45894
58 46704
58.2 47094
58.4 46736
58.6 46621
58.8 46718
59 46754
59.2 46048
59.4 46461
59.6 46606
59.8 46697
60 46663
60.2 46731
60.4 46383
60.6 46357
60.8 46795
61 46855
61.2 46496
61.4 46840
61.6 46550
61.8 46851
62 46950
62.2 46784
62.4 46998
62.6 46760
62.8 46195
63 46683
63.2 46920
63.4 46488
63.6 46625
63.8 46684
64 46951
64.2 46520
64.4 46932
64.6 47182
64.8 46917
65 46682
65.2 46860
65.4 46851
65.6 46806
65.8 47094
66 46919
66.2 46949
66.4 46701
66.6 47160
66.8 46648
67 46853
67.2 46719
67.4 47020
67.6 46757
67.8 46509
68 47347
68.2 46866
68.4 46971
68.6 46792
68.8 47096
69 46958
69.2 47270
69.4 46934
69.6 47079
69.8 47064
70 47119
70.2 47342
70.4 47126
70.6 47070
70.8 47460
71 46984
71.2 47060
71.4 46999
71.6 47217
71.8 47086
72 46910
72.2 47018
72.4 47245
72.6 47379
72.8 47250
73 46976
73.2 47428
73.4 47086
73.6 47022
73.8 46836
74 46937
74.2 47254
74.4 47461
74.6 47292
74.8 47223
75 47408
75.2 47157
75.4 47033
75.6 47094
75.8 47168
76 47291
76.2 47662
76.4 47574
76.6 47460
76.8 47420
77 47216
77.2 47348
77.4 47415
77.6 47031
77.8 47316
78 47025
78.2 47156
78.4 47397
78.6 47541
78.8 47613
79 47287
79.2 47159
79.4 47488
79.6 47407
79.8 47088
80 47505
80.2 47383
80.4 47206
80.6 47425
80.8 47149
81 47362
81.2 47384
81.4 47643
81.6 47127
81.8 47346
82 47179
82.2 47239
82.4 46970
82.6 47192
82.8 47089
83 47181
83.2 47077
83.4 46967
83.6 47243
83.8 47048
84 47178
84.2 47570
84.4 47988
84.6 47403
84.8 47015
85 47389
85.2 47462
85.4 47303
85.6 47233
85.8 47548
86 46897
86.2 47410
86.4 47697
86.6 47516
86.8 47498
87 47201
87.2 47337
87.4 47005
87.6 47096
87.8 47285
88 47385
88.2 47230
88.4 47371
88.6 47433
88.8 47452
89 47203
89.2 47158
89.4 47432
89.6 47279
89.8 47590
90 47385
90.2 46778
90.4 47369
90.6 47405
90.8 47254
91 47486
91.2 47178
91.4 47145
91.6 47464
91.8 47228
92 47330
92.2 47799
92.4 47066
92.6 47622
92.8 47202
93 47327
93.2 47484
93.4 47018
93.6 46937
93.8 47364
94 46913
94.2 47290
94.4 47154
94.6 47592
94.8 47782
95 47425
95.2 47383
95.4 46974
95.6 47190
95.8 47337
96 47425
96.2 47566
96.4 47770
96.6 47259
96.8 47434
97 47129
97.2 47758
97.4 46908
97.6 47198
97.8 47023
98 47543
98.2 47586
98.4 47202
98.6 47070
98.8 47344
99 47210
99.2 47312
99.4 47384
99.6 47429
99.8 47029
100 47143
100.2 47049
100.4 47325
100.6 47539
100.8 47346
101 47188
101.2 47249
101.4 47599
101.6 47057
101.8 47421
102 47102
102.2 47080
102.4 47004
102.6 46993
102.8 47241
103 47334
103.2 47505
103.4 47555
103.6 47200
103.8 47357
104 47313
104.2 47562
104.4 47276
104.6 47195
104.8 47417
105 47436
105.2 47495
105.4 46850
105.6 47014
105.8 47363
106 47370
106.2 47415
106.4 47063
106.6 47249
106.8 47515
107 47055
107.2 47189
107.4 47145
107.6 47351
107.8 47401
108 47537
108.2 46957
108.4 47393
108.6 47492
108.8 47300
109 47162
109.2 47490
109.4 47733
109.6 47264
109.8 46976
110 47459
110.2 47320
110.4 47848
110.6 47421
110.8 47483
111 47625
111.2 47324
111.4 47214
111.6 47546
111.8 47171
112 47249
112.2 47536
112.4 47333
112.6 47558
112.8 46963
113 47223
113.2 47373
113.4 47482
113.6 47521
113.8 47608
114 47355
114.2 47001
114.4 47400
114.6 47312
114.8 47834
115 47172
115.2 47373
115.4 47703
115.6 47573
115.8 46959
116 47475
116.2 47270
116.4 47478
116.6 47581
116.8 47631
117 47515
117.2 47296
117.4 47706
117.6 47865
117.8 47306
118 47301
118.2 47251
118.4 47386
118.6 47343
118.8 47216
119 47844
119.2 47273
119.4 47185
119.6 47360
119.8 47222
120 47546
120.2 47457
120.4 47701
120.6 47629
120.8 47173
121 47759
121.2 47403
121.4 47179
121.6 47565
121.8 47413
122 47415
122.2 47366
122.4 47405
122.6 47054
122.8 47426
123 47526
123.2 46818
123.4 47078
123.6 47523
123.8 47702
124 47545
124.2 46864
124.4 46921
124.6 47425
124.8 47534
125 47914
125.2 47227
125.4 47820
125.6 47313
125.8 47575
126 47703
126.2 47518
126.4 47251
126.6 47297
126.8 47185
127 47451
127.2 47354
127.4 47172
127.6 47234
127.8 47647
128 47626
128.2 47498
128.4 47285
128.6 47574
128.8 47588
129 47402
129.2 47454
129.4 47514
129.6 47345
129.8 47617
130 47506
130.2 47387
130.4 47202
130.6 47718
130.8 47592
131 47757
131.2 47395
131.4 47296
131.6 47740
131.8 47474
132 47563
132.2 47611
132.4 47457
132.6 47189
132.8 47335
133 47139
133.2 47471
133.4 47424
133.6 47738
133.8 47647
134 47366
134.2 47099
134.4 47429
134.6 47535
134.8 47421
135 47091
135.2 47387
135.4 47664
135.6 47778
135.8 47678
136 47492
136.2 47426
136.4 47731
136.6 47461
136.8 47621
137 47580
137.2 48037
137.4 47762
137.6 47308
137.8 47416
138 47394
138.2 47786
138.4 47544
138.6 47317
138.8 47255
139 47286
139.2 47343
139.4 47350
139.6 47287
139.8 47657
140 47790
140.2 47516
140.4 47140
140.6 47588
140.8 47211
141 47388
141.2 47385
141.4 47523
141.6 47650
141.8 46850
142 47198
142.2 47857
142.4 47615
142.6 47582
142.8 47544
143 47438
143.2 47647
143.4 47062
143.6 47586
143.8 47695
144 47595
144.2 47648
144.4 47587
144.6 47274
144.8 47460
145 47430
145.2 47001
145.4 47330
145.6 47617
145.8 47526
146 47391
146.2 47479
146.4 47245
146.6 47639
146.8 47544
147 47352
147.2 47540
147.4 47485
147.6 47411
147.8 47555
148 47436
148.2 47247
148.4 47651
148.6 47309
148.8 47678
149 47278
149.2 47712
149.4 47926
149.6 47681
149.8 47359
150 47473
150.2 47423
150.4 47405
150.6 47435
150.8 47715
151 47434
151.2 47412
151.4 47964
151.6 47441
151.8 47543
152 47440
152.2 47203
152.4 47310
152.6 47377
152.8 47633
153 47046
153.2 47201
153.4 47348
153.6 47447
153.8 47542
154 47560
154.2 47598
154.4 47407
154.6 47700
154.8 47327
155 47193
155.2 47596
155.4 47741
155.6 47022
155.8 47451
156 47735
156.2 47293
156.4 47263
156.6 47760
156.8 47678
157 47844
157.2 47255
157.4 47206
157.6 47346
157.8 47605
158 47296
158.2 47602
158.4 47437
158.6 47485
158.8 47348
159 47528
159.2 47574
159.4 47292
159.6 47427
159.8 47098
160 47391
160.2 47473
160.4 47124
160.6 47510
160.8 47552
161 47602
161.2 47146
161.4 47199
161.6 47072
161.8 47261
162 47428
162.2 47455
162.4 47646
162.6 47301
162.8 47700
163 47549
163.2 47560
163.4 47427
163.6 47181
163.8 47020
164 47328
164.2 47423
164.4 47532
164.6 47425
164.8 47771
165 47262
165.2 47660
165.4 47484
165.6 47591
165.8 47925
166 47091
166.2 47099
166.4 47485
166.6 47565
166.8 47415
167 47540
167.2 47689
167.4 47421
167.6 47399
167.8 47310
168 47317
168.2 47697
168.4 47262
168.6 47638
168.8 47516
169 47381
169.2 47500
169.4 47113
169.6 47084
169.8 47366
170 47240
170.2 47430
170.4 47430
170.6 47332
170.8 47415
171 47499
171.2 47271
171.4 47561
171.6 47220
171.8 47135
172 47329
172.2 47432
172.4 47270
172.6 47141
172.8 47332
173 47389
173.2 47845
173.4 47572
173.6 47421
173.8 47625
174 47763
174.2 47394
174.4 47392
174.6 47403
174.8 47224
175 47856
175.2 47601
175.4 47013
175.6 47587
175.8 47574
176 47647
176.2 46870
176.4 47175
176.6 47492
176.8 47395
177 47589
177.2 47541
177.4 47542
177.6 47485
177.8 47315
178 47406
178.2 47540
178.4 47332
178.6 47441
178.8 47292
179 47281
179.2 47312
179.4 47470
179.6 47352
179.8 47313
180 47214
180.2 47445
180.4 47210
180.6 47538
180.8 47965
181 47224
181.2 47422
181.4 47422
181.6 47567
181.8 47397
182 46942
182.2 47534
182.4 47549
182.6 47326
182.8 47531
183 47210
183.2 47497
183.4 47064
183.6 47183
183.8 47578
184 47312
184.2 47511
184.4 47684
184.6 47187
184.8 47456
185 47488
185.2 47220
185.4 47490
185.6 47172
185.8 47381
186 47382
186.2 47374
186.4 47368
186.6 47404
186.8 47636
187 47515
187.2 47246
187.4 47484
187.6 47315
187.8 47583
188 47231
188.2 47346
188.4 47491
188.6 47659
188.8 47357
189 47378
189.2 46812
189.4 47002
189.6 47571
189.8 47208
190 47173
190.2 47344
190.4 47531
190.6 47121
190.8 47404
191 47618
191.2 47428
191.4 47689
191.6 47178
191.8 47338
192 47345
192.2 47755
192.4 47236
192.6 47152
192.8 47520
193 47155
193.2 47375
193.4 47814
193.6 47458
193.8 47590
194 47687
194.2 47765
194.4 47376
194.6 47294
194.8 47332
195 47243
195.2 47294
195.4 47050
195.6 47357
195.8 47528
196 47482
196.2 47315
196.4 47369
196.6 47551
196.8 47056
197 47534
197.2 47544
197.4 47316
197.6 47648
197.8 47525
198 47341
198.2 47593
198.4 47122
198.6 47127
198.8 47217
199 47479
199.2 47412
199.4 47467
199.6 47275
199.8 47680
200 47181
200.2 47336
200.4 47629
200.6 47165
200.8 47194
201 47203
201.2 47150
201.4 47141
201.6 47038
201.8 47537
202 47532
202.2 47751
202.4 47348
202.6 47780
202.8 47698
203 47472
203.2 47309
203.4 47431
203.6 47626
203.8 47392
204 47293
204.2 47536
204.4 47582
204.6 47203
204.8 47620
205 46957
205.2 47164
205.4 47200
205.6 47231
205.8 48009
206 47240
206.2 47761
206.4 47551
206.6 47795
206.8 47129
207 47416
207.2 47558
207.4 47620
207.6 47435
207.8 47541
208 47347
208.2 47095
208.4 47209
208.6 46920
208.8 47234
209 47314
209.2 47234
209.4 47372
209.6 47338
209.8 47205
210 47230
210.2 47050
210.4 47427
210.6 47261
210.8 47346
211 47323
211.2 47425
211.4 47675
211.6 47649
211.8 47476
212 47682
212.2 47741
212.4 47726
212.6 46972
212.8 47346
213 47487
213.2 47946
213.4 47603
213.6 47266
213.8 47221
214 47682
214.2 47410
214.4 47383
214.6 47237
214.8 47409
215 47595
215.2 47457
215.4 46904
215.6 47384
215.8 47104
216 47598
216.2 47685
216.4 47212
216.6 47894
216.8 47641
217 47711
217.2 47130
217.4 47407
217.6 47621
217.8 47605
218 47393
218.2 47569
218.4 47357
218.6 47746
218.8 47360
219 47489
219.2 47449
219.4 47223
219.6 47274
219.8 47273
220 47147
220.2 47595
220.4 47326
220.6 47103
220.8 47441
221 47627
221.2 47788
221.4 47516
221.6 47427
221.8 47497
222 47110
222.2 47018
222.4 47378
222.6 47678
222.8 47087
223 47028
223.2 47342
223.4 47279
223.6 47661
223.8 47346
224 47239
224.2 47582
224.4 47700
224.6 47277
224.8 47615
225 47687
225.2 47285
225.4 47616
225.6 47086
225.8 47651
226 47383
226.2 47553
226.4 47605
226.6 47118
226.8 47024
227 47667
227.2 47837
227.4 47708
227.6 47419
227.8 47401
228 47922
228.2 47629
228.4 47429
228.6 46907
228.8 47598
229 47476
229.2 47698
229.4 47756
229.6 47878
229.8 47723
230 47551
230.2 47353
230.4 47360
230.6 47391
230.8 47581
231 47357
231.2 47750
231.4 47544
231.6 47743
231.8 47390
232 47780
232.2 47699
232.4 47365
232.6 47490
232.8 47540
233 47238
233.2 47631
233.4 47618
233.6 47606
233.8 47418
234 47572
234.2 47488
234.4 47557
234.6 47288
234.8 47893
235 47811
235.2 47426
235.4 47218
235.6 47571
235.8 47476
236 47422
236.2 47587
236.4 47443
236.6 47642
236.8 47623
237 47747
237.2 47777
237.4 47297
237.6 47099
237.8 47093
238 47380
238.2 47457
238.4 47554
238.6 47582
238.8 47404
239 47982
239.2 47670
239.4 47661
239.6 47434
239.8 47518
240 47459
240.2 47570
240.4 47567
240.6 47638
240.8 47630
241 47950
241.2 47260
241.4 47354
241.6 47206
241.8 47227
242 47251
242.2 47576
242.4 47966
242.6 47224
242.8 47663
243 47679
243.2 47280
243.4 47686
243.6 47501
243.8 47802
244 47428
244.2 47689
244.4 47914
244.6 47185
244.8 47654
245 47377
245.2 48097
245.4 47623
245.6 47589
245.8 47520
246 47662
246.2 47839
246.4 47259
246.6 47656
246.8 47686
247 47484
247.2 47487
247.4 47406
247.6 47179
247.8 47453
248 47467
248.2 47642
248.4 47700
248.6 47659
248.8 48064
249 47416
249.2 48209
249.4 47344
249.6 47545
249.8 47722
250 47272
