0.00454795 1.25314
0.00643177 1.25301
0.00787728 1.25204
0.0090959 1.27146
0.0128635 1.26245
0.0136439 1.25274
0.0157546 1.26539
0.0181918 1.25581
0.0192953 1.26039
0.0227398 1.22694
0.0236318 1.23979
0.0257271 1.23015
0.0272877 1.21818
0.0315091 1.20562
0.0318357 1.20061
0.0321589 1.22655
0.0363836 1.19482
0.0385906 1.1937
0.0393864 1.18048
0.0409316 1.18812
0.0450224 1.15417
0.0454795 1.1408
0.0472637 1.13317
0.0500275 1.13455
0.0514542 1.13386
0.0545754 1.1142
0.055141 1.10044
0.057886 1.0935
0.0591234 1.08542
0.0630182 1.06928
0.0636713 1.07381
0.0643177 1.06504
0.0682193 1.0445
0.0707495 1.03577
0.0708955 1.01969
0.0727672 1.0227
0.0771813 1.0279
0.0773152 1.01966
0.0787728 0.999631
0.0818631 0.9855
0.083613 0.992699
0.0864111 0.988
0.0866501 0.987544
0.0900448 0.963623
0.090959 0.975517
0.0945274 0.961112
0.095507 0.947382
0.0964766 0.948874
0.100055 0.957439
0.102405 0.934432
0.102908 0.946608
0.104603 0.927133
0.109151 0.929868
0.10934 0.941445
0.110282 0.927928
0.113699 0.933398
0.115772 0.931172
0.118159 0.943447
0.118247 0.943835
0.122204 0.933678
0.122795 0.938984
0.126036 0.941553
0.127343 0.95343
0.128635 0.941785
0.131891 0.935706
0.133914 0.943737
0.135067 0.95064
0.136439 0.941308
0.140986 0.946785
0.141499 0.966943
0.141791 0.958401
0.145534 0.975326
0.147931 0.971726
0.149668 0.967914
0.150082 0.986978
0.154363 0.976285
0.15463 0.985523
0.157546 0.993219
0.159178 0.988675
0.160794 0.985861
0.163726 1.00678
0.165423 1.00127
0.167226 1.00302
0.168274 1.01458
0.172822 1.01043
0.1733 1.01428
0.173658 1.00628
0.17737 1.01486
0.18009 1.01744
0.181177 1.02789
0.181918 1.04265
0.186466 1.0426
0.186521 1.04102
0.189055 1.02833
0.191014 1.02998
0.192953 1.03629
0.195562 1.02971
0.196932 1.02556
0.199385 1.02935
0.20011 1.02932
0.204658 1.03006
0.204809 1.02891
0.205817 1.03624
0.209206 1.04419
0.212249 1.021
0.212687 1.02633
0.213754 1.03501
0.218302 1.0203
0.21868 1.02739
0.220564 1.04486
0.22285 1.01668
0.225112 1.03458
0.227398 1.02276
0.228441 1.01791
0.231544 1.01059
0.231945 1.01365
0.236318 1.01169
0.236493 1.00581
0.237976 1.00506
0.241041 1.00558
0.244196 1.01308
0.244407 1.01203
0.245589 1.00494
0.250137 0.981092
0.250839 1.00499
0.252073 0.980398
0.254685 1.00153
0.257271 1.00561
0.259233 0.985755
0.25995 0.9917
0.263703 0.985798
0.263781 1.00504
0.267828 1.00012
0.268329 0.996261
0.270134 0.98911
0.272877 0.972448
0.275705 0.989053
0.276566 0.980189
0.277425 0.965744
0.281973 0.971437
0.282998 0.977213
0.283582 0.985085
0.286521 0.979401
0.28943 0.985736
0.291069 0.976341
0.291459 0.98324
0.295617 0.987808
0.295862 0.972103
0.299337 0.98591
0.300165 0.982134
0.302293 0.970118
0.304713 0.978573
0.307214 0.970987
0.308725 0.984762
0.309261 0.980024
0.313809 0.980617
0.315091 0.98356
0.315157 0.996174
0.318357 0.989933
0.321589 0.987428
0.322904 0.98766
0.322969 0.987501
0.327452 1.00752
0.32802 0.996635
0.330846 0.996302
0.332 1.00061
0.334452 1.00743
0.336548 0.988787
0.338723 0.998344
0.340884 0.997422
0.341096 0.998751
0.345644 1.00004
0.3466 1.00529
0.347316 1.00526
0.350192 0.999677
0.353748 1.01038
0.354478 1.00141
0.35474 0.998645
0.359288 1.01298
0.360179 1.01129
0.362355 1.02244
0.363836 1.02513
0.366611 1.01958
0.368384 1.00627
0.370232 1.00122
0.372932 1.02234
0.373043 1.01259
0.37748 1.01274
0.378109 1.02552
0.379475 1.01216
0.382028 1.00702
0.385906 1.01601
0.385987 1.01817
0.386576 1.00683
0.391124 1.02381
0.392338 1.00797
0.393864 1.00754
0.395672 1.0088
0.39877 1.00851
0.40022 1.02384
0.401741 0.998854
0.404768 1.00032
0.405202 1.01518
0.409316 0.996783
0.409619 1.00632
0.411633 1.00418
0.413863 1.01079
0.417496 1.00403
0.418065 1.00367
0.418411 1.00916
0.422959 0.986674
0.424497 0.995873
0.425373 0.995496
0.427507 1.00423
0.430929 1.00387
0.432055 0.993544
0.43325 0.997222
0.436603 0.992491
0.437361 0.992865
0.441128 0.982439
0.441151 0.999333
0.443792 0.995114
0.445699 0.998882
0.449005 0.99191
0.450224 0.989745
0.450247 0.989839
0.454795 0.974028
0.456656 0.985901
0.456882 1.00683
0.459343 0.990553
0.463088 0.983802
0.463891 0.982263
0.46476 0.9881
0.468439 0.992405
0.469519 0.976907
0.472637 1.00339
0.472987 0.993391
0.475951 0.992803
0.477535 0.994305
0.480514 0.997581
0.482083 0.987481
0.482383 0.978359
0.486631 0.994745
0.488391 0.985365
0.488815 0.992825
0.491179 0.993792
0.495247 0.997786
0.495727 0.992806
0.496269 0.995326
0.500275 0.999363
0.501678 1.00748
0.504146 1.01081
0.504822 0.990708
0.50811 0.990266
0.50937 0.996781
0.512023 0.985802
0.513918 0.998197
0.514542 0.99365
0.518466 1.00978
0.519901 1.00044
0.520974 0.997021
0.523014 0.998157
0.527405 0.996812
0.527562 1.00058
0.527778 1.00603
0.53211 1.00891
0.533837 1.00416
0.535655 0.993658
0.536658 1.00094
0.540269 1.00273
0.541206 0.999108
0.543532 1.00517
0.545754 1.01694
0.546701 1.01083
0.550302 1.00579
0.55141 1.00175
0.553132 1.00952
0.55485 0.992936
0.559287 1.00171
0.559398 1.00348
0.559564 1.01846
0.563946 1.00727
0.565996 1.00944
0.567164 1.00043
0.568494 1.01017
0.572428 1.00095
0.573042 0.999452
0.575042 1.00127
0.57759 1.0061
0.57886 1.00263
0.582138 0.997314
0.582919 1.00172
0.585291 1.00135
0.586686 0.997998
0.590796 1.00234
0.591234 1.00867
0.591723 1.00627
0.595781 1.00527
0.598155 1.00411
0.598673 1.0024
0.600329 0.989111
0.604587 0.988467
0.604877 1.00104
0.606551 1.00198
0.609425 0.983022
0.611018 0.992172
0.613973 1.0101
0.614428 0.996967
0.61745 0.992805
0.618521 1.00763
0.622305 0.992496
0.623069 0.99557
0.623882 0.994749
0.627617 1.01069
0.630182 0.996694
0.630314 0.990372
0.632165 0.996864
0.636713 0.995375
0.636746 0.991168
0.63806 0.980131
0.641261 0.990243
0.643177 0.990932
0.645809 0.993762
0.645937 0.996269
0.649609 1.0053
0.650357 0.988298
0.653814 0.999772
0.654905 0.982905
0.656041 0.991852
0.659453 1.0005
0.661692 0.996528
0.662473 0.994245
0.664001 0.99209
0.668549 0.996311
0.668904 0.991904
0.669569 1.01536
0.673097 1.00146
0.675336 0.989579
0.677446 0.992678
0.677645 0.994171
0.681768 1.01094
0.682193 1.00335
0.685323 1.00587
0.68674 1.0023
0.6882 1.00516
0.691288 1.02065
0.693201 0.999229
0.694631 1.01049
0.695836 1.00653
0.700384 0.994327
0.701063 1.01159
0.701078 1.0113
0.704932 1.01108
0.707495 1.00506
0.708955 1.01027
0.70948 1.00086
0.713927 1.002
0.714028 1.02388
0.716833 1.00397
0.718576 1.01083
0.720359 1.00363
0.723124 1.0116
0.72471 0.994865
0.72679 1.015
0.727672 0.990711
0.73222 1.00806
0.732587 1.00418
0.733222 1.00698
0.736768 0.989763
0.739654 0.99776
0.740464 0.991358
0.741316 1.01245
0.745864 0.989891
0.746086 1.00272
0.748342 1.00696
0.750412 0.990247
0.752517 1.01237
0.75496 1.0054
0.756219 0.999553
0.758949 0.996408
0.759508 1.01616
0.764056 1.00515
0.764096 1.00528
0.765381 0.992217
0.768604 0.987489
0.771813 0.991771
0.771974 0.982485
0.773152 1.00164
0.777699 0.988487
0.778245 0.998769
0.779851 1.00336
0.782247 0.997158
0.784676 0.98538
0.786795 1.01143
0.787728 1.00398
0.791108 0.994409
0.791343 0.989643
0.795605 0.996583
0.795891 0.994179
0.79754 0.996339
0.800439 0.994061
0.803483 0.998653
0.803972 1.00545
0.804987 1.01755
0.809535 0.985593
0.810403 0.997281
0.81136 1.00679
0.814083 1.01302
0.816835 1.00165
0.818631 0.97408
0.819237 0.99515
0.823179 0.992355
0.823267 1.00121
0.827114 0.992549
0.827727 0.994383
0.829699 0.98909
0.832275 0.990137
0.834992 0.997682
0.83613 0.993193
0.836823 1.00962
0.841371 1.0083
0.842562 0.993167
0.842869 1.00258
0.845919 0.988626
0.848994 0.997913
0.850467 0.987891
0.850746 0.989968
0.855015 1.00814
0.855426 1.00268
0.858624 0.993359
0.859563 0.988306
0.861858 0.996844
0.864111 1.01427
0.866501 0.994638
0.868289 1.00804
0.868659 1.00258
0.873206 1.00335
0.874378 1.00528
0.874721 0.996605
0.877754 1.00567
0.881153 1.00394
0.882255 1.00741
0.882302 0.995128
0.88685 1.00252
0.887585 1.0036
0.890133 0.999469
0.891398 1.01141
0.894016 1.00584
0.895946 0.98842
0.89801 1.01701
0.900448 1.00038
0.900494 1.0041
0.905042 1.00252
0.905887 0.999366
0.90688 0.998714
0.90959 1.00899
0.913312 1.01884
0.913765 0.999743
0.919744 1.00363
0.921642 0.999116
0.926175 0.992988
0.929519 0.999803
0.932607 1.00778
0.937396 1.00067
0.939039 1.00843
0.945274 1.00093
0.945471 1.00954
0.951902 1.00616
0.953151 0.992154
0.958334 0.991413
0.961028 0.990416
0.964766 0.998146
0.968906 0.998952
0.971198 0.994862
0.976783 0.995833
0.977629 0.992583
0.984061 0.994349
0.98466 0.999262
0.990493 0.998778
0.992537 0.982884
0.996925 1.00124
1.00041 1.00003
1.00336 1.00043
1.00829 0.991556
1.00979 1.00352
1.01617 0.999375
1.01622 1.00514
1.02265 0.993618
1.02405 0.993974
1.02908 0.994978
1.03192 1.01015
1.03552 1.00242
1.0398 1.00861
1.04195 0.991875
1.04768 1.00101
1.04838 1.00219
1.05481 1.01082
1.05556 1.00607
1.06124 1.00656
1.06343 1.01034
1.06767 1.00557
1.07131 1.00796
1.07411 1.00248
1.07919 1.00345
1.08054 1.00421
1.08697 1.00072
1.08706 1.00764
1.0934 0.99903
1.09494 1.00044
1.09983 1.00497
1.10282 0.997557
1.10626 1.01545
1.1107 0.999965
1.1127 1.00537
1.11857 1.01368
1.11913 0.9992
1.12556 0.988567
1.12645 0.991848
1.13199 0.990721
1.13433 0.997786
1.13842 0.997948
1.14221 0.99934
1.14486 0.996611
1.15008 0.992518
1.15129 0.987338
1.15772 0.990211
1.15796 1.00027
1.16415 0.990398
1.16584 0.994507
1.17058 0.988028
1.17371 1.00253
1.17701 0.994613
1.18159 0.985723
1.18345 1.0036
1.18947 1.00726
1.18988 0.994279
1.19631 1.00385
1.19735 1.00498
1.20274 0.99593
1.20522 1.00483
1.20917 0.993917
1.2131 1.00054
1.21561 1.00367
1.22098 0.983788
1.22204 1.00517
1.22847 1.0039
1.22886 1.00265
1.2349 0.992159
1.23673 0.991988
1.24133 1.00629
1.24461 1.0161
1.24776 1.007
1.25249 0.992311
1.2542 1.00382
1.26036 0.992486
1.26063 1.00225
1.26706 0.992345
1.26824 1.00921
1.27349 0.995769
1.27612 0.998163
1.27992 0.99566
1.284 0.992729
1.28635 0.996182
1.29187 0.987048
1.29975 0.995583
1.30763 1.00667
1.31551 0.989255
1.32338 0.993791
1.33126 0.990518
1.33914 1.00997
1.34702 0.99517
1.35489 1.00645
1.36277 1.00175
1.37065 0.999922
1.37852 1.00069
1.3864 1.00594
1.39428 1.0053
1.40216 1.0001
1.41003 0.990631
1.41791 1.00309
1.42579 0.997745
1.43367 1.01467
1.44154 0.989884
1.44942 1.00506
1.4573 1.00518
1.46517 0.989197
1.47305 0.986555
1.48093 0.999704
1.48881 0.999089
1.49668 1.00437
1.50456 0.985246
1.51244 0.987218
1.52032 1.00597
1.52819 1.00207
1.53607 0.997064
1.54395 1.00188
1.55182 1.0027
1.5597 1.00968
1.56758 1.00276
1.57546 1.01699
