0.5 0
1 0
1.5 0
2 0
2.5 0
3 0
3.5 0
4 0
4.5 0
5 0
5.5 0
6 0
6.5 0
7 0
7.5 0
8 0
8.5 0
9 0
9.5 0
10 0
10.5 0
11 0
11.5 0
12 0
12.5 0
13 0
13.5 0
14 0
14.5 0
15 0
15.5 0
16 0
16.5 0
17 0
17.5 0
18 0
18.5 0
19 0
19.5 0
20 0
20.5 0
21 0
21.5 0
22 0
22.5 0
23 0
23.5 0
24 0
24.5 0
25 0
25.5 0
26 0
26.5 0
27 0
27.5 0
28 0
28.5 0
29 0
29.5 0
30 0
30.5 0
31 0
31.5 0
32 0
32.5 0
33 0
33.5 0
34 0.006895351429657212
34.5 0.4353007405372341
35 4.769601831197697
35.5 41.81428649592715
36 63.84201582010586
36.5 41.04427854637675
37 26.17221549000248
37.5 20.0033789480682
38 15.09195690778209
38.5 10.94352398327637
39 8.788567406805146
39.5 7.831811084995461
40 6.870028251531796
40.5 6.215480918873646
41 6.050582687938398
41.5 5.438209230311157
42 4.938963545455399
42.5 4.563067762089957
43 3.94024769873063
43.5 3.285718312640145
44 2.985017579130015
44.5 2.580193323050259
45 2.220078422969692
45.5 2.152302222074729
46 1.973921434974611
46.5 1.950131986435286
47 1.656270280661763
47.5 1.635716412185073
48 1.501486716000322
48.5 1.423246264694301
49 1.334590817817102
49.5 1.34355018563754
50 1.339132410450868
50.5 1.140838969602809
51 1.087933225568138
51.5 1.202153077980392
52 1.155562977460068
52.5 1.0150857921785
53 1.061290074227026
53.5 1.013696761630493
54 0.9649424784627432
54.5 0.9151148732144279
55 1.009224150339792
55.5 1.053228694048302
56 0.8718309963872838
56.5 0.9263844434946092
57 0.9470040423317705
57.5 1.060794420016891
58 0.9738679517993508
58.5 0.9386583621393954
59 0.9090771106910207
59.5 0.9771698026028506
60 0.9543089763629695
60.5 1.027887273073348
61 0.8268788319096808
61.5 0.9715495016160228
62 0.9580161625233835
62.5 0.9672362096056555
63 0.9097694362473501
63.5 0.9172437674363579
64 0.9535651522985915
64.5 0.9656624557064127
65 0.9169038482377031
65.5 0.9642707593130609
66 0.8874994794654757
66.5 1.018402359153443
67 0.9677454461378114
67.5 0.9797036381899353
68 0.984311416583567
68.5 0.9394165949670427
69 0.9877978342960313
69.5 0.9802369637377237
70 1.011832312075364
70.5 0.9430035584886146
71 0.997761865789216
71.5 0.9401983139260196
72 0.9302605869740859
72.5 1.005429803667884
73 1.002174439725671
73.5 1.038752831114693
74 0.9723603975151087
74.5 0.9033422842102735
75 0.9706938636601528
75.5 1.037586330334868
76 1.012938585434533
76.5 0.9793101586021797
77 1.008309949319076
77.5 0.9634905405949458
78 0.9406963920820058
78.5 0.9248705863392221
79 0.9349128692460335
79.5 1.003906000100669
80 1.076088544112304
80.5 0.9828093014766877
81 1.049682469489216
81.5 0.9828402274753255
82 1.043203911713517
82.5 0.9837520003312161
83 1.012432569472822
83.5 1.010633182598505
84 1.100308895991208
84.5 1.054951830648245
85 0.9796915311256968
85.5 0.9442780663895375
86 1.009850135041193
86.5 0.95453099300406
87 0.9751843453540944
87.5 1.02653804214154
88 0.9799092190799222
88.5 1.026878034914346
89 1.004303017318315
89.5 1.01998088811221
90 1.072644273509293
90.5 0.9849123735802865
91 0.9933702563421828
91.5 0.9806392594898921
92 0.9558827559633736
92.5 1.008925806475557
93 0.9382014944192443
93.5 1.065873166448831
94 1.009458847527512
94.5 1.015764158400279
95 0.9900853661228221
95.5 1.040050573251133
96 1.046543160345847
96.5 1.004911253526345
97 1.019993156364249
97.5 0.9785338737022401
98 1.023352287542591
98.5 1.038457799313793
99 1.046700417019077
99.5 1.02090970312901
100 1.037827618099423
100.5 0.9714941033195891
101 1.002531779452332
101.5 1.028269930337226
102 0.9553892480869491
102.5 1.049273461745305
103 0.966981882100478
103.5 1.001563755150627
104 0.9934304168470484
104.5 1.032852008657997
105 0.9876119601964612
105.5 0.9797052100061859
106 0.9896388058467259
106.5 1.046428891114733
107 1.001861016474094
107.5 0.980147392542009
108 1.014829731244457
108.5 1.062374668433034
109 1.002332566409351
109.5 0.9825630659466287
110 0.99012003783336
110.5 1.00011156357253
111 0.9801237539822953
111.5 0.9822527876379162
112 0.9830339295999475
112.5 1.00454612330118
113 0.9919305126097938
113.5 0.9937292135931286
114 1.012018568554029
114.5 0.9825272915723895
115 1.019809181061692
115.5 1.002036020745535
116 0.9608356556073887
116.5 0.9749233604932861
117 0.9968877890711197
117.5 0.9872669908258352
118 0.996092048238272
118.5 1.011545071643249
119 1.017134696603313
119.5 0.963427903022155
120 1.051179087072668
120.5 1.000752800994642
121 0.9865104548775991
121.5 1.038883267128216
122 1.01913887119438
122.5 0.9901203122034143
123 0.9794525615532463
123.5 0.9893066725453827
124 0.9595713835664409
124.5 0.9626787403444432
125 0.9952942220151022
125.5 0.9848489444753291
126 1.017214612492898
126.5 1.003211852889753
127 1.035358670678432
127.5 1.003227664005593
128 0.9827559222669157
128.5 0.9838121093714943
129 0.9647044572384499
129.5 0.9843619128699941
130 1.02161200374633
130.5 0.9992889740009558
131 0.9874950068880383
131.5 1.009501221262553
132 0.9556630992800921
132.5 0.9698034646198624
133 0.973790928376367
133.5 0.9991596262253907
134 1.018352318091807
134.5 0.9817137126893972
135 1.004196229144684
135.5 0.9898525268511551
136 0.9886210112271027
136.5 0.984386287615574
137 0.9975992683442962
137.5 0.9903571923334398
138 0.9873792758916686
138.5 0.993560388909894
139 0.9835374248950897
139.5 0.9953414675567621
140 1.001665186753063
140.5 1.022006684086703
141 1.002743154668378
141.5 1.030702691665432
142 1.022666381456697
142.5 1.037484635806371
143 0.9963295565484684
143.5 1.019978592714329
144 0.9856149359510562
144.5 0.9780423730259805
145 0.9895067072297052
145.5 1.020369676540094
146 0.9868426665806145
146.5 1.025428530729993
147 1.011087183979181
147.5 0.9991146723846502
148 1.030585571019007
148.5 0.9929331073301919
149 0.994179167320448
149.5 0.9843304865675825
150 1.004703575671603
150.5 0.9853698527616455
151 0.9935378540470672
151.5 0.9612914057414232
152 1.008108496811889
152.5 0.9888271212681572
153 0.9963357176877531
153.5 1.022670261195893
154 1.020745772027345
154.5 0.9847637297122712
155 0.9877105163054937
155.5 1.033123986555591
156 0.9960507410589763
156.5 0.998158091517971
157 1.014770594381986
157.5 0.9582101400051561
158 0.9946221269471975
158.5 0.9899432538237324
159 0.9919247098984628
159.5 1.016734512827458
160 1.015994479004181
160.5 0.9607840185783525
161 0.9914196457950066
161.5 1.012184107923532
162 1.00442706209515
162.5 0.9744084352629814
163 0.9984408660066798
163.5 0.9941326123482901
164 1.011492883715407
164.5 1.011244653152254
165 1.013615900341271
165.5 1.006918550735599
166 0.9979692470517815
166.5 0.9974475401729616
167 0.9720484881271251
167.5 0.9759135728391584
168 0.9960958614376255
168.5 0.9871048720843195
169 0.9904825521086301
169.5 1.007675441381378
170 1.002032469757786
170.5 1.003019032595768
171 1.019242404800947
171.5 1.025232422337719
172 0.9982643410692686
172.5 1.007486821637254
173 1.000872620454592
173.5 0.9980249963496085
174 0.9986161506285312
174.5 0.9921163043873651
175 1.010400780829984
175.5 0.9842067138726552
176 1.021081875343784
176.5 1.002255369411911
177 0.9968553371641252
177.5 1.046906776706378
178 1.013863015980162
178.5 1.003938151010046
179 1.026200283771431
179.5 0.9900620592093579
180 1.00892526735358
180.5 0.9984502309590114
181 1.018975548555889
181.5 1.026435454891041
182 1.027300781086429
182.5 0.9955929956438909
183 0.9899220097617624
183.5 1.009627422215508
184 0.9980263553026454
184.5 0.9914535044208824
185 1.011720614803745
185.5 1.004884064606972
186 1.007322429666242
186.5 1.030116309491577
187 0.995210060888707
187.5 1.009634983913264
188 1.002016456560487
188.5 1.011738023896704
189 1.028037231491671
189.5 1.002863990354429
190 1.020335521153783
190.5 0.9794037258138697
191 0.9882665426081672
191.5 0.9959367720768941
192 1.004162486910354
192.5 1.014225367688415
193 0.9969935115373172
193.5 1.001001954746815
194 1.009827111616433
194.5 0.9932637969654214
195 1.016056916417043
195.5 1.014203221245309
196 1.003225529251506
196.5 1.006796937094797
197 1.006005993085237
197.5 1.006231905610376
198 0.9794009146816028
198.5 1.020192638549425
199 0.9854838143768989
199.5 0.9933678862145673
200 1.001360172993394
200.5 0.9930012742070051
201 1.007994186405317
201.5 1.012028651924085
202 1.008978301027142
202.5 0.9993365880822336
203 0.9888103619044203
203.5 0.9962760266319994
204 1.0044228582534
204.5 0.9810288585688318
205 1.006027917768817
205.5 0.9850944764181224
206 1.00642752997171
206.5 1.016326993435888
207 1.003610040683067
207.5 1.011553199469623
208 0.997483730862374
208.5 0.9936221673203749
209 1.011319051587035
209.5 0.9952375268928038
210 1.006771343026041
210.5 1.000375240292579
211 1.01050003751369
211.5 0.9961054217595157
212 1.007374268317097
212.5 0.9846341190304749
213 1.01164163113476
213.5 1.010755979367232
214 1.002731291853241
214.5 1.012961035844009
215 0.9977362444138044
215.5 0.9797237924067759
216 1.005945699927166
216.5 1.009637533128522
217 0.9904324705228936
217.5 1.008631272793021
218 0.958052814479621
218.5 1.015448196698364
219 1.014306899775419
219.5 1.001584527555323
220 1.008236006589459
220.5 1.015800590528194
221 0.9808535406447302
221.5 1.022408638171685
222 1.019425746097427
222.5 0.9935958188170452
223 0.9883437807727466
223.5 1.000203044944355
224 0.9774737829393143
224.5 1.003332137182368
225 1.0269043599013
225.5 1.020004185352345
226 1.006756409195371
226.5 0.9915956813712382
227 0.9912541719652502
227.5 0.9944483325893759
228 0.9934648947972053
228.5 1.000724486808017
229 0.9873912880653222
229.5 0.9985301230810048
230 1.007151974913764
230.5 0.9951358620381275
231 0.9988990564587649
231.5 0.9910191850805244
232 1.01266865182542
232.5 0.9882634837874698
233 1.002232960651682
233.5 1.014904268369895
234 0.9865520657907386
234.5 0.9788706231445262
235 1.008484570891829
235.5 0.9931399769392425
236 0.9905104979679714
236.5 1.000577937059434
237 0.9966443656215683
237.5 0.98976740828892
238 0.9964486423143412
238.5 1.015536960180004
239 0.9851971314218445
239.5 0.9891477960190695
240 0.9847538683003033
240.5 1.013462546621707
241 0.9878522574820945
241.5 0.9996199737172152
242 1.001074006018866
242.5 0.9936969872832304
243 0.9983862582744656
243.5 1.012035900648115
244 0.9816508412502881
244.5 0.9917739264633662
245 0.9889251562471603
245.5 0.9942911364674336
246 1.003425176696158
246.5 0.9859778615039924
247 1.001588081317077
247.5 0.9937716966308859
248 1.023724251592561
248.5 1.007346110885739
249 0.9876199363416149
249.5 0.9972386047590321
250 1.009578301059911
250.5 0.9974222913227071
251 0.9954768107826168
251.5 0.9896322923267612
252 0.9995162832281524
252.5 1.001437824276
253 0.9959891260442207
253.5 1.017368008815627
254 1.012378156030916
254.5 0.9924055519569811
255 1.004943840361419
255.5 0.9983281412363193
256 0.9937024610050373
256.5 1.007884171708309
257 1.006983346491137
257.5 1.008726647733347
258 0.992246913192378
258.5 0.9870999890150051
259 1.009790866196187
259.5 0.9996297415574512
260 0.9986186587866651
260.5 0.9933793202787548
261 0.9989379357196908
261.5 1.000133883398491
262 1.033130653372869
262.5 0.9966927846621035
263 0.9857618089817214
263.5 0.9971783145557135
264 0.9979794404401727
264.5 0.9903360863965901
265 0.9869430155512294
265.5 1.013195374169424
266 1.010291189921247
266.5 1.007962811307057
267 0.977915184754618
267.5 0.9984356125817708
268 1.00214924066794
268.5 0.9966512439505106
269 1.006829368714216
269.5 0.993329344357764
270 0.9968703202430402
270.5 0.9855627732313305
271 1.011017136800275
271.5 0.9990783288876008
272 1.018357214267499
272.5 0.9887534424842339
273 0.9944397764286839
273.5 1.008709423953213
274 0.9915474209309688
274.5 0.9961898496889225
275 0.9978407343359594
275.5 1.012390513547336
276 0.9989942716127341
276.5 0.9954888006647851
277 1.007896580217879
277.5 0.9918464222477471
278 0.9857033525296112
278.5 1.007551242792871
279 1.003738381171953
279.5 0.9962730576413158
280 0.9968866378515822
280.5 0.9934371514302093
281 1.001917852584011
281.5 0.9959476280370848
282 1.003444794220825
282.5 0.9873110753578666
283 0.9993516538250872
283.5 0.9929535983112278
284 0.9891638782373477
284.5 0.9941593956139537
285 1.006375798353607
285.5 1.004907551781255
286 1.002371461136301
286.5 0.9872226076256786
287 0.997624223177611
287.5 0.9832599914992922
288 0.9911888113688763
288.5 1.007101358826923
289 0.9949347910612655
289.5 1.000821609015496
290 1.005714144675709
290.5 1.004805380669563
291 1.011427322363774
291.5 0.9876043577550833
292 0.9990893878123368
292.5 0.9914840982518556
293 0.9958095791451628
293.5 1.003245987092247
294 0.9913523556891823
294.5 0.9912976056387106
295 0.9880317171812635
295.5 0.9985662681692664
296 1.007113547950248
296.5 1.00888794353019
297 0.9994394036286788
297.5 0.9966231369219486
298 0.9799971243052231
298.5 1.00257054354774
299 0.9937814858045539
299.5 0.9930431450719563
300 0.999300991211451
300.5 1.009130895215467
301 0.9902967020254537
301.5 1.002009488097567
302 0.9993935046646915
302.5 0.9948729276076874
303 1.001576739219026
303.5 0.9859047205645918
304 0.9978445584887699
304.5 0.9997283688564166
305 1.004764889427245
305.5 0.9973791410484885
306 1.015148960477312
306.5 0.9840935519281898
307 1.003133639434708
307.5 0.9981880823110912
308 1.014359809014991
308.5 1.006970504911007
309 1.001126368829226
309.5 0.9841641241200494
310 1.000069339527657
310.5 1.002555893590598
311 0.9980986439992632
311.5 1.011490986236997
312 0.9962963964538445
312.5 1.016699934755109
313 1.001575326588378
313.5 0.9997618147410384
314 1.018732015599697
314.5 0.9950259062320245
315 0.9856036391451425
315.5 0.9962556615001306
316 0.9985335622778888
316.5 1.001826558965065
317 0.9843906874961954
317.5 1.00280047057137
318 0.9905846971784791
318.5 1.004842496290447
319 1.001616657590501
319.5 1.009806612931552
320 1.001126646833648
320.5 0.9960654591421697
321 0.9971421899738295
321.5 1.004762387101833
322 1.007794675614667
322.5 1.013792298736859
323 0.9688637283045217
323.5 0.9942051477754258
324 0.9985803064418897
324.5 1.003832176436799
325 1.001349560680336
325.5 0.9895484748884423
326 1.004441111595662
326.5 0.9950113280391596
327 1.012545236467219
327.5 1.004773847083821
328 1.013271072201283
328.5 0.9954895835034365
329 1.009035409080409
329.5 0.9950361061397822
330 1.008858171173002
330.5 0.9868345812175855
331 1.000006898833873
331.5 0.9896665341879606
332 1.003176043123356
332.5 0.9949700924826552
333 0.9897560666360268
333.5 1.008577442499304
334 1.008703947874936
334.5 0.9885218799872155
335 1.00198055109476
335.5 0.9957387278278613
336 1.004427255798955
336.5 1.005245898481429
337 0.9932111095609504
337.5 0.9955188540635729
338 0.9896452887509728
338.5 1.026237303592751
339 0.9952598367553268
339.5 0.9946126228782038
340 0.9969988632141363
340.5 1.007754449484439
341 1.016866069541116
341.5 1.00138271751805
342 1.005612525089782
342.5 0.9993489954560792
343 1.002738557401417
343.5 1.005901496941204
344 1.000285119087627
344.5 1.005174651196512
345 1.003602599644768
345.5 0.9873447879365397
346 1.000339958070103
346.5 0.9918118408479129
347 0.9896838481975755
347.5 0.9940989005986612
348 1.001117298382544
348.5 1.004087866958484
349 0.9987260502147479
349.5 1.004810569268783
350 0.9980375564380665
350.5 1.002848441590309
351 1.006786791649513
351.5 1.007924527037573
352 1.004291151461178
352.5 1.000096971213436
353 0.9997606055998692
353.5 0.988833419445499
354 1.001053426256317
354.5 0.9967092970267207
355 0.9892864242668228
355.5 1.002525808315841
356 0.9984538076107369
356.5 1.003055834318544
357 0.9987470927908935
357.5 1.00025874353204
358 1.011771285842039
358.5 0.9942521381066156
359 1.006575463120459
359.5 1.006676252145164
360 1.016920895539143
360.5 0.9993204132415574
361 0.9939852182868718
361.5 1.009048185948337
362 1.005836895351014
362.5 1.003731340047812
363 1.006412462460058
363.5 0.992786992126572
364 1.008290061548873
364.5 0.9992261962358767
365 0.9978665854175968
365.5 1.000627742350256
366 0.9931352694712559
366.5 1.001405709136335
367 1.00507048719144
367.5 1.004698263867353
368 0.9977909162001913
368.5 0.982288409776034
369 1.009542730499416
369.5 1.00079895864473
370 0.9897114992192706
370.5 0.9879130375074601
371 0.9995561869015865
371.5 0.9944416529598537
372 1.002714367316442
372.5 0.9890520894911465
373 1.005595187107684
373.5 1.00404741365934
374 1.006322404101791
374.5 0.991986055029078
375 1.002662992950916
375.5 0.9939456389239413
376 1.013292806510526
376.5 0.9996379859505496
377 0.9921089602401711
377.5 0.9987677366285393
378 1.000367030340169
378.5 0.9969468467484435
379 0.9962603596078495
379.5 1.001108683386839
380 0.9991935332398082
380.5 1.004277101850591
381 1.005761305337903
381.5 0.9980880632868353
382 0.9988636965583099
382.5 0.9951098774335919
383 1.005826585068928
383.5 1.012690194998687
384 1.018433530005979
384.5 1.000959497708328
385 0.9961564533966167
385.5 1.010469759483676
386 0.9915366893556898
386.5 0.995909714709005
387 1.00238573031165
387.5 0.9935896665738623
388 1.004638192943068
388.5 0.9861047071789543
389 0.9957922580523084
389.5 1.000382899976095
390 1.002116791609589
390.5 0.9888886315569089
391 1.001846334373258
391.5 1.001421206524195
392 1.011058365596748
392.5 0.9921856427211705
393 1.002152087579802
393.5 0.9963638032946029
394 0.9922447841148996
394.5 0.9936749464086653
395 0.9952479566001081
395.5 1.009040011311775
396 0.9883979025318543
396.5 1.00532565711777
397 1.008155862425354
397.5 1.004763608241459
398 1.00314643788825
398.5 0.9884836014231589
399 1.005134088495839
399.5 1.004417655785142
400 0.9996165110006198
400.5 0.9886243710398844
401 1.00633580609407
401.5 1.012434767651813
402 1.007106346546475
402.5 1.006524649827715
403 0.9997586634187005
403.5 1.001884570939349
404 0.9999434033654758
404.5 0.999665131333501
405 0.9921443193098075
405.5 0.9981825215798846
406 1.007379570578682
406.5 0.9932292167575673
407 1.007151141683141
407.5 0.999400905300917
408 0.9944150218034119
408.5 1.004210615666596
409 0.9990884047801
409.5 0.9984088843052545
410 0.9967813376422655
410.5 0.9914691258024428
411 1.006848095580259
411.5 1.004308660051511
412 0.9924806759029526
412.5 0.9854384323317839
413 0.9861381375521474
413.5 1.009441807259882
414 0.9852399773804811
414.5 0.9964116275303052
415 1.014607853164946
415.5 0.992590791430127
416 1.001813407196926
416.5 1.013194495786366
417 1.000131410158513
417.5 1.000572580780782
418 0.9921127487758592
418.5 0.9996650816133644
419 0.9989151838124349
419.5 1.001970799198302
420 0.9948871032048631
420.5 1.001628672668317
421 1.006986243723752
421.5 0.9958048357392497
422 0.9947893042940188
422.5 1.008958163534269
423 0.9945462227540782
423.5 0.9893992767709653
424 1.006664849818282
424.5 0.9877069826272447
425 0.9995942734922593
425.5 1.012303526937727
426 0.9948190041494961
426.5 0.9935395424031224
427 1.004416895586598
427.5 1.00542715872571
428 0.9966828779681686
428.5 1.000088674819219
429 1.007547142844158
429.5 0.9951778437203783
430 1.002305897105986
430.5 0.9998069730650346
431 0.9969307493424414
431.5 1.004510982562224
432 0.9973606504330522
432.5 1.013038629316318
433 0.9967555989640471
433.5 0.9960270189693849
434 0.9912365303818893
434.5 1.006858474141271
435 0.9954883995424604
435.5 0.9961458146401786
436 0.9979297501663383
436.5 1.004806842605165
437 1.000755753207826
437.5 1.005049456756346
438 1.010027299141433
438.5 1.002045932892252
439 1.00431431690198
439.5 1.01750538380657
440 1.011159265184194
440.5 1.00233348784844
441 1.001865301600677
441.5 1.002664358171284
442 0.9959906730731491
442.5 1.005302401276899
443 1.001165998819874
443.5 0.9962757017420716
444 1.001230379377459
444.5 0.9940169416724323
445 1.00740246951605
445.5 1.000965571896225
446 0.9960376668377956
446.5 1.006082814556321
447 0.9956552168044518
447.5 1.016915969931346
448 0.9941145075879236
448.5 0.9947523431685197
449 0.9983898091106544
449.5 1.005006892033631
450 0.9933276419085142
450.5 1.007855396433941
451 1.015693425386587
451.5 1.000267706487923
452 0.9947396298575875
452.5 1.003715246166819
453 1.009152922360732
453.5 0.9985571993603288
454 0.992143640050269
454.5 0.9963288413713691
455 0.9932547481728408
455.5 0.9910753637538144
456 1.002396725345428
456.5 0.9860878069802823
457 1.004617465360817
457.5 1.009353900330878
458 1.005517274996016
458.5 1.001846643960902
459 1.00749691753274
459.5 0.9999824447545498
460 0.9986761672254184
460.5 0.9899682680602874
461 1.009988636098398
461.5 1.011656185603702
462 0.9994592286528309
462.5 0.9940574261696017
463 1.01373840773114
463.5 1.000569816478309
464 1.001709675482179
464.5 0.9957121367922592
465 1.000502497388538
465.5 0.9945654536547452
466 1.001095060645082
466.5 1.011476951312935
467 0.9881500936202996
467.5 1.005804967812689
468 1.00831531410647
468.5 1.003585823612975
469 1.008912224898814
469.5 0.9975433508174744
470 1.001881140361086
470.5 0.9972323384378708
471 0.9968049652767174
471.5 0.9914291583705263
472 1.003784569444135
472.5 0.9917714162405254
473 1.005565862967008
473.5 1.002341159118218
474 0.9934868350598313
474.5 0.998581020821418
475 0.9988821995274459
475.5 0.9961480263548212
476 0.9941267382614973
476.5 0.9984309189903448
477 1.011823460877566
477.5 1.00103556687304
478 1.00096586737803
478.5 0.9994320970467608
479 0.9988405550486187
479.5 1.002409544483783
480 1.000806629503625
480.5 0.9972057908050475
481 1.003092264240244
481.5 0.9993941618191284
482 0.9944740790191203
482.5 1.004226475840807
483 1.000200830278372
483.5 0.9982696218213315
484 0.9938943114141762
484.5 0.9921156428207806
485 1.003659711136091
485.5 0.9971296542540371
486 0.9996686635548343
486.5 0.9982211092278611
487 1.000272730974003
487.5 0.9931909192140784
488 1.006285832356406
488.5 0.9834502877608311
489 0.9989075517747119
489.5 1.003022251947349
490 0.9970256577284381
490.5 1.004138212859161
491 1.005334407270178
491.5 0.995898801946418
492 1.000692035134535
492.5 1.000567234674273
493 1.008508688767605
493.5 1.000051149854909
494 0.9952187336828203
494.5 1.000574165470846
495 0.9994321744105694
495.5 0.9924488978741638
496 1.001756754359374
496.5 0.9988670825553428
497 1.003667309737579
497.5 0.9927944296011982
498 0.9933731245935398
498.5 0.9951984761335787
499 0.9968544604582775
499.5 1.003773238035113
500 1.002786986692625
500.5 0.9938793832593933
501 0.9990418957819996
501.5 1.006210248497591
502 1.002340641106074
502.5 0.9910029044845445
503 1.00415605670861
503.5 0.9965345108670621
504 1.006106086677792
504.5 0.9956883102683343
505 1.006094947740954
505.5 0.9942795061564783
506 1.004706210168139
506.5 0.9971618535636104
507 1.001956161083934
507.5 1.001901654019775
508 1.002988268325479
508.5 0.9914603997096144
509 0.999235724096566
509.5 1.002157761352128
510 1.002921203942053
510.5 1.000896407922645
511 1.001686020869881
511.5 1.002744833844374
512 0.9882900057400773
512.5 0.9954062052131886
513 1.001220674960628
513.5 1.004652707877346
514 0.9999837019445783
514.5 0.9908140988809676
515 1.007734871444013
515.5 1.004071204051081
516 1.003952456972797
516.5 1.002129155070514
517 1.001205677679781
517.5 1.004659227083337
518 0.9906003243168404
518.5 0.9945020269973113
519 1.00696864552152
519.5 0.9995671838512663
520 1.002922541304756
520.5 0.9952004805732586
521 0.9996635574355377
521.5 0.9993302787850323
522 0.9982943655373717
522.5 0.9937861150160346
523 1.001998934929304
523.5 1.004623194181753
524 1.00607440494802
524.5 1.00157838633923
525 1.006091727182275
525.5 0.9934692493121728
526 1.00422899741863
526.5 1.001143569409833
527 0.990950255199894
527.5 1.002794169049022
528 0.9951488203220323
528.5 1.012073315886346
529 1.000647339942252
529.5 1.003989621178686
530 0.9987761161114611
530.5 0.9922776024841751
531 0.9959789683974049
531.5 1.00423577755855
532 1.003475554663638
532.5 0.9940582524539746
533 0.9987316631910339
533.5 1.007082559590851
534 0.9953300361181593
534.5 1.002592343854708
535 1.013473971133432
535.5 1.005605960879653
536 1.00004062100319
536.5 0.9970974420964919
537 0.9996641956254221
537.5 1.001667870126323
538 0.993059820454995
538.5 0.9964117825609422
539 0.9931098483143749
539.5 0.9985272403191494
540 0.9953668687893448
540.5 1.00269389021155
541 1.002475409524485
541.5 0.9970094658349723
542 1.004749156161497
542.5 0.9995395063995186
543 1.002322440790039
543.5 0.9989139857997175
544 0.9976711599785278
544.5 0.9926134683476676
545 0.992966727970881
545.5 1.00105847976753
546 1.004814121267744
546.5 0.9947293957096204
547 1.002129262646525
547.5 1.005511697229766
548 0.9992714893400841
548.5 1.005292960599693
549 0.9984642557384408
549.5 1.003511644615361
550 1.001266299337113
550.5 1.001710322981774
551 0.9993943178988423
551.5 0.9962202184704104
552 0.9959597231811044
552.5 0.9958291015248566
553 1.005732493026046
553.5 1.004644784711162
554 0.9939759306869369
554.5 0.9954765935136906
555 1.000619015055668
555.5 1.005689654784245
556 1.00339176154487
556.5 1.000276866011494
557 0.9986873816452899
557.5 0.9928959966945674
558 1.003687180479177
558.5 0.9968566304293454
559 1.012904818025947
559.5 1.000375218168226
560 0.9986913025962905
560.5 0.9955401966880018
561 0.9937917333219087
561.5 1.000568014774735
562 0.9931352981079596
562.5 0.9986259141732609
563 1.007188628686832
563.5 0.9940805685289478
564 1.0026429204466
564.5 0.9997669218776535
565 0.9961254610331657
565.5 0.9985273524834183
566 0.9998492893463625
566.5 0.9882989870421445
567 0.9964495645857455
567.5 0.9957587477279888
568 1.001121998855463
568.5 1.004738410286231
569 1.001816244847137
569.5 0.9991239801108651
570 1.002916534882913
570.5 0.9994204979395749
571 0.9945905269940889
571.5 0.9925581104096602
572 0.995769218622984
572.5 0.9947845627345796
573 0.9938503808865926
573.5 1.001981924389257
574 0.9989306473713153
574.5 1.001249980521943
575 1.006910885272851
575.5 1.001359417136347
576 0.9922219003471791
576.5 0.9877913787044691
577 1.005593005232256
577.5 1.004999705100275
578 0.9941712919410265
578.5 0.9902384163595576
579 0.9976592676204787
579.5 1.007474115379169
580 1.000074714687187
580.5 0.992841227056762
581 0.9938959031862641
581.5 1.003879651231958
582 1.007285600429479
582.5 0.9942808749281408
583 0.9967271278720745
583.5 1.004805753593526
584 1.001683636012186
584.5 1.001183869666738
585 1.006577165712558
585.5 1.007114169084765
586 1.005001667568041
586.5 0.9970785341408628
587 0.9939463909196982
587.5 0.9992065705745361
588 0.9940958656967874
588.5 1.001866770360898
589 1.010482973261285
589.5 0.9993193028138662
590 0.9937563841251615
590.5 0.9985664031894524
591 1.00990842547981
591.5 0.9981090530331412
592 1.004611685026253
592.5 1.00373426345817
593 0.9968741345504334
593.5 0.9989516672076415
594 0.9965251250783149
594.5 0.9934287299352934
595 0.9942365009985408
595.5 0.9964787285384167
596 1.000395031110349
596.5 1.002571827941155
597 1.004628107793444
597.5 0.9991964198388755
598 0.9944947687658349
598.5 0.9963720229672324
599 0.9986859405719177
599.5 0.9901010196078254
600 1.000341652972218
600.5 1.00577216598466
601 0.995492798354831
601.5 1.002452763970823
602 1.005847070014348
602.5 1.001675052615965
603 1.002272551759446
603.5 1.000503044972916
604 0.9942807350955717
604.5 0.9985480245528359
605 0.9961795639717638
605.5 1.002057522493557
606 0.9929162607397355
606.5 0.9979974134764279
607 1.000377867629845
607.5 1.003980245097464
608 1.002674647111414
608.5 0.9985303562567339
609 1.000845960119219
609.5 1.004676064121227
610 1.003543850737638
610.5 1.001793784121074
611 0.9960553375987322
611.5 0.9964948576492308
612 1.003997219276261
612.5 1.000064009759449
613 0.9980938481920414
613.5 1.003244588824616
614 0.9998563922777993
614.5 0.9959923801866521
615 1.004594829566867
615.5 0.9987762524933512
616 1.007553716857087
616.5 1.004913391923757
617 1.00223842194274
617.5 1.006030293000455
618 0.9959504319656999
618.5 0.9955076864012229
619 0.9974366512019085
619.5 0.9947679756117924
620 1.005958443210701
620.5 1.002329711290985
621 1.000819651320649
621.5 1.004657954759118
622 0.9981192471419433
622.5 0.9976066997697609
623 1.007938075885763
623.5 1.000888549194259
624 0.997627029842714
624.5 1.000036137201355
625 1.003150465489747
625.5 0.9992859216521511
626 1.000131137957432
626.5 0.9967888886254177
627 1.004567192166479
627.5 1.00740026460165
628 0.995670884939447
628.5 0.9993540811402921
629 0.989344418713651
629.5 0.9993798356351155
630 0.9973121508743303
630.5 1.002688823785619
631 0.9960955046539767
631.5 0.9935793486324167
632 0.9990324698455789
632.5 0.990639326987599
633 0.9955800629461011
633.5 0.9894408889706289
634 0.9997593978670567
634.5 1.001867033322466
635 1.00110040669207
635.5 0.9980454489379892
636 1.001895981020694
636.5 1.007189146016228
637 1.000049300147679
637.5 0.99257756387744
638 0.9966034827968986
638.5 0.9999117047369587
639 1.009650441169577
639.5 1.002965615632814
640 1.007392932120181
640.5 1.001448941418041
641 1.002176409197284
641.5 1.009931562181462
642 1.004761934404584
642.5 1.001615343225086
643 0.995141993534333
643.5 1.005030284142895
644 0.997031745216768
644.5 0.997692176995127
645 1.004978712831602
645.5 1.001700689317334
646 1.002347249235793
646.5 0.9908422805126145
647 1.00206936914276
647.5 1.006568281083073
648 0.9929613464634317
648.5 1.006271526977284
649 0.9995552351828451
649.5 1.000208732031238
650 0.9983875461911731
650.5 1.000338244211169
651 0.9939684530606993
651.5 0.9939269622190469
652 1.002453530244312
652.5 1.00088034754269
653 0.9906744634546347
653.5 1.000693930478252
654 1.00063666681945
654.5 0.9967265962680751
655 0.9992000276658269
655.5 1.005393519461152
656 0.998212038461526
656.5 1.00786284588644
657 0.9984072831805446
657.5 0.9937179692917631
658 0.991122121731204
658.5 1.004139683913473
659 1.008012763098404
659.5 0.9991542062848049
660 1.001501989920526
660.5 0.996916712899995
661 1.001447731028191
661.5 0.9980945763614665
662 1.006063688526701
662.5 1.001222191095375
663 1.006929846643013
663.5 1.001067276326027
664 0.9971376060125717
664.5 0.9984356404583173
665 0.9971510957650899
665.5 1.005228110781722
666 0.9981663694754789
666.5 0.9942289532068701
667 1.006929088830755
667.5 1.003077548484
668 1.000540426868723
668.5 0.9972071248383528
669 0.9985310558403578
669.5 0.9997432209748769
670 1.003347824477377
670.5 1.005646254452933
671 1.002607845002977
671.5 1.002211322423934
672 0.9967313067702692
672.5 0.9990743591346225
673 1.004172369073037
673.5 1.00143428320283
674 1.001668599399272
674.5 1.004879631776053
675 0.9988253538424638
675.5 1.003059558764432
676 1.007838323793402
676.5 0.9933906854425318
677 0.9955934903991089
677.5 1.002078073849457
678 1.003392404589989
678.5 0.9995766281171665
679 0.9969466637641821
679.5 1.009981582702419
680 0.9968092410498208
680.5 1.002230182700538
681 1.004746586395004
681.5 1.003787688223269
682 0.9974836453020204
682.5 1.000369195788246
683 0.9992297207532
683.5 1.003467127965832
684 1.004624358810722
684.5 0.9961650940893472
685 0.9982787740187752
685.5 0.9944312622193947
686 0.995573719398363
686.5 1.007823955429397
687 1.000564611900348
687.5 1.003123482577738
688 1.000840833042676
688.5 1.000295736615805
689 1.005527261574621
689.5 0.997128064179
690 1.002079047052888
690.5 0.9993076058663485
691 0.9937552505120778
691.5 0.9978697059729023
692 0.9897033560798408
692.5 0.984019549708986
693 0.9898533128805113
693.5 0.984713972991459
694 0.9871682638342639
694.5 0.9823099431551748
695 0.9694279534473497
695.5 0.9754005253012579
696 0.9699352260545541
696.5 0.9794370949609541
697 0.9697300659026783
697.5 0.9660628633999895
698 0.9645320680879407
698.5 0.9626125680592342
699 0.9598166163196451
699.5 0.956718149577096
700 0.9651123377943279
700.5 0.957854686268754
701 0.9549639857224484
701.5 0.9534735704581222
702 0.9522128787418357
702.5 0.9522631066566534
703 0.9498606421029375
703.5 0.9392339085393517
704 0.9434167358523036
704.5 0.9336946321498558
705 0.9317773256494646
705.5 0.940482294807489
706 0.9326258717348068
706.5 0.9304598931719724
707 0.9324293457037441
707.5 0.9226719916228163
708 0.9301629672677122
708.5 0.9244360904935212
709 0.9284606522767682
709.5 0.920121900435987
710 0.917640481098979
710.5 0.9060068497549078
711 0.9124435506419117
711.5 0.9132400229922213
712 0.9080583597374434
712.5 0.9011474569534502
713 0.9012795037276344
713.5 0.8963841932023582
714 0.8964582287255477
714.5 0.8918157989473022
715 0.8981934340302202
715.5 0.8967361229573462
716 0.892545471054776
716.5 0.8909741410014874
717 0.8885070257947335
717.5 0.8836924208270954
718 0.8849978461232824
718.5 0.8831180449144687
719 0.8788989255073897
719.5 0.874767664919549
720 0.8770435309159483
720.5 0.8735080965588848
721 0.8807611326427769
721.5 0.873859941273898
722 0.8700658254957079
722.5 0.8637312847438183
723 0.8729520265517809
723.5 0.8623350948691638
724 0.8618439472063787
724.5 0.8629782132653038
725 0.8570720394253065
725.5 0.8544827047796162
726 0.8540471688481523
726.5 0.8507274833328723
727 0.8503570177441915
727.5 0.8453329771932457
728 0.8484436001207488
728.5 0.847519666987973
729 0.8428927431682312
729.5 0.8347727726504252
730 0.8326872967923642
730.5 0.8305021850297338
731 0.8329316022264995
731.5 0.8289033990014504
732 0.834138418660759
732.5 0.8308608021248397
733 0.8309442039811277
733.5 0.8301673119334386
734 0.8210916332165012
734.5 0.8159848428344436
735 0.8237280440715905
735.5 0.81591879752691
736 0.8129417908859689
736.5 0.8082968868994587
737 0.8086239983787353
737.5 0.814239988231627
738 0.8075756432148129
738.5 0.8033401490033122
739 0.7998743514707806
739.5 0.8042153410593885
740 0.7962001350790633
740.5 0.8042978999530647
741 0.8007304314764663
741.5 0.7865452122265032
742 0.794070947030581
742.5 0.7872763105531311
743 0.7916316945228385
743.5 0.7869335843871946
744 0.7820313813455595
744.5 0.7842601584489211
745 0.7823748428763604
745.5 0.782057189110678
746 0.7844610700020045
746.5 0.7747137956529513
747 0.770462970964178
747.5 0.7733699179391564
748 0.7683900399970284
748.5 0.7693414414446713
749 0.7653024076998997
749.5 0.7585348656092534
750 0.76296537683688
750.5 0.7624161167031593
751 0.7573592153716323
751.5 0.7617998351708239
752 0.7541622846586242
752.5 0.7489655483719445
753 0.7534679239043652
753.5 0.7485653524284931
754 0.7430301631985284
754.5 0.7504189968825519
755 0.7429090157911125
755.5 0.7395100376802011
756 0.7433716691412192
756.5 0.7410940211977295
757 0.7430642447999476
757.5 0.7359435851642937
758 0.7348897645121568
758.5 0.7339766309440903
759 0.7307683824136516
759.5 0.7298203472026987
760 0.7230918673162564
760.5 0.7224997036785282
761 0.7244685770504065
761.5 0.7229126976293728
762 0.7127391517230642
762.5 0.7171104527563567
763 0.7173073357596303
763.5 0.712115524895498
764 0.712207950981701
764.5 0.7124359088367311
765 0.7089442803232748
765.5 0.7112558966643681
766 0.7043774775232835
766.5 0.7033909882908916
767 0.7018644915832483
767.5 0.6993670805079371
768 0.6975512882801035
768.5 0.6915826548922159
769 0.6959404770560014
769.5 0.6923440428888361
770 0.6911628599265827
770.5 0.6955562351221545
771 0.686434490388673
771.5 0.6878484463594201
772 0.6806181960804697
772.5 0.6820348701639644
773 0.6812995733714411
773.5 0.6737310407878569
774 0.6743776993086394
774.5 0.6757264100085325
775 0.6733551384119333
775.5 0.668073513881186
776 0.6674643754738228
776.5 0.6677684312075475
777 0.6661435156384822
777.5 0.6703636292597281
778 0.6665918921668926
778.5 0.6575289691391779
779 0.661637172461868
779.5 0.6597391730669243
780 0.6550155448766
780.5 0.6560346354478901
781 0.6494972232399029
781.5 0.6519553451563416
782 0.6466901143281347
782.5 0.6457337569424964
783 0.6431281341130793
783.5 0.641048027612819
784 0.6407752924747439
784.5 0.6399976134971902
785 0.6369577260491744
785.5 0.6379428014101477
786 0.6342671036323961
786.5 0.6317084267861143
787 0.6362082745526827
787.5 0.63104339414746
788 0.6290233216002664
788.5 0.6282514691175519
789 0.6285182261148361
789.5 0.6227861301907004
790 0.6223939758364544
790.5 0.624795853164139
791 0.6204136092984209
791.5 0.6192991960886943
792 0.6146798012775562
792.5 0.6201994485205683
793 0.6093658669593462
793.5 0.6133708355320496
794 0.6088181133679347
794.5 0.606195782379065
795 0.6081324550107308
795.5 0.6052898837331204
796 0.5994850414433002
796.5 0.5974133637277753
797 0.595911101208335
797.5 0.597946423506909
798 0.5951945941217576
798.5 0.5894363089022749
799 0.5888861110517931
799.5 0.5914544059370079
800 0.5910391419079792
800.5 0.5902885958531603
801 0.5842221404462472
801.5 0.5872903520586579
802 0.5824067477365267
802.5 0.5824610000680024
803 0.5822921525698537
803.5 0.5806293523879245
804 0.5776014837224928
804.5 0.5747777440720527
805 0.5754293107932531
805.5 0.571717562060559
806 0.5701127459141691
806.5 0.5680090228023951
807 0.5637314255317207
807.5 0.565955164789079
808 0.5657799427589273
808.5 0.5605197294681863
809 0.5604969421186532
809.5 0.5575422315405411
810 0.5560644285708499
810.5 0.5547718585190297
811 0.5563300550376937
811.5 0.5554752493319945
812 0.5563025431997483
812.5 0.5600252495158902
813 0.5486397521511506
813.5 0.5444845970900071
814 0.5470399410625593
814.5 0.5419349009169624
815 0.5405741256026069
815.5 0.5417213071577951
816 0.5352516547271411
816.5 0.5320854592296764
817 0.5340974145660529
817.5 0.5301165937424367
818 0.5353297411886313
818.5 0.5284651058194955
819 0.5349501801547959
819.5 0.5283274658325809
820 0.529414130604704
820.5 0.5231568643023303
821 0.5232175572758025
821.5 0.518647670367687
822 0.5153036001199944
822.5 0.5194256835370107
823 0.5190418731142712
823.5 0.5150736304699336
824 0.5101519726917767
824.5 0.5086891802704965
825 0.5114339268388596
825.5 0.5051063605059783
826 0.506784903453903
826.5 0.5086107113184388
827 0.5026696664101823
827.5 0.5031449770918471
828 0.5079671301835404
828.5 0.5035568805701309
829 0.5010126724263056
829.5 0.4995400150522064
830 0.4967052039123348
830.5 0.4965117897816593
831 0.4916205507233293
831.5 0.4898420013010366
832 0.4900825127620825
832.5 0.4907476401457492
833 0.4889065503477067
833.5 0.4802541531649277
834 0.479816000686667
834.5 0.4854107037308634
835 0.4816970420317351
835.5 0.4815660111780197
836 0.4771352007752572
836.5 0.4795267762872469
837 0.4724231032741691
837.5 0.476734490603816
838 0.468765047737443
838.5 0.4697480298410292
839 0.4689731550200902
839.5 0.465021607531202
840 0.4655187780904074
840.5 0.4647619828400819
841 0.4600509029095972
841.5 0.4661232239170297
842 0.4588238758890023
842.5 0.4590430700362995
843 0.4545504727228328
843.5 0.4578320548708346
844 0.454357985506798
844.5 0.4504335741341789
845 0.4506597931369207
845.5 0.445376908062612
846 0.4497175417111945
846.5 0.4508550290240267
847 0.4486784834534759
847.5 0.443932081565395
848 0.4405045491078504
848.5 0.4425098709911158
849 0.440296850657259
849.5 0.4346977475229427
850 0.4392394023503081
850.5 0.4354062078447333
851 0.431702789257073
851.5 0.4316466899580294
852 0.4292515087995932
852.5 0.4259513083640155
853 0.431411670046255
853.5 0.426299663130527
854 0.4231010539929095
854.5 0.4239815544412156
855 0.4201819317358063
855.5 0.4209107317590117
856 0.4199078704384557
856.5 0.4163318817746917
857 0.416920675903767
857.5 0.4145158590044906
858 0.4181474397364453
858.5 0.4134750404975588
859 0.4111357903928822
859.5 0.4127940116284739
860 0.4067529770180326
860.5 0.4105648753611081
861 0.4101741869731553
861.5 0.4030179381573155
862 0.4032692800034548
862.5 0.4012481681451767
863 0.4038871350680898
863.5 0.397785754119892
864 0.3992368352430452
864.5 0.3965247202032433
865 0.3985699558176439
865.5 0.3933317973424453
866 0.3972248560469538
866.5 0.3871374927026538
867 0.3888119269816399
867.5 0.3861183679164619
868 0.388466709244783
868.5 0.3787201033070137
869 0.3836148941765863
869.5 0.3817610334816965
870 0.3814592587193953
870.5 0.3805688581675579
871 0.3759922999841658
871.5 0.3776599781015043
872 0.3761996821738244
872.5 0.3771193753964679
873 0.3767921070831635
873.5 0.3697375219207844
874 0.3722990048689189
874.5 0.3719046678598776
875 0.3634527692815533
875.5 0.364888816610519
876 0.3659058542058096
876.5 0.3632681468345364
877 0.3621078613194532
877.5 0.3610535026710541
878 0.3605906965377929
878.5 0.357670563869168
879 0.3592032937236599
879.5 0.3579912122769029
880 0.354228948166139
880.5 0.3481616641138858
881 0.3484341247512485
881.5 0.3522653260066097
882 0.3466198190000379
882.5 0.3462476297901959
883 0.3485443529827235
883.5 0.3455357467704745
884 0.3413504964400571
884.5 0.3431858162342361
885 0.3396330404475875
885.5 0.3377145792194484
886 0.3390597373787416
886.5 0.3367502480369708
887 0.3349523162961136
887.5 0.3369633150700072
888 0.3345925769060847
888.5 0.3303084993095267
889 0.3301185977300253
889.5 0.3288509456748096
890 0.3288136381851295
890.5 0.327258376390661
891 0.3264795222864187
891.5 0.3247795115401392
892 0.3226122564489211
892.5 0.3216504758327027
893 0.322629803733998
893.5 0.3203418161710783
894 0.3166624808554185
894.5 0.3162886448755762
895 0.3130993040347568
895.5 0.3093304315279704
896 0.3132050471601319
896.5 0.311199514200151
897 0.3090199362671357
897.5 0.3123173278431438
898 0.3087867732645017
898.5 0.3041580321545277
899 0.305289335976536
899.5 0.3056692066799117
900 0.3020526911109563
900.5 0.2989748288712155
901 0.2997133599698921
901.5 0.2985178828121642
902 0.2971093334581529
902.5 0.2948425244629561
903 0.2960704040733329
903.5 0.2930184568350329
904 0.2942647855857149
904.5 0.2900617880667879
905 0.2897900280210139
905.5 0.287681310537594
906 0.2887428117154928
906.5 0.2845540132839433
907 0.2838818586677041
907.5 0.2825528546405862
908 0.2841077081126214
908.5 0.2811875494640626
909 0.2792286823537402
909.5 0.2790759336246694
910 0.2756024920502847
910.5 0.2760306300941933
911 0.2723757243157579
911.5 0.271290274718077
912 0.2687311806896168
912.5 0.2683027393164551
913 0.2685157643522724
913.5 0.2696069520735743
914 0.2669457376757046
914.5 0.2639279955770784
915 0.2647154754452132
915.5 0.265282339432285
916 0.2602713123376466
916.5 0.259332621325694
917 0.260196886402267
917.5 0.2535975767575684
918 0.2585331147144315
918.5 0.25576680240961
919 0.2540445434296494
919.5 0.2514208085955525
920 0.2516655653951648
920.5 0.2504044684331995
921 0.2487230903198892
921.5 0.2534001643280745
922 0.247218048042319
922.5 0.2459760083098421
923 0.2439225034098675
923.5 0.2424247329383381
924 0.2413128450004645
924.5 0.2431595959942951
925 0.2408752137786889
925.5 0.237711558193525
926 0.2373433685415349
926.5 0.2347379362549343
927 0.2364790939045688
927.5 0.2334259046157569
928 0.2321655435958705
928.5 0.2304177272079493
929 0.2318784218824805
929.5 0.2293409646792957
930 0.226910206228843
930.5 0.2285721015194743
931 0.2257240916147846
931.5 0.2252889176096893
932 0.2218262649962745
932.5 0.2202775965925036
933 0.2205177253441798
933.5 0.2218274294164893
934 0.219680283241042
934.5 0.216095446539438
935 0.2151987893458109
935.5 0.2128284167916228
936 0.212137080990638
936.5 0.2116379612266179
937 0.2108855754557824
937.5 0.2120210793076513
938 0.2064408863615645
938.5 0.2043747882798011
939 0.2051425878774571
939.5 0.2037503040530606
940 0.2014226733475809
940.5 0.204254448617041
941 0.2034433187280726
941.5 0.1996843027880844
942 0.2024456915727181
942.5 0.1969905528922779
943 0.198861305906207
943.5 0.1977820272747582
944 0.19216096868088
944.5 0.1942896895636409
945 0.192718488084538
945.5 0.1890729715985053
946 0.1909752131862566
946.5 0.1909247558205379
947 0.1862879824243495
947.5 0.1870858533931666
948 0.1850348387049441
948.5 0.1813223412281497
949 0.1834767829684109
949.5 0.1831598181583293
950 0.1825342931459444
950.5 0.1798895448487271
951 0.1783255150873894
951.5 0.176394890466687
952 0.1754884529029979
952.5 0.1769384313448353
953 0.1735317873617888
953.5 0.1718506081602639
954 0.1725638602734461
954.5 0.1705370620073604
955 0.1698516205089287
955.5 0.1688794043525712
956 0.1668974177309527
956.5 0.1650763075210209
957 0.1636940824966515
957.5 0.1624624576432025
958 0.1640125999229428
958.5 0.1620802603032471
959 0.1605418827598492
959.5 0.1567901407850132
960 0.1590572621385133
960.5 0.1582264180202835
961 0.1560334985301001
961.5 0.1570697384889106
962 0.152591297898679
962.5 0.1546613020928887
963 0.1503234183299052
963.5 0.1500042992521103
964 0.150046015734703
964.5 0.1464887538899799
965 0.1485539591563008
965.5 0.1468353298171539
966 0.1457095767677422
966.5 0.1469753623535085
967 0.1432687564807794
967.5 0.1412898718261093
968 0.1405484766098208
968.5 0.137046697749401
969 0.1391549407632392
969.5 0.1379089873117106
970 0.1384191709454773
970.5 0.134197426119793
971 0.1343889725973528
971.5 0.132662910846046
972 0.1305944166765013
972.5 0.130544445915973
973 0.1284738183679819
973.5 0.1273830389206053
974 0.1254626068384502
974.5 0.1272308578217929
975 0.1267733816324265
975.5 0.1245493465887115
976 0.1226812515648056
976.5 0.1212014440086125
977 0.1214114507655282
977.5 0.1193852543634926
978 0.1188215300107108
978.5 0.1173764282994844
979 0.1176141810142235
979.5 0.115857426496548
980 0.1144112837289102
980.5 0.1132250579379482
981 0.1130516898782061
981.5 0.1119518895790265
982 0.1113998208148078
982.5 0.1096845086358843
983 0.1086078095091987
983.5 0.1085386113104118
984 0.108527124117103
984.5 0.1080550605838043
985 0.1061872393681231
985.5 0.1040933474114259
986 0.1041271856797225
986.5 0.1041035671084325
987 0.1038017418348827
987.5 0.1022580108788448
988 0.1013379540270751
988.5 0.1014638750597786
989 0.1003670909100744
989.5 0.09955740943787425
990 0.09856225605170311
990.5 0.09808903915684693
991 0.0968618956069079
991.5 0.09645611327338935
992 0.09521678833927197
992.5 0.09495903718721002
993 0.09499277368090894
993.5 0.09386349787452672
994 0.09326083612441652
994.5 0.09282052733185725
995 0.09212341343219344
995.5 0.09103353350032409
996 0.08968866936869553
996.5 0.08865951549025894
997 0.08878712634363907
997.5 0.08666333704088057
998 0.08532805280512328
998.5 0.08637790700471848
999 0.08542886910805224
999.5 0.08464924559800838
1000 0.08540954629750624
1000.5 0.08270435363065423
1001 0.08399798623163808
1001.5 0.08168098109957725
1002 0.08154390883035791
1002.5 0.08274746241055658
1003 0.08222127180184187
1003.5 0.08111034002937924
1004 0.07934524592806923
1004.5 0.0788791871452006
1005 0.07809044802881668
1005.5 0.07720074554275616
1006 0.07661206949145555
1006.5 0.07737789037810799
1007 0.0755795996244305
1007.5 0.07517478397570718
1008 0.07590041473245303
1008.5 0.07472012366189988
1009 0.0750688793040354
1009.5 0.07309386026539801
1010 0.07471713854343877
1010.5 0.07211399603744294
1011 0.07021783172360647
1011.5 0.0720338047523317
1012 0.07047606851971133
1012.5 0.07049978482117573
1013 0.06963012849643382
1013.5 0.06932088002418638
1014 0.06850829899646194
1014.5 0.06782120261117831
1015 0.06640813252132738
1015.5 0.06652826337688905
1016 0.06629291607826923
1016.5 0.06581885460283834
1017 0.06649400168439892
1017.5 0.06394182690246333
1018 0.06418669651445473
1018.5 0.06360117337692868
1019 0.06342362521288168
1019.5 0.06300865510197022
1020 0.06220373139709655
1020.5 0.06231883406276283
1021 0.06177608238301439
1021.5 0.06034823722295802
1022 0.06110577778619747
1022.5 0.05971944083287087
1023 0.06044559141820067
1023.5 0.05884188212282809
1024 0.05818389409832126
1024.5 0.05800560596093454
1025 0.05761520367674507
1025.5 0.0576348302350588
1026 0.0580784318803547
1026.5 0.05692497339874249
1027 0.05661260632717397
1027.5 0.05562886455067045
1028 0.05527305521248091
1028.5 0.0548726989804126
1029 0.05435264552881555
1029.5 0.05323191571467874
1030 0.05389402517720845
1030.5 0.05235551780587195
1031 0.05283716992101272
1031.5 0.05344522132247277
1032 0.05072901262383793
1032.5 0.05172668854581181
1033 0.0508474698005679
1033.5 0.05014903155330273
1034 0.04958611802823866
1034.5 0.04877847740513969
1035 0.04963172545954446
1035.5 0.04756923236772344
1036 0.04820658178747534
1036.5 0.04765555685495584
1037 0.0477949218150279
1037.5 0.04689726509693352
1038 0.04606789816961403
1038.5 0.04601615784516522
1039 0.04607525357704623
1039.5 0.04511622240538066
1040 0.04542659561902973
1040.5 0.04367482894795379
1041 0.04504514222491231
1041.5 0.04400986172019878
1042 0.04404839128586177
1042.5 0.04230457767930557
1043 0.04273297590534306
1043.5 0.04220889383038076
1044 0.04187594163590071
1044.5 0.04186508456764255
1045 0.04216809932167664
1045.5 0.04226633023866027
1046 0.04122055297398501
1046.5 0.04062073680518839
1047 0.04044379130022372
1047.5 0.04114617045489664
1048 0.03996022098369546
1048.5 0.03857349604212615
1049 0.03821076451485114
1049.5 0.03853620696490005
1050 0.03831153570337516
1050.5 0.03778390547035681
1051 0.03877266456907944
1051.5 0.03735881516218786
1052 0.03653103734477504
1052.5 0.03630205421525669
1053 0.03606630060697046
1053.5 0.03575915814067226
1054 0.03486421706212735
1054.5 0.03577738885293427
1055 0.03554296021389401
1055.5 0.03498699341957051
1056 0.03423191854993687
1056.5 0.03356395225608632
1057 0.03406015966925203
1057.5 0.0326166612520325
1058 0.03284931809816117
1058.5 0.03200014644886912
1059 0.03225423982633571
1059.5 0.03246523412168966
1060 0.03165425341711893
1060.5 0.03231898674487503
1061 0.03173622919402632
1061.5 0.03203174958795451
1062 0.0307930541661285
1062.5 0.03077114012717683
1063 0.03022724295334634
1063.5 0.03007197099835261
1064 0.02986064992512271
1064.5 0.02884076425730899
1065 0.02940401934468801
1065.5 0.02906047828725561
1066 0.02874562688409086
1066.5 0.02822812174265985
1067 0.02855174275591972
1067.5 0.02758769261331738
1068 0.02717052251261973
1068.5 0.02745229743440271
1069 0.02658261968073615
1069.5 0.02703861159504472
1070 0.02657472897763458
1070.5 0.02640384046199059
1071 0.0256912211997407
1071.5 0.02609075607161711
1072 0.02467917357624952
1072.5 0.02503037633978834
1073 0.02480627784357541
1073.5 0.02530885813401509
1074 0.02392394196913598
1074.5 0.02385335389518326
1075 0.02447264566318823
1075.5 0.02398129624277284
1076 0.02309841720484268
1076.5 0.02302881656741414
1077 0.02297307918219282
1077.5 0.02249176695111841
1078 0.02280701075840767
1078.5 0.02223078436710445
1079 0.02172408143998149
1079.5 0.02196388958088344
1080 0.02160869771175066
1080.5 0.02121318846043723
1081 0.02214172064292015
1081.5 0.02045159516450769
1082 0.02100462277148955
1082.5 0.02067911807788921
1083 0.02021148810798075
1083.5 0.01973113273358799
1084 0.01997070887506716
1084.5 0.01961343468626869
1085 0.01967661431782279
1085.5 0.01917819133488688
1086 0.01919432875609364
1086.5 0.01902136262854446
1087 0.01903759838407533
1087.5 0.01873701930079918
1088 0.01851105574231218
1088.5 0.01751183033356475
1089 0.01830231902973117
1089.5 0.01846683480187326
1090 0.01729593946588559
1090.5 0.01720635061600879
1091 0.01720397657624084
1091.5 0.0173220309338229
1092 0.01733290990185777
1092.5 0.0165824259940943
1093 0.01594673644218019
1093.5 0.01583216395517
1094 0.01604413824677326
1094.5 0.01592967274090029
1095 0.01574893033306876
1095.5 0.01524306022659744
1096 0.01533532825899099
1096.5 0.01558653562754556
1097 0.01515503712049718
1097.5 0.01469122993837342
1098 0.01496215375017277
1098.5 0.01457201551867524
1099 0.01443996605473254
1099.5 0.01407737408399062
1100 0.01409751750474644
1100.5 0.01342654627928185
1101 0.01390752896955711
1101.5 0.01358613015887012
1102 0.01271395503592577
1102.5 0.0130958927003538
1103 0.01322161103354963
1103.5 0.01295434200818881
1104 0.01275949135799495
1104.5 0.01194425290497954
1105 0.01279516099609764
1105.5 0.01208570988748782
1106 0.01148179767209986
1106.5 0.01207689573624396
1107 0.01168872321579493
1107.5 0.01101530361799464
1108 0.01142739886868343
1108.5 0.01164413675810738
1109 0.01123180900908374
1109.5 0.01123463857524971
1110 0.01108219135690873
1110.5 0.01043877748995699
1111 0.0103389742462023
1111.5 0.01020063423590649
1112 0.01048154265991647
1112.5 0.009718594008069494
1113 0.01005089972924088
1113.5 0.009881153916329476
1114 0.01025124810981119
1114.5 0.009741500685284508
1115 0.009399364142801471
1115.5 0.00919235930253093
1116 0.0093249261717477
1116.5 0.00873468975517944
1117 0.008931307963163789
1117.5 0.008763744612052326
1118 0.008711267133974533
1118.5 0.00886913974626817
1119 0.008752996697261884
1119.5 0.008013764741271162
1120 0.008159118071146299
1120.5 0.008570857730986852
1121 0.0080177052820911
1121.5 0.008048582584592871
1122 0.007838792534357784
1122.5 0.007623046817810549
1123 0.007521452001098735
1123.5 0.007761040841518257
1124 0.007205227881932875
1124.5 0.007217732902245672
1125 0.007268001418743333
1125.5 0.007601340290433693
1126 0.007028768862649359
1126.5 0.007085344106385355
1127 0.006614652267863074
1127.5 0.006351708865910098
1128 0.006809662442051473
1128.5 0.006365493303248052
1129 0.006291067375205912
1129.5 0.006185530655035183
1130 0.005886661254820865
1130.5 0.005806611730237651
1131 0.005764090121362718
1131.5 0.005914645613178983
1132 0.005884540039080597
1132.5 0.005475373207697028
1133 0.005495379514528134
1133.5 0.005267188740332363
1134 0.005417508021149702
1134.5 0.005127853106821479
1135 0.004807768362153554
1135.5 0.005254832630974296
1136 0.005077259890542886
1136.5 0.004696345247102899
1137 0.004747708379893451
1137.5 0.004435513702737189
1138 0.004788608282489203
1138.5 0.004396977177143779
1139 0.004540578932070999
1139.5 0.004413818502090924
1140 0.004091008395306288
1140.5 0.004081294081802549
1141 0.004383852899705546
1141.5 0.003970151728408126
1142 0.003905556184241328
1142.5 0.003822752273024066
1143 0.003788902056579783
1143.5 0.003773397441298106
1144 0.003538655812027217
1144.5 0.003985877484226399
1145 0.003860797216265267
1145.5 0.003456498070869268
1146 0.00298613960107118
1146.5 0.003086625243605149
1147 0.003120287653955031
1147.5 0.00325074674807214
1148 0.003114853980359817
1148.5 0.002852293676210873
1149 0.002807547644258667
1149.5 0.003064502645202011
1150 0.002742394665384575
1150.5 0.002619571461507619
1151 0.002665430226833234
1151.5 0.00280739314707849
1152 0.002642785758449107
1152.5 0.002550476353783834
1153 0.002260460774119755
1153.5 0.00220458506243328
1154 0.002166761909800222
1154.5 0.002350276268304967
1155 0.002467745238926094
1155.5 0.001934280038870805
1156 0.002135411601918064
1156.5 0.002187202680789314
1157 0.001982858644905188
1157.5 0.001832411280232937
1158 0.001830829228694127
1158.5 0.001668892961877452
1159 0.001649651337468541
1159.5 0.001760877656740097
1160 0.001694198504955075
1160.5 0.001414561555697395
1161 0.001573009830111612
1161.5 0.001418035335239269
1162 0.001422718654477843
1162.5 0.001450986672704969
1163 0.00131419458404597
1163.5 0.001383723531282259
1164 0.001288404976719791
1164.5 0.001193249584076222
1165 0.001156987361549261
1165.5 0.001384846656278166
1166 0.001160866634424312
1166.5 0.001007565295167036
1167 0.0009657316651304302
1167.5 0.0009473609419528837
1168 0.001121837059394408
1168.5 0.0008640095074490083
1169 0.0009565971116109216
1169.5 0.0008567046456306052
1170 0.0008268578624304847
1170.5 0.0008726953511344112
1171 0.0007731292249917681
1171.5 0.0007376211732960228
1172 0.0006905672489409928
1172.5 0.0008175374373663744
1173 0.0006662175294354795
1173.5 0.0007408973156085674
1174 0.0005898997572138971
1174.5 0.0005431703446733735
1175 0.0005773491174420089
1175.5 0.0004499492945592762
1176 0.0004726214718983312
1176.5 0.0004376671679029268
1177 0.0004948342651679141
1177.5 0.000494414112976989
1178 0.0004710180075003145
1178.5 0.0003615726857858477
1179 0.0003727348376230937
1179.5 0.0003896074580444715
1180 0.0002919580141388039
1180.5 0.0002459522003597573
1181 0.0002343140339886426
1181.5 0.0001884346335520422
1182 0.0001882752471066014
1182.5 0.0002280194700605461
1183 0.000307566131384328
1183.5 0.0002447068747634578
1184 0.0001705815629997033
1184.5 0.0001420313182869083
1185 0.0001646173236680933
1185.5 7.940341088132259e-05
1186 0.0001416722757046753
1186.5 9.059385430022277e-05
1187 9.617489547010866e-05
1187.5 9.044133942103209e-05
1188 0.0001016608796638575
1188.5 8.464613377164031e-05
1189 3.94683135985008e-05
1189.5 6.760309710966107e-05
1190 2.251543323969701e-05
1190.5 3.374478693838642e-05
1191 3.933586968650702e-05
1191.5 2.80734734819383e-05
1192 2.24399414797862e-05
1192.5 0
1193 1.680175342336528e-05
1193.5 0
1194 0
1194.5 0
1195 5.581853435817815e-06
