33.6 8
34.8 15
35 4
35.4 13
35.6 3
35.8 3
36 7
36.2 10
36.4 46
36.6 8
36.8 38
37 15
37.2 29
37.4 201
37.6 222
37.8 124
38 81
38.2 567
38.4 162
38.6 280
38.8 132
39 322
39.2 453
39.4 371
39.6 403
39.8 586
40 545
40.2 894
40.4 587
40.6 952
40.8 927
41 947
41.2 1179
41.4 1055
41.6 1447
41.8 1594
42 1225
42.2 1751
42.4 1610
42.6 1696
42.8 2514
43 2284
43.2 2217
43.4 2310
43.6 2418
43.8 2721
44 2838
44.2 2942
44.4 3101
44.6 3275
44.8 3531
45 3572
45.2 3615
45.4 3834
45.6 3772
45.8 4007
46 4210
46.2 4316
46.4 4454
46.6 4535
46.8 4420
47 4475
47.2 4686
47.4 4668
47.6 4690
47.8 4850
48 4846
48.2 4936
48.4 4662
48.6 4731
48.8 4946
49 4819
49.2 4943
49.4 4910
49.6 4823
49.8 4955
50 4750
50.2 4838
50.4 4913
50.6 4989
50.8 4810
51 4697
51.2 4998
51.4 4753
51.6 4799
51.8 4985
52 4676
52.2 4826
52.4 4892
52.6 4731
52.8 4676
53 4893
53.2 4812
53.4 4645
53.6 4855
53.8 4855
54 5007
54.2 4733
54.4 4696
54.6 4802
54.8 4813
55 4829
55.2 4765
55.4 4640
55.6 4865
55.8 4756
56 4725
56.2 4558
56.4 4609
56.6 4722
56.8 4749
57 4642
57.2 4879
57.4 4864
57.6 4920
57.8 4734
58 4846
58.2 4750
58.4 4744
58.6 4862
58.8 4670
59 4728
59.2 4735
59.4 4806
59.6 4811
59.8 4885
60 4842
60.2 4770
60.4 4795
60.6 4764
60.8 4802
61 4827
61.2 4747
61.4 4749
61.6 4540
61.8 4648
62 4800
62.2 4736
62.4 4726
62.6 4848
62.8 4810
63 4680
63.2 4803
63.4 4819
63.6 4829
63.8 4740
64 4768
64.2 4827
64.4 4831
64.6 4905
64.8 4794
65 4764
65.2 4852
65.4 4784
65.6 4996
65.8 4848
66 4689
66.2 4733
66.4 4792
66.6 4820
66.8 4834
67 4797
67.2 4770
67.4 4805
67.6 4748
67.8 4969
68 4907
68.2 4867
68.4 4804
68.6 4857
68.8 4798
69 4970
69.2 4872
69.4 4833
69.6 4793
69.8 4779
70 4727
70.2 4848
70.4 4757
70.6 4711
70.8 4843
71 4802
71.2 4836
71.4 4857
71.6 4816
71.8 4859
72 4882
72.2 4968
72.4 4935
72.6 4822
72.8 4736
73 4916
73.2 4980
73.4 4868
73.6 4949
73.8 4882
74 4873
74.2 4766
74.4 4896
74.6 4726
74.8 4905
75 4732
75.2 4913
75.4 4876
75.6 4888
75.8 4935
76 4922
76.2 4814
76.4 4812
76.6 4876
76.8 4890
77 4976
77.2 4936
77.4 4890
77.6 4936
77.8 4819
78 4988
78.2 4919
78.4 4957
78.6 5028
78.8 4858
79 4851
79.2 4911
79.4 4917
79.6 4878
79.8 4814
80 4883
80.2 4941
80.4 4805
80.6 4912
80.8 4943
81 4927
81.2 4851
81.4 4882
81.6 4992
81.8 4922
82 4797
82.2 4852
82.4 4809
82.6 4994
82.8 4846
83 4894
83.2 4814
83.4 4911
83.6 4721
83.8 4790
84 4881
84.2 4824
84.4 4984
84.6 4867
84.8 4800
85 4900
85.2 4874
85.4 4941
85.6 4771
85.8 4834
86 4672
86.2 4870
86.4 4825
86.6 4810
86.8 4886
87 4893
87.2 4827
87.4 4813
87.6 4791
87.8 4842
88 4955
88.2 4756
88.4 4786
88.6 4870
88.8 4808
89 4816
89.2 4866
89.4 4904
89.6 4898
89.8 4869
90 4903
90.2 4894
90.4 4829
90.6 4843
90.8 4930
91 4915
91.2 4867
91.4 4817
91.6 4809
91.8 4722
92 4810
92.2 4893
92.4 4820
92.6 4803
92.8 4794
93 4762
93.2 4911
93.4 4898
93.6 4923
93.8 4903
94 4820
94.2 4726
94.4 4949
94.6 4882
94.8 4867
95 4923
95.2 4884
95.4 4742
95.6 4823
95.8 4796
96 4687
96.2 4916
96.4 4766
96.6 4737
96.8 4882
97 4864
97.2 4869
97.4 4803
97.6 4941
97.8 4951
98 4862
98.2 4854
98.4 4685
98.6 4842
98.8 4822
99 4994
99.2 4870
99.4 4909
99.6 4958
99.8 4912
100 4828
100.2 5026
100.4 4670
100.6 4898
100.8 4797
101 4834
101.2 4818
101.4 4732
101.6 4789
101.8 4856
102 4884
102.2 4893
102.4 4803
102.6 4877
102.8 4812
103 4798
103.2 4850
103.4 4713
103.6 4707
103.8 4735
104 4801
104.2 4845
104.4 4848
104.6 4841
104.8 4813
105 4846
105.2 4824
105.4 4713
105.6 4861
105.8 4727
106 4776
106.2 4705
106.4 4782
106.6 4817
106.8 4918
107 4934
107.2 4777
107.4 4741
107.6 4815
107.8 4853
108 4875
108.2 4876
108.4 4900
108.6 4855
108.8 4800
109 4749
109.2 4762
109.4 4885
109.6 4810
109.8 4819
110 4818
110.2 4812
110.4 4767
110.6 4763
110.8 4829
111 4842
111.2 4809
111.4 4926
111.6 4971
111.8 4785
112 4820
112.2 4785
112.4 4976
112.6 4943
112.8 4725
113 4748
113.2 4876
113.4 4808
113.6 4894
113.8 4908
114 4868
114.2 4835
114.4 4721
114.6 4731
114.8 4775
115 4818
115.2 4886
115.4 4791
115.6 4805
115.8 4841
116 4812
116.2 4791
116.4 4836
116.6 4806
116.8 4714
117 4752
117.2 4775
117.4 4875
117.6 4811
117.8 4868
118 4942
118.2 4848
118.4 4725
118.6 4691
118.8 4962
119 4739
119.2 4862
119.4 4780
119.6 4749
119.8 4680
120 4848
120.2 4871
120.4 4723
120.6 4779
120.8 4810
121 4829
121.2 4761
121.4 4761
121.6 4765
121.8 4764
122 4966
122.2 4744
122.4 4832
122.6 4886
122.8 4656
123 4979
123.2 4712
123.4 4812
123.6 4786
123.8 4856
124 4771
124.2 4786
124.4 4784
124.6 4867
124.8 4755
125 4789
125.2 4811
125.4 4822
125.6 4800
125.8 4906
126 4824
126.2 4791
126.4 4812
126.6 4813
126.8 4794
127 4707
127.2 4805
127.4 4718
127.6 4788
127.8 4930
128 4829
128.2 4874
128.4 4849
128.6 4876
128.8 4746
129 4748
129.2 4832
129.4 4824
129.6 4955
129.8 4789
130 4772
130.2 4678
130.4 4797
130.6 4813
130.8 4802
131 5016
131.2 4769
131.4 4898
131.6 4888
131.8 4833
132 4798
132.2 4704
132.4 4827
132.6 4766
132.8 4713
133 4772
133.2 4798
133.4 4848
133.6 4780
133.8 4866
134 4663
134.2 4884
134.4 4908
134.6 4757
134.8 4787
135 4879
135.2 4855
135.4 4846
135.6 4806
135.8 4854
136 4789
136.2 4783
136.4 4913
136.6 4799
136.8 4772
137 4868
137.2 4891
137.4 4896
137.6 4886
137.8 4759
138 4900
138.2 4875
138.4 4940
138.6 4756
138.8 4783
139 4946
139.2 4778
139.4 4818
139.6 4835
139.8 4751
140 4905
140.2 4777
140.4 4827
140.6 4863
140.8 4855
141 4926
141.2 4825
141.4 4805
141.6 4913
141.8 4780
142 4893
142.2 4835
142.4 4908
142.6 4924
142.8 4899
143 4788
143.2 4868
143.4 4888
143.6 4884
143.8 4891
144 4785
144.2 4881
144.4 4841
144.6 4885
144.8 4793
145 4773
145.2 4895
145.4 4938
145.6 4897
145.8 4763
146 4779
146.2 4908
146.4 4845
146.6 4925
146.8 4784
147 4869
147.2 4773
147.4 4900
147.6 4851
147.8 4879
148 4812
148.2 4840
148.4 4734
148.6 4881
148.8 4779
149 4882
149.2 4792
149.4 4835
149.6 4722
149.8 4803
150 4837
150.2 4704
150.4 4854
150.6 4762
150.8 4750
151 4851
151.2 4748
151.4 4780
151.6 4786
151.8 4834
152 4821
152.2 4831
152.4 4755
152.6 4894
152.8 4814
153 4820
153.2 4940
153.4 4729
153.6 4755
153.8 4813
154 4766
154.2 4882
154.4 4836
154.6 4849
154.8 4858
155 4847
155.2 4829
155.4 4814
155.6 4685
155.8 4940
156 4894
156.2 4879
156.4 4900
156.6 4733
156.8 4729
157 4798
157.2 4801
157.4 4830
157.6 4824
157.8 4841
158 4901
158.2 4873
158.4 4835
158.6 4755
158.8 4773
159 4880
159.2 4811
159.4 4828
159.6 4757
159.8 4825
160 4745
160.2 4803
160.4 4782
160.6 4751
160.8 4865
161 4708
161.2 4811
161.4 4771
161.6 4717
161.8 4695
162 4739
162.2 4912
162.4 4756
162.6 4846
162.8 4807
163 4944
163.2 4762
163.4 4669
163.6 4843
163.8 4929
164 4808
164.2 4820
164.4 4900
164.6 4782
164.8 4706
165 4756
165.2 4754
165.4 4731
165.6 4698
165.8 4836
166 4842
166.2 4853
166.4 4858
166.6 4676
166.8 4840
167 4811
167.2 4721
167.4 4921
167.6 4810
167.8 4768
168 4715
168.2 4766
168.4 4728
168.6 4778
168.8 4658
169 4790
169.2 4840
169.4 4838
169.6 4783
169.8 4599
170 4887
170.2 4957
170.4 4887
170.6 4855
170.8 4840
171 4857
171.2 4934
171.4 4786
171.6 4772
171.8 4747
172 4848
172.2 4762
172.4 4863
172.6 4852
172.8 4731
173 4794
173.2 4700
173.4 4764
173.6 4865
173.8 4866
174 4808
174.2 4767
174.4 4713
174.6 4810
174.8 4898
175 4775
175.2 4905
175.4 4753
175.6 4830
175.8 4719
176 4860
176.2 4872
176.4 4903
176.6 4775
176.8 4798
177 4827
177.2 4717
177.4 4662
177.6 4791
177.8 4837
178 4921
178.2 4697
178.4 4838
178.6 4742
178.8 4798
179 4775
179.2 4772
179.4 4653
179.6 4934
179.8 4898
180 4898
180.2 4736
180.4 4738
180.6 4743
180.8 4829
181 4782
181.2 4840
181.4 4782
181.6 4829
181.8 4856
182 4873
182.2 4819
182.4 4830
182.6 4907
182.8 4731
183 4815
183.2 4778
183.4 4862
183.6 4909
183.8 4884
184 4876
184.2 4851
184.4 4934
184.6 4826
184.8 4811
185 4745
185.2 4913
185.4 4834
185.6 4791
185.8 4873
186 4874
186.2 4843
186.4 4734
186.6 4907
186.8 4769
187 4868
187.2 4790
187.4 4853
187.6 4794
187.8 4731
188 4914
188.2 4840
188.4 4769
188.6 4905
188.8 4750
189 4860
189.2 4797
189.4 4875
189.6 4750
189.8 4797
190 4735
190.2 4834
190.4 4880
190.6 4845
190.8 4799
191 4943
191.2 4777
191.4 4763
191.6 4774
191.8 4747
192 4750
192.2 4772
192.4 4832
192.6 4914
192.8 4916
193 4759
193.2 4857
193.4 4844
193.6 4891
193.8 4882
194 4785
194.2 4689
194.4 4882
194.6 4857
194.8 4864
195 4819
195.2 4825
195.4 4962
195.6 4820
195.8 4935
196 4875
196.2 4798
196.4 4697
196.6 4872
196.8 4743
197 4727
197.2 4852
197.4 4855
197.6 4721
197.8 4973
198 4879
198.2 4854
198.4 4934
198.6 4780
198.8 4722
199 4825
199.2 4786
199.4 4891
199.6 4806
199.8 4851
200 4792
200.2 4888
200.4 4831
200.6 4867
200.8 4820
201 4928
201.2 4795
201.4 4704
201.6 4853
201.8 4850
202 4965
202.2 4799
202.4 4948
202.6 4788
202.8 4858
203 4787
203.2 4959
203.4 4779
203.6 4787
203.8 4887
204 4834
204.2 4808
204.4 4687
204.6 4780
204.8 4859
205 4850
205.2 4889
205.4 4736
205.6 4826
205.8 4901
206 4900
206.2 4896
206.4 4851
206.6 4886
206.8 4924
207 4834
207.2 4812
207.4 4750
207.6 4838
207.8 4964
208 4894
208.2 4763
208.4 4848
208.6 4812
208.8 4883
209 4747
209.2 4876
209.4 4792
209.6 4916
209.8 4816
210 4780
210.2 4768
210.4 4893
210.6 4787
210.8 4758
211 4791
211.2 4861
211.4 4890
211.6 4757
211.8 4842
212 4901
212.2 4813
212.4 4872
212.6 4857
212.8 4855
213 4856
213.2 4919
213.4 4678
213.6 4855
213.8 4977
214 4976
214.2 4814
214.4 4839
214.6 4833
214.8 4838
215 4816
215.2 4899
215.4 4948
215.6 4805
215.8 4896
216 4781
216.2 4895
216.4 4909
216.6 4912
216.8 4790
217 4821
217.2 4953
217.4 4917
217.6 4836
217.8 4797
218 4937
218.2 4847
218.4 4819
218.6 4946
218.8 4877
219 4906
219.2 4767
219.4 4864
219.6 4831
219.8 4837
220 4816
220.2 4813
220.4 4914
220.6 4793
220.8 4778
221 4981
221.2 4784
221.4 4877
221.6 4965
221.8 4788
222 4836
222.2 4758
222.4 4859
222.6 4733
222.8 4834
223 4979
223.2 4869
223.4 4860
223.6 4674
223.8 4838
224 4827
224.2 4860
224.4 4856
224.6 4946
224.8 4934
225 4842
225.2 4848
225.4 4814
225.6 4955
225.8 4892
226 4902
226.2 4919
226.4 4900
226.6 4903
226.8 4922
227 4906
227.2 4790
227.4 4788
227.6 4930
227.8 4875
228 4886
228.2 4911
228.4 4863
228.6 4877
228.8 4909
229 4896
229.2 4921
229.4 4699
229.6 4923
229.8 4828
230 4794
230.2 4886
230.4 4961
230.6 4961
230.8 4903
231 4948
231.2 4927
231.4 4857
231.6 4938
231.8 4976
232 4879
232.2 4772
232.4 4849
232.6 4800
232.8 4845
233 4836
233.2 4898
233.4 4974
233.6 4810
233.8 4788
234 4825
234.2 4984
234.4 4758
234.6 4820
234.8 4901
235 4846
235.2 4817
235.4 4877
235.6 4945
235.8 4967
236 5000
236.2 4863
236.4 4912
236.6 4914
236.8 4950
237 4883
237.2 4854
237.4 4767
237.6 4789
237.8 4877
238 4832
238.2 4840
238.4 4886
238.6 4952
238.8 4846
239 4749
239.2 4846
239.4 4813
239.6 4973
239.8 4906
240 4875
240.2 5030
240.4 4934
240.6 4869
240.8 4872
241 4841
241.2 4833
241.4 4862
241.6 4887
241.8 4892
242 4869
242.2 4888
242.4 4874
242.6 4891
242.8 4750
243 5028
243.2 4858
243.4 4889
243.6 4962
243.8 4925
244 4986
244.2 4861
244.4 4840
244.6 4897
244.8 4921
245 4960
245.2 4857
245.4 4867
245.6 4817
245.8 4781
246 4975
246.2 4981
246.4 4969
246.6 4875
246.8 4921
247 4885
247.2 5012
247.4 4881
247.6 4764
247.8 4906
248 4938
248.2 4968
248.4 4907
248.6 4746
248.8 4908
249 4938
249.2 4816
249.4 4859
249.6 5031
249.8 4959
250 5024
