10053096.49148734
544
-19.55284778345998   -5.9461082942529  92.31847598604328 1 2 14 43 0
-18.91880819894413 -3.140946345416053  91.27180589329379 -1 3.08 122.06 19 0
-15.38475483296228 -6.899161507933678  91.50351843929487 0 2.78 90.06 57 0
-13.40503670469855 -9.508494902123667  89.59149086960574 0 2.7 82.04000000000001 50 0
-13.64353361609163 -13.67547684364982  92.32135237172911 0 3.06 120.07 18 0
-9.830530045428851 -12.69679353204518  89.50463995485062 -1 2.97 110.05 4 0
 -9.72052005810005 -7.699637271551619  91.58527476862108 0 2.9 102.07 34 0
-12.31716346289789 -10.51003492720912  96.24752681992183 0 3.21 138.1 45 0
 -9.09031126465244 -13.30503765213889  94.79799629669449 0 2.95 108.05 3 0
-5.335849922697756 -9.738806555898487  93.25816613881625 0 3.06 120.07 18 0
-8.349768824511283 -6.172275651667795  96.14487504016975 0 3.21 138.1 45 0
-7.783179908918804 -10.97569514384139  100.4025454534676 0 2.95 108.05 3 0
-3.172581698106478 -11.96765377120654  98.57976973449982 0 2.9 102.07 34 0
-1.750323756126634 -8.305474804494827  97.70917819644559 0 3.21 138.1 45 0
-4.236615097225533 -7.588902609585406  102.7728778108421 0 2.51 66.04000000000001 1 0
-3.506083901479387 -11.66537670782864  103.9761621380759 0 3.06 120.07 18 0
  1.66038091716747 -10.62197460770035   101.272671343818 0 3.33 154.1 56 0
-0.160215846100883 -5.669080790586421  104.3723078403865 0 2.7 82.04000000000001 50 0
-0.7632454145859262  -7.605367356088604   107.7413751798587 0 2.51 66.04000000000001 1 0
 2.331357312986324 -9.289790332200509  107.6810241668273 0 2.51 66.04000000000001 1 0
  4.19597808261917 -6.207827923644534   108.240521396806 0 2.51 66.04000000000001 1 0
 1.388014434533257 -3.976405226098032  110.8826050394725 0 3.33 154.1 56 0
  3.70026494457192 -9.572636120349546  112.1649292999991 0 2.86 98.09999999999999 15 0
 7.531088306645128 -8.888992906458945  114.1012687328394 0 2.35 54.03 20 0
 7.449127426762887 -13.15301399711309  113.1710060666687 1 3.03 116.08 52 0
  7.51968378566375 -10.88487940773044  109.6020833502902 0 2.95 108.05 3 0
 10.12697252120269 -7.036021210214369   110.773408290783 0 2.95 108.05 3 0
 13.63325742981573 -10.19382026961471  112.5528493100008 -1 2.97 110.05 4 0
 13.67412800003414 -12.39974064168381  109.1247564036905 0 2.51 66.04000000000001 1 0
15.67413399498956 -15.0965506155349 108.2202089848272 0 2.78 90.06 9 0
 16.70118265483918 -15.24193785706118   104.307402745665 0 2.51 66.04000000000001 5 0
 14.06818269194298 -18.03095866602772  103.4042841575911 0 2.35 54.03 20 0
 12.48740964252029 -17.72009070585584  106.1082204950748 0 2.82 94.05 54 0
 8.669487220883553 -19.40934773395905   105.733748673824 0 2.95 108.05 3 0
 5.913854150281267 -15.32832754518984  105.3417465099962 0 2.9 102.07 26 0
 4.459419845616871 -16.38784705209891  109.4213407725216 0 2.82 94.05 54 0
  1.01110840109025 -14.45581231195584    110.37326094266 0 2.86 98.09999999999999 15 0
0.4099864148378241 -14.22149719250137  114.7122353443608 0 2.82 94.05 54 0
-2.899512967501205 -15.99838182246651   114.178715047503 0 2.35 54.03 20 0
-5.234379893722467 -16.53039680537486  110.8704976179419 0 2.95 108.05 3 0
-3.349122823261807  -12.5519546858617  109.6769859243024 0 2.51 66.04000000000001 1 0
-1.054128484330544 -14.53135515145668  106.9735403734233 0 2.86 98.09999999999999 15 0
-3.905515121674351 -17.10542887336713  105.8210505543843 0 2.78 90.06 9 0
-4.196447714521694 -17.25905768200355  101.5352583885319 -1 3.08 122.06 19 0
0.715024503786176 -15.7204868787635 102.6444570371706 0 2.78 90.06 57 0
0.6998030820604911 -18.93885801098341  106.2175703373005 -1 3.08 122.06 19 0
-2.321247535907502  -21.2361939714012  101.4292333820149 1 3.03 116.08 52 0
1.902641655388158 -19.8891298185434 99.92704086630781 0 2.51 66.04000000000001 1 0
 6.287294439208591 -20.87681649458342  98.27322494969965 -1 2.97 110.05 4 0
 6.346580695152445 -17.51338176510486  100.9437301514969 0 2.51 66.04000000000001 1 0
 10.09095380962806 -16.76908025841992  100.9728042800833 0 2.82 94.05 54 0
  11.0817179285954 -13.56220443619668   104.450294181435 0 3.21 138.1 45 0
14.04537720406051 -12.0112651084946 99.48710014512666 0 2.9 102.07 7 0
 15.54829354638177 -6.822642863090612  102.9896346313733 0 3.33 154.1 56 0
 13.73550342556261 -8.352330268870269   106.563781311666 0 2.7 82.04000000000001 50 0
  12.5496701975872 -3.680437752390082  105.8462160081653 0 3.21 138.1 45 0
 13.61051767922103 -3.612953842614799  111.9410109754481 -1 3.08 122.06 19 0
14.58820315007653 1.121881194422666 112.5244845277089 -1 2.97 110.05 4 0
15.05686219854486 1.821049808150347 108.1545312070296 0 2.7 82.04000000000001 50 0
15.97137970158561 5.334145435949033 108.0757981212552 0 2.35 54.03 20 0
13.86382138563096 8.449526218191025 108.0209749228778 0 2.78 90.06 12 0
 10.5812656909055 6.757621092762629 110.1898712390018 0 2.35 54.03 20 0
10.41311606770662 3.079215318603957 111.6476578239377 -1 2.97 110.05 4 0
11.20928363205895 2.141510286649315 107.2157057069968 0 2.78 90.06 57 0
 9.247098468342914 -1.317689437569785  108.6852905881016 0 2.82 94.05 54 0
 9.447866057328399 -4.571040966161239  106.2295566299946 0 2.35 54.03 20 0
 7.786268782900768 -8.140832916359621  103.8706089803598 0 3.21 138.1 45 0
 11.24447124650459 -8.338285422946578  99.67787522469916 0 2.9 102.07 34 0
 8.701766345390569 -11.39879762753215  99.03378602601104 0 2.51 66.04000000000001 1 0
  9.72378201461834 -14.96015043867076  96.43540283485797 0 2.9 102.07 34 0
4.756051037214322 -16.0305564200334 95.84460331203776 -1 2.97 110.05 4 0
 7.405837823271167 -19.39287298032997  94.12984548039344 0 2.95 108.05 3 0
 2.367779866140535 -20.04279514179132  94.54955646104568 0 2.82 94.05 54 0
 1.011216888560418 -16.42531804968991  93.36624608700998 0 2.95 108.05 3 0
 4.756466528525532 -17.01244659302373  90.16307713966263 1 3.03 116.08 52 0
 4.454986688403192 -12.66316092005929  93.26587477320152 0 2.9 102.07 34 0
 8.355994179627865 -9.779451008734529  93.45356279812654 0 2.9 102.07 26 0
 5.979226383228834 -8.754300717112699  97.44049216945815 0 2.78 90.06 57 0
 7.664096561777155 -4.326116566435917  98.81791284092662 0 2.9 102.07 34 0
 5.315784272568511 -5.041773930222965  102.5467337014019 0 2.7 82.04000000000001 50 0
  6.219226671170736 -0.7311648423294143   102.8412828492575 0 3.21 138.1 45 0
 5.510865723082793 -1.420798251104866  110.1534491318662 1 3.25 144.09 2 0
 2.638851684339137 0.6416495915093896    109.33805333233 0 2.35 54.03 20 0
 1.45737844478358 2.939285262008783 111.9341391096748 0 2.7 82.04000000000001 50 0
 3.016551338372048 -1.015246356495501  115.5732091407158 1 3.25 144.09 48 0
6.282219584136223 3.552613381405045 115.9270218722269 0 2.7 82.04000000000001 50 0
6.602041472106269 7.107357226816262 118.4882796159442 0 2.9 102.07 6 0
9.723223877510719 6.843506278421313 115.4996163455036 -1 3.08 122.06 19 0
6.053286331001244 5.407224809476904  112.370369783352 0 2.95 108.05 3 0
1.818542436531657 9.622854610397981 115.2546358433836 0 3.48 176.13 11 0
 6.45512993168825  11.9307757686836 114.5923742369291 0 2.9 102.07 6 0
6.091387212305138 11.46892285787905 110.3567277460477 0 2.35 54.03 20 0
2.473347848477639 10.33970651587237 109.9096185061317 0 2.95 108.05 3 0
2.719448584350546 14.64149042119767 112.2606707717223 0 2.9 102.07 7 0
6.258347264271485 15.83118290260176 108.9125765327404 0 2.95 108.05 3 0
1.145265224821722 18.32495720257003 107.9233425203734 0 3.21 138.1 8 0
5.185693208701139 19.72254454531112 105.0549430656316 -1 2.97 110.05 4 0
3.224950047224294 19.83052663220546 100.6663237820759 0 2.9 102.07 34 0
8.727578253185714 17.82740260465355 99.84776767705482 1 3.03 116.08 52 0
9.262240377249965 20.31992166360423 97.27227661585421 -1 3.08 122.06 19 0
8.079299280328783 15.43780001402935 94.30576659636392 0 2.9 102.07 26 0
9.813996071805011 18.18640109499867 90.65826536471732 0 2.95 108.05 3 0
12.03913932885313 13.89548062491746 91.33893936874973 -1 2.97 110.05 4 0
8.603486439483321 11.87630755008379 90.86731093284021 0 2.9 102.07 6 0
6.031592854696008 14.74835681592432 89.19587877043423 0 2.86 98.09999999999999 15 0
6.371291165520612 18.29844643596315 86.99969052339573 0 2.7 82.04000000000001 50 0
4.431846946971625 20.03715021350454 90.41279107425333 0 2.35 54.03 20 0
4.332660638363365 16.84208459837044 91.60507746479571 0 2.86 98.09999999999999 15 0
 3.78315662650936 20.31532913910726 96.73124678062173 1 3.25 144.09 48 0
4.718777860566949 15.95264123672581  98.8887039111623 0 2.35 54.03 20 0
3.595988908428157 13.81317527940327 103.4533971639763 0.5 3.14 130.08 23 0
 8.00209668983759 15.88967897692145  103.985063137704 -1 2.97 110.05 4 0
7.726770914540525 12.02502653447716 105.2204931365902 0 2.35 54.03 20 0
4.587261730956063 9.817548390160402 103.8395759071275 0 3.21 138.1 45 0
8.804164924412651 11.73115072954106   100.59105275476 0 2.82 94.05 54 0
11.53759195357616 11.67047263376381 103.5105610881244 0 2.7 82.04000000000001 50 0
10.94078288090104 7.981729779286854 104.5505472151442 0 2.7 82.04000000000001 50 0
11.21146802266696 5.559138416271671 98.87086643247477 0 3.48 176.13 55 0
13.57897231719365 9.839294776883973 97.94790812213914 1 3.25 144.09 48 0
15.76491932340375 7.063693409523513 103.3270927165752 0 2.7 82.04000000000001 50 0
15.08329907885902 3.412835706430866 101.8375686525769 0 2.78 90.06 57 0
15.28616746841305  3.88999864634425  97.8357278250195 0 2.51 66.04000000000001 1 0
19.01690006439047 3.542205844045962 96.78592616561662 -1 2.97 110.05 4 0
  18.54591456813271 -0.3438132697705324   99.60524686427406 0 2.82 94.05 54 0
  14.4942359581607 -1.301007659637257  98.80686073425328 0 2.9 102.07 34 0
15.90171479463311 1.577744512425363 93.35481548357168 1 3.25 144.09 48 0
 19.76185968350941 -3.331275688881038  94.97386436041299 0 3.06 120.07 18 0
17.35711516333961 -5.80798228553978 97.56211517914855 1 3.03 116.08 52 0
 13.46415451759145 -5.101010652728569  93.63068418718336 0 2.78 90.06 57 0
 16.20570021574562 -3.796714406995749  90.21652783883491 -1 3.08 122.06 19 0
18.74251935107671 -8.13582418462272 92.56193273673158 -1 2.97 110.05 4 0
 14.56201468306507 -10.15872813142167  92.05549179310275 0 2.51 66.04000000000001 1 0
 13.36560275684716 -8.965089481417795  88.59521921206887 0 2.78 90.06 57 0
 17.5363065558511 -10.4953243517138 87.59876643085508 1 2.78 90.06 48 0
 16.23521797883583 -14.01004930894501  89.43325438645776 -1 2.65 78.05 19 0
 12.66823723038367 -14.71630007025487  89.93088804260461 0.5 3.14 130.08 23 0
 11.97931015971806 -12.49793679785835  85.01142404741728 0 2.78 90.06 9 0
 8.446202902186696 -14.74595205662827  85.37796677775488 -1 2.97 110.05 4 0
 7.983720226055885 -14.61559357155411  89.50265361533781 0 3.33 154.1 56 0
 2.501243397260365 -9.188551800579912  89.55608276603597 1 3.25 144.09 48 0
 6.322722452475082 -6.339542250166536  90.89543615824098 0 2.78 90.06 57 0
 3.430949850258146 -6.194278835860956   94.0338196320987 0 2.78 90.06 57 0
  5.49964595463504 -2.175445100761603  95.37432286818598 0 3.21 138.1 45 0
 1.600922454269609 -3.639385164204494  99.65875698485782 0 2.82 94.05 54 0
-0.158849226803804 -1.454304078730532  102.0960649948238 0 2.35 54.03 20 0
 -2.613952570899252 -0.4627375440189972   106.6073078928542 0.5 3.14 130.08 23 0
-1.756144079502406   3.23838908613561  106.4035131007262 0 2.7 82.04000000000001 50 0
2.521278745346466 4.615708277688296  106.520465665961 0 2.9 102.07 34 0
  2.3520666599507 1.781558821934894 103.7196553910908 0 2.35 54.03 20 0
0.6685196090034802  2.798889700714434  101.3047037872594 0 2.35 54.03 20 0
1.988692203077558 5.678298416210935 101.2082267885741 0 2.51 66.04000000000001 1 0
  5.6180852328471 4.343644559705157 101.8009614505107 0 2.9 102.07 34 0
3.891889061149874 2.152922399329922 98.24530226074077 0 2.51 66.04000000000001 1 0
1.976829033266166 4.976370608940507 96.48024522041395 0 2.82 94.05 54 0
5.790510565822874 6.996512611872873 96.66373235936013 0 2.78 90.06 57 0
7.733585983849183 3.838348477420968 95.51594175150385 0 2.51 66.04000000000001 1 0
6.126675628376011 3.264053566564605 92.73644224491031 0 2.35 54.03 20 0
6.184619496473537 6.206887528211356 91.28032967191176 0 2.51 66.04000000000001 1 0
10.46367873999475 6.692688110567341 92.37420848747948 -1 2.97 110.05 4 0
10.84135697204335 2.585457391466783 91.21124286199016 0 2.9 102.07 34 0
5.474127745349064 2.822604055581866 88.34498728463302 1 3.25 144.09 2 0
10.47090084759825 2.616523788264526 84.30995882720633 0 2.35 54.03 20 0
 13.38849494384286 0.9145097827345104   85.5477855782123 0 2.95 108.05 3 0
 11.2952049242438 -2.66655273107808 82.88696817320924 0 2.35 54.03 20 0
10.66100480229459 -2.98417246571435 87.13805767862431 0 3.33 154.1 56 0
 5.302817816437379 -3.343984047483732   85.1695554610841 -1 2.97 110.05 4 0
 5.298860624251818 -1.446352269273138   89.7939767301911 0 2.9 102.07 26 0
 1.033504227905852 -3.428753538811145  90.31230684467722 -1 2.97 110.05 4 0
0.07088885147287037 -0.4623263647157268   94.02581159778359 0 2.78 90.06 57 0
-2.555410247675354 -3.822940764728994  95.41619031447465 0 3.21 138.1 45 0
-3.676148819975048 0.7285191225801118  98.94946642643643 0 2.7 82.04000000000001 50 0
-4.988568701035804 -2.331159050531648  101.4266090547262 0 3.33 154.1 56 0
-5.903358851498833  2.974937731682279  104.2557847413699 0 2.35 54.03 20 0
-4.445495940929511  5.299034708328663  102.6106953766559 0 2.51 66.04000000000001 1 0
-3.135988570770803  8.335249862406664  103.2884224831335 0 2.78 90.06 47 0
-5.760230312332256  12.72044780514086  101.1196476198355 1 3.25 144.09 2 0
0.4651579695763882  11.35649234344432  99.07630809439513 0 2.78 90.06 57 0
-0.7762953090187498   14.93910495471247    97.6865607434295 0 2.35 54.03 20 0
-0.2195328388938408   17.70419248740665   94.82748194901113 0 2.95 108.05 3 0
-5.615275552041988  17.83661793404103  91.18325950209778 1 3.25 144.09 48 0
-0.3702080868999146   16.96608512985918   90.62067525385905 0 2.51 66.04000000000001 5 0
1.656411375958013 12.83861153425714 93.07878517379092 0 3.21 138.1 45 0
-3.167524517774524  12.96208657102064  91.82327511541341 0 2.51 66.04000000000001 1 0
-3.834075101145225  14.83863232642127  87.99919647839455 -1 3.08 122.06 19 0
1.841744137404962 11.11144689493634 87.92596456811306 0 3.21 138.1 8 0
-0.6389611223797032   8.566732439076421   90.90431139790152 0 2.9 102.07 34 0
-4.575877284980207  8.821643429549018  87.92256566563877 0 2.82 94.05 54 0
-2.064678582542743  8.720955109147205  84.34198023660716 0 2.78 90.06 12 0
2.146924604626697 6.368147381587342 86.44105086427814 0 3.06 120.07 18 0
2.338795601774209 4.061287154930443 82.77019054416476 0 2.82 94.05 54 0
 3.705502555687096 0.5606559950652017  84.71185778028175 0 2.35 54.03 20 0
   1.01964227942061 0.03865569795819451   86.25249119072247 0 2.35 54.03 20 0
 -2.035570077075491 -0.6147698138504671    88.4326615085758 0 2.82 94.05 54 0
-3.019016122488352  2.449402648111728  92.10316693629308 0 2.9 102.07 34 0
-5.139117245469251 -1.783937207957998  92.18512412365132 0 3.33 154.1 56 0
-7.639043953828216  4.781480887358225  96.42593076308393 1 3.25 144.09 2 0
 -8.393636963435767 -0.2414095276825885   98.86791814924686 0 2.9 102.07 26 0
-11.39673728422002  2.559788623079802  100.7696109387897 0 2.82 94.05 54 0
-13.83563225524643 0.2893994699294786  105.3003325743403 0.5 3.14 130.08 23 0
-16.48329732364097  2.655916802197948  105.0921560819544 0 2.82 94.05 54 0
-16.1151433256693 5.692935133776389 107.8130205317171 0 2.95 108.05 3 0
-10.95802248111841  4.896194597478253  107.3240847267405 -1 2.97 110.05 4 0
-10.14787944666638  8.848419585881626   109.503108358561 0 2.9 102.07 6 0
-6.779130682942052  7.555778689191022   107.279286344496 0 2.78 90.06 57 0
-8.673546215075143  7.910853917050471  103.8102754715491 0 2.78 90.06 47 0
-12.20736997858401   11.0122379682714  105.6017591236376 1 3.25 144.09 48 0
-6.330123838647733  12.39509632080845  106.6955185746953 0 2.9 102.07 7 0
-4.338146881343379  15.09113517813121  104.8863943834962 0 2.78 90.06 47 0
-6.894935056625652   17.8739360222256   105.345221962026 0 2.78 90.06 9 0
-9.353324534636704  18.77479182849147   99.6304882720093 1 3.25 144.09 48 0
-8.361326801795242  22.11493422946248  103.7896280094688 -1 3.08 122.06 19 0
-3.816977313977227  21.21027439762148  105.2108811234971 0 3.21 138.1 8 0
-3.43113593255659 20.38505304834733 99.55105203738979 0 2.35 54.03 20 0
-2.513450012963194  16.90750466514866  101.0072614505548 0 3.33 154.1 56 0
-5.43894960433906 15.20869673730664 96.55083441877605 0 2.7 82.04000000000001 50 0
-6.997169919500044  10.80437479232124  97.20859025656233 0.5 3.14 130.08 23 0
-5.944028310773957  9.005127419920012  93.30695704433998 0 2.7 82.04000000000001 50 0
-8.443894602458069  7.964683154666056  90.17249770938443 0 2.7 82.04000000000001 50 0
-9.563311435254922  4.940265190053192  90.95219827610197 0 2.78 90.06 47 0
-12.29277949317893  5.032965937574144  95.75142954926318 -1 3.08 122.06 19 0
  -11.17562769855635 -0.06449681406307783    93.49616205035915 0 3.33 154.1 56 0
-16.89063424150915  2.494548398324465  99.35090552087777 0 3.48 176.13 11 0
-14.72288344687575 -1.871569488719934  101.1432325547647 0 2.9 102.07 26 0
-20.43603712473724 -1.696456638369363  100.8670484256688 1 3.03 116.08 52 0
-18.55171627118424 -4.013773303546163  104.1592524704115 0 2.7 82.04000000000001 50 0
-18.45859995342351 -3.884337015869071  107.6536354843182 0 2.35 54.03 20 0
-16.45847889047479 -3.537367586457659  110.8948204538492 0 2.82 94.05 54 0
-16.08596646583202 -7.625566944209963  112.2644720807698 0 2.9 102.07 7 0
-18.38931051380731 -8.066600869702871  107.9569209935578 0 2.78 90.06 12 0
-17.43941557827933 -10.73523779208105  105.7632672746334 0 2.78 90.06 9 0
-15.64163877660325 -8.975589308599979  101.9820324408816 0 2.78 90.06 57 0
-18.36445941945618 -9.871269935925355  99.00360466296101 0 2.82 94.05 54 0
 -17.7152276033457 -10.24345122580461  93.42121706786514 1 3.25 144.09 48 0
-21.31138122625789 -7.569641315776148  95.20039855862049 0 2.95 108.05 3 0
-19.37809139150121 -5.597469068830367  99.11194417815693 -1 2.97 110.05 4 0
-15.78992486074724 -4.032810401413718  96.20420325155449 0 2.9 102.07 26 0
 -17.60480811097694 0.07516083169650523    94.7957639650069 0 2.78 90.06 12 0
-14.78567236005673  1.625899552036806   90.1546194762214 1 3.03 116.08 52 0
-15.44289604671321  5.394333759399499  93.11943561608931 0 2.9 102.07 26 0
-13.92021289406887  6.667736027188751  88.37469981876527 -1 3.08 122.06 19 0
-12.38175669130076  10.72392853035604  90.53214367250543 0 2.35 54.03 20 0
-9.490929942775265  13.35201910666744  91.03039832066779 0 2.9 102.07 6 0
-10.80268873295062  14.69984590119769  95.13373085523834 -1 2.97 110.05 4 0
-14.35618836183147  11.75754733446438   94.8714931445747 0 2.51 66.04000000000001 1 0
-17.69343070073816  12.28218110277802  96.49543650455536 0 2.82 94.05 54 0
-19.24176360103308  8.415270920805549  97.81781918403803 0 2.35 54.03 20 0
-17.20492002720059  7.129713447708419  99.09442063659807 0 2.35 54.03 20 0
-14.10552900463689  7.422085748224339  102.3109740414805 0 2.95 108.05 3 0
-14.81900954529917  11.82285198157219  100.2356725757871 0 2.95 108.05 3 0
-19.03656623608956  10.42853342678746  102.2873666130433 0 3.06 120.07 18 0
-20.17606409944258   14.1889102726818   104.370971823855 0 2.78 90.06 9 0
-19.37845960425939  11.31976176578962  107.2955902577371 0 2.95 108.05 3 0
-18.89456554924068   10.8467653824069    111.53516830724 0 2.9 102.07 6 0
-15.23806088955976  9.757032294488731  111.1856578947685 0 2.78 90.06 9 0
-14.63469043665536  4.814291790487218  112.3752067634919 -1 2.97 110.05 4 0
-10.91639914308639  4.709395412141678  114.1788252578742 0 2.9 102.07 6 0
-12.49979541891765 0.8469078716640569  113.9390830993483 0 2.78 90.06 9 0
-12.55628424645537  0.758584415801605  110.0187773662719 0 2.51 66.04000000000001 1 0
-7.63716478101542 1.957277687561821  109.452025897883 0.5 3.14 130.08 23 0
-8.408997433435234 -1.959079390654805  112.1298665735887 0 2.9 102.07 7 0
-12.43624086641292  -5.83094362818331  109.0423225949643 0 3.48 176.13 11 0
-9.193990155186542 -2.428335831558586  105.0573211321017 0 3.33 154.1 56 0
-10.70748402376612  -7.78867697775752  102.8060998525855 0 3.21 138.1 45 0
-9.336568640537518 -7.992198170480054  108.0147322308053 0 2.35 54.03 20 0
-8.126787547760534 -7.652302529111824  111.8626681353571 0 2.9 102.07 7 0
-5.152194012116425  -4.72535224612741   109.172389258239 0 2.9 102.07 26 0
-2.433491587634012 -3.930112440825497  112.6124095863519 0 2.35 54.03 20 0
-3.777373495342137 -6.203293155652689   114.984452778554 0 2.82 94.05 54 0
0.1729963221212288 -8.733678655190893  114.0234352868506 0 2.86 98.09999999999999 15 0
1.577313069299748 -8.52232096417165 118.1927881715639 0 2.9 102.07 7 0
 11.93280798280221 -24.24246233997055  106.1984226944145 0 2.9 108 39 0
  3.80916495032597 -8.401940984167402  116.8373856966602 -1 2 16 14 0
  21.81423276587055 -0.1892332689808596  -129.5807933276211 1 2 14 43 0
 21.19770451264781 -1.216787067075852 -132.3969048563914 -1 3.08 122.06 19 0
 18.75189836614084  2.819129658081732 -130.3000468288687 0 2.78 90.06 57 0
 18.41174846648113   6.59384374726528 -130.1600980957858 0 2.7 82.04000000000001 50 0
 18.18036444732378  7.766112755210785 -125.3180933552706 0 3.06 120.07 18 0
 15.96576701667025  10.44158879449754 -128.6897505555003 -1 2.97 110.05 4 0
 13.95146166475906  5.888339534092201 -130.8165343334148 0 2.9 102.07 34 0
 14.62240351735727  3.957695262999818 -125.1420356001781 0 3.21 138.1 45 0
 13.02419359757774   8.15995276056703 -124.8066089221795 0 2.95 108.05 3 0
 9.775781098176147  8.311029063848011 -129.1205460219775 0 3.06 120.07 18 0
 10.38335188840919  2.855334474535579 -129.0640446666757 0 3.21 138.1 45 0
 8.878752280743122  3.951976098320071 -122.8951568953207 0 2.95 108.05 3 0
5.899863914962382 7.765036476015228 -124.361752873089 0 2.9 102.07 34 0
 4.352370901034774  6.409175194320775 -127.8199616031889 0 3.21 138.1 45 0
 4.060404790867406  1.891037638725593 -124.3794147065683 0 2.51 66.04000000000001 1 0
 3.667039174364064  4.315731179121305 -120.8346531066134 0 3.06 120.07 18 0
 0.21297905139558 7.496173277036259 -124.446323892757 0 3.33 154.1 56 0
-0.5816224883719241   1.513499829606034  -125.4610666988304 0 2.7 82.04000000000001 50 0
 -1.22080103836348 0.6314802131410859 -121.6825805947596 0 2.51 66.04000000000001 1 0
-3.553744907541118  3.219762982003975 -121.1575527276102 0 2.51 66.04000000000001 1 0
 -6.02578241408087  1.641329648296039 -123.3222510506369 0 2.51 66.04000000000001 1 0
 -5.22650911060411  -2.66941799877114 -122.5328652206032 0 3.33 154.1 56 0
-6.734734933370905  1.464962065382999 -118.1807606141648 0 2.86 98.09999999999999 15 0
-11.07767980359319  1.626829602763179   -118.11282807652 0 2.35 54.03 20 0
-9.755087854007407  5.033290339531201 -115.7252020884398 1 3.03 116.08 52 0
-8.626649264668977  5.561724267977987 -119.7667371933561 0 2.95 108.05 3 0
-12.17157493886829  3.446190230738028 -122.2042941246198 0 2.95 108.05 3 0
 -15.4163152254622  6.172941112155759 -119.4714148363347 -1 2.97 110.05 4 0
-13.45897778712573  9.661278842780984 -120.2587559920593 0 2.51 66.04000000000001 1 0
-14.25976400461038  12.92770972909461 -119.3754753193045 0 2.78 90.06 9 0
-13.33692234074551  15.73458590206844 -122.1423921011508 0 2.51 66.04000000000001 5 0
-10.09760400228295  16.96133626668099 -120.2638689294707 0 2.35 54.03 20 0
-10.01979759693013  14.48287715420174 -118.3253280786671 0 2.82 94.05 54 0
-6.206182192615344  14.11849249567558 -116.6241780445816 0 2.95 108.05 3 0
-4.425687305283734  10.30719424190517 -119.2137240808471 0 2.9 102.07 26 0
-4.819971061562849   8.03336207001923 -115.3985861209144 0 2.82 94.05 54 0
-2.634964375988927  4.604799985968779 -115.4202629515964 0 2.86 98.09999999999999 15 0
-4.139456392364258  1.686288146510187 -112.5113555118549 0 2.82 94.05 54 0
-0.677704135298578   1.70349134905999 -110.9587047403052 0 2.35 54.03 20 0
 2.963242608640429  2.902743270603584 -112.3673380150121 0 2.95 108.05 3 0
 1.099840973163089  1.726045638963105 -116.3610559710311 0 2.51 66.04000000000001 1 0
0.7251375182734359  5.667201076435977 -117.2668894016334 0 2.86 98.09999999999999 15 0
4.226263535573712 6.791020644591193 -115.665752226527 0 2.78 90.06 9 0
 6.465409853763145  9.219297101386164 -118.4163803889437 -1 3.08 122.06 19 0
   1.3960200032377  9.761705930544192 -119.7305951032208 0 2.78 90.06 57 0
0.4018501946174275  9.904619536560698 -115.0277783743872 -1 3.08 122.06 19 0
  5.65664336281708  12.84559298693978 -116.0624252088341 1 3.03 116.08 52 0
 2.413685980497593  14.70290183282185 -118.8812964997434 0 2.51 66.04000000000001 1 0
-0.4469813441038113   18.31374438203001  -120.1905751688112 -1 2.97 110.05 4 0
 -2.36981439917014  14.51474054340386 -120.7545689177031 0 2.51 66.04000000000001 1 0
-5.778663891025841   15.6886824082135 -122.0102622312527 0 2.82 94.05 54 0
-8.84839474315617 11.95678850719067 -122.101489964618 0 3.21 138.1 45 0
 -9.45643901841262  15.08607132959803 -127.1670457405337 0 2.9 102.07 7 0
-13.36652738775172  10.21940297105635 -128.7402762371602 0 3.33 154.1 56 0
-13.12772294943382  8.393520863115469 -124.8660275304752 0 2.7 82.04000000000001 50 0
-12.67621530089653  5.077558747638199 -128.4083736719843 0 3.21 138.1 45 0
-16.39311078622406  2.020961588412653 -124.5201377086304 -1 3.08 122.06 19 0
-18.42641688703853  -1.10184928960842 -127.6552121279436 -1 2.97 110.05 4 0
-16.97374412931401  1.137108307348872 -131.2163609336659 0 2.7 82.04000000000001 50 0
-18.41299243815761 -0.800994732493975 -133.9286852071991 0 2.35 54.03 20 0
 -17.1619543912247 -3.852303083990996  -135.738333295984 0 2.78 90.06 12 0
-14.97390148878196 -5.429137909590337 -132.4114965849386 0 2.35 54.03 20 0
-14.78030817132953 -3.829674460821471 -128.7937177959544 -1 2.97 110.05 4 0
 -13.26635381679133 -0.2892660162982823  -131.3094330704403 0 2.78 90.06 57 0
-11.56286976916585 0.3399238507968629 -127.4782223895359 0 2.82 94.05 54 0
-9.985243410361578  4.058713650544795 -126.8977651872027 0 2.35 54.03 20 0
-6.77334790153739 7.093180795828591 -125.654909415771 0 3.21 138.1 45 0
-7.823598825817911  11.19888754043604 -129.0633274124938 0 2.9 102.07 34 0
-4.728311991150271  12.50352341020603 -126.8353106435099 0 2.51 66.04000000000001 1 0
-3.738939208457317   16.8868519615732 -126.2996639419499 0 2.9 102.07 34 0
 1.051851013702649  15.70234650398496 -124.9511684943654 -1 2.97 110.05 4 0
0.1857950594706423  20.18202201114741 -124.2808017891384 0 2.95 108.05 3 0
 4.494764776486203  18.09964785300207 -122.5266404664985 0 2.82 94.05 54 0
 5.511589189448324  15.69282376863874 -125.6088301110448 0 2.95 108.05 3 0
3.835841833468537 19.62781482303709 -128.126690769976 1 3.03 116.08 52 0
 1.837760902054923  14.74452350279723 -129.0186927803626 0 2.9 102.07 34 0
-2.194297093899197  14.43826081529987 -131.7052483031388 0 2.9 102.07 26 0
-2.149574541458531  10.37606681856787 -129.2370214261344 0 2.78 90.06 57 0
-5.099970729599384  7.328537561460511 -131.7574614387163 0 2.9 102.07 34 0
-4.624608961140849  4.615427133785948 -128.2440721811161 0 2.7 82.04000000000001 50 0
-6.379288414878459  1.914046859737109  -131.262012324186 0 3.21 138.1 45 0
-8.968985437905859 -2.125798407085122 -125.6568125271667 1 3.25 144.09 2 0
-6.502772765066478 -4.369419118837728 -127.0889393393665 0 2.35 54.03 20 0
-7.107631420095061 -7.961139316636565 -126.7037613526546 0 2.7 82.04000000000001 50 0
-9.356249747630759 -6.639260830264345 -121.7531529042956 1 3.25 144.09 48 0
-13.23900327804906 -8.478551270259484 -125.3858310934265 0 2.7 82.04000000000001 50 0
-15.37527374859218 -12.22736162298594 -126.2112403815501 0 2.9 102.07 6 0
-16.66975022898423 -8.919051803647051 -128.6856942314432 -1 3.08 122.06 19 0
-11.77594459717341 -7.810736741605958 -129.0675767549303 0 2.95 108.05 3 0
-10.23305148619899 -14.26195470680239 -129.2252117391888 0 3.48 176.13 11 0
-14.40413019663811 -13.35452468184372  -132.232154912778 0 2.9 102.07 6 0
-12.06489912353189 -10.77761017338256 -134.7168737450272 0 2.35 54.03 20 0
-8.500259733556192 -11.39199285390916 -133.4998589552761 0 2.95 108.05 3 0
-10.62137962199495 -15.56375809568365 -134.9799205358399 0 2.9 102.07 7 0
-12.39626918240185 -12.85223396950249 -138.8069704520337 0 2.95 108.05 3 0
-7.988373980220191 -16.30737135222355 -140.2118148154321 0 3.21 138.1 8 0
 -10.4580637518107 -13.78505979812627 -143.9594275170621 -1 2.97 110.05 4 0
-6.772779758597965 -12.23397672900258 -146.6294418042753 0 2.9 102.07 34 0
-10.78867420535769 -7.901334286680487 -146.8789581308845 1 3.03 116.08 52 0
 -10.5602917803557 -7.884673697801847 -150.4954803476831 -1 3.08 122.06 19 0
-7.232194279803223 -3.389163379201341 -148.8375306690197 0 2.9 102.07 26 0
-7.606018913848137 -2.388731224126274 -153.6048817930903 0 2.95 108.05 3 0
-9.016987267089478  1.159802119309451  -150.564543405541 -1 2.97 110.05 4 0
-5.426978096418401  1.249705463119811 -148.7737459274442 0 2.9 102.07 6 0
 -2.987490375446455 -0.9199729631447999  -151.4191918737728 0 2.86 98.09999999999999 15 0
-2.968035042161184 -1.930980441030989 -155.4835810577929 0 2.7 82.04000000000001 50 0
-3.179396559367989 -5.953105697000121 -153.9964278016357 0 2.35 54.03 20 0
-3.018175618219065 -4.500182510339978 -150.9137583305398 0 2.86 98.09999999999999 15 0
 -5.55485026419967 -10.05721251318382 -149.7615025249941 1 3.25 144.09 48 0
-6.506448514620242 -7.890763510611138 -145.4067334626584 0 2.35 54.03 20 0
-7.200804182280681 -9.554874786828233 -140.5670022746049 0.5 3.14 130.08 23 0
-11.67199392101828  -9.27805328847867 -142.5519844592151 -1 2.97 110.05 4 0
-11.24770932143926 -7.472685377224141 -138.9328327148883 0 2.35 54.03 20 0
-7.463186863730313  -6.59894939471254 -137.6876880380476 0 3.21 138.1 45 0
-10.01260439604055 -4.131039202986105 -142.0930187473738 0 2.82 94.05 54 0
-13.70724336294382 -4.522202782937543 -140.6113075671749 0 2.7 82.04000000000001 50 0
-12.94868421763025 -2.870784606673792 -137.1846499989985 0 2.7 82.04000000000001 50 0
-10.12089330755205  2.159680221913013 -139.3980219356446 0 3.48 176.13 55 0
-12.58505526123279 0.8408001545294157  -143.516896579583 1 3.25 144.09 48 0
-16.40095054033383 0.6453293016157184  -138.338220249723 0 2.7 82.04000000000001 50 0
-14.42120892652289  3.681603638878893 -136.6430177972468 0 2.78 90.06 57 0
-12.86277304379966  5.740630197900878 -139.7438656319228 0 2.51 66.04000000000001 1 0
-15.55546871452743  8.271966577928936  -140.961706022164 -1 2.97 110.05 4 0
 -15.6802972788605  9.095723241575403 -136.2101395561698 0 2.82 94.05 54 0
-11.61209576406604  8.368442950360823 -135.2664548184077 0 2.9 102.07 34 0
-10.90313636999241  10.16543563992768 -141.2881823122945 1 3.25 144.09 48 0
-14.04238387584593  14.34001815878194 -137.5015607237756 0 3.06 120.07 18 0
-12.65584887518831  13.45687318458065 -133.5123891656888 1 3.03 116.08 52 0
-7.617670584628708  13.46057916705217  -135.905681229198 0 2.78 90.06 57 0
-8.692269136881766  15.76999441834512 -139.6985118649327 -1 3.08 122.06 19 0
-11.12458302612037  18.53906905857568 -135.5535964373838 -1 2.97 110.05 4 0
-6.871195095329869  18.31355477446084 -133.6344621261932 0 2.51 66.04000000000001 1 0
-4.483921768658075  18.93843593411789 -136.5908299414251 0 2.78 90.06 57 0
-7.353756093305289   22.4459570306474 -137.0274691392521 1 2.78 90.06 48 0
-6.380144727101836  23.20390367651046 -133.0413599010368 -1 2.65 78.05 19 0
-3.373179992313236  21.78270511842437 -131.4895420007324 0.5 3.14 130.08 23 0
-0.9590162006546663   22.77431129747951  -136.2629488019039 0 2.78 90.06 9 0
 2.377301442667619  22.49601430942487 -133.7208417154245 -1 2.97 110.05 4 0
0.8704187602609821   19.8341281883399 -130.9123560152716 0 3.33 154.1 56 0
 4.554323656387643  13.61176412416273 -133.6001468191635 1 3.25 144.09 48 0
0.0722386692757393  12.63330406050063 -135.4623914780998 0 2.78 90.06 57 0
 1.122151155656248  9.424240858046275 -132.8484866969141 0 2.78 90.06 57 0
-2.065305216309159  6.851416835987758 -135.1826194087936 0 3.21 138.1 45 0
-0.3523059173000891   3.627417698468849  -130.4528198248209 0 2.82 94.05 54 0
 -0.3607088348033099 -0.05885554960412187   -129.9804164097799 0 2.35 54.03 20 0
-0.480838793014402 -4.434049144249503 -127.1159271166063 0.5 3.14 130.08 23 0
-1.850202458371436 -6.454581793814864 -130.0344878957341 0 2.7 82.04000000000001 50 0
-5.884753973710646 -5.521270767698372 -131.7833036889628 0 2.9 102.07 34 0
-3.909595373308789 -2.058779932538108 -131.6588859141362 0 2.35 54.03 20 0
-1.542412963113797 -2.133421245985927 -133.6817947479489 0 2.35 54.03 20 0
-3.202935977059882 -3.444765502877325 -136.0410737903063 0 2.51 66.04000000000001 1 0
-6.366231328599346 -1.226789675019489 -135.4252208803521 0 2.9 102.07 34 0
-2.819238832085071  1.522611770681059 -135.9556593792264 0 2.51 66.04000000000001 1 0
 -0.897916893827858 -0.2622731748352569  -138.7623386981898 0 2.82 94.05 54 0
  -4.684804298376332 -0.01626144119272954   -140.8257751731889 0 2.78 90.06 57 0
 -5.23565455371909   3.67862685657289 -139.7715785487811 0 2.51 66.04000000000001 1 0
 -2.45999565884174  4.934073911178162 -140.9365521256167 0 2.35 54.03 20 0
-2.416049544056136  3.785767456751075 -144.0128086279798 0 2.51 66.04000000000001 1 0
-6.725206352429087  4.768689328250844   -144.46882756797 -1 2.97 110.05 4 0
-5.725877241071764  8.409961113454266 -142.4422651617405 0 2.9 102.07 34 0
0.1971883360505435  7.455306504091456 -143.4837726714308 1 3.25 144.09 2 0
-2.259346775902115    12.174537988703 -147.0873756742633 0 2.35 54.03 20 0
-5.027884259364615  13.95078246185601 -145.6308119697816 0 2.95 108.05 3 0
 -1.30113798054113  16.97004710683514 -144.4989001918435 0 2.35 54.03 20 0
-2.629774848450534  14.46363826607909 -141.2542903741073 0 3.33 154.1 56 0
  2.99129370710717  13.40624234904172 -141.2659221498368 -1 2.97 110.05 4 0
 0.515472999881128  9.459699363495567 -139.4544574418919 0 2.9 102.07 26 0
  4.36681146735208   8.58093762446898 -136.8493056413017 -1 2.97 110.05 4 0
 2.932078584351975   3.99179233196237 -136.2186527001951 0 2.78 90.06 57 0
 5.229267754368891  4.297783295239873 -132.3776085026619 0 3.21 138.1 45 0
 3.706817861325306 -1.341806690049908 -132.9547161685157 0 2.7 82.04000000000001 50 0
 4.308631290144432  -1.26780812815156 -128.8495174062258 0 3.33 154.1 56 0
 2.782514645603915 -6.925704536086091 -130.4789085102003 0 2.35 54.03 20 0
  1.81713848325521 -6.908298367380064   -133.52863897878 0 2.51 66.04000000000001 1 0
-0.2179994596982642  -8.775071920966845  -135.4692821963885 0 2.78 90.06 47 0
 2.200645706216147 -11.71646095613026  -139.508907949733 1 3.25 144.09 2 0
-2.007555256982868 -6.790541442560385 -141.1874286606791 0 2.78 90.06 57 0
-0.9896702875611663  -9.003075250317707  -144.4086584572876 0 2.35 54.03 20 0
-0.7038466128780954  -8.999976344862947  -148.4146939399145 0 2.95 108.05 3 0
 5.619472880298067 -9.450373826796977 -149.9062387308592 1 3.25 144.09 48 0
 1.490768521407971 -6.154349251303144  -150.727873338338 0 2.51 66.04000000000001 5 0
-0.5910232879150215  -3.825767677593794  -146.5530224636812 0 3.21 138.1 45 0
 4.146924703286031 -5.379177403509419 -146.5270194913059 0 2.51 66.04000000000001 1 0
 6.107815272787174 -4.771652260718329 -150.3184720426278 -1 3.08 122.06 19 0
  1.93550616046958 0.3894222206984272 -148.8806455400935 0 3.21 138.1 8 0
  3.223079648069434 -0.7052514783781527  -144.5627914328041 0 2.9 102.07 34 0
  7.953476610839735 -0.9569914514867164  -145.9823222203435 0 2.82 94.05 54 0
  7.42727146023035  2.302337060755693 -148.8522934509762 0 2.78 90.06 12 0
 3.268095544610016  4.616443100579706 -146.6105146820307 0 3.06 120.07 18 0
 5.224727061503341  8.381271500334908 -147.5222681038895 0 2.82 94.05 54 0
 3.830201662238156  10.27846330560132 -144.0082475808892 0 2.35 54.03 20 0
 5.560162792505885  8.533671799177274 -142.0530447459195 0 2.35 54.03 20 0
7.344325949334946 6.344633201104977 -139.495838867752 0 2.82 94.05 54 0
 5.928361844371373   1.70395046534636 -138.9591466894422 0 2.9 102.07 34 0
 8.552596292380674  3.584931214492649 -135.4953312971348 0 3.33 154.1 56 0
 7.514211921521239 -4.460451591334064 -136.7332176706601 1 3.25 144.09 2 0
 8.028333539160606 -2.773131734214555 -131.3805760996469 0 2.9 102.07 26 0
 9.224615236812259 -7.137161408142985 -131.4574733434505 0 2.82 94.05 54 0
 9.713939201146061 -9.289503570553475 -126.2846308561503 0.5 3.14 130.08 23 0
 11.64916040985885 -11.98679310597563 -127.5626840967352 0 2.82 94.05 54 0
 9.498427479087171 -15.45171120305807 -127.9243628318933 0 2.95 108.05 3 0
 5.398155958396632 -12.28815034303929 -128.7302196744926 -1 2.97 110.05 4 0
 2.933587212085461 -15.86686091668027 -130.1942174916178 0 2.9 102.07 6 0
 1.274406757068245 -12.18216192468008 -131.4728443438634 0 2.78 90.06 57 0
  4.43433117712428 -11.29651483336798 -133.7043084264828 0 2.78 90.06 47 0
 6.083562845804208 -16.04308298533632 -133.9612768733382 1 3.25 144.09 48 0
0.2128213163836321  -14.9474049064904 -135.3700041685776 0 2.9 102.07 7 0
-1.213549489082656 -14.84760791705832 -138.9005898060533 0 2.78 90.06 47 0
0.2575237816363263 -18.16996758337037 -140.0361683973864 0 2.78 90.06 9 0
 4.826654845643789 -16.62612357390352 -144.0676678892132 1 3.25 144.09 48 0
 1.418798079038812 -20.83895444329708 -143.7890598476503 -1 3.08 122.06 19 0
-3.000600590656777 -18.97409025261529 -143.0957496414978 0 3.21 138.1 8 0
-0.5915591623314107    -14.993144852165  -146.4442003647508 0 2.35 54.03 20 0
-1.379027993845735 -13.03728654832156 -143.1868168757312 0 3.33 154.1 56 0
 3.525217650521169  -10.6516852833672 -144.4364245695507 0 2.7 82.04000000000001 50 0
 5.431826376860914 -8.728970489364094 -140.5729085448418 0.5 3.14 130.08 23 0
 6.647557015128834 -4.787709414496323  -142.172158441716 0 2.7 82.04000000000001 50 0
 10.45101551040412 -3.415798325688924 -143.0711882002128 0 2.7 82.04000000000001 50 0
 11.65339881900973 -2.305822473444584 -140.1849520645147 0 2.78 90.06 47 0
 11.81428697635411 -6.356898079652288 -136.4360706907876 -1 3.08 122.06 19 0
 12.86221545287863 -1.078415214207591 -134.6036267828322 0 3.33 154.1 56 0
 14.65539320414178 -8.772188509990261 -131.2752038352482 0 3.48 176.13 11 0
 12.80129671032569 -5.835242837970799 -127.4136961739948 0 2.9 102.07 26 0
 17.85422305156391 -8.388373025022375 -126.5791131835382 1 3.03 116.08 52 0
 15.16422293797043 -7.837850199887167 -123.0833939317859 0 2.7 82.04000000000001 50 0
 13.46286215472327 -9.885944092776747 -120.8147335474727 0 2.35 54.03 20 0
 10.17905905110956 -11.07233798093222 -119.2542019787144 0 2.82 94.05 54 0
10.02288005736548   -8.897373364962 -115.516124650052 0 2.9 102.07 7 0
 14.07507655694253 -7.173393262303381 -117.6754062967678 0 2.78 90.06 12 0
 14.76920929614823 -3.664038986801837 -117.4788042613652 0 2.78 90.06 9 0
  14.5934058426546 -1.883298800712875 -121.6530297723957 0 2.78 90.06 57 0
  18.49115255129646 -0.8007434861738956  -122.5031313276511 0 2.82 94.05 54 0
20.54829826939567 2.946072427802922 -126.170909146296 1 3.25 144.09 48 0
  22.3401654036016 -1.529855886865351 -126.1224840712896 0 2.95 108.05 3 0
 18.49323846711607  -4.24001445244011 -125.2373536934727 -1 2.97 110.05 4 0
 16.40182173312769 -2.014381530347939 -129.0387464955961 0 2.9 102.07 26 0
 17.82429957830381  -4.83496568963827 -132.5278426347339 0 2.78 90.06 12 0
 17.19474874305474  -1.95561715690912 -137.3450572760001 1 3.03 116.08 52 0
 15.68117503011432 -6.524745836605129 -137.8503609642791 0 2.9 102.07 26 0
  16.2784107847612 -3.984882317004814 -142.2826332776715 -1 3.08 122.06 19 0
  13.1711369597735  -7.29179319026662 -143.9806612357921 0 2.35 54.03 20 0
 9.923992820275704 -8.059772401006043 -146.0730904294628 0 2.9 102.07 6 0
 8.928253386725675 -11.92576779591677 -143.9666078949847 -1 2.97 110.05 4 0
 12.70396309764886 -11.37915088486722 -141.3592193133342 0 2.51 66.04000000000001 1 0
 14.75856932614694 -14.18162490786216 -139.9541030719246 0 2.82 94.05 54 0
 16.24895524999823  -13.0020438199657 -136.0188313747354 0 2.35 54.03 20 0
 14.14673620748017 -11.93185385258544 -134.6526434081243 0 2.35 54.03 20 0
 9.930258542487289 -12.56817310673822 -133.2909033495945 0 2.95 108.05 3 0
 10.64407817130258 -14.70690688253099 -137.6611382940327 0 2.95 108.05 3 0
 13.63981552640369  -16.8439036585069 -134.4362104539539 0 3.06 120.07 18 0
 12.94889669083264 -21.12146212770238 -135.4389191773889 0 2.78 90.06 9 0
 11.47731646133692 -20.47665489861729 -131.5866141097872 0 2.95 108.05 3 0
 9.213208542279389 -22.36317246746402 -128.4646327090508 0 2.9 102.07 6 0
 6.409083127618395 -19.76025799351383 -128.6681491901064 0 2.78 90.06 9 0
 6.300353320540854 -16.79405692757573 -124.4968669927954 -1 2.97 110.05 4 0
 2.268597124351578 -16.06893439405524  -123.941104135072 0 2.9 102.07 6 0
 4.501782625371558 -14.01331547722484 -121.0652141065809 0 2.78 90.06 9 0
 6.357829888051761 -11.73265218889727 -123.6601038122442 0 2.51 66.04000000000001 1 0
 2.112874417178995 -9.994593067566491 -125.8771542502251 0.5 3.14 130.08 23 0
 2.319750706137299 -9.205553466231876 -121.1401691542096 0 2.9 102.07 7 0
 7.976973865473719 -6.620661632017174 -119.7059061056406 0 3.48 176.13 11 0
 6.321420361071699 -5.189389295872426 -125.4661811203389 0 3.33 154.1 56 0
  9.702680237619434 -0.9271969279119654  -122.9181002719783 0 3.21 138.1 45 0
 6.173682636686609 -3.150441704456653 -119.5042989139896 0 2.35 54.03 20 0
 3.300488924575384  -5.03816829335454 -117.3672550952003 0 2.9 102.07 7 0
 1.378439201212831 -4.145395500747638 -121.8574139676007 0 2.9 102.07 26 0
-2.707005272615527 -5.425709689794918 -120.6215223433272 0 2.35 54.03 20 0
 -2.18237286201778  -5.84264571147509 -117.1357106390511 0 2.82 94.05 54 0
-4.683160686754969 -1.772665319426908 -116.7993374010215 0 2.86 98.09999999999999 15 0
-7.847098403806282 -3.668541510521103 -114.3919669127092 0 2.9 102.07 7 0
-8.314871636253667  18.63186375913655  -113.557080099504 0 2.9 108 39 0
-9.189544727355099 -1.961684773349599  -115.847043534099 -1 2 16 14 0
2
0 271 0 272 -2.852384994866952e-12 -3.890221478286549e-12      100.3863483714939
272 543 1 272 2.934541498689214e-12 3.135269821541442e-13    -132.2007293434193
randomstate
2071409035 2406181932 269519357 3556353163 3786586777 3947675470 3560329705 208659490 3578305734 4281315429 3688191344 4118810898 431616602 1881766536 4225015344 3614786586 698632913 2623639955 3955401388 2487085994 2853680638 1763406807 3330552519 3412778760 1812038550 2832004484 3136312528 613013265 2038705189 106149013 4007642321 2859239879 1965422563 666039274 2607565557 3364172387 12442964 3959800874 593465989 2872458480 3757520577 279773065 3463104221 814366463 3692353269 314799131 1229281490 2002439022 4059489384 2227815949 2832353265 1545081924 3676477695 3900438908 1596240440 2924027188 2044385305 1487902742 3145456502 4002261032 2095851953 2111501532 2727426646 3990930582 773518011 831300745 949570437 3874952697 1716759215 2226323193 3904186164 409810823 274690903 2319416200 1276398309 2957794672 1859880251 2613931004 537478698 2491424461 2801048209 4133016308 603986412 4159321745 2055175932 2095447998 3014409171 797771084 2216862429 1288043723 307356406 3268101290 3656014672 1010482899 2234438860 1401296336 2726401876 3541712720 559007609 1875316427 2959819058 280182410 150754777 2182363253 3148436697 1873094982 940863178 1438629619 1022175143 3012977164 845044126 2043584512 2826944214 1201470637 1766277486 1480432681 458735051 3844054209 2403992258 4071979276 4235186989 1946488705 2792012794 453476783 559498667 1187312698 3154281260 1390891407 2573819199 3041907924 299012089 1695913031 2310689738 583377844 507336711 788291921 3595136749 2154650447 1974153295 3246709729 267109053 3849125273 2652634499 3943067478 2103308396 3534795825 676679094 494015696 2801715913 4154759512 2550243388 3253441160 3768061289 221680678 298009749 3803163299 2394037675 3775539379 2495842218 3036685678 618791422 1094706890 2230029956 3764644988 3735373195 1279470500 3155728327 112046078 2583527117 2124091432 3199250131 1395128689 2447666861 734822736 182775137 2744435956 3256821588 2421792167 2331858701 2502563017 3888502637 1134103599 3100007776 571511660 989453986 1128756237 981460249 3326975630 1174809058 11322236 270889036 3387382379 1603489498 594853391 3282261570 2615395526 1426664713 160738075 3517143369 3467522901 3197058704 2818562955 816955635 2874458080 41622045 4019235764 772859652 906178132 3304747699 2212994692 4199734176 3994091057 3011524083 3400503735 2734035584 2858654015 361740095 651889377 246949700 2177034803 4207869850 3117637551 3472071962 1403266435 3394523725 990727751 513908644 4117308831 3939902488 1470809524 4214273818 158709546 1243871919 174746780 1124872647 741137659 661162654 978220882 4007094604 2761579469 3785206552 1104596871 3725126264 2886524208 1167354688 2732304438 2507079251 900167168 3562976436 2989797429 1730458980 603632510 3190939679 2791813348 3785951190 3111841183 1831634634 2317543854 2798824099 2561181445 3854535612 1643118642 73257914 2306880407 1413850644 2394774868 1068463702 223849209 1762599986 1408076469 4290962279 2736645728 278142417 2952737593 3165740005 3164446525 4123979868 649726426 2830199216 2800153650 3559525405 3260177079 2230310019 3455225292 4248708553 2009076047 539201994 3144990919 3601796131 4225106395 2589406210 1404781134 437702024 127328047 3061788452 1167573311 1769482341 820968730 297294352 2019787118 547585249 2469779289 1280659785 774303928 1381877708 2085339113 3996935707 2600757522 1350742343 1126827482 834228774 298964059 414568799 3690180018 317113039 2788845119 3800758310 2406865865 3944246634 3604331752 715790156 2403426588 436947201 1848766278 3849935086 132563401 1433814905 1169276360 732067996 1289837538 3350022429 1325394742 2915609034 2053853644 792595779 3182024261 2933382076 1185569450 1846451615 874986717 3488903751 4291219004 3117556322 696698572 3563539815 1692915381 2470634136 3113306095 96085888 695383189 1144855743 3981234924 2055770702 1461092556 380448452 2502529925 3306382138 2814731129 2868284723 1734204728 3462219402 2938883468 3108006805 1228549630 1498724666 505971273 384191369 1043094202 3585740512 3643538232 1906543057 48290325 1467531212 424342313 2569603962 2032233749 1519971394 2308038305 1546747246 4262916102 1483093357 4274741527 3748983553 63432012 2427720370 2084387052 3350807656 3740538579 4065993371 904862361 1939423102 3964944315 2959653118 1257715522 2866571189 3942359398 3669978938 3356812701 3525839157 243864480 676622061 3817583239 2374922889 179095154 3428106518 1672905426 2438141431 2155938448 3990592813 508705998 3947730814 3056417661 1293281579 3687884576 497538827 2008271414 1580685929 646072571 2026281364 3015888046 2487403995 1965066676 1107061073 1946186681 4167318417 701807914 2376166202 571548863 3467819145 4033034510 2623357017 3307868933 856835779 4058217506 2533001828 23428249 3905391411 2975928044 2107117439 1284443394 918586678 862981430 3330539641 4012826996 1230469964 3036423204 704001634 4281054729 830964631 1191065840 111706614 3531786491 2253820223 2166998950 2387527104 420847727 2429746800 3531876001 2965768046 887806116 38675870 419889292 1299700971 4144031216 3295527370 3719197716 2265152208 243112051 532637525 2062642693 2851974361 1348098910 3687573153 2713350227 4136910571 3155886759 2833730107 3350055513 3576916557 756609529 1386770942 3182697618 1185080212 791333710 4061700730 2393405142 2906353817 1184888505 1600051692 2782164814 1897151321 388171152 3484671609 3704882125 2215581366 171782180 2250692315 4288265152 3602215040 883298223 3233148611 2622187227 934693405 1623767607 2393044103 2237205396 1833169946 1550940249 1984478961 2235843960 96075695 2937656432 3176673154 1994624339 3141927296 517279810 3452770504 4183506387 2026237867 397199663 1183456278 3770922603 2160534521 2682402970 2102940467 3422461069 4270241879 1766879855 2575522249 2684688209 328302228 4205477811 1893010944 2844151788 574443804 332150858 2791922125 706299837 1182523939 1501251804 1500273239 1958461877 2627063299 1284638324 265646977 1550502162 2365491082 3565171163 972655524 2955862485 855808247 2752048376 3745303920 61467391 658213132 3049831284 2704812447 1737127317 1464403139 1975868418 1409266592 2577070236 1264740875 3330000746 723304743 4077920485 1551418328 2556442156 332230655 3709646930 2560720092 2797352556 2503991278 2447057010 369477712 1382901635 2484141680 2573687100 2218778308 2993182027 583481 4200880840 2367255232 97197657 2345897198 3637892067 2373600140 1376029177 767343274 290809005 1955051323 1385010702 272170120 3619169588 1897443048 3308723497 704425127 3903175211 2547886073 451629521 313815713 2724528401 2198241109 584803718 4232523622 1778031094 2963906212 1877730685 2895839296 2728170732 985977897 4255803895 3506160938 4201548117 29666429 665326651 3892655018 3697491006 2091427199 2430549482 690336830 2338665739 1841980391 2114733856 550