33.4 18
33.6 21
34 10
34.2 665
34.4 2279
34.6 4675
34.8 4272
35 1797
35.2 4876
35.4 8664
35.6 5326
35.8 9870
36 5675
36.2 8881
36.4 14922
36.6 15945
36.8 16280
37 16733
37.2 19393
37.4 35168
37.6 40460
37.8 56239
38 85043
38.2 74869
38.4 107300
38.6 177829
38.8 165229
39 161463
39.2 202492
39.4 230272
39.6 272030
39.8 323551
40 414747
40.2 490192
40.4 539904
40.6 639637
40.8 612944
41 672480
41.2 762737
41.4 708425
41.6 864917
41.8 801868
42 787976
42.2 797263
42.4 811749
42.6 799263
42.8 902588
43 788490
43.2 866276
43.4 708027
43.6 674640
43.8 689107
44 651505
44.2 597608
44.4 574795
44.6 529568
44.8 499946
45 447506
45.2 408343
45.4 381514
45.6 376625
45.8 331468
46 308412
46.2 276622
46.4 258518
46.6 234472
46.8 226532
47 206783
47.2 193252
47.4 176897
47.6 172351
47.8 160807
48 145457
48.2 136647
48.4 126670
48.6 121904
48.8 108742
49 101305
49.2 99690
49.4 93242
49.6 85903
49.8 81447
50 78163
50.2 72818
50.4 69194
50.6 66985
50.8 63100
51 60316
51.2 58682
51.4 55345
51.6 53513
51.8 50444
52 49417
52.2 47171
52.4 45545
52.6 44449
52.8 42712
53 41792
53.2 40513
53.4 39705
53.6 38826
53.8 37041
54 36876
54.2 35907
54.4 35383
54.6 35388
54.8 33854
55 33126
55.2 32782
55.4 32450
55.6 32113
55.8 31793
56 31246
56.2 30539
56.4 30665
56.6 30393
56.8 30168
57 29607
57.2 29596
57.4 29509
57.6 28672
57.8 28981
58 28617
58.2 28146
58.4 28315
58.6 28014
58.8 27887
59 27981
59.2 27992
59.4 27659
59.6 27379
59.8 27279
60 27107
60.2 27336
60.4 27016
60.6 26878
60.8 26933
61 27203
61.2 26634
61.4 26560
61.6 26783
61.8 26717
62 26189
62.2 26117
62.4 26163
62.6 26031
62.8 26422
63 25944
63.2 26147
63.4 25723
63.6 26325
63.8 26087
64 25875
64.2 25645
64.4 25787
64.6 25896
64.8 25768
65 25710
65.2 25673
65.4 25695
65.6 25740
65.8 25641
66 25603
66.2 25753
66.4 25681
66.6 25510
66.8 25567
67 25441
67.2 25505
67.4 25445
67.6 25293
67.8 25426
68 25546
68.2 25408
68.4 25087
68.6 25279
68.8 25489
69 25208
69.2 25145
69.4 25247
69.6 25195
69.8 25341
70 25197
70.2 25119
70.4 25297
70.6 25212
70.8 25165
71 25217
71.2 25421
71.4 25269
71.6 25018
71.8 25077
72 25144
72.2 24971
72.4 25232
72.6 24795
72.8 25055
73 25175
73.2 25272
73.4 24770
73.6 25237
73.8 24842
74 24916
74.2 25213
74.4 25006
74.6 24951
74.8 25066
75 24961
75.2 25236
75.4 25114
75.6 24837
75.8 25069
76 25073
76.2 24808
76.4 25165
76.6 24800
76.8 25015
77 24899
77.2 24717
77.4 24889
77.6 25180
77.8 24929
78 24727
78.2 24929
78.4 24902
78.6 24993
78.8 25120
79 24837
79.2 24869
79.4 24696
79.6 25032
79.8 25172
80 24836
80.2 24904
80.4 24789
80.6 24896
80.8 25062
81 25110
81.2 24668
81.4 24754
81.6 24767
81.8 24705
82 24928
82.2 24898
82.4 24848
82.6 24817
82.8 25055
83 24903
83.2 24730
83.4 24546
83.6 24855
83.8 24679
84 24710
84.2 24912
84.4 24637
84.6 24664
84.8 24420
85 24715
85.2 24996
85.4 24651
85.6 24930
85.8 24725
86 24547
86.2 25194
86.4 24748
86.6 24974
86.8 24869
87 24860
87.2 24636
87.4 25252
87.6 24710
87.8 24856
88 24820
88.2 24852
88.4 24661
88.6 24722
88.8 24876
89 24809
89.2 24598
89.4 24807
89.6 24786
89.8 24780
90 24732
90.2 24702
90.4 24725
90.6 24773
90.8 24782
91 24650
91.2 24535
91.4 24723
91.6 24618
91.8 24923
92 25013
92.2 24696
92.4 24704
92.6 24432
92.8 24665
93 24536
93.2 24719
93.4 24576
93.6 24796
93.8 24909
94 24594
94.2 24751
94.4 24587
94.6 24664
94.8 24632
95 24712
95.2 24688
95.4 24902
95.6 24693
95.8 24651
96 24474
96.2 24730
96.4 24537
96.6 24732
96.8 24701
97 24723
97.2 24558
97.4 24707
97.6 24663
97.8 24810
98 24743
98.2 24645
98.4 25017
98.6 24795
98.8 24786
99 24245
99.2 24869
99.4 24646
99.6 24519
99.8 24679
100 24599
100.2 24818
100.4 24635
100.6 24694
100.8 24590
101 24504
101.2 24667
101.4 24404
101.6 24495
101.8 24736
102 24490
102.2 24557
102.4 24597
102.6 24927
102.8 24660
103 24514
103.2 24777
103.4 24585
103.6 24672
103.8 24869
104 24311
104.2 24680
104.4 24551
104.6 24532
104.8 24641
105 24498
105.2 24468
105.4 24663
105.6 24674
105.8 24380
106 24730
106.2 24652
106.4 24328
106.6 24839
106.8 24789
107 24498
107.2 24844
107.4 24645
107.6 24261
107.8 24493
108 24544
108.2 24417
108.4 24544
108.6 24427
108.8 24704
109 24543
109.2 24632
109.4 24715
109.6 24290
109.8 24697
110 24283
110.2 24614
110.4 24576
110.6 24492
110.8 24743
111 24617
111.2 24380
111.4 24681
111.6 24515
111.8 24717
112 24596
112.2 24825
112.4 24779
112.6 24371
112.8 24623
113 24532
113.2 24773
113.4 24559
113.6 24811
113.8 25024
114 24493
114.2 24453
114.4 24691
114.6 24525
114.8 24671
115 24742
115.2 24861
115.4 24380
115.6 24291
115.8 24527
116 24480
116.2 24132
116.4 24620
116.6 24941
116.8 24576
117 24517
117.2 24452
117.4 24607
117.6 24406
117.8 24691
118 24577
118.2 24916
118.4 24654
118.6 24703
118.8 24826
119 24698
119.2 24511
119.4 24669
119.6 24452
119.8 24418
120 24678
120.2 24669
120.4 24630
120.6 24518
120.8 24692
121 24661
121.2 24673
121.4 24453
121.6 24709
121.8 24788
122 24780
122.2 24640
122.4 24575
122.6 24467
122.8 24719
123 24249
123.2 24570
123.4 24613
123.6 24522
123.8 24668
124 24620
124.2 24604
124.4 24692
124.6 24693
124.8 24955
125 24766
125.2 24667
125.4 24581
125.6 24726
125.8 24590
126 24703
126.2 24837
126.4 24505
126.6 24478
126.8 24567
127 25001
127.2 24735
127.4 24473
127.6 24815
127.8 24498
128 24236
128.2 24682
128.4 24846
128.6 24399
128.8 24853
129 24508
129.2 24765
129.4 24591
129.6 24511
129.8 24606
130 24590
130.2 24596
130.4 24645
130.6 24463
130.8 24661
131 24204
131.2 24510
131.4 24311
131.6 24658
131.8 24523
132 24524
132.2 24590
132.4 24635
132.6 24404
132.8 24812
133 25056
133.2 24784
133.4 24167
133.6 24682
133.8 24708
134 24462
134.2 24565
134.4 24698
134.6 24491
134.8 24916
135 24652
135.2 24551
135.4 24459
135.6 24366
135.8 24806
136 24812
136.2 24747
136.4 24492
136.6 24422
136.8 24595
137 24512
137.2 24539
137.4 24356
137.6 24647
137.8 24613
138 24790
138.2 24827
138.4 24351
138.6 24558
138.8 24637
139 24655
139.2 24609
139.4 24394
139.6 24855
139.8 24364
140 24526
140.2 24546
140.4 24873
140.6 24391
140.8 24626
141 24582
141.2 24422
141.4 24373
141.6 24485
141.8 24996
142 24621
142.2 24396
142.4 24500
142.6 24546
142.8 24394
143 24474
143.2 24569
143.4 24408
143.6 24637
143.8 24552
144 24668
144.2 24571
144.4 24446
144.6 24648
144.8 24483
145 24920
145.2 24282
145.4 24715
145.6 24515
145.8 24707
146 24705
146.2 24444
146.4 24605
146.6 24531
146.8 24611
147 24425
147.2 24323
147.4 24573
147.6 24558
147.8 24527
148 24532
148.2 24462
148.4 24441
148.6 24574
148.8 24722
149 24592
149.2 24327
149.4 24449
149.6 24401
149.8 24526
150 24495
150.2 24378
150.4 24780
150.6 24427
150.8 24509
151 24282
151.2 24433
151.4 24426
151.6 24663
151.8 24445
152 24596
152.2 24836
152.4 24896
152.6 24523
152.8 24615
153 24608
153.2 24490
153.4 24779
153.6 24437
153.8 24532
154 24654
154.2 24553
154.4 24545
154.6 24664
154.8 24495
155 24296
155.2 24465
155.4 24574
155.6 24509
155.8 24220
156 24505
156.2 24452
156.4 24603
156.6 24593
156.8 24799
157 24310
157.2 24453
157.4 24582
157.6 24642
157.8 24556
158 24579
158.2 24751
158.4 24717
158.6 24516
158.8 24526
159 24490
159.2 24639
159.4 24416
159.6 24762
159.8 24759
160 24559
160.2 24624
160.4 24507
160.6 24856
160.8 24424
161 24777
161.2 24711
161.4 24511
161.6 24414
161.8 24506
162 24655
162.2 24483
162.4 24652
162.6 24523
162.8 24771
163 24847
163.2 24555
163.4 24340
163.6 24617
163.8 24578
164 24728
164.2 24321
164.4 24494
164.6 24346
164.8 24883
165 24388
165.2 24503
165.4 24249
165.6 24421
165.8 24777
166 24428
166.2 24891
166.4 24460
166.6 24697
166.8 24868
167 24257
167.2 24825
167.4 24616
167.6 24764
167.8 24652
168 24623
168.2 24668
168.4 24669
168.6 24652
168.8 24244
169 24820
169.2 24891
169.4 24896
169.6 24442
169.8 24564
170 24621
170.2 24655
170.4 24831
170.6 24721
170.8 24655
171 24559
171.2 24524
171.4 24562
171.6 24613
171.8 24624
172 24332
172.2 24643
172.4 24640
172.6 24796
172.8 24798
173 24672
173.2 24365
173.4 24556
173.6 24598
173.8 25042
174 24647
174.2 24738
174.4 24708
174.6 24589
174.8 24727
175 24617
175.2 24655
175.4 24633
175.6 24554
175.8 24581
176 24778
176.2 24286
176.4 24413
176.6 24677
176.8 24653
177 24626
177.2 24887
177.4 25031
177.6 24632
177.8 24085
178 24849
178.2 24675
178.4 24835
178.6 24788
178.8 24716
179 24837
179.2 24549
179.4 24645
179.6 24664
179.8 24796
180 24547
180.2 24352
180.4 24447
180.6 24681
180.8 24590
181 24447
181.2 24524
181.4 24724
181.6 24460
181.8 24717
182 24601
182.2 24647
182.4 24569
182.6 24837
182.8 24499
183 24675
183.2 24527
183.4 24886
183.6 24840
183.8 24351
184 24668
184.2 24830
184.4 24500
184.6 24566
184.8 24670
185 24564
185.2 24809
185.4 24760
185.6 24646
185.8 24749
186 24701
186.2 24790
186.4 24711
186.6 24688
186.8 24839
187 24588
187.2 24611
187.4 24540
187.6 24531
187.8 24558
188 24773
188.2 24622
188.4 24738
188.6 24590
188.8 24706
189 24576
189.2 24789
189.4 24651
189.6 24557
189.8 24528
190 24880
190.2 24458
190.4 24654
190.6 24755
190.8 24371
191 24765
191.2 24763
191.4 24821
191.6 24668
191.8 24769
192 24855
192.2 24711
192.4 24847
192.6 24762
192.8 24776
193 24834
193.2 24738
193.4 24714
193.6 24591
193.8 24520
194 24613
194.2 24671
194.4 24888
194.6 24897
194.8 24630
195 24666
195.2 24763
195.4 24840
195.6 24806
195.8 24452
196 24528
196.2 24763
196.4 24762
196.6 24548
196.8 24459
197 24758
197.2 24971
197.4 24812
197.6 24849
197.8 24850
198 24719
198.2 24791
198.4 24574
198.6 24683
198.8 24830
199 24541
199.2 24976
199.4 24516
199.6 24563
199.8 24599
200 24751
200.2 24763
200.4 24713
200.6 24647
200.8 24494
201 24671
201.2 24875
201.4 24803
201.6 24818
201.8 24421
202 24440
202.2 24616
202.4 24973
202.6 24747
202.8 24900
203 24712
203.2 24556
203.4 24576
203.6 24473
203.8 24561
204 24725
204.2 24770
204.4 24817
204.6 24641
204.8 24663
205 24750
205.2 24710
205.4 24754
205.6 24678
205.8 24614
206 24843
206.2 24956
206.4 24715
206.6 24836
206.8 24746
207 25047
207.2 24733
207.4 24682
207.6 24693
207.8 24588
208 24711
208.2 24636
208.4 24900
208.6 24770
208.8 24713
209 24576
209.2 24666
209.4 24805
209.6 24621
209.8 24812
210 24436
210.2 24984
210.4 24778
210.6 24446
210.8 24575
211 24629
211.2 24827
211.4 24990
211.6 24743
211.8 24542
212 24723
212.2 24182
212.4 24743
212.6 24772
212.8 25007
213 24949
213.2 25001
213.4 24496
213.6 25071
213.8 24738
214 24675
214.2 24599
214.4 24680
214.6 24426
214.8 24614
215 24469
215.2 24903
215.4 24708
215.6 24628
215.8 24570
216 24881
216.2 24509
216.4 24495
216.6 24675
216.8 24843
217 25035
217.2 24685
217.4 24866
217.6 24616
217.8 24652
218 24668
218.2 24827
218.4 24394
218.6 24746
218.8 24890
219 24489
219.2 24896
219.4 24617
219.6 24503
219.8 24608
220 24983
220.2 25023
220.4 24619
220.6 24701
220.8 24570
221 24916
221.2 24706
221.4 24531
221.6 24448
221.8 24640
222 24646
222.2 24505
222.4 24498
222.6 24745
222.8 24956
223 24900
223.2 24956
223.4 24867
223.6 24699
223.8 24425
224 24749
224.2 24558
224.4 24570
224.6 24716
224.8 25166
225 24689
225.2 24583
225.4 24868
225.6 24681
225.8 24631
226 24563
226.2 24825
226.4 24486
226.6 24673
226.8 24896
227 24502
227.2 24560
227.4 24699
227.6 24714
227.8 24673
228 24864
228.2 24631
228.4 24448
228.6 24618
228.8 24759
229 24804
229.2 24514
229.4 24679
229.6 24772
229.8 24594
230 24566
230.2 24482
230.4 24712
230.6 24522
230.8 25007
231 24623
231.2 24474
231.4 24514
231.6 24618
231.8 24610
232 24604
232.2 24908
232.4 24562
232.6 24862
232.8 24603
233 24587
233.2 24423
233.4 24835
233.6 24511
233.8 24565
234 24712
234.2 24708
234.4 24610
234.6 24741
234.8 24475
235 24779
235.2 24609
235.4 24384
235.6 24528
235.8 24688
236 24621
236.2 24651
236.4 24562
236.6 24854
236.8 24660
237 24676
237.2 24558
237.4 24611
237.6 24509
237.8 24584
238 24594
238.2 24732
238.4 24589
238.6 24468
238.8 24766
239 24471
239.2 24701
239.4 24259
239.6 24275
239.8 24710
240 24502
240.2 24677
240.4 24620
240.6 24427
240.8 24276
241 24529
241.2 24834
241.4 24817
241.6 24739
241.8 24062
242 24607
242.2 24386
242.4 24456
242.6 24877
242.8 24614
243 24401
243.2 24861
243.4 24462
243.6 24679
243.8 24442
244 24409
244.2 24413
244.4 24593
244.6 24831
244.8 24681
245 24467
245.2 24434
245.4 24289
245.6 24770
245.8 24581
246 24905
246.2 24865
246.4 24456
246.6 24661
246.8 24895
247 24357
247.2 24596
247.4 24655
247.6 24790
247.8 24342
248 24734
248.2 24698
248.4 24548
248.6 24811
248.8 24619
249 24562
249.2 24517
249.4 24516
249.6 24559
249.8 24458
250 24600
