33.8 2
35.8 6
36 49
36.2 334
36.4 1648
36.6 9073
36.8 11160
37 18892
37.2 30470
37.4 12546
37.6 20093
37.8 26389
38 3557
38.2 7949
38.4 16716
38.6 17726
38.8 12539
39 22673
39.2 11627
39.4 17117
39.6 3435
39.8 3665
40 8992
40.2 19703
40.4 6405
40.6 3635
40.8 6452
41 5428
41.2 5607
41.4 7430
41.6 5780
41.8 3853
42 4615
42.2 2654
42.4 8745
42.6 3805
42.8 4448
43 5927
43.2 17671
43.4 5232
43.6 7402
43.8 11577
44 6480
44.2 3311
44.4 2116
44.6 3014
44.8 5873
45 3363
45.2 3184
45.4 1493
45.6 2288
45.8 2123
46 2204
46.2 1791
46.4 3228
46.6 1340
46.8 1296
47 1130
47.2 1039
47.4 1310
47.6 859
47.8 1008
48 1132
48.2 1053
48.4 1112
48.6 873
48.8 736
49 912
49.2 855
49.4 979
49.6 864
49.8 1006
50 752
50.2 709
50.4 748
50.6 735
50.8 767
51 669
51.2 710
51.4 643
51.6 601
51.8 795
52 673
52.2 560
52.4 612
52.6 662
52.8 657
53 655
53.2 583
53.4 589
53.6 563
53.8 628
54 620
54.2 553
54.4 566
54.6 652
54.8 552
55 532
55.2 566
55.4 570
55.6 554
55.8 520
56 531
56.2 536
56.4 525
56.6 521
56.8 547
57 572
57.2 558
57.4 491
57.6 524
57.8 590
58 516
58.2 517
58.4 539
58.6 537
58.8 485
59 554
59.2 523
59.4 581
59.6 543
59.8 500
60 557
60.2 569
60.4 509
60.6 545
60.8 550
61 573
61.2 514
61.4 526
61.6 505
61.8 503
62 560
62.2 515
62.4 544
62.6 558
62.8 575
63 519
63.2 504
63.4 556
63.6 549
63.8 569
64 521
64.2 548
64.4 569
64.6 579
64.8 556
65 528
65.2 466
65.4 514
65.6 510
65.8 548
66 514
66.2 493
66.4 550
66.6 542
66.8 574
67 522
67.2 627
67.4 529
67.6 527
67.8 508
68 511
68.2 572
68.4 573
68.6 509
68.8 602
69 524
69.2 517
69.4 536
69.6 583
69.8 564
70 556
70.2 561
70.4 581
70.6 576
70.8 525
71 583
71.2 537
71.4 541
71.6 568
71.8 569
72 579
72.2 573
72.4 540
72.6 585
72.8 545
73 474
73.2 535
73.4 530
73.6 565
73.8 516
74 513
74.2 509
74.4 544
74.6 531
74.8 506
75 591
75.2 540
75.4 510
75.6 532
75.8 531
76 510
76.2 538
76.4 555
76.6 531
76.8 555
77 553
77.2 507
77.4 575
77.6 521
77.8 570
78 535
78.2 531
78.4 524
78.6 505
78.8 567
79 575
79.2 566
79.4 548
79.6 547
79.8 578
80 531
80.2 576
80.4 555
80.6 542
80.8 541
81 577
81.2 550
81.4 553
81.6 561
81.8 557
82 554
82.2 526
82.4 556
82.6 564
82.8 565
83 572
83.2 552
83.4 557
83.6 572
83.8 569
84 548
84.2 537
84.4 528
84.6 555
84.8 539
85 550
85.2 553
85.4 496
85.6 559
85.8 545
86 548
86.2 496
86.4 510
86.6 533
86.8 580
87 526
87.2 578
87.4 521
87.6 548
87.8 549
88 548
88.2 545
88.4 547
88.6 552
88.8 558
89 532
89.2 538
89.4 565
89.6 538
89.8 516
90 552
90.2 516
90.4 550
90.6 589
90.8 513
91 528
91.2 565
91.4 522
91.6 521
91.8 553
92 511
92.2 551
92.4 524
92.6 531
92.8 538
93 545
93.2 523
93.4 556
93.6 519
93.8 535
94 568
94.2 558
94.4 537
94.6 518
94.8 551
95 564
95.2 542
95.4 563
95.6 548
95.8 538
96 587
96.2 549
96.4 552
96.6 559
96.8 526
97 532
97.2 555
97.4 550
97.6 552
97.8 542
98 582
98.2 547
98.4 550
98.6 569
98.8 576
99 562
99.2 569
99.4 595
99.6 532
99.8 565
100 518
100.2 530
100.4 535
100.6 537
100.8 511
101 579
101.2 561
101.4 505
101.6 585
101.8 539
102 505
102.2 526
102.4 553
102.6 482
102.8 585
103 554
103.2 560
103.4 553
103.6 538
103.8 552
104 547
104.2 510
104.4 542
104.6 532
104.8 552
105 550
105.2 573
105.4 523
105.6 559
105.8 568
106 549
106.2 545
106.4 519
106.6 569
106.8 577
107 539
107.2 552
107.4 569
107.6 521
107.8 526
108 534
108.2 566
108.4 577
108.6 538
108.8 531
109 566
109.2 552
109.4 539
109.6 539
109.8 561
110 564
110.2 499
110.4 570
110.6 543
110.8 545
111 517
111.2 558
111.4 531
111.6 569
111.8 561
112 534
112.2 550
112.4 523
112.6 552
112.8 542
113 542
113.2 540
113.4 563
113.6 529
113.8 540
114 552
114.2 526
114.4 532
114.6 509
114.8 529
115 548
115.2 539
115.4 582
115.6 551
115.8 545
116 530
116.2 530
116.4 514
116.6 560
116.8 553
117 534
117.2 517
117.4 537
117.6 533
117.8 557
118 532
118.2 507
118.4 546
118.6 567
118.8 547
119 494
119.2 567
119.4 525
119.6 522
119.8 552
120 528
120.2 535
120.4 558
120.6 573
120.8 548
121 559
121.2 560
121.4 524
121.6 539
121.8 527
122 511
122.2 539
122.4 523
122.6 537
122.8 555
123 567
123.2 517
123.4 517
123.6 525
123.8 534
124 560
124.2 550
124.4 577
124.6 516
124.8 572
125 533
125.2 574
125.4 552
125.6 563
125.8 603
126 554
126.2 536
126.4 499
126.6 541
126.8 591
127 560
127.2 567
127.4 543
127.6 533
127.8 556
128 541
128.2 539
128.4 544
128.6 528
128.8 545
129 512
129.2 561
129.4 586
129.6 569
129.8 481
130 536
130.2 542
130.4 559
130.6 566
130.8 549
131 544
131.2 509
131.4 542
131.6 515
131.8 533
132 553
132.2 549
132.4 536
132.6 535
132.8 540
133 549
133.2 521
133.4 543
133.6 554
133.8 602
134 543
134.2 533
134.4 575
134.6 543
134.8 506
135 563
135.2 552
135.4 562
135.6 559
135.8 515
136 582
136.2 542
136.4 505
136.6 525
136.8 512
137 530
137.2 561
137.4 550
137.6 478
137.8 535
138 527
138.2 586
138.4 524
138.6 592
138.8 538
139 568
139.2 554
139.4 560
139.6 588
139.8 533
140 535
140.2 517
140.4 538
140.6 513
140.8 565
141 549
141.2 584
141.4 560
141.6 556
141.8 523
142 512
142.2 493
142.4 575
142.6 524
142.8 583
143 557
143.2 589
143.4 524
143.6 575
143.8 550
144 588
144.2 543
144.4 558
144.6 552
144.8 574
145 586
145.2 547
145.4 550
145.6 599
145.8 552
146 557
146.2 575
146.4 524
146.6 567
146.8 513
147 530
147.2 585
147.4 538
147.6 511
147.8 530
148 566
148.2 570
148.4 511
148.6 546
148.8 535
149 548
149.2 535
149.4 555
149.6 553
149.8 566
150 542
150.2 529
150.4 534
150.6 505
150.8 542
151 509
151.2 515
151.4 553
151.6 546
151.8 567
152 565
152.2 570
152.4 562
152.6 532
152.8 549
153 560
153.2 582
153.4 562
153.6 485
153.8 574
154 582
154.2 538
154.4 585
154.6 550
154.8 537
155 551
155.2 573
155.4 577
155.6 559
155.8 562
156 596
156.2 578
156.4 551
156.6 555
156.8 538
157 535
157.2 537
157.4 558
157.6 586
157.8 572
158 519
158.2 577
158.4 567
158.6 545
158.8 532
159 552
159.2 533
159.4 557
159.6 553
159.8 530
160 496
160.2 527
160.4 520
160.6 567
160.8 529
161 558
161.2 536
161.4 610
161.6 547
161.8 582
162 541
162.2 566
162.4 537
162.6 487
162.8 538
163 545
163.2 554
163.4 537
163.6 530
163.8 525
164 587
164.2 598
164.4 531
164.6 578
164.8 532
165 534
165.2 586
165.4 562
165.6 567
165.8 520
166 560
166.2 576
166.4 552
166.6 570
166.8 505
167 533
167.2 593
167.4 543
167.6 580
167.8 521
168 591
168.2 571
168.4 544
168.6 546
168.8 518
169 576
169.2 559
169.4 563
169.6 615
169.8 565
170 545
170.2 555
170.4 579
170.6 525
170.8 576
171 574
171.2 539
171.4 541
171.6 611
171.8 557
172 569
172.2 558
172.4 544
172.6 533
172.8 584
173 576
173.2 531
173.4 613
173.6 550
173.8 581
174 549
174.2 557
174.4 526
174.6 551
174.8 566
175 534
175.2 529
175.4 558
175.6 551
175.8 509
176 555
176.2 558
176.4 522
176.6 531
176.8 572
177 558
177.2 525
177.4 582
177.6 551
177.8 527
178 536
178.2 573
178.4 565
178.6 528
178.8 559
179 550
179.2 575
179.4 545
179.6 558
179.8 567
180 508
180.2 515
180.4 582
180.6 561
180.8 549
181 530
181.2 535
181.4 539
181.6 562
181.8 594
182 565
182.2 541
182.4 566
182.6 534
182.8 500
183 545
183.2 582
183.4 538
183.6 527
183.8 550
184 567
184.2 586
184.4 544
184.6 527
184.8 563
185 560
185.2 584
185.4 500
185.6 518
185.8 566
186 566
186.2 525
186.4 588
186.6 529
186.8 569
187 557
187.2 564
187.4 533
187.6 553
187.8 561
188 585
188.2 518
188.4 558
188.6 586
188.8 536
189 529
189.2 567
189.4 581
189.6 522
189.8 572
190 561
190.2 591
190.4 560
190.6 488
190.8 521
191 593
191.2 535
191.4 587
191.6 518
191.8 547
192 539
192.2 573
192.4 535
192.6 518
192.8 542
193 558
193.2 551
193.4 545
193.6 582
193.8 546
194 590
194.2 521
194.4 530
194.6 559
194.8 541
195 566
195.2 537
195.4 515
195.6 561
195.8 602
196 516
196.2 524
196.4 596
196.6 525
196.8 553
197 585
197.2 503
197.4 545
197.6 559
197.8 589
198 552
198.2 576
198.4 543
198.6 550
198.8 572
199 525
199.2 535
199.4 557
199.6 553
199.8 563
200 559
200.2 526
200.4 570
200.6 570
200.8 558
201 498
201.2 530
201.4 566
201.6 529
201.8 542
202 552
202.2 514
202.4 558
202.6 532
202.8 489
203 580
203.2 569
203.4 613
203.6 532
203.8 550
204 513
204.2 599
204.4 528
204.6 563
204.8 565
205 570
205.2 549
205.4 554
205.6 628
205.8 563
206 519
206.2 575
206.4 579
206.6 572
206.8 542
207 579
207.2 557
207.4 577
207.6 534
207.8 547
208 557
208.2 534
208.4 535
208.6 587
208.8 545
209 561
209.2 556
209.4 549
209.6 544
209.8 547
210 537
210.2 557
210.4 562
210.6 548
210.8 561
211 574
211.2 530
211.4 558
211.6 552
211.8 562
212 540
212.2 564
212.4 518
212.6 567
212.8 543
213 549
213.2 550
213.4 524
213.6 515
213.8 562
214 588
214.2 554
214.4 544
214.6 530
214.8 541
215 579
215.2 545
215.4 537
215.6 578
215.8 539
216 534
216.2 567
216.4 529
216.6 534
216.8 575
217 590
217.2 580
217.4 539
217.6 541
217.8 521
218 530
218.2 536
218.4 553
218.6 489
218.8 574
219 519
219.2 570
219.4 540
219.6 514
219.8 513
220 565
220.2 517
220.4 538
220.6 532
220.8 553
221 525
221.2 544
221.4 569
221.6 525
221.8 531
222 495
222.2 539
222.4 562
222.6 538
222.8 543
223 566
223.2 547
223.4 542
223.6 537
223.8 544
224 506
224.2 579
224.4 579
224.6 536
224.8 544
225 529
225.2 552
225.4 540
225.6 558
225.8 504
226 529
226.2 588
226.4 529
226.6 534
226.8 495
227 545
227.2 535
227.4 539
227.6 540
227.8 567
228 567
228.2 532
228.4 561
228.6 533
228.8 535
229 551
229.2 507
229.4 534
229.6 567
229.8 559
230 556
230.2 552
230.4 497
230.6 543
230.8 551
231 545
231.2 509
231.4 567
231.6 537
231.8 509
232 527
232.2 534
232.4 548
232.6 524
232.8 551
233 517
233.2 542
233.4 527
233.6 495
233.8 519
234 559
234.2 559
234.4 514
234.6 516
234.8 548
235 539
235.2 556
235.4 521
235.6 601
235.8 564
236 550
236.2 569
236.4 577
236.6 546
236.8 502
237 525
237.2 540
237.4 539
237.6 524
237.8 541
238 559
238.2 493
238.4 580
238.6 551
238.8 561
239 493
239.2 463
239.4 552
239.6 525
239.8 524
240 559
240.2 563
240.4 548
240.6 553
240.8 489
241 518
241.2 537
241.4 528
241.6 556
241.8 573
242 558
242.2 570
242.4 510
242.6 528
242.8 502
243 535
243.2 536
243.4 589
243.6 569
243.8 535
244 530
244.2 512
244.4 568
244.6 571
244.8 530
245 523
245.2 497
245.4 539
245.6 540
245.8 535
246 507
246.2 524
246.4 522
246.6 563
246.8 526
247 562
247.2 542
247.4 553
247.6 512
247.8 550
248 533
248.2 551
248.4 538
248.6 569
248.8 531
249 553
249.2 476
249.4 512
249.6 534
249.8 550
250 592
