35.8 108
36.6 5394
36.8 7020
37 13851
37.2 7057
37.4 15374
37.6 14874
37.8 21381
38 2433
38.2 7643
38.4 12934
38.6 17151
38.8 4851
39 6772
39.2 12244
39.4 12517
39.6 14894
39.8 16172
40 18225
40.2 8993
40.4 11151
40.6 13135
40.8 5640
41 4072
41.2 3643
41.4 3272
41.6 6341
41.8 7651
42 5090
42.2 2714
42.4 2205
42.6 2078
42.8 3432
43 4325
43.2 4014
43.4 2868
43.6 2947
43.8 2245
44 1845
44.2 2903
44.4 1601
44.6 2618
44.8 2583
45 2513
45.2 1767
45.4 1812
45.6 1356
45.8 1967
46 1495
46.2 1386
46.4 1443
46.6 1304
46.8 1279
47 1288
47.2 1786
47.4 1300
47.6 1247
47.8 1184
48 1199
48.2 1220
48.4 920
48.6 1212
48.8 1179
49 1057
49.2 1013
49.4 1074
49.6 1032
49.8 1030
50 1024
50.2 1000
50.4 946
50.6 943
50.8 865
51 854
51.2 990
51.4 842
51.6 894
51.8 868
52 850
52.2 773
52.4 763
52.6 736
52.8 797
53 921
53.2 793
53.4 736
53.6 719
53.8 738
54 776
54.2 691
54.4 771
54.6 751
54.8 752
55 700
55.2 715
55.4 730
55.6 807
55.8 673
56 704
56.2 704
56.4 650
56.6 613
56.8 638
57 673
57.2 672
57.4 674
57.6 763
57.8 706
58 681
58.2 717
58.4 623
58.6 690
58.8 693
59 639
59.2 645
59.4 636
59.6 616
59.8 644
60 650
60.2 681
60.4 621
60.6 644
60.8 662
61 658
61.2 653
61.4 667
61.6 605
61.8 640
62 666
62.2 636
62.4 655
62.6 672
62.8 629
63 645
63.2 626
63.4 696
63.6 640
63.8 649
64 704
64.2 658
64.4 686
64.6 673
64.8 632
65 628
65.2 639
65.4 615
65.6 639
65.8 667
66 654
66.2 604
66.4 646
66.6 647
66.8 699
67 630
67.2 634
67.4 637
67.6 632
67.8 662
68 625
68.2 687
68.4 658
68.6 666
68.8 638
69 646
69.2 641
69.4 642
69.6 613
69.8 660
70 630
70.2 650
70.4 662
70.6 647
70.8 647
71 684
71.2 684
71.4 670
71.6 701
71.8 646
72 646
72.2 681
72.4 647
72.6 647
72.8 660
73 650
73.2 627
73.4 639
73.6 667
73.8 629
74 640
74.2 633
74.4 645
74.6 682
74.8 617
75 631
75.2 658
75.4 628
75.6 644
75.8 653
76 640
76.2 660
76.4 639
76.6 643
76.8 673
77 658
77.2 631
77.4 689
77.6 684
77.8 640
78 670
78.2 645
78.4 616
78.6 644
78.8 666
79 655
79.2 618
79.4 688
79.6 646
79.8 655
80 649
80.2 644
80.4 686
80.6 664
80.8 634
81 681
81.2 636
81.4 659
81.6 692
81.8 619
82 656
82.2 656
82.4 677
82.6 674
82.8 665
83 700
83.2 666
83.4 644
83.6 655
83.8 667
84 627
84.2 662
84.4 639
84.6 657
84.8 642
85 674
85.2 645
85.4 663
85.6 658
85.8 624
86 623
86.2 624
86.4 650
86.6 609
86.8 653
87 661
87.2 663
87.4 617
87.6 623
87.8 723
88 675
88.2 686
88.4 681
88.6 600
88.8 652
89 625
89.2 657
89.4 651
89.6 640
89.8 616
90 646
90.2 680
90.4 636
90.6 622
90.8 636
91 637
91.2 595
91.4 649
91.6 653
91.8 654
92 680
92.2 614
92.4 637
92.6 653
92.8 636
93 691
93.2 639
93.4 668
93.6 679
93.8 616
94 638
94.2 600
94.4 649
94.6 618
94.8 612
95 622
95.2 654
95.4 649
95.6 678
95.8 689
96 657
96.2 605
96.4 664
96.6 621
96.8 646
97 613
97.2 610
97.4 682
97.6 634
97.8 589
98 656
98.2 628
98.4 594
98.6 649
98.8 609
99 644
99.2 644
99.4 654
99.6 600
99.8 633
100 660
100.2 630
100.4 638
100.6 659
100.8 687
101 681
101.2 671
101.4 655
101.6 670
101.8 618
102 629
102.2 636
102.4 660
102.6 624
102.8 613
103 625
103.2 668
103.4 659
103.6 647
103.8 640
104 648
104.2 606
104.4 716
104.6 658
104.8 592
105 644
105.2 640
105.4 637
105.6 652
105.8 643
106 634
106.2 619
106.4 631
106.6 647
106.8 651
107 629
107.2 579
107.4 641
107.6 679
107.8 654
108 629
108.2 641
108.4 585
108.6 642
108.8 654
109 652
109.2 627
109.4 634
109.6 622
109.8 624
110 625
110.2 629
110.4 691
110.6 653
110.8 632
111 637
111.2 629
111.4 648
111.6 634
111.8 675
112 693
112.2 674
112.4 649
112.6 678
112.8 620
113 692
113.2 609
113.4 632
113.6 632
113.8 625
114 654
114.2 683
114.4 571
114.6 627
114.8 695
115 649
115.2 632
115.4 653
115.6 666
115.8 654
116 625
116.2 649
116.4 633
116.6 611
116.8 658
117 625
117.2 666
117.4 674
117.6 656
117.8 628
118 635
118.2 634
118.4 625
118.6 618
118.8 636
119 622
119.2 606
119.4 669
119.6 627
119.8 667
120 609
120.2 630
120.4 656
120.6 611
120.8 687
121 611
121.2 704
121.4 664
121.6 616
121.8 607
122 631
122.2 663
122.4 639
122.6 594
122.8 641
123 673
123.2 669
123.4 678
123.6 653
123.8 624
124 637
124.2 653
124.4 643
124.6 664
124.8 655
125 643
125.2 639
125.4 632
125.6 649
125.8 640
126 642
126.2 655
126.4 666
126.6 634
126.8 651
127 645
127.2 683
127.4 625
127.6 669
127.8 656
128 669
128.2 696
128.4 669
128.6 642
128.8 636
129 681
129.2 659
129.4 686
129.6 710
129.8 676
130 660
130.2 635
130.4 632
130.6 628
130.8 632
131 596
131.2 603
131.4 642
131.6 637
131.8 663
132 654
132.2 670
132.4 684
132.6 631
132.8 664
133 672
133.2 669
133.4 662
133.6 637
133.8 651
134 638
134.2 653
134.4 642
134.6 660
134.8 627
135 616
135.2 592
135.4 632
135.6 653
135.8 633
136 669
136.2 634
136.4 616
136.6 624
136.8 657
137 684
137.2 667
137.4 646
137.6 630
137.8 631
138 634
138.2 664
138.4 635
138.6 657
138.8 628
139 641
139.2 652
139.4 639
139.6 637
139.8 607
140 634
140.2 670
140.4 660
140.6 664
140.8 659
141 685
141.2 706
141.4 655
141.6 647
141.8 691
142 567
142.2 638
142.4 665
142.6 633
142.8 654
143 640
143.2 630
143.4 646
143.6 666
143.8 671
144 674
144.2 640
144.4 669
144.6 652
144.8 620
145 625
145.2 666
145.4 667
145.6 630
145.8 647
146 697
146.2 611
146.4 612
146.6 621
146.8 643
147 630
147.2 637
147.4 667
147.6 651
147.8 638
148 714
148.2 687
148.4 615
148.6 657
148.8 659
149 648
149.2 632
149.4 643
149.6 688
149.8 616
150 663
150.2 658
150.4 657
150.6 636
150.8 642
151 671
151.2 600
151.4 651
151.6 642
151.8 687
152 701
152.2 690
152.4 624
152.6 650
152.8 590
153 605
153.2 637
153.4 666
153.6 606
153.8 622
154 685
154.2 634
154.4 680
154.6 635
154.8 716
155 660
155.2 592
155.4 680
155.6 614
155.8 635
156 615
156.2 618
156.4 636
156.6 622
156.8 618
157 656
157.2 652
157.4 670
157.6 662
157.8 624
158 650
158.2 652
158.4 616
158.6 644
158.8 641
159 667
159.2 655
159.4 633
159.6 702
159.8 614
160 653
160.2 604
160.4 655
160.6 692
160.8 659
161 662
161.2 649
161.4 622
161.6 644
161.8 681
162 612
162.2 645
162.4 648
162.6 640
162.8 639
163 650
163.2 676
163.4 588
163.6 642
163.8 646
164 609
164.2 628
164.4 628
164.6 675
164.8 684
165 680
165.2 598
165.4 671
165.6 662
165.8 662
166 620
166.2 663
166.4 676
166.6 678
166.8 654
167 673
167.2 663
167.4 637
167.6 655
167.8 664
168 627
168.2 700
168.4 668
168.6 638
168.8 625
169 637
169.2 685
169.4 608
169.6 657
169.8 669
170 620
170.2 685
170.4 658
170.6 634
170.8 658
171 665
171.2 671
171.4 652
171.6 623
171.8 644
172 637
172.2 670
172.4 671
172.6 647
172.8 685
173 675
173.2 609
173.4 653
173.6 648
173.8 636
174 669
174.2 614
174.4 661
174.6 643
174.8 635
175 689
175.2 682
175.4 646
175.6 697
175.8 671
176 653
176.2 625
176.4 689
176.6 673
176.8 696
177 623
177.2 697
177.4 619
177.6 620
177.8 667
178 629
178.2 651
178.4 618
178.6 593
178.8 652
179 661
179.2 654
179.4 651
179.6 614
179.8 700
180 619
180.2 638
180.4 597
180.6 627
180.8 670
181 678
181.2 632
181.4 615
181.6 644
181.8 648
182 645
182.2 643
182.4 642
182.6 652
182.8 635
183 641
183.2 651
183.4 620
183.6 693
183.8 641
184 650
184.2 630
184.4 615
184.6 623
184.8 671
185 672
185.2 693
185.4 628
185.6 655
185.8 624
186 607
186.2 638
186.4 622
186.6 608
186.8 718
187 646
187.2 632
187.4 653
187.6 635
187.8 626
188 673
188.2 690
188.4 619
188.6 645
188.8 648
189 604
189.2 658
189.4 594
189.6 672
189.8 667
190 707
190.2 596
190.4 625
190.6 686
190.8 628
191 626
191.2 680
191.4 612
191.6 613
191.8 611
192 679
192.2 678
192.4 678
192.6 651
192.8 682
193 630
193.2 656
193.4 672
193.6 667
193.8 621
194 647
194.2 611
194.4 646
194.6 645
194.8 625
195 674
195.2 609
195.4 682
195.6 628
195.8 622
196 629
196.2 662
196.4 680
196.6 669
196.8 676
197 633
197.2 664
197.4 670
197.6 632
197.8 579
198 643
198.2 690
198.4 623
198.6 646
198.8 676
199 631
199.2 627
199.4 605
199.6 636
199.8 614
200 626
200.2 651
200.4 637
200.6 641
200.8 633
201 631
201.2 616
201.4 627
201.6 630
201.8 659
202 629
202.2 638
202.4 644
202.6 585
202.8 634
203 637
203.2 651
203.4 646
203.6 641
203.8 628
204 642
204.2 628
204.4 647
204.6 649
204.8 655
205 619
205.2 648
205.4 628
205.6 654
205.8 691
206 650
206.2 594
206.4 643
206.6 672
206.8 626
207 667
207.2 607
207.4 688
207.6 674
207.8 654
208 653
208.2 609
208.4 667
208.6 614
208.8 640
209 663
209.2 626
209.4 638
209.6 669
209.8 634
210 610
210.2 626
210.4 622
210.6 621
210.8 642
211 632
211.2 626
211.4 625
211.6 599
211.8 648
212 583
212.2 640
212.4 672
212.6 635
212.8 650
213 604
213.2 652
213.4 613
213.6 682
213.8 639
214 650
214.2 640
214.4 608
214.6 603
214.8 589
215 637
215.2 645
215.4 642
215.6 592
215.8 659
216 586
216.2 623
216.4 649
216.6 657
216.8 595
217 687
217.2 683
217.4 645
217.6 606
217.8 632
218 622
218.2 619
218.4 665
218.6 586
218.8 646
219 593
219.2 643
219.4 700
219.6 611
219.8 629
220 642
220.2 609
220.4 625
220.6 613
220.8 639
221 605
221.2 648
221.4 613
221.6 657
221.8 604
222 593
222.2 612
222.4 606
222.6 591
222.8 601
223 666
223.2 609
223.4 652
223.6 595
223.8 589
224 723
224.2 624
224.4 639
224.6 647
224.8 630
225 602
225.2 643
225.4 629
225.6 627
225.8 670
226 678
226.2 631
226.4 612
226.6 621
226.8 586
227 661
227.2 618
227.4 618
227.6 558
227.8 637
228 609
228.2 594
228.4 650
228.6 662
228.8 623
229 610
229.2 634
229.4 621
229.6 684
229.8 601
230 631
230.2 633
230.4 647
230.6 600
230.8 604
231 606
231.2 598
231.4 615
231.6 643
231.8 669
232 560
232.2 605
232.4 636
232.6 640
232.8 638
233 567
233.2 609
233.4 569
233.6 628
233.8 615
234 603
234.2 607
234.4 622
234.6 629
234.8 622
235 635
235.2 598
235.4 597
235.6 646
235.8 614
236 610
236.2 643
236.4 613
236.6 641
236.8 602
237 568
237.2 614
237.4 620
237.6 629
237.8 674
238 615
238.2 578
238.4 600
238.6 590
238.8 597
239 603
239.2 633
239.4 602
239.6 647
239.8 624
240 632
240.2 623
240.4 637
240.6 629
240.8 628
241 617
241.2 626
241.4 623
241.6 582
241.8 622
242 600
242.2 647
242.4 615
242.6 646
242.8 622
243 615
243.2 675
243.4 616
243.6 533
243.8 605
244 611
244.2 628
244.4 615
244.6 615
244.8 594
245 566
245.2 597
245.4 657
245.6 651
245.8 644
246 648
246.2 620
246.4 644
246.6 673
246.8 618
247 600
247.2 574
247.4 600
247.6 606
247.8 601
248 574
248.2 622
248.4 648
248.6 631
248.8 592
249 645
249.2 618
249.4 648
249.6 618
249.8 569
250 622
