#total particle-self-energy nonbondedEM
100 -882.8401551938878 0 -882.8401551938878
200 -873.7348066242193 0 -873.7348066242193
300 -884.7855123445333 0 -884.7855123445333
400 -876.3272141536581 0 -876.3272141536581
500 -884.2223859461956 0 -884.2223859461956
600 -857.99023633654 0 -857.99023633654
700 -874.1603077606705 0 -874.1603077606705
800 -860.5508712518204 0 -860.5508712518204
900 -856.7190908018877 0 -856.7190908018877
1000 -882.93252410891 0 -882.93252410891
1100 -894.653353755537 0 -894.653353755537
1200 -900.5673436277284 0 -900.5673436277284
1300 -887.9424602411891 0 -887.9424602411891
1400 -897.4996956248651 0 -897.4996956248651
1500 -913.3255569974426 0 -913.3255569974426
1600 -899.2760551016545 0 -899.2760551016545
1700 -900.0477448552847 0 -900.0477448552847
1800 -895.4844314669026 0 -895.4844314669026
1900 -877.9555659101025 0 -877.9555659101025
2000 -893.0085503451082 0 -893.0085503451082
2100 -886.6367209089221 0 -886.6367209089221
2200 -908.5487082093314 0 -908.5487082093314
2300 -912.6714276017519 0 -912.6714276017519
2400 -888.7672923689533 0 -888.7672923689533
2500 -889.8809361604508 0 -889.8809361604508
2600 -907.9926472078599 0 -907.9926472078599
2700 -915.9708429556777 0 -915.9708429556777
2800 -895.4918599101366 0 -895.4918599101366
2900 -941.5238975536486 0 -941.5238975536486
3000 -916.9193059861427 0 -916.9193059861427
3100 -914.1321776443801 0 -914.1321776443801
3200 -918.7640139993746 0 -918.7640139993746
3300 -912.835104458878 0 -912.835104458878
3400 -919.5603551706008 0 -919.5603551706008
3500 -928.9364403941436 0 -928.9364403941436
3600 -916.4392574926605 0 -916.4392574926605
3700 -933.779337161046 0 -933.779337161046
3800 -905.141136738479 0 -905.141136738479
3900 -925.7649051166009 0 -925.7649051166009
4000 -912.563212901412 0 -912.563212901412
4100 -888.5533493812327 0 -888.5533493812327
4200 -873.9419792144145 0 -873.9419792144145
4300 -858.7074070599629 0 -858.7074070599629
4400 -866.3522891231405 0 -866.3522891231405
4500 -849.9005461172201 0 -849.9005461172201
4600 -867.0972422161722 0 -867.0972422161722
4700 -849.9678652198199 0 -849.9678652198199
4800 -831.2745674282778 0 -831.2745674282778
4900 -835.3341754544526 0 -835.3341754544526
5000 -822.7888607255245 0 -822.7888607255245
5100 -832.385150641785 0 -832.385150641785
5200 -838.0610222111573 0 -838.0610222111573
5300 -814.5349490770313 0 -814.5349490770313
5400 -800.0471069432897 0 -800.0471069432897
5500 -826.8980522337079 0 -826.8980522337079
5600 -819.9708261177848 0 -819.9708261177848
5700 -818.1030229625649 0 -818.1030229625649
5800 -798.5665277493754 0 -798.5665277493754
5900 -830.0600797943189 0 -830.0600797943189
6000 -835.2570868772309 0 -835.2570868772309
6100 -831.9279297786707 0 -831.9279297786707
6200 -839.9767798866596 0 -839.9767798866596
6300 -845.4783442385669 0 -845.4783442385669
6400 -846.1619812140707 0 -846.1619812140707
6500 -828.4024622801226 0 -828.4024622801226
6600 -824.8445596329984 0 -824.8445596329984
6700 -790.2050146825786 0 -790.2050146825786
6800 -802.6090304061072 0 -802.6090304061072
6900 -800.7855356456421 0 -800.7855356456421
7000 -800.8950324369362 0 -800.8950324369362
7100 -836.3257706681106 0 -836.3257706681106
7200 -865.1945831995108 0 -865.1945831995108
7300 -859.4276396471541 0 -859.4276396471541
7400 -900.1106452340755 0 -900.1106452340755
7500 -864.2419542847783 0 -864.2419542847783
7600 -858.6598665669881 0 -858.6598665669881
7700 -881.9721348087769 0 -881.9721348087769
7800 -875.4305152160232 0 -875.4305152160232
7900 -908.6642745182326 0 -908.6642745182326
8000 -900.8791176888044 0 -900.8791176888044
8100 -865.1086817145042 0 -865.1086817145042
8200 -869.7583478123997 0 -869.7583478123997
8300 -848.8953230567568 0 -848.8953230567568
8400 -884.4808380823815 0 -884.4808380823815
8500 -892.8762131979456 0 -892.8762131979456
8600 -885.7946270133252 0 -885.7946270133252
8700 -858.9723155561805 0 -858.9723155561805
8800 -853.2498659524717 0 -853.2498659524717
8900 -860.4635345238785 0 -860.4635345238785
9000 -851.3964229610574 0 -851.3964229610574
9100 -888.0203066103277 0 -888.0203066103277
9200 -902.6055932614836 0 -902.6055932614836
9300 -910.8304645644967 0 -910.8304645644967
9400 -905.8997404955353 0 -905.8997404955353
9500 -900.8417157247604 0 -900.8417157247604
9600 -902.0977265452384 0 -902.0977265452384
9700 -907.1166788758419 0 -907.1166788758419
9800 -942.6801844965084 0 -942.6801844965084
9900 -920.8966352862772 0 -920.8966352862772
10000 -932.8575855263916 0 -932.8575855263916
10100 -950.1002970163536 0 -950.1002970163536
10200 -940.9034245900075 0 -940.9034245900075
10300 -955.1339557989268 0 -955.1339557989268
10400 -927.1727157436544 0 -927.1727157436544
10500 -944.1541799972474 0 -944.1541799972474
10600 -964.5601303875446 0 -964.5601303875446
10700 -952.5185940721713 0 -952.5185940721713
10800 -913.0975688213221 0 -913.0975688213221
10900 -910.8088977974476 0 -910.8088977974476
11000 -924.0532593682583 0 -924.0532593682583
11100 -940.2781111863442 0 -940.2781111863442
11200 -932.9246049354842 0 -932.9246049354842
11300 -963.9830919629894 0 -963.9830919629894
11400 -963.4148328647716 0 -963.4148328647716
11500 -957.602634642084 0 -957.602634642084
11600 -949.3455745984102 0 -949.3455745984102
11700 -978.9446095340973 0 -978.9446095340973
11800 -992.3370060534799 0 -992.3370060534799
11900 -1006.011768520591 0 -1006.011768520591
12000 -1036.365652851244 0 -1036.365652851244
12100 -1015.376493812364 0 -1015.376493812364
12200 -1008.491774631344 0 -1008.491774631344
12300 -976.9029746403103 0 -976.9029746403103
12400 -999.5981651593611 0 -999.5981651593611
12500 -1009.994751048682 0 -1009.994751048682
12600 -980.1167145550717 0 -980.1167145550717
12700 -970.2743206014566 0 -970.2743206014566
12800 -974.2704797991901 0 -974.2704797991901
12900 -989.9091136941861 0 -989.9091136941861
13000 -1017.880374644941 0 -1017.880374644941
13100 -977.0371369644417 0 -977.0371369644417
13200 -999.2197372629307 0 -999.2197372629307
13300 -1007.393540528195 0 -1007.393540528195
13400 -1023.552958469008 0 -1023.552958469008
13500 -1017.328282296512 0 -1017.328282296512
13600 -1016.539882613812 0 -1016.539882613812
13700 -988.8821129466232 0 -988.8821129466232
13800 -986.3291633501758 0 -986.3291633501758
13900 -1033.655151051673 0 -1033.655151051673
14000 -997.4568996279559 0 -997.4568996279559
14100 -983.038023608211 0 -983.038023608211
14200 -984.7235771609667 0 -984.7235771609667
14300 -959.5059774695837 0 -959.5059774695837
14400 -968.8005520345723 0 -968.8005520345723
14500 -1001.086338186098 0 -1001.086338186098
14600 -954.7262424875516 0 -954.7262424875516
14700 -952.2908224506536 0 -952.2908224506536
14800 -951.0341826994845 0 -951.0341826994845
14900 -962.5995232613059 0 -962.5995232613059
15000 -968.6013462810079 0 -968.6013462810079
15100 -966.8868622406735 0 -966.8868622406735
15200 -957.1039018943557 0 -957.1039018943557
15300 -985.4544347140036 0 -985.4544347140036
15400 -988.0831724856398 0 -988.0831724856398
15500 -1007.035016827113 0 -1007.035016827113
15600 -968.6503521835984 0 -968.6503521835984
15700 -958.2668549839873 0 -958.2668549839873
15800 -975.6457019277441 0 -975.6457019277441
15900 -983.2034624746593 0 -983.2034624746593
16000 -988.8749993029778 0 -988.8749993029778
16100 -975.926663460079 0 -975.926663460079
16200 -991.526608481945 0 -991.526608481945
16300 -1003.935547327201 0 -1003.935547327201
16400 -983.9915053488294 0 -983.9915053488294
16500 -957.7134771384299 0 -957.7134771384299
16600 -970.2431093916239 0 -970.2431093916239
16700 -957.4065337284119 0 -957.4065337284119
16800 -984.8672480750247 0 -984.8672480750247
16900 -973.2221416606426 0 -973.2221416606426
17000 -961.5418695203844 0 -961.5418695203844
17100 -964.2502490737243 0 -964.2502490737243
17200 -953.0308574883966 0 -953.0308574883966
17300 -962.9185219580104 0 -962.9185219580104
17400 -973.3677014688146 0 -973.3677014688146
17500 -972.4072804793832 0 -972.4072804793832
17600 -983.0836853214714 0 -983.0836853214714
17700 -977.9975025573804 0 -977.9975025573804
17800 -976.0363556203665 0 -976.0363556203665
17900 -1012.722159981815 0 -1012.722159981815
18000 -1016.450413919811 0 -1016.450413919811
18100 -1024.459021479232 0 -1024.459021479232
18200 -1010.049539701856 0 -1010.049539701856
18300 -984.7512202433354 0 -984.7512202433354
18400 -982.458834743331 0 -982.458834743331
18500 -959.3186642048531 0 -959.3186642048531
18600 -972.9566101086384 0 -972.9566101086384
18700 -987.8244434379449 0 -987.8244434379449
18800 -965.6402144495514 0 -965.6402144495514
18900 -994.5362550680875 0 -994.5362550680875
19000 -960.3471498460276 0 -960.3471498460276
19100 -962.9268129677221 0 -962.9268129677221
19200 -961.192538669944 0 -961.192538669944
19300 -957.8503907545819 0 -957.8503907545819
19400 -958.54927570367 0 -958.54927570367
19500 -973.3323233545816 0 -973.3323233545816
19600 -975.4052333065483 0 -975.4052333065483
19700 -961.484288147185 0 -961.484288147185
19800 -1003.105640006252 0 -1003.105640006252
19900 -993.474986716843 0 -993.474986716843
20000 -975.2830984364846 0 -975.2830984364846
20100 -976.885683847795 0 -976.885683847795
20200 -986.9382636618684 0 -986.9382636618684
20300 -949.2178373714996 0 -949.2178373714996
20400 -931.0239655664191 0 -931.0239655664191
20500 -914.5513485246629 0 -914.5513485246629
20600 -950.1155066651409 0 -950.1155066651409
20700 -958.5643807633605 0 -958.5643807633605
20800 -949.8003424641065 0 -949.8003424641065
20900 -974.0748206840944 0 -974.0748206840944
21000 -990.8596416868459 0 -990.8596416868459
21100 -968.3422447224293 0 -968.3422447224293
21200 -967.7676724498015 0 -967.7676724498015
21300 -980.5081583997235 0 -980.5081583997235
21400 -991.5972912989673 0 -991.5972912989673
21500 -980.5858941507468 0 -980.5858941507468
21600 -1039.363297083793 0 -1039.363297083793
21700 -1034.045566370536 0 -1034.045566370536
21800 -1049.091084694606 0 -1049.091084694606
21900 -1035.645928436581 0 -1035.645928436581
22000 -1046.373252620455 0 -1046.373252620455
22100 -1007.20306084503 0 -1007.20306084503
22200 -1013.021447794221 0 -1013.021447794221
22300 -1029.352128490384 0 -1029.352128490384
22400 -1043.678453857894 0 -1043.678453857894
22500 -1030.116573196952 0 -1030.116573196952
22600 -1044.880658103793 0 -1044.880658103793
22700 -1032.055461999204 0 -1032.055461999204
22800 -1031.264363901224 0 -1031.264363901224
22900 -1015.991211735913 0 -1015.991211735913
23000 -1019.543399017886 0 -1019.543399017886
23100 -1023.37668331535 0 -1023.37668331535
23200 -1028.423313231091 0 -1028.423313231091
23300 -1041.194214490533 0 -1041.194214490533
23400 -1037.491161485377 0 -1037.491161485377
23500 -1051.751409579942 0 -1051.751409579942
23600 -1029.239853990963 0 -1029.239853990963
23700 -1015.701715797448 0 -1015.701715797448
23800 -1012.987137997843 0 -1012.987137997843
23900 -1020.553185289929 0 -1020.553185289929
24000 -1014.790111791372 0 -1014.790111791372
24100 -988.6184549870086 0 -988.6184549870086
24200 -1010.73741470417 0 -1010.73741470417
24300 -992.1275286886666 0 -992.1275286886666
24400 -1004.742664377846 0 -1004.742664377846
24500 -1031.802766153705 0 -1031.802766153705
24600 -1016.216693645707 0 -1016.216693645707
24700 -1021.272703662515 0 -1021.272703662515
24800 -1015.873314306111 0 -1015.873314306111
24900 -1044.469194416548 0 -1044.469194416548
25000 -1038.700729438802 0 -1038.700729438802
25100 -1044.269489694416 0 -1044.269489694416
25200 -1043.391175145181 0 -1043.391175145181
25300 -1076.264600027062 0 -1076.264600027062
25400 -1078.341014319732 0 -1078.341014319732
25500 -1068.80765691743 0 -1068.80765691743
25600 -1075.831225969509 0 -1075.831225969509
25700 -1086.63569387095 0 -1086.63569387095
25800 -1080.107734578167 0 -1080.107734578167
25900 -1086.853734315722 0 -1086.853734315722
26000 -1071.86769983577 0 -1071.86769983577
26100 -1095.356566394134 0 -1095.356566394134
26200 -1092.157988815752 0 -1092.157988815752
26300 -1133.677369306068 0 -1133.677369306068
26400 -1132.311320890517 0 -1132.311320890517
26500 -1151.030494319188 0 -1151.030494319188
26600 -1149.556066742531 0 -1149.556066742531
26700 -1138.923671803796 0 -1138.923671803796
26800 -1164.274796381185 0 -1164.274796381185
26900 -1179.566445015051 0 -1179.566445015051
27000 -1159.355810035486 0 -1159.355810035486
27100 -1169.374156425562 0 -1169.374156425562
27200 -1131.343808715406 0 -1131.343808715406
27300 -1152.374472741587 0 -1152.374472741587
27400 -1186.407587328897 0 -1186.407587328897
27500 -1137.397017129289 0 -1137.397017129289
27600 -1141.936379575636 0 -1141.936379575636
27700 -1159.23139434756 0 -1159.23139434756
27800 -1130.229959549975 0 -1130.229959549975
27900 -1098.258503035293 0 -1098.258503035293
28000 -1069.817779014935 0 -1069.817779014935
28100 -1090.400928700619 0 -1090.400928700619
28200 -1119.909683459635 0 -1119.909683459635
28300 -1110.61577093447 0 -1110.61577093447
28400 -1126.743848977756 0 -1126.743848977756
28500 -1126.430776929599 0 -1126.430776929599
28600 -1166.027586413762 0 -1166.027586413762
28700 -1146.163204871467 0 -1146.163204871467
28800 -1129.274878440985 0 -1129.274878440985
28900 -1102.249389615881 0 -1102.249389615881
29000 -1101.42902586807 0 -1101.42902586807
29100 -1095.097656981612 0 -1095.097656981612
29200 -1100.898101289715 0 -1100.898101289715
29300 -1088.663961124257 0 -1088.663961124257
29400 -1041.752581284174 0 -1041.752581284174
29500 -1059.925347446639 0 -1059.925347446639
29600 -1046.707269738516 0 -1046.707269738516
29700 -1037.739493081819 0 -1037.739493081819
29800 -1026.919478344862 0 -1026.919478344862
29900 -1047.908252080233 0 -1047.908252080233
30000 -997.5874437627514 0 -997.5874437627514
30100 -999.0939227011404 0 -999.0939227011404
30200 -961.1721931771608 0 -961.1721931771608
30300 -972.1742547077301 0 -972.1742547077301
30400 -971.8396881241133 0 -971.8396881241133
30500 -947.6008173861774 0 -947.6008173861774
30600 -969.9920943481848 0 -969.9920943481848
30700 -995.2699217171175 0 -995.2699217171175
30800 -982.9572784157353 0 -982.9572784157353
30900 -967.9969996903965 0 -967.9969996903965
31000 -958.3814213205769 0 -958.3814213205769
31100 -979.0174075791147 0 -979.0174075791147
31200 -966.7994691620042 0 -966.7994691620042
31300 -970.7131821598523 0 -970.7131821598523
31400 -936.7385318810993 0 -936.7385318810993
31500 -943.2844848699751 0 -943.2844848699751
31600 -942.9261524488684 0 -942.9261524488684
31700 -940.273756315175 0 -940.273756315175
31800 -941.4353403501445 0 -941.4353403501445
31900 -949.6888770869118 0 -949.6888770869118
32000 -955.6154098975239 0 -955.6154098975239
32100 -957.0656743227446 0 -957.0656743227446
32200 -991.1222613107821 0 -991.1222613107821
32300 -995.6139829632593 0 -995.6139829632593
32400 -990.5337591508287 0 -990.5337591508287
32500 -1018.121727985752 0 -1018.121727985752
32600 -998.015533306112 0 -998.015533306112
32700 -982.520263679653 0 -982.520263679653
32800 -997.4102195333835 0 -997.4102195333835
32900 -972.6796091089782 0 -972.6796091089782
33000 -995.0332401851192 0 -995.0332401851192
33100 -1013.462600483792 0 -1013.462600483792
33200 -1016.796165648551 0 -1016.796165648551
33300 -1017.600601029364 0 -1017.600601029364
33400 -1017.541310181419 0 -1017.541310181419
33500 -987.4883920666616 0 -987.4883920666616
33600 -970.4721464097674 0 -970.4721464097674
33700 -952.9499856634211 0 -952.9499856634211
33800 -976.7012221020123 0 -976.7012221020123
33900 -975.5796362161054 0 -975.5796362161054
34000 -951.9626138617168 0 -951.9626138617168
34100 -930.1013604820182 0 -930.1013604820182
34200 -941.783788947112 0 -941.783788947112
34300 -950.0160616950889 0 -950.0160616950889
34400 -976.1926769882266 0 -976.1926769882266
34500 -984.4039633957436 0 -984.4039633957436
34600 -1014.849997258345 0 -1014.849997258345
34700 -1017.596784069261 0 -1017.596784069261
34800 -1018.510979133687 0 -1018.510979133687
34900 -1032.882669061015 0 -1032.882669061015
35000 -1056.793731400772 0 -1056.793731400772
35100 -1055.986164998496 0 -1055.986164998496
35200 -1061.020285599599 0 -1061.020285599599
35300 -1044.63940106504 0 -1044.63940106504
35400 -1050.472265077844 0 -1050.472265077844
35500 -1042.924953150781 0 -1042.924953150781
35600 -1010.551641978411 0 -1010.551641978411
35700 -995.5515800321591 0 -995.5515800321591
35800 -960.9379441686615 0 -960.9379441686615
35900 -999.2523812395521 0 -999.2523812395521
36000 -977.4041879495344 0 -977.4041879495344
36100 -1007.421424616921 0 -1007.421424616921
36200 -1000.031849352468 0 -1000.031849352468
36300 -1008.075105898257 0 -1008.075105898257
36400 -965.9978958648135 0 -965.9978958648135
36500 -951.1499803999031 0 -951.1499803999031
36600 -919.4450924718985 0 -919.4450924718985
36700 -938.8792379611696 0 -938.8792379611696
36800 -902.3367395249079 0 -902.3367395249079
36900 -890.7982916171604 0 -890.7982916171604
37000 -886.0341066595938 0 -886.0341066595938
37100 -915.4119045312254 0 -915.4119045312254
37200 -903.5625391767535 0 -903.5625391767535
37300 -921.3852784882474 0 -921.3852784882474
37400 -928.8047345153464 0 -928.8047345153464
37500 -944.2241286700446 0 -944.2241286700446
37600 -932.0792421652732 0 -932.0792421652732
37700 -951.6337796650769 0 -951.6337796650769
37800 -964.7654973762692 0 -964.7654973762692
37900 -937.700577880998 0 -937.700577880998
38000 -955.1574782993812 0 -955.1574782993812
38100 -977.0246601433828 0 -977.0246601433828
38200 -941.0775207261468 0 -941.0775207261468
38300 -963.4620085912757 0 -963.4620085912757
38400 -967.5213898713409 0 -967.5213898713409
38500 -960.3945564738096 0 -960.3945564738096
38600 -967.2891509741166 0 -967.2891509741166
38700 -970.7292662818218 0 -970.7292662818218
38800 -984.4881088046823 0 -984.4881088046823
38900 -1035.151488622243 0 -1035.151488622243
39000 -1046.232973556587 0 -1046.232973556587
39100 -1070.094909630883 0 -1070.094909630883
39200 -1067.121328854584 0 -1067.121328854584
39300 -1070.33326850005 0 -1070.33326850005
39400 -1064.405980385141 0 -1064.405980385141
39500 -1046.284897223784 0 -1046.284897223784
39600 -1060.513498552609 0 -1060.513498552609
39700 -1022.211643177012 0 -1022.211643177012
39800 -1049.97702392481 0 -1049.97702392481
39900 -1027.715380936133 0 -1027.715380936133
40000 -1057.21624243632 0 -1057.21624243632
40100 -1073.77821368372 0 -1073.77821368372
40200 -1084.726379792264 0 -1084.726379792264
40300 -1069.663025347467 0 -1069.663025347467
40400 -1083.849512731627 0 -1083.849512731627
40500 -1069.084143811429 0 -1069.084143811429
40600 -1042.676457562804 0 -1042.676457562804
40700 -1012.169221639575 0 -1012.169221639575
40800 -1027.497135597048 0 -1027.497135597048
40900 -1012.770417008891 0 -1012.770417008891
41000 -994.502394819312 0 -994.502394819312
41100 -1005.3580732095 0 -1005.3580732095
41200 -973.3032628043438 0 -973.3032628043438
41300 -948.8999987463467 0 -948.8999987463467
41400 -938.9956925497972 0 -938.9956925497972
41500 -976.3482820497738 0 -976.3482820497738
41600 -959.9504294104408 0 -959.9504294104408
41700 -929.5411799543072 0 -929.5411799543072
41800 -890.4760225366917 0 -890.4760225366917
41900 -916.5583814951933 0 -916.5583814951933
42000 -920.3777651307719 0 -920.3777651307719
42100 -923.8663298336614 0 -923.8663298336614
42200 -935.5535254599235 0 -935.5535254599235
42300 -944.9748803119946 0 -944.9748803119946
42400 -937.3304318013579 0 -937.3304318013579
42500 -953.2852337296063 0 -953.2852337296063
42600 -961.1324901501066 0 -961.1324901501066
42700 -957.9687744224502 0 -957.9687744224502
42800 -937.9422701361764 0 -937.9422701361764
42900 -934.1362896669016 0 -934.1362896669016
43000 -959.0469022326288 0 -959.0469022326288
43100 -946.650306499243 0 -946.650306499243
43200 -946.4995584021963 0 -946.4995584021963
43300 -962.425370041703 0 -962.425370041703
43400 -982.3643835816765 0 -982.3643835816765
43500 -977.022933968401 0 -977.022933968401
43600 -961.9749536741874 0 -961.9749536741874
43700 -976.301678148091 0 -976.301678148091
43800 -990.9749351406936 0 -990.9749351406936
43900 -1004.673440661551 0 -1004.673440661551
44000 -981.8835353205213 0 -981.8835353205213
44100 -960.6868137004494 0 -960.6868137004494
44200 -961.8884598477744 0 -961.8884598477744
44300 -976.540208794082 0 -976.540208794082
44400 -996.5077768506599 0 -996.5077768506599
44500 -1009.059001004556 0 -1009.059001004556
44600 -987.4528601482307 0 -987.4528601482307
44700 -983.7558285014493 0 -983.7558285014493
44800 -999.5320017346239 0 -999.5320017346239
44900 -995.1648868570919 0 -995.1648868570919
45000 -999.6561211686567 0 -999.6561211686567
45100 -1022.334268422055 0 -1022.334268422055
45200 -998.3206916759955 0 -998.3206916759955
45300 -985.3004332928394 0 -985.3004332928394
45400 -969.9861335179157 0 -969.9861335179157
45500 -965.0530475317501 0 -965.0530475317501
45600 -937.2445304693247 0 -937.2445304693247
45700 -947.526491129749 0 -947.526491129749
45800 -973.0687082635704 0 -973.0687082635704
45900 -953.2514867744176 0 -953.2514867744176
46000 -985.4745875632179 0 -985.4745875632179
46100 -985.0298643076676 0 -985.0298643076676
46200 -1011.642174949739 0 -1011.642174949739
46300 -1030.773271465087 0 -1030.773271465087
46400 -1020.523893160527 0 -1020.523893160527
46500 -998.8688540687435 0 -998.8688540687435
46600 -997.5681308372004 0 -997.5681308372004
46700 -1022.627977753757 0 -1022.627977753757
46800 -1006.58836446557 0 -1006.58836446557
46900 -1016.67033939118 0 -1016.67033939118
47000 -1001.121401544951 0 -1001.121401544951
47100 -984.5308736054576 0 -984.5308736054576
47200 -992.2724043607432 0 -992.2724043607432
47300 -1023.615925732578 0 -1023.615925732578
47400 -1001.826728091197 0 -1001.826728091197
47500 -982.7087606787009 0 -982.7087606787009
47600 -990.008199644566 0 -990.008199644566
47700 -1001.263010169219 0 -1001.263010169219
47800 -1021.737237172609 0 -1021.737237172609
47900 -1017.828014543658 0 -1017.828014543658
48000 -995.2130788220675 0 -995.2130788220675
48100 -975.6685565951921 0 -975.6685565951921
48200 -990.7787886194419 0 -990.7787886194419
48300 -1001.127791014093 0 -1001.127791014093
48400 -982.8102624104358 0 -982.8102624104358
48500 -995.6034129002946 0 -995.6034129002946
48600 -997.1634568882582 0 -997.1634568882582
48700 -987.5776689801132 0 -987.5776689801132
48800 -1017.804555596143 0 -1017.804555596143
48900 -1017.343274209008 0 -1017.343274209008
49000 -987.3213971675705 0 -987.3213971675705
49100 -957.022948717582 0 -957.022948717582
49200 -972.93095352198 0 -972.93095352198
49300 -964.9944585132107 0 -964.9944585132107
49400 -972.9289259232173 0 -972.9289259232173
49500 -960.7659128319924 0 -960.7659128319924
49600 -977.3364964897264 0 -977.3364964897264
49700 -987.4607736060279 0 -987.4607736060279
49800 -988.9881356397136 0 -988.9881356397136
49900 -965.8938602947164 0 -965.8938602947164
50000 -950.2731868009942 0 -950.2731868009942
50100 -946.054628863254 0 -946.054628863254
50200 -944.2024388576251 0 -944.2024388576251
50300 -922.8021695779171 0 -922.8021695779171
50400 -922.0101341025293 0 -922.0101341025293
50500 -911.1965194104487 0 -911.1965194104487
50600 -908.4339321218431 0 -908.4339321218431
50700 -924.2425109967007 0 -924.2425109967007
50800 -962.8146216599816 0 -962.8146216599816
50900 -962.8448412783364 0 -962.8448412783364
51000 -949.1692099412794 0 -949.1692099412794
51100 -960.2389106611372 0 -960.2389106611372
51200 -942.0640521737805 0 -942.0640521737805
51300 -945.803502511958 0 -945.803502511958
51400 -986.5382196069404 0 -986.5382196069404
51500 -953.1929724466172 0 -953.1929724466172
51600 -955.4866130872397 0 -955.4866130872397
51700 -960.7943994946254 0 -960.7943994946254
51800 -943.7054224115836 0 -943.7054224115836
51900 -949.510133000811 0 -949.510133000811
52000 -974.340696870262 0 -974.340696870262
52100 -964.8187693294167 0 -964.8187693294167
52200 -955.9544803182362 0 -955.9544803182362
52300 -942.952015261515 0 -942.952015261515
52400 -926.8971006094071 0 -926.8971006094071
52500 -914.7485047132795 0 -914.7485047132795
52600 -914.4771986596606 0 -914.4771986596606
52700 -923.8550150919691 0 -923.8550150919691
52800 -945.3111399351619 0 -945.3111399351619
52900 -962.2460363213904 0 -962.2460363213904
53000 -973.8951141042053 0 -973.8951141042053
53100 -980.5626109737495 0 -980.5626109737495
53200 -971.24179070018 0 -971.24179070018
53300 -973.2060875992247 0 -973.2060875992247
53400 -940.2097287203069 0 -940.2097287203069
53500 -904.002642651496 0 -904.002642651496
53600 -924.6010533070075 0 -924.6010533070075
53700 -913.2618164372689 0 -913.2618164372689
53800 -908.1599219799391 0 -908.1599219799391
53900 -872.8675290595129 0 -872.8675290595129
54000 -893.8591071918781 0 -893.8591071918781
54100 -873.836396931496 0 -873.836396931496
54200 -874.4309757363808 0 -874.4309757363808
54300 -897.5648399559141 0 -897.5648399559141
54400 -893.5295113019238 0 -893.5295113019238
54500 -914.6871160025767 0 -914.6871160025767
54600 -890.2884028203916 0 -890.2884028203916
54700 -913.130595663446 0 -913.130595663446
54800 -942.5808403895353 0 -942.5808403895353
54900 -916.4318291080672 0 -916.4318291080672
55000 -929.3119892143004 0 -929.3119892143004
55100 -936.9783681302797 0 -936.9783681302797
55200 -936.713268623309 0 -936.713268623309
55300 -941.830820394287 0 -941.830820394287
55400 -941.1573075776396 0 -941.1573075776396
55500 -955.2796216332354 0 -955.2796216332354
55600 -938.8534956166404 0 -938.8534956166404
55700 -948.0049140848569 0 -948.0049140848569
55800 -913.0076039976157 0 -913.0076039976157
55900 -907.0949280913701 0 -907.0949280913701
56000 -876.5685532305943 0 -876.5685532305943
56100 -863.5902279298753 0 -863.5902279298753
56200 -881.4627321509615 0 -881.4627321509615
56300 -873.104648711058 0 -873.104648711058
56400 -866.4564849104499 0 -866.4564849104499
56500 -887.2970348137314 0 -887.2970348137314
56600 -906.400629872187 0 -906.400629872187
56700 -909.5650849631638 0 -909.5650849631638
56800 -900.1074055874487 0 -900.1074055874487
56900 -916.0259110958141 0 -916.0259110958141
57000 -913.032021239851 0 -913.032021239851
57100 -922.0865929502179 0 -922.0865929502179
57200 -927.4478414621408 0 -927.4478414621408
57300 -956.0071228363086 0 -956.0071228363086
57400 -959.7956183462047 0 -959.7956183462047
57500 -968.2252605346875 0 -968.2252605346875
57600 -960.2042556106753 0 -960.2042556106753
57700 -971.2379625384801 0 -971.2379625384801
57800 -945.2419304045034 0 -945.2419304045034
57900 -934.474067345669 0 -934.474067345669
58000 -945.2475781634275 0 -945.2475781634275
58100 -943.0964571167133 0 -943.0964571167133
58200 -929.3211172200972 0 -929.3211172200972
58300 -948.8501662440249 0 -948.8501662440249
58400 -907.864729793102 0 -907.864729793102
58500 -906.9348225958238 0 -906.9348225958238
58600 -948.0500773157983 0 -948.0500773157983
58700 -945.7575545014697 0 -945.7575545014697
58800 -964.5862499019349 0 -964.5862499019349
58900 -961.0085253867146 0 -961.0085253867146
59000 -931.1952237919322 0 -931.1952237919322
59100 -956.4152098962004 0 -956.4152098962004
59200 -928.1146187736886 0 -928.1146187736886
59300 -907.120670245291 0 -907.120670245291
59400 -927.4182999177719 0 -927.4182999177719
59500 -931.6100620935977 0 -931.6100620935977
59600 -895.7078586797579 0 -895.7078586797579
59700 -921.1267473720654 0 -921.1267473720654
59800 -913.7866103968699 0 -913.7866103968699
59900 -926.433650225139 0 -926.433650225139
60000 -917.5544585500611 0 -917.5544585500611
60100 -950.9695892544987 0 -950.9695892544987
60200 -904.9650421353872 0 -904.9650421353872
60300 -897.4058687309735 0 -897.4058687309735
60400 -869.4735884884722 0 -869.4735884884722
60500 -884.4220109892267 0 -884.4220109892267
60600 -876.4110061442188 0 -876.4110061442188
60700 -876.1794189733628 0 -876.1794189733628
60800 -880.4548740933242 0 -880.4548740933242
60900 -870.6327625879057 0 -870.6327625879057
61000 -879.4945485663775 0 -879.4945485663775
61100 -907.60027691914 0 -907.60027691914
61200 -897.9082938761567 0 -897.9082938761567
61300 -890.8576316305189 0 -890.8576316305189
61400 -848.7399282912029 0 -848.7399282912029
61500 -868.9342184761663 0 -868.9342184761663
61600 -859.3762502465688 0 -859.3762502465688
61700 -868.4966023192646 0 -868.4966023192646
61800 -870.2994885120424 0 -870.2994885120424
61900 -890.9425117048813 0 -890.9425117048813
62000 -919.5548476057884 0 -919.5548476057884
62100 -880.4980569951585 0 -880.4980569951585
62200 -841.8155220603803 0 -841.8155220603803
62300 -851.2055475878878 0 -851.2055475878878
62400 -847.0388113142981 0 -847.0388113142981
62500 -866.2976914787723 0 -866.2976914787723
62600 -850.609931061801 0 -850.609931061801
62700 -835.4052180411236 0 -835.4052180411236
62800 -827.9939537309983 0 -827.9939537309983
62900 -824.9662340398354 0 -824.9662340398354
63000 -845.7308526739507 0 -845.7308526739507
63100 -849.4301076683332 0 -849.4301076683332
63200 -871.0152312343998 0 -871.0152312343998
63300 -885.3418070250773 0 -885.3418070250773
63400 -880.5059862238122 0 -880.5059862238122
63500 -896.6450595702772 0 -896.6450595702772
63600 -898.2231628237932 0 -898.2231628237932
63700 -869.3428848558106 0 -869.3428848558106
63800 -877.6588447842223 0 -877.6588447842223
63900 -855.3066022204548 0 -855.3066022204548
64000 -840.5768102088477 0 -840.5768102088477
64100 -851.9335163463402 0 -851.9335163463402
64200 -825.4802939537331 0 -825.4802939537331
64300 -825.2419339784537 0 -825.2419339784537
64400 -842.2502529021076 0 -842.2502529021076
64500 -841.6090705397073 0 -841.6090705397073
64600 -855.8165291087353 0 -855.8165291087353
64700 -853.8188909429045 0 -853.8188909429045
64800 -872.5796263758166 0 -872.5796263758166
64900 -895.3648528971535 0 -895.3648528971535
65000 -869.7122716562008 0 -869.7122716562008
65100 -875.3874650956423 0 -875.3874650956423
65200 -877.0172370109358 0 -877.0172370109358
65300 -846.9640358648485 0 -846.9640358648485
65400 -866.2788716711948 0 -866.2788716711948
65500 -888.8410470994131 0 -888.8410470994131
65600 -869.0943479870148 0 -869.0943479870148
65700 -881.4822148528183 0 -881.4822148528183
65800 -894.7003759095969 0 -894.7003759095969
65900 -925.2246487943485 0 -925.2246487943485
66000 -901.6929356552137 0 -901.6929356552137
66100 -890.2142559422937 0 -890.2142559422937
66200 -907.5127146899176 0 -907.5127146899176
66300 -865.5423981591885 0 -865.5423981591885
66400 -836.0298380074091 0 -836.0298380074091
66500 -852.8677057473938 0 -852.8677057473938
66600 -870.4450359695038 0 -870.4450359695038
66700 -848.2290180043965 0 -848.2290180043965
66800 -838.5481081284815 0 -838.5481081284815
66900 -834.6819194597338 0 -834.6819194597338
67000 -851.3622450928669 0 -851.3622450928669
67100 -844.0174304530083 0 -844.0174304530083
67200 -857.3689006458735 0 -857.3689006458735
67300 -855.6964531340345 0 -855.6964531340345
67400 -835.9038426800689 0 -835.9038426800689
67500 -893.2688287890196 0 -893.2688287890196
67600 -899.8285999542859 0 -899.8285999542859
67700 -901.8751698532578 0 -901.8751698532578
67800 -878.536685594263 0 -878.536685594263
67900 -884.6275815265326 0 -884.6275815265326
68000 -897.0411492360872 0 -897.0411492360872
68100 -900.6807218845934 0 -900.6807218845934
68200 -884.2529471330927 0 -884.2529471330927
68300 -894.4341672512819 0 -894.4341672512819
68400 -890.1585757094435 0 -890.1585757094435
68500 -872.2953218992043 0 -872.2953218992043
68600 -907.6165717030526 0 -907.6165717030526
68700 -901.6454834045144 0 -901.6454834045144
68800 -907.1860352662625 0 -907.1860352662625
68900 -927.6482678335451 0 -927.6482678335451
69000 -897.0265244964394 0 -897.0265244964394
69100 -893.6651372812921 0 -893.6651372812921
69200 -895.3002622101703 0 -895.3002622101703
69300 -888.1338784668769 0 -888.1338784668769
69400 -869.6507576778531 0 -869.6507576778531
69500 -838.7918093681363 0 -838.7918093681363
69600 -825.7748574106026 0 -825.7748574106026
69700 -865.1733899055544 0 -865.1733899055544
69800 -860.4882281257014 0 -860.4882281257014
69900 -867.8089862742927 0 -867.8089862742927
70000 -893.1086349360703 0 -893.1086349360703
70100 -890.02083624652 0 -890.02083624652
70200 -921.4562917455041 0 -921.4562917455041
70300 -865.4619189760269 0 -865.4619189760269
70400 -841.6941116373637 0 -841.6941116373637
70500 -888.3925880574971 0 -888.3925880574971
70600 -880.852897373843 0 -880.852897373843
70700 -882.3327090970261 0 -882.3327090970261
70800 -922.919632895384 0 -922.919632895384
70900 -905.8265319856 0 -905.8265319856
71000 -927.6736701049376 0 -927.6736701049376
71100 -941.8172248086194 0 -941.8172248086194
71200 -931.2018518543046 0 -931.2018518543046
71300 -917.8860175881709 0 -917.8860175881709
71400 -886.1514155914083 0 -886.1514155914083
71500 -919.5448075004933 0 -919.5448075004933
71600 -917.7017835031438 0 -917.7017835031438
71700 -900.3067435180128 0 -900.3067435180128
71800 -938.9528245141264 0 -938.9528245141264
71900 -943.5021662696381 0 -943.5021662696381
72000 -962.7961663951282 0 -962.7961663951282
72100 -951.3013710899977 0 -951.3013710899977
72200 -927.6344162676687 0 -927.6344162676687
72300 -920.3151436511689 0 -920.3151436511689
72400 -892.0754291105695 0 -892.0754291105695
72500 -900.5756770474254 0 -900.5756770474254
72600 -905.1633045557974 0 -905.1633045557974
72700 -885.2854669326334 0 -885.2854669326334
72800 -861.1372534166221 0 -861.1372534166221
72900 -884.6706340064702 0 -884.6706340064702
73000 -868.0518777741381 0 -868.0518777741381
73100 -894.4471518273931 0 -894.4471518273931
73200 -899.6955052220583 0 -899.6955052220583
73300 -901.2272015659109 0 -901.2272015659109
73400 -952.580683936194 0 -952.580683936194
73500 -941.8505806163885 0 -941.8505806163885
73600 -917.8070495452848 0 -917.8070495452848
73700 -904.9459107349685 0 -904.9459107349685
73800 -892.4973749160563 0 -892.4973749160563
73900 -879.8406486469903 0 -879.8406486469903
74000 -890.6129984553845 0 -890.6129984553845
74100 -922.9631219583171 0 -922.9631219583171
74200 -937.2254249844118 0 -937.2254249844118
74300 -893.516789086163 0 -893.516789086163
74400 -921.9512241972989 0 -921.9512241972989
74500 -919.2742093362467 0 -919.2742093362467
74600 -864.04237225418 0 -864.04237225418
74700 -875.6138192518847 0 -875.6138192518847
74800 -866.2787373057799 0 -866.2787373057799
74900 -851.0957746149797 0 -851.0957746149797
75000 -860.7639820813929 0 -860.7639820813929
75100 -855.3683358617127 0 -855.3683358617127
75200 -861.0959227756248 0 -861.0959227756248
75300 -865.8155443315918 0 -865.8155443315918
75400 -836.2854085480212 0 -836.2854085480212
75500 -835.1122769254725 0 -835.1122769254725
75600 -864.5344190452015 0 -864.5344190452015
75700 -810.7899609895248 0 -810.7899609895248
75800 -826.1516471201903 0 -826.1516471201903
75900 -838.9554322076438 0 -838.9554322076438
76000 -837.2115012512659 0 -837.2115012512659
76100 -836.716181910364 0 -836.716181910364
76200 -858.4432616361446 0 -858.4432616361446
76300 -853.0165112126415 0 -853.0165112126415
76400 -858.7301759328693 0 -858.7301759328693
76500 -880.9130078589078 0 -880.9130078589078
76600 -880.0309288346907 0 -880.0309288346907
76700 -859.668287562039 0 -859.668287562039
76800 -895.6557756338734 0 -895.6557756338734
76900 -916.9048494297203 0 -916.9048494297203
77000 -907.9015406677499 0 -907.9015406677499
77100 -916.7105571510037 0 -916.7105571510037
77200 -936.9796844893717 0 -936.9796844893717
77300 -940.8773219475952 0 -940.8773219475952
77400 -948.1440508892556 0 -948.1440508892556
77500 -937.7910880550262 0 -937.7910880550262
77600 -967.0174145738565 0 -967.0174145738565
77700 -975.6577305466053 0 -975.6577305466053
77800 -932.475464302348 0 -932.475464302348
77900 -948.8477277496422 0 -948.8477277496422
78000 -956.1099311828439 0 -956.1099311828439
78100 -993.5285622478696 0 -993.5285622478696
78200 -978.1039367446647 0 -978.1039367446647
78300 -963.9615556036006 0 -963.9615556036006
78400 -937.1612258437381 0 -937.1612258437381
78500 -912.4253891463741 0 -912.4253891463741
78600 -912.4496263597102 0 -912.4496263597102
78700 -929.2965344717377 0 -929.2965344717377
78800 -911.6428191210725 0 -911.6428191210725
78900 -941.3200396329485 0 -941.3200396329485
79000 -928.7127332018117 0 -928.7127332018117
79100 -897.8319003801444 0 -897.8319003801444
79200 -884.7933138301887 0 -884.7933138301887
79300 -888.310149316967 0 -888.310149316967
79400 -877.3873776185501 0 -877.3873776185501
79500 -838.5243967554925 0 -838.5243967554925
79600 -864.3558496353799 0 -864.3558496353799
79700 -883.724335317158 0 -883.724335317158
79800 -908.7152562573319 0 -908.7152562573319
79900 -869.1798309717324 0 -869.1798309717324
80000 -869.0169508184481 0 -869.0169508184481
80100 -882.1148301291687 0 -882.1148301291687
80200 -872.3200407447803 0 -872.3200407447803
80300 -878.4007821870473 0 -878.4007821870473
80400 -893.7912641863222 0 -893.7912641863222
80500 -914.2450465206057 0 -914.2450465206057
80600 -927.1954190466131 0 -927.1954190466131
80700 -930.3177531517576 0 -930.3177531517576
80800 -934.576044335292 0 -934.576044335292
80900 -930.9889722011285 0 -930.9889722011285
81000 -925.5146395359188 0 -925.5146395359188
81100 -905.0112542081915 0 -905.0112542081915
81200 -924.2496987090744 0 -924.2496987090744
81300 -916.0584699101928 0 -916.0584699101928
81400 -927.2784460657858 0 -927.2784460657858
81500 -902.1321396352505 0 -902.1321396352505
81600 -935.9442702087981 0 -935.9442702087981
81700 -918.2749406907678 0 -918.2749406907678
81800 -931.7489131600305 0 -931.7489131600305
81900 -942.4016362821712 0 -942.4016362821712
82000 -937.9200039671559 0 -937.9200039671559
82100 -942.6771840423899 0 -942.6771840423899
82200 -934.0326864192612 0 -934.0326864192612
82300 -919.0087659935525 0 -919.0087659935525
82400 -911.8132611933688 0 -911.8132611933688
82500 -903.1022062347038 0 -903.1022062347038
82600 -885.0277895925847 0 -885.0277895925847
82700 -900.3704119081376 0 -900.3704119081376
82800 -868.6738042102224 0 -868.6738042102224
82900 -899.3433222151943 0 -899.3433222151943
83000 -910.1867236599646 0 -910.1867236599646
83100 -914.4564332613372 0 -914.4564332613372
83200 -884.1052671391953 0 -884.1052671391953
83300 -883.5989999537996 0 -883.5989999537996
83400 -887.5209185041458 0 -887.5209185041458
83500 -854.7873761346564 0 -854.7873761346564
83600 -862.1084920091234 0 -862.1084920091234
83700 -892.2455867180834 0 -892.2455867180834
83800 -908.6356586862094 0 -908.6356586862094
83900 -916.3571997404215 0 -916.3571997404215
84000 -906.6116522442644 0 -906.6116522442644
84100 -913.478969205069 0 -913.478969205069
84200 -923.6949541841459 0 -923.6949541841459
84300 -898.7375550878933 0 -898.7375550878933
84400 -860.6968269555073 0 -860.6968269555073
84500 -878.9425260800417 0 -878.9425260800417
84600 -872.5707064562303 0 -872.5707064562303
84700 -900.1786441894947 0 -900.1786441894947
84800 -893.8569487525092 0 -893.8569487525092
84900 -881.2890806300311 0 -881.2890806300311
85000 -891.2281339626643 0 -891.2281339626643
85100 -880.3445464809774 0 -880.3445464809774
85200 -892.6193896873738 0 -892.6193896873738
85300 -885.410574089241 0 -885.410574089241
85400 -870.2798325780896 0 -870.2798325780896
85500 -882.3700705977681 0 -882.3700705977681
85600 -900.5875918593956 0 -900.5875918593956
85700 -885.8762305024429 0 -885.8762305024429
85800 -881.941614784766 0 -881.941614784766
85900 -878.68911235634 0 -878.68911235634
86000 -892.8278392701468 0 -892.8278392701468
86100 -866.0848939140851 0 -866.0848939140851
86200 -876.8934998667828 0 -876.8934998667828
86300 -915.9557014337624 0 -915.9557014337624
86400 -898.4771920898856 0 -898.4771920898856
86500 -885.4925258751609 0 -885.4925258751609
86600 -887.2212378665281 0 -887.2212378665281
86700 -915.4204788550269 0 -915.4204788550269
86800 -937.810758729378 0 -937.810758729378
86900 -919.2977831516182 0 -919.2977831516182
87000 -915.8096464071677 0 -915.8096464071677
87100 -930.4764871981461 0 -930.4764871981461
87200 -930.2295884241175 0 -930.2295884241175
87300 -937.9348784884205 0 -937.9348784884205
87400 -930.1604599267303 0 -930.1604599267303
87500 -920.3337879713217 0 -920.3337879713217
87600 -942.0888342206199 0 -942.0888342206199
87700 -956.79885364035 0 -956.79885364035
87800 -933.268719580461 0 -933.268719580461
87900 -895.3468941562805 0 -895.3468941562805
88000 -880.2944207111141 0 -880.2944207111141
88100 -882.5920332012684 0 -882.5920332012684
88200 -874.972650124233 0 -874.972650124233
88300 -898.3292373278528 0 -898.3292373278528
88400 -928.583182305214 0 -928.583182305214
88500 -942.4087641981459 0 -942.4087641981459
88600 -953.651420266131 0 -953.651420266131
88700 -949.3476685792048 0 -949.3476685792048
88800 -959.5910485151107 0 -959.5910485151107
88900 -924.8597309983888 0 -924.8597309983888
89000 -949.8661828337063 0 -949.8661828337063
89100 -959.3211615342152 0 -959.3211615342152
89200 -917.4163821450638 0 -917.4163821450638
89300 -884.6370205860439 0 -884.6370205860439
89400 -879.1884346122388 0 -879.1884346122388
89500 -884.3007685486809 0 -884.3007685486809
89600 -868.8307967663277 0 -868.8307967663277
89700 -834.1169324225339 0 -834.1169324225339
89800 -871.2414175637241 0 -871.2414175637241
89900 -835.4792837533023 0 -835.4792837533023
90000 -861.2204151747283 0 -861.2204151747283
90100 -823.7330961247062 0 -823.7330961247062
90200 -795.2022633726201 0 -795.2022633726201
90300 -787.9725957071932 0 -787.9725957071932
90400 -799.8776110543695 0 -799.8776110543695
90500 -806.4544170380104 0 -806.4544170380104
90600 -840.0375871629512 0 -840.0375871629512
90700 -826.9911214357126 0 -826.9911214357126
90800 -848.9883724470565 0 -848.9883724470565
90900 -852.2463120373723 0 -852.2463120373723
91000 -840.1109182294858 0 -840.1109182294858
91100 -821.0205660072388 0 -821.0205660072388
91200 -789.3393318056187 0 -789.3393318056187
91300 -827.7622897477995 0 -827.7622897477995
91400 -856.5935214919737 0 -856.5935214919737
91500 -858.4767944516498 0 -858.4767944516498
91600 -860.4338729987658 0 -860.4338729987658
91700 -848.6459954820457 0 -848.6459954820457
91800 -863.0064698672941 0 -863.0064698672941
91900 -836.2132360019896 0 -836.2132360019896
92000 -830.7105489981877 0 -830.7105489981877
92100 -818.7031437208061 0 -818.7031437208061
92200 -832.6050234059003 0 -832.6050234059003
92300 -854.0865001187194 0 -854.0865001187194
92400 -859.1302196326142 0 -859.1302196326142
92500 -850.0777610986843 0 -850.0777610986843
92600 -856.1626339634386 0 -856.1626339634386
92700 -870.7515713791945 0 -870.7515713791945
92800 -883.5676863522967 0 -883.5676863522967
92900 -857.1039587116393 0 -857.1039587116393
93000 -816.2685977997899 0 -816.2685977997899
93100 -792.9541015850846 0 -792.9541015850846
93200 -795.2387167421984 0 -795.2387167421984
93300 -790.3982051986968 0 -790.3982051986968
93400 -745.9697455464047 0 -745.9697455464047
93500 -763.842584092461 0 -763.842584092461
93600 -773.0136173539067 0 -773.0136173539067
93700 -786.1426923546533 0 -786.1426923546533
93800 -813.2304777145254 0 -813.2304777145254
93900 -810.4916065336583 0 -810.4916065336583
94000 -845.409507014323 0 -845.409507014323
94100 -852.4705626118812 0 -852.4705626118812
94200 -882.8833155967877 0 -882.8833155967877
94300 -839.6773169370499 0 -839.6773169370499
94400 -821.5991960474057 0 -821.5991960474057
94500 -798.922595151409 0 -798.922595151409
94600 -786.6243841077667 0 -786.6243841077667
94700 -796.1865643856545 0 -796.1865643856545
94800 -762.1727557371341 0 -762.1727557371341
94900 -769.2316256624472 0 -769.2316256624472
95000 -767.7302242456935 0 -767.7302242456935
95100 -769.2918956423819 0 -769.2918956423819
95200 -774.704624173246 0 -774.704624173246
95300 -774.0451170246524 0 -774.0451170246524
95400 -766.7569014386245 0 -766.7569014386245
95500 -795.5015882699663 0 -795.5015882699663
95600 -792.6013775696629 0 -792.6013775696629
95700 -814.6157693192799 0 -814.6157693192799
95800 -806.8797596118693 0 -806.8797596118693
95900 -798.2705410294875 0 -798.2705410294875
96000 -803.8831110292522 0 -803.8831110292522
96100 -789.1866563349031 0 -789.1866563349031
96200 -787.7943704668432 0 -787.7943704668432
96300 -786.0721262421575 0 -786.0721262421575
96400 -787.75904146838 0 -787.75904146838
96500 -761.5025813380125 0 -761.5025813380125
96600 -760.1823151230928 0 -760.1823151230928
96700 -741.1922972122811 0 -741.1922972122811
96800 -757.7268702418951 0 -757.7268702418951
96900 -748.4243611380225 0 -748.4243611380225
97000 -741.8471566425869 0 -741.8471566425869
97100 -731.6687502958521 0 -731.6687502958521
97200 -738.399553707306 0 -738.399553707306
97300 -790.9144612939003 0 -790.9144612939003
97400 -789.7407507826574 0 -789.7407507826574
97500 -807.4418801034626 0 -807.4418801034626
97600 -804.8122378673761 0 -804.8122378673761
97700 -822.686419439262 0 -822.686419439262
97800 -811.9465222132276 0 -811.9465222132276
97900 -816.5532520219567 0 -816.5532520219567
98000 -805.7042087239388 0 -805.7042087239388
98100 -785.0734427704592 0 -785.0734427704592
98200 -769.4544750819914 0 -769.4544750819914
98300 -761.4517917492776 0 -761.4517917492776
98400 -753.7710747726669 0 -753.7710747726669
98500 -744.1629947248148 0 -744.1629947248148
98600 -736.5712432031746 0 -736.5712432031746
98700 -738.5147140743939 0 -738.5147140743939
98800 -748.6762789050117 0 -748.6762789050117
98900 -737.494652690104 0 -737.494652690104
99000 -755.5104945915591 0 -755.5104945915591
99100 -784.0697889911244 0 -784.0697889911244
99200 -740.3166845313681 0 -740.3166845313681
99300 -738.001952752566 0 -738.001952752566
99400 -747.9159747641534 0 -747.9159747641534
99500 -753.7796386000846 0 -753.7796386000846
99600 -761.9590332312509 0 -761.9590332312509
99700 -786.7942280346178 0 -786.7942280346178
99800 -753.1091993911323 0 -753.1091993911323
99900 -725.2384168528952 0 -725.2384168528952
100000 -742.4924316903634 0 -742.4924316903634
100100 -744.9650773637695 0 -744.9650773637695
100200 -760.0365445073112 0 -760.0365445073112
100300 -765.6651509682415 0 -765.6651509682415
100400 -795.0094035688671 0 -795.0094035688671
100500 -770.3046031088452 0 -770.3046031088452
100600 -759.483894444129 0 -759.483894444129
100700 -732.9860313155223 0 -732.9860313155223
100800 -765.7892921047169 0 -765.7892921047169
100900 -763.6012329621008 0 -763.6012329621008
101000 -766.8393095986539 0 -766.8393095986539
101100 -756.2385018238419 0 -756.2385018238419
101200 -752.9215721618093 0 -752.9215721618093
101300 -773.0846738118489 0 -773.0846738118489
101400 -769.5276991693609 0 -769.5276991693609
101500 -764.9056915540204 0 -764.9056915540204
101600 -727.1743059756991 0 -727.1743059756991
101700 -723.7412684138981 0 -723.7412684138981
101800 -722.6339629671711 0 -722.6339629671711
101900 -730.5700998298707 0 -730.5700998298707
102000 -700.9209710699506 0 -700.9209710699506
102100 -693.2636224190937 0 -693.2636224190937
102200 -696.1254526192351 0 -696.1254526192351
102300 -702.5668528194656 0 -702.5668528194656
102400 -706.0556390897545 0 -706.0556390897545
102500 -734.2654282010626 0 -734.2654282010626
102600 -714.6207121779735 0 -714.6207121779735
102700 -726.8325483074877 0 -726.8325483074877
102800 -728.1225709278078 0 -728.1225709278078
102900 -739.3920274479897 0 -739.3920274479897
103000 -726.5523491454078 0 -726.5523491454078
103100 -701.6447811237158 0 -701.6447811237158
103200 -710.5900706228858 0 -710.5900706228858
103300 -701.3601488630666 0 -701.3601488630666
103400 -725.492026665969 0 -725.492026665969
103500 -697.8870751117356 0 -697.8870751117356
103600 -710.1911151743552 0 -710.1911151743552
103700 -739.5620754332631 0 -739.5620754332631
103800 -737.3140658618504 0 -737.3140658618504
103900 -756.2296958033112 0 -756.2296958033112
104000 -729.0292299690773 0 -729.0292299690773
104100 -704.9202173786762 0 -704.9202173786762
104200 -725.3125718908268 0 -725.3125718908268
104300 -712.1363155374711 0 -712.1363155374711
104400 -714.7181408484757 0 -714.7181408484757
104500 -691.2899739131681 0 -691.2899739131681
104600 -698.6927397120162 0 -698.6927397120162
104700 -692.5096886261599 0 -692.5096886261599
104800 -658.8825341921474 0 -658.8825341921474
104900 -671.170236104721 0 -671.170236104721
105000 -679.4997383667505 0 -679.4997383667505
105100 -710.8392667287699 0 -710.8392667287699
105200 -728.5833328706794 0 -728.5833328706794
105300 -737.3200177318358 0 -737.3200177318358
105400 -708.7140167863181 0 -708.7140167863181
105500 -694.3522220840969 0 -694.3522220840969
105600 -713.95953139427 0 -713.95953139427
105700 -731.4508946503047 0 -731.4508946503047
105800 -718.9401244890469 0 -718.9401244890469
105900 -737.6419768951018 0 -737.6419768951018
106000 -738.1745482689585 0 -738.1745482689585
106100 -718.6610676315031 0 -718.6610676315031
106200 -731.179622435011 0 -731.179622435011
106300 -706.3298631681537 0 -706.3298631681537
106400 -721.2753146534233 0 -721.2753146534233
106500 -717.6199696688564 0 -717.6199696688564
106600 -735.8999885425437 0 -735.8999885425437
106700 -729.7846352448905 0 -729.7846352448905
106800 -746.1059313549777 0 -746.1059313549777
106900 -733.7631452956703 0 -733.7631452956703
107000 -754.9371523922309 0 -754.9371523922309
107100 -763.6285355203145 0 -763.6285355203145
107200 -768.8838652392151 0 -768.8838652392151
107300 -788.1894442529883 0 -788.1894442529883
107400 -797.2488907495863 0 -797.2488907495863
107500 -771.4763977154798 0 -771.4763977154798
107600 -759.5292053165031 0 -759.5292053165031
107700 -784.7622902064177 0 -784.7622902064177
107800 -785.8189002015133 0 -785.8189002015133
107900 -774.853020162438 0 -774.853020162438
108000 -823.1758766976127 0 -823.1758766976127
108100 -845.9182562971255 0 -845.9182562971255
108200 -849.7932795579545 0 -849.7932795579545
108300 -807.5517511682701 0 -807.5517511682701
108400 -819.0107574428257 0 -819.0107574428257
108500 -810.481344264932 0 -810.481344264932
108600 -807.3336240519129 0 -807.3336240519129
108700 -801.1013202429458 0 -801.1013202429458
108800 -800.1932472710614 0 -800.1932472710614
108900 -789.2726834212226 0 -789.2726834212226
109000 -780.8283945967396 0 -780.8283945967396
109100 -795.7252105718362 0 -795.7252105718362
109200 -809.4478427724098 0 -809.4478427724098
109300 -777.6587618084159 0 -777.6587618084159
109400 -778.3106393568451 0 -778.3106393568451
109500 -763.5060079315026 0 -763.5060079315026
109600 -768.1392081415979 0 -768.1392081415979
109700 -774.0380621362274 0 -774.0380621362274
109800 -790.4810005913023 0 -790.4810005913023
109900 -769.574487947626 0 -769.574487947626
110000 -771.4496701068128 0 -771.4496701068128
110100 -775.968962230495 0 -775.968962230495
110200 -758.7790944467997 0 -758.7790944467997
110300 -727.3320721693453 0 -727.3320721693453
110400 -720.4034577834318 0 -720.4034577834318
110500 -731.8256634540157 0 -731.8256634540157
110600 -751.2869982333359 0 -751.2869982333359
110700 -759.7313305668649 0 -759.7313305668649
110800 -792.5376802233513 0 -792.5376802233513
110900 -774.7286701454141 0 -774.7286701454141
111000 -806.9011009577225 0 -806.9011009577225
111100 -804.1074126508975 0 -804.1074126508975
111200 -806.3649332470013 0 -806.3649332470013
111300 -794.6143428682408 0 -794.6143428682408
111400 -799.3133749943518 0 -799.3133749943518
111500 -802.500365659711 0 -802.500365659711
111600 -750.1738165663701 0 -750.1738165663701
111700 -775.218814242282 0 -775.218814242282
111800 -786.4072524695657 0 -786.4072524695657
111900 -797.7587247766569 0 -797.7587247766569
112000 -806.1329715104657 0 -806.1329715104657
112100 -841.1857071418781 0 -841.1857071418781
112200 -837.0494859923492 0 -837.0494859923492
112300 -846.9555268965778 0 -846.9555268965778
112400 -861.9002635461802 0 -861.9002635461802
112500 -865.6532749953476 0 -865.6532749953476
112600 -869.2466065315821 0 -869.2466065315821
112700 -863.6833717136396 0 -863.6833717136396
112800 -868.8944430030824 0 -868.8944430030824
112900 -846.3203541118128 0 -846.3203541118128
113000 -850.7380133569823 0 -850.7380133569823
113100 -861.2131455941271 0 -861.2131455941271
113200 -818.2776698725938 0 -818.2776698725938
113300 -798.2503844524326 0 -798.2503844524326
113400 -799.5425506988395 0 -799.5425506988395
113500 -767.6989490559499 0 -767.6989490559499
113600 -767.2453931322671 0 -767.2453931322671
113700 -762.5329572064802 0 -762.5329572064802
113800 -751.7770668525918 0 -751.7770668525918
113900 -745.1330568667327 0 -745.1330568667327
114000 -724.3224548138969 0 -724.3224548138969
114100 -720.8850263328786 0 -720.8850263328786
114200 -747.3294316259562 0 -747.3294316259562
114300 -765.7741121552317 0 -765.7741121552317
114400 -759.8214636206785 0 -759.8214636206785
114500 -764.4996684860089 0 -764.4996684860089
114600 -786.885006547207 0 -786.885006547207
114700 -780.2472252913703 0 -780.2472252913703
114800 -783.5294359302789 0 -783.5294359302789
114900 -800.7678557822946 0 -800.7678557822946
115000 -788.2780043154926 0 -788.2780043154926
115100 -771.3679969049481 0 -771.3679969049481
115200 -773.4968412704065 0 -773.4968412704065
115300 -774.1707636692445 0 -774.1707636692445
115400 -784.230128438081 0 -784.230128438081
115500 -758.4617496474675 0 -758.4617496474675
115600 -772.241731856484 0 -772.241731856484
115700 -783.8285723127774 0 -783.8285723127774
115800 -772.6443339031248 0 -772.6443339031248
115900 -729.9905826841132 0 -729.9905826841132
116000 -736.125026550988 0 -736.125026550988
116100 -735.2708165383956 0 -735.2708165383956
116200 -761.0064645080129 0 -761.0064645080129
116300 -761.7375183331897 0 -761.7375183331897
116400 -781.4571009695646 0 -781.4571009695646
116500 -753.6215517855308 0 -753.6215517855308
116600 -774.5161863425747 0 -774.5161863425747
116700 -766.2281566547026 0 -766.2281566547026
116800 -773.7776857104618 0 -773.7776857104618
116900 -768.2999610339466 0 -768.2999610339466
117000 -730.9670455178129 0 -730.9670455178129
117100 -741.1346362705372 0 -741.1346362705372
117200 -755.5121500847091 0 -755.5121500847091
117300 -758.8491258965296 0 -758.8491258965296
117400 -771.1604624130414 0 -771.1604624130414
117500 -766.0531950863369 0 -766.0531950863369
117600 -763.0359731510398 0 -763.0359731510398
117700 -743.7097754879505 0 -743.7097754879505
117800 -743.6120029524609 0 -743.6120029524609
117900 -725.7476894505526 0 -725.7476894505526
118000 -732.4379294064129 0 -732.4379294064129
118100 -727.4204322523292 0 -727.4204322523292
118200 -695.8692889038939 0 -695.8692889038939
118300 -730.4970615719722 0 -730.4970615719722
118400 -713.8216581378365 0 -713.8216581378365
118500 -727.4280257066421 0 -727.4280257066421
118600 -740.514700427535 0 -740.514700427535
118700 -730.4054890849184 0 -730.4054890849184
118800 -724.6564274233824 0 -724.6564274233824
118900 -745.9393348484882 0 -745.9393348484882
119000 -772.5181252660987 0 -772.5181252660987
119100 -777.842674611813 0 -777.842674611813
119200 -769.081484950555 0 -769.081484950555
119300 -762.2413003027032 0 -762.2413003027032
119400 -750.8286883274377 0 -750.8286883274377
119500 -764.5061054094112 0 -764.5061054094112
119600 -775.8354277015169 0 -775.8354277015169
119700 -783.8190222370322 0 -783.8190222370322
119800 -788.2702529219096 0 -788.2702529219096
119900 -787.7107315586763 0 -787.7107315586763
120000 -807.469483886598 0 -807.469483886598
120100 -807.8748392523848 0 -807.8748392523848
120200 -812.7737056814149 0 -812.7737056814149
120300 -783.7864640549233 0 -783.7864640549233
120400 -776.1989091527066 0 -776.1989091527066
120500 -767.0208153353888 0 -767.0208153353888
120600 -782.1795679792413 0 -782.1795679792413
120700 -799.1120095374063 0 -799.1120095374063
120800 -774.9437829790986 0 -774.9437829790986
120900 -774.6126948111923 0 -774.6126948111923
121000 -782.9538557143533 0 -782.9538557143533
121100 -774.3416452847741 0 -774.3416452847741
121200 -775.9551260667504 0 -775.9551260667504
121300 -760.8197784279328 0 -760.8197784279328
121400 -745.0442078035849 0 -745.0442078035849
121500 -771.8777300852526 0 -771.8777300852526
121600 -754.8886936147173 0 -754.8886936147173
121700 -769.6280085073668 0 -769.6280085073668
121800 -772.7803417949326 0 -772.7803417949326
121900 -776.2440282472235 0 -776.2440282472235
122000 -798.5800535521703 0 -798.5800535521703
122100 -840.1419852086692 0 -840.1419852086692
122200 -835.0159718604991 0 -835.0159718604991
122300 -870.3808495389967 0 -870.3808495389967
122400 -859.3497160573315 0 -859.3497160573315
122500 -845.8261372913985 0 -845.8261372913985
122600 -823.6079664306308 0 -823.6079664306308
122700 -791.3011656104645 0 -791.3011656104645
122800 -765.3676503428433 0 -765.3676503428433
122900 -749.8512519750329 0 -749.8512519750329
123000 -744.9612326546339 0 -744.9612326546339
123100 -761.7021521907591 0 -761.7021521907591
123200 -752.9127082245541 0 -752.9127082245541
123300 -731.3082330201578 0 -731.3082330201578
123400 -717.9945645611442 0 -717.9945645611442
123500 -714.7367536518141 0 -714.7367536518141
123600 -712.7272957574314 0 -712.7272957574314
123700 -733.003818680314 0 -733.003818680314
123800 -736.7660504021915 0 -736.7660504021915
123900 -721.9436515891284 0 -721.9436515891284
124000 -694.2825844880426 0 -694.2825844880426
124100 -690.9179567464962 0 -690.9179567464962
124200 -685.0632515723119 0 -685.0632515723119
124300 -694.6856116187992 0 -694.6856116187992
124400 -694.4208021363302 0 -694.4208021363302
124500 -657.5592271205751 0 -657.5592271205751
124600 -646.7300560759031 0 -646.7300560759031
124700 -643.633080046071 0 -643.633080046071
124800 -673.4321863047953 0 -673.4321863047953
124900 -691.6947280182212 0 -691.6947280182212
125000 -737.4045698075206 0 -737.4045698075206
125100 -737.3389938367109 0 -737.3389938367109
125200 -759.0684409029927 0 -759.0684409029927
125300 -787.0728019478865 0 -787.0728019478865
125400 -781.9146759769646 0 -781.9146759769646
125500 -748.898869034776 0 -748.898869034776
125600 -739.7211322994553 0 -739.7211322994553
125700 -760.4027435063908 0 -760.4027435063908
125800 -750.3036350236216 0 -750.3036350236216
125900 -739.5989851143095 0 -739.5989851143095
126000 -752.8877015524267 0 -752.8877015524267
126100 -733.9290131962916 0 -733.9290131962916
126200 -752.3453491172986 0 -752.3453491172986
126300 -740.6976475373449 0 -740.6976475373449
126400 -731.8975336421281 0 -731.8975336421281
126500 -702.7576578258886 0 -702.7576578258886
126600 -704.1000122783007 0 -704.1000122783007
126700 -717.1390880335966 0 -717.1390880335966
126800 -719.2949267395306 0 -719.2949267395306
126900 -713.7796505655278 0 -713.7796505655278
127000 -736.0101195429161 0 -736.0101195429161
127100 -771.5597862362192 0 -771.5597862362192
127200 -776.3947467025719 0 -776.3947467025719
127300 -729.7799814085884 0 -729.7799814085884
127400 -747.7418190717872 0 -747.7418190717872
127500 -793.5419193985708 0 -793.5419193985708
127600 -799.6327538203914 0 -799.6327538203914
127700 -814.4065575779241 0 -814.4065575779241
127800 -784.4480056388049 0 -784.4480056388049
127900 -745.0598967277601 0 -745.0598967277601
128000 -749.794489398424 0 -749.794489398424
128100 -730.9036305783084 0 -730.9036305783084
128200 -725.5304157948704 0 -725.5304157948704
128300 -723.1458956957067 0 -723.1458956957067
128400 -772.5233363272491 0 -772.5233363272491
128500 -810.9180397539603 0 -810.9180397539603
128600 -818.3189490380428 0 -818.3189490380428
128700 -806.1924842345434 0 -806.1924842345434
128800 -806.6777280375536 0 -806.6777280375536
128900 -850.3687966157449 0 -850.3687966157449
129000 -881.3792523049633 0 -881.3792523049633
129100 -862.9266482890453 0 -862.9266482890453
129200 -884.8193162975658 0 -884.8193162975658
129300 -857.8808709379955 0 -857.8808709379955
129400 -833.1080903565162 0 -833.1080903565162
129500 -867.1920389447478 0 -867.1920389447478
129600 -887.0428911562194 0 -887.0428911562194
129700 -822.814602073342 0 -822.814602073342
129800 -814.3458386671555 0 -814.3458386671555
129900 -837.0293590847577 0 -837.0293590847577
130000 -843.2428868527932 0 -843.2428868527932
130100 -828.4433583732534 0 -828.4433583732534
130200 -823.0414331717911 0 -823.0414331717911
130300 -777.2883542998752 0 -777.2883542998752
130400 -769.213506280852 0 -769.213506280852
130500 -762.2189413622837 0 -762.2189413622837
130600 -795.0101283706026 0 -795.0101283706026
130700 -789.4193383332749 0 -789.4193383332749
130800 -798.4402987683898 0 -798.4402987683898
130900 -760.9113996936067 0 -760.9113996936067
131000 -775.1917542161827 0 -775.1917542161827
131100 -763.0583748162899 0 -763.0583748162899
131200 -784.3610727111954 0 -784.3610727111954
131300 -754.7876450715703 0 -754.7876450715703
131400 -775.3229628973204 0 -775.3229628973204
131500 -777.7007930482214 0 -777.7007930482214
131600 -762.9763650866662 0 -762.9763650866662
131700 -770.8250333634205 0 -770.8250333634205
131800 -759.8495604724449 0 -759.8495604724449
131900 -737.3840005794482 0 -737.3840005794482
132000 -720.3170943327314 0 -720.3170943327314
132100 -699.7540825660344 0 -699.7540825660344
132200 -707.1007282941137 0 -707.1007282941137
132300 -688.8936395939381 0 -688.8936395939381
132400 -726.5363373198779 0 -726.5363373198779
132500 -738.1642335847137 0 -738.1642335847137
132600 -750.3908041611721 0 -750.3908041611721
132700 -768.9657370148052 0 -768.9657370148052
132800 -757.8654501956771 0 -757.8654501956771
132900 -745.2863387764519 0 -745.2863387764519
133000 -758.3694831426546 0 -758.3694831426546
133100 -752.4270511182986 0 -752.4270511182986
133200 -754.5019092957009 0 -754.5019092957009
133300 -741.7735403880943 0 -741.7735403880943
133400 -717.0560301073128 0 -717.0560301073128
133500 -747.8650525606354 0 -747.8650525606354
133600 -758.0906669284159 0 -758.0906669284159
133700 -758.3174300516839 0 -758.3174300516839
133800 -775.2204066449776 0 -775.2204066449776
133900 -770.8885465730855 0 -770.8885465730855
134000 -759.8215418727195 0 -759.8215418727195
134100 -777.2051215634565 0 -777.2051215634565
134200 -779.5239393174124 0 -779.5239393174124
134300 -795.1848436036962 0 -795.1848436036962
134400 -762.2550255766255 0 -762.2550255766255
134500 -766.4087909499067 0 -766.4087909499067
134600 -792.1244300321559 0 -792.1244300321559
134700 -797.3867256595404 0 -797.3867256595404
134800 -801.9125940478916 0 -801.9125940478916
134900 -829.149944828765 0 -829.149944828765
135000 -824.928113795293 0 -824.928113795293
135100 -826.3552505647531 0 -826.3552505647531
135200 -848.8581889333436 0 -848.8581889333436
135300 -831.5477238619496 0 -831.5477238619496
135400 -828.9288718918397 0 -828.9288718918397
135500 -837.6904810234264 0 -837.6904810234264
135600 -831.21076491227 0 -831.21076491227
135700 -812.9344166700903 0 -812.9344166700903
135800 -810.1731237001368 0 -810.1731237001368
135900 -820.4771927397815 0 -820.4771927397815
136000 -849.189897785589 0 -849.189897785589
136100 -848.5682192268796 0 -848.5682192268796
136200 -849.7600936846284 0 -849.7600936846284
136300 -827.7273342661138 0 -827.7273342661138
136400 -800.0264456703444 0 -800.0264456703444
136500 -795.6651323830592 0 -795.6651323830592
136600 -789.0435802614084 0 -789.0435802614084
136700 -817.6477129243867 0 -817.6477129243867
136800 -816.0729728772421 0 -816.0729728772421
136900 -820.6465788406204 0 -820.6465788406204
137000 -795.8813095362857 0 -795.8813095362857
137100 -799.4603052833481 0 -799.4603052833481
137200 -835.6116440945771 0 -835.6116440945771
137300 -796.751844704675 0 -796.751844704675
137400 -808.3008127120847 0 -808.3008127120847
137500 -805.5590618904098 0 -805.5590618904098
137600 -808.331944680016 0 -808.331944680016
137700 -830.1171411575342 0 -830.1171411575342
137800 -843.1609351413354 0 -843.1609351413354
137900 -821.3926167170721 0 -821.3926167170721
138000 -814.8927227827735 0 -814.8927227827735
138100 -821.6781905273237 0 -821.6781905273237
138200 -809.0728172946983 0 -809.0728172946983
138300 -815.7139997224731 0 -815.7139997224731
138400 -842.2133094340388 0 -842.2133094340388
138500 -840.1668664887038 0 -840.1668664887038
138600 -835.2656002622462 0 -835.2656002622462
138700 -828.6007391095045 0 -828.6007391095045
138800 -827.4654645924456 0 -827.4654645924456
138900 -821.2778366765706 0 -821.2778366765706
139000 -834.1730546734907 0 -834.1730546734907
139100 -825.8854540901375 0 -825.8854540901375
139200 -811.8059940305211 0 -811.8059940305211
139300 -790.2241695535486 0 -790.2241695535486
139400 -796.8313632296922 0 -796.8313632296922
139500 -809.6883857082867 0 -809.6883857082867
139600 -801.4000514858344 0 -801.4000514858344
139700 -803.039386583805 0 -803.039386583805
139800 -810.8134064314654 0 -810.8134064314654
139900 -792.8853242029436 0 -792.8853242029436
140000 -812.5685160383582 0 -812.5685160383582
140100 -801.1718355824414 0 -801.1718355824414
140200 -829.0656598088099 0 -829.0656598088099
140300 -816.2644559615001 0 -816.2644559615001
140400 -824.2289059223258 0 -824.2289059223258
140500 -792.3706306948916 0 -792.3706306948916
140600 -821.8927940578433 0 -821.8927940578433
140700 -836.8959667680319 0 -836.8959667680319
140800 -841.1961646647251 0 -841.1961646647251
140900 -839.8830076591694 0 -839.8830076591694
141000 -857.4732931196049 0 -857.4732931196049
141100 -851.1256293747283 0 -851.1256293747283
141200 -873.7455107044079 0 -873.7455107044079
141300 -904.9261577012367 0 -904.9261577012367
141400 -890.4770631353604 0 -890.4770631353604
141500 -927.0163563846145 0 -927.0163563846145
141600 -949.6079175075283 0 -949.6079175075283
141700 -981.4951168079278 0 -981.4951168079278
141800 -965.1176195823136 0 -965.1176195823136
141900 -952.1520064844226 0 -952.1520064844226
142000 -934.1209441494429 0 -934.1209441494429
142100 -946.9363785555179 0 -946.9363785555179
142200 -973.6777709374692 0 -973.6777709374692
142300 -997.2045277018624 0 -997.2045277018624
142400 -1001.092547551903 0 -1001.092547551903
142500 -980.9362347707502 0 -980.9362347707502
142600 -963.0165058220591 0 -963.0165058220591
142700 -957.2395532118098 0 -957.2395532118098
142800 -983.2881932977471 0 -983.2881932977471
142900 -939.5519225554017 0 -939.5519225554017
143000 -950.252925691253 0 -950.252925691253
143100 -967.7447610370291 0 -967.7447610370291
143200 -1003.859962876068 0 -1003.859962876068
143300 -1007.087988644053 0 -1007.087988644053
143400 -995.00845538462 0 -995.00845538462
143500 -982.4792067291855 0 -982.4792067291855
143600 -986.4069737049213 0 -986.4069737049213
143700 -976.3544636296865 0 -976.3544636296865
143800 -982.6882279279525 0 -982.6882279279525
143900 -991.0470255207183 0 -991.0470255207183
144000 -954.8313871201244 0 -954.8313871201244
144100 -956.2841882547946 0 -956.2841882547946
144200 -940.6906955112063 0 -940.6906955112063
144300 -966.0459497863849 0 -966.0459497863849
144400 -954.4378221199149 0 -954.4378221199149
144500 -970.6628220900893 0 -970.6628220900893
144600 -991.7418930572167 0 -991.7418930572167
144700 -1005.205307430355 0 -1005.205307430355
144800 -1009.719343492117 0 -1009.719343492117
144900 -994.7158627889585 0 -994.7158627889585
145000 -951.7806442097935 0 -951.7806442097935
145100 -960.8625889122195 0 -960.8625889122195
145200 -917.1245524918195 0 -917.1245524918195
145300 -965.0785876391601 0 -965.0785876391601
145400 -937.8548599079077 0 -937.8548599079077
145500 -976.5404608160607 0 -976.5404608160607
145600 -990.6312398485024 0 -990.6312398485024
145700 -980.0308932983025 0 -980.0308932983025
145800 -977.1073888988176 0 -977.1073888988176
145900 -981.7413701102196 0 -981.7413701102196
146000 -980.4526451883139 0 -980.4526451883139
146100 -1002.585887960566 0 -1002.585887960566
146200 -986.1733294464648 0 -986.1733294464648
146300 -997.9652032280283 0 -997.9652032280283
146400 -1018.94169200852 0 -1018.94169200852
146500 -1002.358739148898 0 -1002.358739148898
146600 -993.8186282644347 0 -993.8186282644347
146700 -994.5366841384093 0 -994.5366841384093
146800 -994.3528522547567 0 -994.3528522547567
146900 -1006.232646519042 0 -1006.232646519042
147000 -991.2696081212198 0 -991.2696081212198
147100 -986.0105108447369 0 -986.0105108447369
147200 -1007.001520667014 0 -1007.001520667014
147300 -1021.303353900177 0 -1021.303353900177
147400 -1035.134508630086 0 -1035.134508630086
147500 -1019.313270344399 0 -1019.313270344399
147600 -978.50469176349 0 -978.50469176349
147700 -966.2095192241832 0 -966.2095192241832
147800 -964.8114254255779 0 -964.8114254255779
147900 -957.4050549553649 0 -957.4050549553649
148000 -965.6536032779695 0 -965.6536032779695
148100 -939.9871010539064 0 -939.9871010539064
148200 -957.1517674432835 0 -957.1517674432835
148300 -961.9919509812171 0 -961.9919509812171
148400 -954.392453490902 0 -954.392453490902
148500 -946.7218146526575 0 -946.7218146526575
148600 -967.6833282646257 0 -967.6833282646257
148700 -989.6360573058482 0 -989.6360573058482
148800 -990.5342257129669 0 -990.5342257129669
148900 -979.5415241051669 0 -979.5415241051669
149000 -947.7555648411071 0 -947.7555648411071
149100 -954.6970059551531 0 -954.6970059551531
149200 -961.035139424057 0 -961.035139424057
149300 -961.386294335709 0 -961.386294335709
149400 -964.537044653749 0 -964.537044653749
149500 -976.152471367066 0 -976.152471367066
149600 -989.7506286413409 0 -989.7506286413409
149700 -987.5074570678335 0 -987.5074570678335
149800 -1013.833373397545 0 -1013.833373397545
149900 -1038.782139770163 0 -1038.782139770163
150000 -1031.972254985623 0 -1031.972254985623
150100 -1024.287505685061 0 -1024.287505685061
150200 -1007.81468316415 0 -1007.81468316415
150300 -985.224297850029 0 -985.224297850029
150400 -969.2993570637482 0 -969.2993570637482
150500 -966.7539002098492 0 -966.7539002098492
150600 -981.3592887216801 0 -981.3592887216801
150700 -988.4900494020258 0 -988.4900494020258
150800 -980.7701201352174 0 -980.7701201352174
150900 -981.3496752099236 0 -981.3496752099236
151000 -974.7756286916847 0 -974.7756286916847
151100 -990.5707444771251 0 -990.5707444771251
151200 -987.5200302245794 0 -987.5200302245794
151300 -993.2393480103201 0 -993.2393480103201
151400 -983.2949471535685 0 -983.2949471535685
151500 -1014.933408302837 0 -1014.933408302837
151600 -1033.12860438996 0 -1033.12860438996
151700 -1055.938026180607 0 -1055.938026180607
151800 -1014.313529999316 0 -1014.313529999316
151900 -1003.286332963791 0 -1003.286332963791
152000 -991.8032152126834 0 -991.8032152126834
152100 -976.2859020672913 0 -976.2859020672913
152200 -990.1733406106941 0 -990.1733406106941
152300 -951.9101574309607 0 -951.9101574309607
152400 -969.5428966994514 0 -969.5428966994514
152500 -1005.515570242802 0 -1005.515570242802
152600 -977.8776833408629 0 -977.8776833408629
152700 -975.9129313422309 0 -975.9129313422309
152800 -990.399554017873 0 -990.399554017873
152900 -1008.08091583422 0 -1008.08091583422
153000 -990.6695803455332 0 -990.6695803455332
153100 -1001.576364311622 0 -1001.576364311622
153200 -990.2914729140757 0 -990.2914729140757
153300 -993.1495281248062 0 -993.1495281248062
153400 -990.8427432448952 0 -990.8427432448952
153500 -972.4053475436522 0 -972.4053475436522
153600 -982.4756916175538 0 -982.4756916175538
153700 -985.6933425909374 0 -985.6933425909374
153800 -982.3428721227974 0 -982.3428721227974
153900 -960.0486103375588 0 -960.0486103375588
154000 -946.2990444741154 0 -946.2990444741154
154100 -1007.477366990119 0 -1007.477366990119
154200 -1001.362801549782 0 -1001.362801549782
154300 -975.4156865288242 0 -975.4156865288242
154400 -950.8115702569194 0 -950.8115702569194
154500 -944.2334265125392 0 -944.2334265125392
154600 -959.4346757023595 0 -959.4346757023595
154700 -928.5555703083228 0 -928.5555703083228
154800 -941.9302618598449 0 -941.9302618598449
154900 -939.5700249040383 0 -939.5700249040383
155000 -948.5468848701857 0 -948.5468848701857
155100 -925.0269509379286 0 -925.0269509379286
155200 -906.7315116063401 0 -906.7315116063401
155300 -885.4997879919829 0 -885.4997879919829
155400 -908.9181497908867 0 -908.9181497908867
155500 -905.7410941753187 0 -905.7410941753187
155600 -883.0954140560934 0 -883.0954140560934
155700 -880.3577470789169 0 -880.3577470789169
155800 -858.4629591999983 0 -858.4629591999983
155900 -862.2728635855165 0 -862.2728635855165
156000 -864.3316408309911 0 -864.3316408309911
156100 -885.9436640352797 0 -885.9436640352797
156200 -873.9716668426699 0 -873.9716668426699
156300 -883.8075928577164 0 -883.8075928577164
156400 -901.5146558155539 0 -901.5146558155539
156500 -910.0525647534814 0 -910.0525647534814
156600 -888.3984407482785 0 -888.3984407482785
156700 -911.2758764213359 0 -911.2758764213359
156800 -887.4595992735995 0 -887.4595992735995
156900 -874.4849141520681 0 -874.4849141520681
157000 -913.2468121054117 0 -913.2468121054117
157100 -892.7604795366642 0 -892.7604795366642
157200 -915.2313639260828 0 -915.2313639260828
157300 -882.5499618538452 0 -882.5499618538452
157400 -856.7876557894924 0 -856.7876557894924
157500 -855.6665820722992 0 -855.6665820722992
157600 -844.2464196086949 0 -844.2464196086949
157700 -839.5143139710417 0 -839.5143139710417
157800 -840.404842375021 0 -840.404842375021
157900 -836.0191988985243 0 -836.0191988985243
158000 -843.7019076034194 0 -843.7019076034194
158100 -837.8717655629093 0 -837.8717655629093
158200 -839.3143344340497 0 -839.3143344340497
158300 -824.3799658814969 0 -824.3799658814969
158400 -835.6151900143304 0 -835.6151900143304
158500 -839.8998142189757 0 -839.8998142189757
158600 -832.9952744868933 0 -832.9952744868933
158700 -808.9872482122446 0 -808.9872482122446
158800 -820.9360132880392 0 -820.9360132880392
158900 -843.8318350471418 0 -843.8318350471418
159000 -856.7619359848904 0 -856.7619359848904
159100 -843.2021598530373 0 -843.2021598530373
159200 -878.8025881530484 0 -878.8025881530484
159300 -865.4336108813732 0 -865.4336108813732
159400 -862.0256235332199 0 -862.0256235332199
159500 -856.2936967228597 0 -856.2936967228597
159600 -870.5207233933033 0 -870.5207233933033
159700 -851.3337977823394 0 -851.3337977823394
159800 -907.8759039683209 0 -907.8759039683209
159900 -919.7905283483342 0 -919.7905283483342
160000 -920.1497486355074 0 -920.1497486355074
160100 -896.1627011898381 0 -896.1627011898381
160200 -896.1734937943984 0 -896.1734937943984
160300 -914.8017110420915 0 -914.8017110420915
160400 -933.5044314373226 0 -933.5044314373226
160500 -937.6727252246419 0 -937.6727252246419
160600 -972.468755740294 0 -972.468755740294
160700 -953.0791482925415 0 -953.0791482925415
160800 -940.7028832520591 0 -940.7028832520591
160900 -938.7732430361502 0 -938.7732430361502
161000 -928.5253398478671 0 -928.5253398478671
161100 -886.0869977541442 0 -886.0869977541442
161200 -878.4042310073273 0 -878.4042310073273
161300 -915.2433398926896 0 -915.2433398926896
161400 -921.540009597491 0 -921.540009597491
161500 -909.6142469352635 0 -909.6142469352635
161600 -908.1886457937071 0 -908.1886457937071
161700 -907.0004359888553 0 -907.0004359888553
161800 -907.1984441406385 0 -907.1984441406385
161900 -904.9194461034785 0 -904.9194461034785
162000 -929.1336335275555 0 -929.1336335275555
162100 -937.7822569611308 0 -937.7822569611308
162200 -948.113442267364 0 -948.113442267364
162300 -945.0117795208644 0 -945.0117795208644
162400 -923.3056690556987 0 -923.3056690556987
162500 -922.7061288690893 0 -922.7061288690893
162600 -920.8646758935065 0 -920.8646758935065
162700 -924.9077241420455 0 -924.9077241420455
162800 -948.3038398960052 0 -948.3038398960052
162900 -956.9168725402851 0 -956.9168725402851
163000 -952.1304719812615 0 -952.1304719812615
163100 -960.184182951838 0 -960.184182951838
163200 -960.7544728218054 0 -960.7544728218054
163300 -988.010880943737 0 -988.010880943737
163400 -990.046274254797 0 -990.046274254797
163500 -984.5106920795515 0 -984.5106920795515
163600 -962.8670386670565 0 -962.8670386670565
163700 -977.2369199341047 0 -977.2369199341047
163800 -980.0265414422902 0 -980.0265414422902
163900 -958.6175531432527 0 -958.6175531432527
164000 -963.8071309805637 0 -963.8071309805637
164100 -943.1588827485684 0 -943.1588827485684
164200 -945.1779628435033 0 -945.1779628435033
164300 -942.591610953692 0 -942.591610953692
164400 -918.4620171946008 0 -918.4620171946008
164500 -905.5500224252464 0 -905.5500224252464
164600 -948.9199859662131 0 -948.9199859662131
164700 -942.0778031299124 0 -942.0778031299124
164800 -921.864322110283 0 -921.864322110283
164900 -907.4062939381693 0 -907.4062939381693
165000 -922.1624690665994 0 -922.1624690665994
165100 -892.6856802893744 0 -892.6856802893744
165200 -934.2094520664832 0 -934.2094520664832
165300 -930.1978419185034 0 -930.1978419185034
165400 -925.0302191983501 0 -925.0302191983501
165500 -946.0957217881223 0 -946.0957217881223
165600 -928.9969791131152 0 -928.9969791131152
165700 -934.8502459245792 0 -934.8502459245792
165800 -930.1885228125757 0 -930.1885228125757
165900 -894.3206907050771 0 -894.3206907050771
166000 -897.9043481566478 0 -897.9043481566478
166100 -906.6167686241315 0 -906.6167686241315
166200 -891.5932107185072 0 -891.5932107185072
166300 -870.3013769325044 0 -870.3013769325044
166400 -886.0126957070024 0 -886.0126957070024
166500 -910.8951320098713 0 -910.8951320098713
166600 -947.0259062292171 0 -947.0259062292171
166700 -934.6868356971827 0 -934.6868356971827
166800 -915.4747340363829 0 -915.4747340363829
166900 -908.7244057931821 0 -908.7244057931821
167000 -926.957496179908 0 -926.957496179908
167100 -894.53822168021 0 -894.53822168021
167200 -898.0939556501398 0 -898.0939556501398
167300 -917.9387731836468 0 -917.9387731836468
167400 -898.5236367083417 0 -898.5236367083417
167500 -887.9701868898119 0 -887.9701868898119
167600 -872.8148173343507 0 -872.8148173343507
167700 -840.7827191611213 0 -840.7827191611213
167800 -810.2379665732151 0 -810.2379665732151
167900 -809.4822253515013 0 -809.4822253515013
168000 -825.15457487393 0 -825.15457487393
168100 -803.4315917609347 0 -803.4315917609347
168200 -785.3550559001742 0 -785.3550559001742
168300 -791.1959274381516 0 -791.1959274381516
168400 -756.0512225049315 0 -756.0512225049315
168500 -767.8172783978844 0 -767.8172783978844
168600 -769.1987382843217 0 -769.1987382843217
168700 -747.0194174298667 0 -747.0194174298667
168800 -752.540172559733 0 -752.540172559733
168900 -753.9507134429878 0 -753.9507134429878
169000 -756.5099114067852 0 -756.5099114067852
169100 -749.6288979060992 0 -749.6288979060992
169200 -774.3581578834564 0 -774.3581578834564
169300 -784.022535058466 0 -784.022535058466
169400 -786.3067480053905 0 -786.3067480053905
169500 -796.1769889969728 0 -796.1769889969728
169600 -813.0545241254731 0 -813.0545241254731
169700 -759.7530314950618 0 -759.7530314950618
169800 -754.1218305668153 0 -754.1218305668153
169900 -742.5410722494998 0 -742.5410722494998
170000 -761.6203470948531 0 -761.6203470948531
170100 -778.4379456875031 0 -778.4379456875031
170200 -780.1544886145275 0 -780.1544886145275
170300 -799.8409564758767 0 -799.8409564758767
170400 -771.4000622907915 0 -771.4000622907915
170500 -738.2203979530495 0 -738.2203979530495
170600 -738.1868677841994 0 -738.1868677841994
170700 -778.4370563336561 0 -778.4370563336561
170800 -788.9093280624948 0 -788.9093280624948
170900 -766.3938729002493 0 -766.3938729002493
171000 -783.3325688267068 0 -783.3325688267068
171100 -802.0234409087861 0 -802.0234409087861
171200 -827.5719526370813 0 -827.5719526370813
171300 -837.9141214922856 0 -837.9141214922856
171400 -836.0269501070434 0 -836.0269501070434
171500 -859.4658504494582 0 -859.4658504494582
171600 -850.2341152203153 0 -850.2341152203153
171700 -856.1392852484423 0 -856.1392852484423
171800 -891.0733626059373 0 -891.0733626059373
171900 -843.7416814604658 0 -843.7416814604658
172000 -849.749538272561 0 -849.749538272561
172100 -867.3188061608525 0 -867.3188061608525
172200 -817.4554354810098 0 -817.4554354810098
172300 -796.956895607058 0 -796.956895607058
172400 -813.735003257083 0 -813.735003257083
172500 -822.4142645121319 0 -822.4142645121319
172600 -811.2854854173129 0 -811.2854854173129
172700 -791.0811072091747 0 -791.0811072091747
172800 -794.9323001526645 0 -794.9323001526645
172900 -782.8233078803169 0 -782.8233078803169
173000 -784.8293926721381 0 -784.8293926721381
173100 -768.0990436851571 0 -768.0990436851571
173200 -805.9241056441388 0 -805.9241056441388
173300 -824.1554336840272 0 -824.1554336840272
173400 -824.8547838993836 0 -824.8547838993836
173500 -815.7047115725582 0 -815.7047115725582
173600 -823.306511846662 0 -823.306511846662
173700 -819.9022929791245 0 -819.9022929791245
173800 -792.7398530017927 0 -792.7398530017927
173900 -815.6838420374552 0 -815.6838420374552
174000 -802.8334317358676 0 -802.8334317358676
174100 -823.2055337193306 0 -823.2055337193306
174200 -809.4949873159057 0 -809.4949873159057
174300 -829.0540553070023 0 -829.0540553070023
174400 -824.5250007323048 0 -824.5250007323048
174500 -811.8695784939919 0 -811.8695784939919
174600 -867.6238973234431 0 -867.6238973234431
174700 -859.4613290684356 0 -859.4613290684356
174800 -835.4032228221186 0 -835.4032228221186
174900 -830.7950118448935 0 -830.7950118448935
175000 -847.1372067540069 0 -847.1372067540069
175100 -810.789057571732 0 -810.789057571732
175200 -801.2915498197544 0 -801.2915498197544
175300 -792.3662570809247 0 -792.3662570809247
175400 -801.9621285834473 0 -801.9621285834473
175500 -805.0673823761026 0 -805.0673823761026
175600 -844.7998247805517 0 -844.7998247805517
175700 -839.1371888499998 0 -839.1371888499998
175800 -849.9772849122783 0 -849.9772849122783
175900 -850.7264637829649 0 -850.7264637829649
176000 -853.0490372280183 0 -853.0490372280183
176100 -839.6703536650748 0 -839.6703536650748
176200 -871.2356194390741 0 -871.2356194390741
176300 -870.6757605635503 0 -870.6757605635503
176400 -885.9131754464179 0 -885.9131754464179
176500 -846.1707546032849 0 -846.1707546032849
176600 -841.0920415712171 0 -841.0920415712171
176700 -824.4205077063816 0 -824.4205077063816
176800 -846.0386080780881 0 -846.0386080780881
176900 -833.9568179087 0 -833.9568179087
177000 -830.3510601622984 0 -830.3510601622984
177100 -835.8249537475058 0 -835.8249537475058
177200 -818.322266186573 0 -818.322266186573
177300 -825.8285458151367 0 -825.8285458151367
177400 -817.7138348123408 0 -817.7138348123408
177500 -787.3697827748838 0 -787.3697827748838
177600 -828.0844040068041 0 -828.0844040068041
177700 -830.9530375058821 0 -830.9530375058821
177800 -805.3022891460278 0 -805.3022891460278
177900 -809.013844955949 0 -809.013844955949
178000 -814.4587804107287 0 -814.4587804107287
178100 -831.2562484771188 0 -831.2562484771188
178200 -845.2437413155567 0 -845.2437413155567
178300 -815.2256472962326 0 -815.2256472962326
178400 -819.5266910210194 0 -819.5266910210194
178500 -801.2438289211714 0 -801.2438289211714
178600 -781.1555355400706 0 -781.1555355400706
178700 -773.2151949517138 0 -773.2151949517138
178800 -776.6951802465774 0 -776.6951802465774
178900 -783.8067561014323 0 -783.8067561014323
179000 -783.9334840257943 0 -783.9334840257943
179100 -785.9694612890307 0 -785.9694612890307
179200 -765.1042423586769 0 -765.1042423586769
179300 -798.2155747604338 0 -798.2155747604338
179400 -762.2383716300828 0 -762.2383716300828
179500 -769.5647402976756 0 -769.5647402976756
179600 -771.5580530600855 0 -771.5580530600855
179700 -776.1362876448984 0 -776.1362876448984
179800 -789.6296402316293 0 -789.6296402316293
179900 -783.0773797057191 0 -783.0773797057191
180000 -788.6967974889558 0 -788.6967974889558
180100 -771.4159598575643 0 -771.4159598575643
180200 -785.3395928239624 0 -785.3395928239624
180300 -762.5941380424774 0 -762.5941380424774
180400 -773.3566673804016 0 -773.3566673804016
180500 -779.1770683627401 0 -779.1770683627401
180600 -773.5748142603552 0 -773.5748142603552
180700 -788.0432519207825 0 -788.0432519207825
180800 -752.4307998218574 0 -752.4307998218574
180900 -776.5051341222425 0 -776.5051341222425
181000 -796.2648164615384 0 -796.2648164615384
181100 -787.5176630579808 0 -787.5176630579808
181200 -803.193354883726 0 -803.193354883726
181300 -830.5758170841436 0 -830.5758170841436
181400 -831.3114436660544 0 -831.3114436660544
181500 -824.1421128868533 0 -824.1421128868533
181600 -808.562876955024 0 -808.562876955024
181700 -839.6644906332567 0 -839.6644906332567
181800 -829.6911131514353 0 -829.6911131514353
181900 -842.3813600967187 0 -842.3813600967187
182000 -853.9852287889225 0 -853.9852287889225
182100 -856.0594905119506 0 -856.0594905119506
182200 -849.0656789011555 0 -849.0656789011555
182300 -867.2261753474013 0 -867.2261753474013
182400 -878.1483816215768 0 -878.1483816215768
182500 -881.2678143436497 0 -881.2678143436497
182600 -889.8193841222674 0 -889.8193841222674
182700 -885.7166600109631 0 -885.7166600109631
182800 -885.1474129816925 0 -885.1474129816925
182900 -884.9703821689473 0 -884.9703821689473
183000 -883.3260997813632 0 -883.3260997813632
183100 -861.8740579473961 0 -861.8740579473961
183200 -868.6217132301826 0 -868.6217132301826
183300 -904.1269016019396 0 -904.1269016019396
183400 -893.1836332592065 0 -893.1836332592065
183500 -888.9686719578676 0 -888.9686719578676
183600 -896.1570369657129 0 -896.1570369657129
183700 -878.8940801290155 0 -878.8940801290155
183800 -878.9821106097079 0 -878.9821106097079
183900 -857.0435746019939 0 -857.0435746019939
184000 -877.0455715307617 0 -877.0455715307617
184100 -835.0903394281195 0 -835.0903394281195
184200 -844.8573237270175 0 -844.8573237270175
184300 -851.2905404123885 0 -851.2905404123885
184400 -885.6571512710361 0 -885.6571512710361
184500 -861.8902806137921 0 -861.8902806137921
184600 -863.6303330517403 0 -863.6303330517403
184700 -858.828243046155 0 -858.828243046155
184800 -872.3112628632516 0 -872.3112628632516
184900 -881.731396186362 0 -881.731396186362
185000 -946.761247342336 0 -946.761247342336
185100 -930.1455430813076 0 -930.1455430813076
185200 -914.9795558464248 0 -914.9795558464248
185300 -929.1458108965016 0 -929.1458108965016
185400 -941.0190049594967 0 -941.0190049594967
185500 -933.5740495350037 0 -933.5740495350037
185600 -914.4474569392623 0 -914.4474569392623
185700 -917.342740447697 0 -917.342740447697
185800 -904.1989014338178 0 -904.1989014338178
185900 -937.0450396816595 0 -937.0450396816595
186000 -916.4271776153182 0 -916.4271776153182
186100 -923.7978176055767 0 -923.7978176055767
186200 -957.3527479160402 0 -957.3527479160402
186300 -983.5383442129678 0 -983.5383442129678
186400 -957.472653636185 0 -957.472653636185
186500 -914.8282830789103 0 -914.8282830789103
186600 -891.0418847042893 0 -891.0418847042893
186700 -880.2622611921979 0 -880.2622611921979
186800 -869.0869041784899 0 -869.0869041784899
186900 -873.6730283238285 0 -873.6730283238285
187000 -852.9301856473612 0 -852.9301856473612
187100 -900.473136470071 0 -900.473136470071
187200 -907.3318494955602 0 -907.3318494955602
187300 -890.6859137217689 0 -890.6859137217689
187400 -885.9128518697107 0 -885.9128518697107
187500 -902.0425887170713 0 -902.0425887170713
187600 -910.0549582531967 0 -910.0549582531967
187700 -908.7104102917365 0 -908.7104102917365
187800 -928.8115026867599 0 -928.8115026867599
187900 -944.0425396427454 0 -944.0425396427454
188000 -894.4348434791027 0 -894.4348434791027
188100 -905.1760059421649 0 -905.1760059421649
188200 -889.1320507386117 0 -889.1320507386117
188300 -885.9651136424259 0 -885.9651136424259
188400 -895.9050452223746 0 -895.9050452223746
188500 -903.4346738577296 0 -903.4346738577296
188600 -918.1011938504816 0 -918.1011938504816
188700 -907.8215762499894 0 -907.8215762499894
188800 -909.0625737828377 0 -909.0625737828377
188900 -886.8722994833661 0 -886.8722994833661
189000 -915.1081901892758 0 -915.1081901892758
189100 -910.6717961890972 0 -910.6717961890972
189200 -924.7039941843832 0 -924.7039941843832
189300 -911.0304559122742 0 -911.0304559122742
189400 -903.7012093385274 0 -903.7012093385274
189500 -914.9067371038836 0 -914.9067371038836
189600 -873.0826238352238 0 -873.0826238352238
189700 -894.5921638268628 0 -894.5921638268628
189800 -881.9802479008795 0 -881.9802479008795
189900 -855.0307835030835 0 -855.0307835030835
190000 -824.0722790802538 0 -824.0722790802538
190100 -850.4174190610065 0 -850.4174190610065
190200 -857.5646368947637 0 -857.5646368947637
190300 -881.3640424129085 0 -881.3640424129085
190400 -817.651031827816 0 -817.651031827816
190500 -858.7927054362954 0 -858.7927054362954
190600 -888.2838839358883 0 -888.2838839358883
190700 -904.1635148027817 0 -904.1635148027817
190800 -940.8643722275156 0 -940.8643722275156
190900 -953.0200768123032 0 -953.0200768123032
191000 -949.4441286769288 0 -949.4441286769288
191100 -929.3367783573922 0 -929.3367783573922
191200 -928.6606731288775 0 -928.6606731288775
191300 -919.3522024146805 0 -919.3522024146805
191400 -923.3331375890702 0 -923.3331375890702
191500 -909.5569658945897 0 -909.5569658945897
191600 -897.3255562762643 0 -897.3255562762643
191700 -882.8354264328955 0 -882.8354264328955
191800 -883.2368717728823 0 -883.2368717728823
191900 -907.7520332427666 0 -907.7520332427666
192000 -894.7935817927646 0 -894.7935817927646
192100 -917.86952472548 0 -917.86952472548
192200 -913.8945805451367 0 -913.8945805451367
192300 -903.2530428231403 0 -903.2530428231403
192400 -885.1135957270453 0 -885.1135957270453
192500 -908.9091665722972 0 -908.9091665722972
192600 -926.6527191639179 0 -926.6527191639179
192700 -908.356284430949 0 -908.356284430949
192800 -896.466538391076 0 -896.466538391076
192900 -882.21835178521 0 -882.21835178521
193000 -862.4305413606926 0 -862.4305413606926
193100 -851.4875823625116 0 -851.4875823625116
193200 -835.0256771539571 0 -835.0256771539571
193300 -848.9379700120771 0 -848.9379700120771
193400 -850.594407909608 0 -850.594407909608
193500 -846.3254748090258 0 -846.3254748090258
193600 -823.2580612004167 0 -823.2580612004167
193700 -804.9255004862498 0 -804.9255004862498
193800 -830.0924633806571 0 -830.0924633806571
193900 -832.2444286126993 0 -832.2444286126993
194000 -815.3813066132952 0 -815.3813066132952
194100 -830.1134541689898 0 -830.1134541689898
194200 -828.4698500586092 0 -828.4698500586092
194300 -850.4218969106441 0 -850.4218969106441
194400 -832.190824421501 0 -832.190824421501
194500 -831.6010459712415 0 -831.6010459712415
194600 -837.0935825367051 0 -837.0935825367051
194700 -820.341368280453 0 -820.341368280453
194800 -828.1718618231243 0 -828.1718618231243
194900 -842.4448735625483 0 -842.4448735625483
195000 -835.1062884026578 0 -835.1062884026578
195100 -817.5625684234255 0 -817.5625684234255
195200 -826.663571379002 0 -826.663571379002
195300 -803.6194144444162 0 -803.6194144444162
195400 -820.5550108741154 0 -820.5550108741154
195500 -835.3971036195289 0 -835.3971036195289
195600 -842.3147625130514 0 -842.3147625130514
195700 -815.8575780841056 0 -815.8575780841056
195800 -835.9152938105981 0 -835.9152938105981
195900 -828.8475346051127 0 -828.8475346051127
196000 -870.2720237388785 0 -870.2720237388785
196100 -854.9059435813318 0 -854.9059435813318
196200 -851.3915393335046 0 -851.3915393335046
196300 -839.0389474023686 0 -839.0389474023686
196400 -861.8851434709795 0 -861.8851434709795
196500 -860.4704142057744 0 -860.4704142057744
196600 -861.2512111723545 0 -861.2512111723545
196700 -848.2243887796067 0 -848.2243887796067
196800 -841.0149570192407 0 -841.0149570192407
196900 -855.7712729399791 0 -855.7712729399791
197000 -870.4450842599617 0 -870.4450842599617
197100 -898.984310521133 0 -898.984310521133
197200 -890.2320749048376 0 -890.2320749048376
197300 -894.6655795102124 0 -894.6655795102124
197400 -913.5764268863131 0 -913.5764268863131
197500 -907.8981050485454 0 -907.8981050485454
197600 -904.0610374324169 0 -904.0610374324169
197700 -908.0741243629418 0 -908.0741243629418
197800 -887.2356122160272 0 -887.2356122160272
197900 -850.1486694421328 0 -850.1486694421328
198000 -837.4708274171426 0 -837.4708274171426
198100 -838.5142088026041 0 -838.5142088026041
198200 -808.7212867763155 0 -808.7212867763155
198300 -752.7681023484329 0 -752.7681023484329
198400 -727.5039134051185 0 -727.5039134051185
198500 -760.1287104799285 0 -760.1287104799285
198600 -761.6725864065083 0 -761.6725864065083
198700 -808.0223936995317 0 -808.0223936995317
198800 -785.9154493233364 0 -785.9154493233364
198900 -798.1756062088098 0 -798.1756062088098
199000 -805.6392122874968 0 -805.6392122874968
199100 -830.2277194784547 0 -830.2277194784547
199200 -809.0486618545547 0 -809.0486618545547
199300 -833.1617956363771 0 -833.1617956363771
199400 -833.9501917057205 0 -833.9501917057205
199500 -806.697408216045 0 -806.697408216045
199600 -785.6349250647472 0 -785.6349250647472
199700 -765.4187843192994 0 -765.4187843192994
199800 -787.2999518240977 0 -787.2999518240977
199900 -793.3147348260318 0 -793.3147348260318
200000 -758.7040659970953 0 -758.7040659970953
