10053096.49148734
544
-6.681027867889174  9.930345563576335 -121.9219844856344 1 2 14 43 0
-6.628104589990423  6.915568540382607 -122.4461759304919 -1 3.08 122.06 19 0
-8.426974327635392  8.954769026787794 -118.0560581454156 0 2.78 90.06 57 0
-11.48497674801389  9.894657060053348 -116.0191522199719 0 2.7 82.04000000000001 50 0
-10.60411748789504   14.4810306914544 -114.2692873703662 0 3.06 120.07 18 0
-13.35578477078553  11.32091024084875 -111.8459318433541 -1 2.97 110.05 4 0
-9.526661912313575  7.571318348123972 -112.6147575115497 0 2.9 102.07 34 0
-6.002649657839508  12.45893326652718 -112.8794161755163 0 3.21 138.1 45 0
-8.903117429579186  13.24232729706988 -109.5179678876854 0 2.95 108.05 3 0
-9.473453867798138  8.246431278649791 -107.5429234689426 0 3.06 120.07 18 0
-4.998907614177909  7.162380459851693 -110.5329414930861 0 3.21 138.1 45 0
-3.103275419371458   12.4856368629909 -107.4359850774867 0 2.95 108.05 3 0
-5.846202006894292  11.06218005230239 -103.4342062777869 0 2.9 102.07 34 0
-5.417448504289573  7.061121588170746 -103.4361233048552 0 3.21 138.1 45 0
-0.1641115748973954   8.954318710753768  -104.5105673056423 0 2.51 66.04000000000001 1 0
-0.7802386300809778    12.6205950726737  -102.3247001604846 0 3.06 120.07 18 0
-3.609368276423803  8.935857071301735 -98.64928991574588 0 3.33 154.1 56 0
 1.420307646003349  6.264133378573359 -100.8893186651624 0 2.7 82.04000000000001 50 0
 3.810511800567879  9.239537406818496 -99.94202776999418 0 2.51 66.04000000000001 1 0
 2.625825442916201  9.539587891742078 -96.63688374926201 0 2.51 66.04000000000001 1 0
 4.057792481298074  6.330568596902246 -95.66734487507999 0 2.51 66.04000000000001 1 0
 7.756008215637774  6.258671836774715 -98.14979212132253 0 3.33 154.1 56 0
 6.375968124456984   10.6881528170749 -94.05298290315459 0 2.86 98.09999999999999 15 0
 7.819098631389913  9.274798649139299 -90.20437400865293 0 2.35 54.03 20 0
 5.316833683175206  12.73581145543558 -89.30213093066537 1 3.03 116.08 52 0
 2.956155119053107  9.605928300391465 -90.88884143831152 0 2.95 108.05 3 0
  5.13097763319667  5.643402130061176 -89.29128095825169 0 2.95 108.05 3 0
 4.976022348041528  7.655732833773353 -84.66973867067651 -1 2.97 110.05 4 0
0.9948013135672664  8.487874510045797 -84.94721908765374 0 2.51 66.04000000000001 1 0
-1.186329192688497  9.813646413781806 -82.58586087041908 0 2.78 90.06 9 0
-4.949898952521191  8.326992592242513 -82.69273534588234 0 2.51 66.04000000000001 5 0
-6.462213078485584  11.45806273625253 -84.54644913433631 0 2.35 54.03 20 0
-3.646686640916723  12.62588074876708 -85.33115673266533 0 2.82 94.05 54 0
-4.068459449728626  15.40403213666724 -88.44151565812977 0 2.95 108.05 3 0
-2.406797878613349  12.74280602448565 -92.25709707062543 0 2.9 102.07 26 0
 1.100973109773596  15.49311492986365 -92.14577003046026 0 2.82 94.05 54 0
 3.245431777092183  15.38907441753415 -95.59833931609496 0 2.86 98.09999999999999 15 0
 7.365874065921481  16.77366916108869 -95.00859120870106 0 2.82 94.05 54 0
 6.688226377875915   19.3890559912235 -97.67229059235164 0 2.35 54.03 20 0
 3.832406862016797  19.68151283243059 -100.5770642436504 0 2.95 108.05 3 0
 4.021717419895772  15.13035628866809 -100.3366443546017 0 2.51 66.04000000000001 1 0
0.4444650321234335  15.15380079893702 -98.41405266986037 0 2.86 98.09999999999999 15 0
-1.176757929999528  18.09998683282549 -100.5994858156672 0 2.78 90.06 9 0
-5.081847004776839  16.99368338748438 -102.0146289498446 -1 3.08 122.06 19 0
-4.218476606798882  14.17132321240676 -97.65470283515165 0 2.78 90.06 57 0
-2.234683113785883  18.11165833219351 -95.74064807436586 -1 3.08 122.06 19 0
 -7.02101987388358  19.73515528323415 -99.17400040722276 1 3.03 116.08 52 0
-8.497922942280672  16.51412332554738  -96.1152237636052 0 2.51 66.04000000000001 1 0
-11.05153962148574  15.22420095116791 -92.27452666160133 -1 2.97 110.05 4 0
-7.319502214848852  13.10565231723239 -92.45188101464444 0 2.51 66.04000000000001 1 0
-7.570200280031732  11.07129561169095 -89.23105761957309 0 2.82 94.05 54 0
-3.308681650240664  8.996726122949287 -88.28542422729845 0 3.21 138.1 45 0
-7.654951567593165    4.9775422866293 -87.40333394778406 0 2.9 102.07 7 0
-2.672081997590124 0.9898170094907037 -86.55636042205154 0 3.33 154.1 56 0
0.2472507250786453  4.124978458977333 -86.77757349888186 0 2.7 82.04000000000001 50 0
 1.606560028962497 0.2611053538618044 -89.41773314445327 0 3.21 138.1 45 0
 7.002523075132494   1.72536796267241 -86.76896078857831 -1 3.08 122.06 19 0
 9.238514449177195 -2.589258773599169   -87.084098554382 -1 2.97 110.05 4 0
 5.475799044701042 -4.749401659991952 -88.07441445705564 0 2.7 82.04000000000001 50 0
 6.641820317546749  -8.18211429961343 -88.27754098451908 0 2.35 54.03 20 0
 8.132704821978447 -10.13525666369759 -91.12585686687405 0 2.78 90.06 12 0
 9.936531049467826 -6.753655550225609  -93.0370896982276 0 2.35 54.03 20 0
 9.843792736308101 -3.020398501711149 -91.71865256008185 -1 2.97 110.05 4 0
 5.333782033977524 -3.892659694494306 -91.95175548487134 0 2.78 90.06 57 0
 5.610102871750633 0.3206155998478928 -92.33629569302451 0 2.82 94.05 54 0
 2.076589081089828  2.313841837225127 -91.89294195762086 0 2.35 54.03 20 0
-1.210222225942652  5.306979002124409 -93.03616347667685 0 3.21 138.1 45 0
-5.617442580010429  2.872857783509641 -90.97979999210089 0 2.9 102.07 34 0
-7.014782483021744  6.288898507112489 -92.59999783347165 0 2.51 66.04000000000001 1 0
-10.92313874244308  8.200518431137176 -91.35508590503301 0 2.9 102.07 34 0
-11.12413259149341  10.79816395128542 -95.75792627744421 -1 2.97 110.05 4 0
 -14.3998967880432  12.20823353713927 -92.83422831257263 0 2.95 108.05 3 0
-13.50849785230825  14.78290089313429 -97.14202125829425 0 2.82 94.05 54 0
-12.95899182801908  11.75669668758605 -99.76247127895158 0 2.95 108.05 3 0
 -16.6645075673558    9.8674124667961 -97.05476665099926 1 3.03 116.08 52 0
-12.09916334086701  7.158351012615926  -97.7279287883175 0 2.9 102.07 34 0
-11.39154100637715  3.247523279272202 -94.93981720863157 0 2.9 102.07 26 0
-7.011044574754092  4.491655797021108  -96.3032501537685 0 2.78 90.06 57 0
-4.282140865920125 0.4314410736470584 -95.66088650259181 0 2.9 102.07 34 0
-0.8221969879323155   3.103795945836865  -96.56540233455179 0 2.7 82.04000000000001 50 0
 0.9966862582358962 -0.9036967683452928  -96.90596653200294 0 3.21 138.1 45 0
 7.46941536663339 2.263241580006606 -95.3186969775109 1 3.25 144.09 2 0
7.973713202635768 1.274667505166175 -98.7734662971471 0 2.35 54.03 20 0
 11.40910351594463 0.5251253124953039 -99.79862480118106 0 2.7 82.04000000000001 50 0
 12.92522164717068  4.543053051290494 -96.21117255162702 1 3.25 144.09 48 0
  14.53990119209204 -0.5495990593883193   -94.4468541018593 0 2.7 82.04000000000001 50 0
 18.20818517925005 -2.966542279846734 -94.47153503642228 0 2.9 102.07 6 0
 14.91875485887385  -4.83833370206362 -92.36926242656109 -1 3.08 122.06 19 0
 12.07383287407885 -3.203075006981753 -96.18447906746545 0 2.95 108.05 3 0
 16.98588137146545 -4.400303216198449 -100.4812226458236 0 3.48 176.13 11 0
 16.58492792066431 -8.349612091041344 -97.08928664008216 0 2.9 102.07 6 0
12.61564501818656 -9.14390075059198 -98.4677701731019 0 2.35 54.03 20 0
 12.31701346555151 -6.952018119899883 -101.5777082426511 0 2.95 108.05 3 0
 16.09842111287024 -10.05997549299756 -101.9450150389364 0 2.9 102.07 7 0
  12.9888576627939 -13.46955222938639 -99.98177568927903 0 2.95 108.05 3 0
 13.84475961292777 -14.05536842348323 -105.6620356651256 0 3.21 138.1 8 0
 11.17576732542807 -17.68217727950895  -103.166286917076 -1 2.97 110.05 4 0
 7.533468539956169 -18.42779651443922 -106.2148709523782 0 2.9 102.07 34 0
 5.170174919184957 -18.98429719998737 -100.8235253494549 1 3.03 116.08 52 0
 3.728395418033553 -22.17021052901969 -101.7737343744246 -1 3.08 122.06 19 0
-0.6965817469496309   -18.4005195790124  -102.2673439253077 0 2.9 102.07 26 0
-3.193072542608959 -22.59403205538247 -102.4914709607093 0 2.95 108.05 3 0
-4.594448241637852 -19.46124074677515 -99.02039866578954 -1 2.97 110.05 4 0
 -5.29169693979507 -16.56786279276335  -101.712129027947 0 2.9 102.07 6 0
-5.292593850485946 -18.64445794362443 -105.3651744501096 0 2.86 98.09999999999999 15 0
-5.946234480643062 -22.56189298179587 -106.6949228208291 0 2.7 82.04000000000001 50 0
-1.873314869089479 -22.28416908871158 -108.0245789278761 0 2.35 54.03 20 0
-2.028088799562616 -19.08217463145306 -106.8570578015087 0 2.86 98.09999999999999 15 0
 4.067791443079108 -20.29723263478828 -106.9399571035214 1 3.25 144.09 48 0
   4.1742348101763 -16.15709510746757 -104.2176446345326 0 2.35 54.03 20 0
  7.64873190759335 -12.43457161698586  -103.354462784101 0.5 3.14 130.08 23 0
 8.275532285233824 -15.72030390108287 -99.77404287093127 -1 2.97 110.05 4 0
 7.924329236747915 -11.85450576599589 -98.56165214438255 0 2.35 54.03 20 0
 6.283206742269854 -9.193074772540804 -101.1807955352221 0 3.21 138.1 45 0
  3.44463801567803 -13.45576325692932 -98.77890802361664 0 2.82 94.05 54 0
 5.654991195117492 -13.50135579800197 -95.44557722454977 0 2.7 82.04000000000001 50 0
 5.244178865389574 -9.731013226123837 -94.63297265306517 0 2.7 82.04000000000001 50 0
-0.9000071331286503  -9.503781940051688  -95.26411252205858 0 3.48 176.13 55 0
-0.4202229966909722  -14.41273171943077  -94.59427197373762 1 3.25 144.09 48 0
 3.041628271713869  -11.1098879673873 -90.29023164678173 0 2.7 82.04000000000001 50 0
0.3631683509089665  -8.13709204742438 -90.27056072349352 0 2.78 90.06 57 0
-3.112118109316201 -9.888616599942157 -91.33738584350463 0 2.51 66.04000000000001 1 0
-4.767616984619869 -11.30382100783106 -88.11280385086989 -1 2.97 110.05 4 0
-3.660193901616193 -6.848097419879229 -86.63237062691523 0 2.82 94.05 54 0
-4.144332589069952 -4.755573384349129 -90.28705173132103 0 2.9 102.07 34 0
-8.177645944623471 -9.508832032629535 -91.35097079955389 1 3.25 144.09 48 0
-9.217983526234107  -6.14954541138035 -85.94232879764704 0 3.06 120.07 18 0
-7.474408193561124  -2.27740851589379  -86.7054899920699 1 3.03 116.08 52 0
-10.17370626732499 -2.683036610228679 -91.56968128167198 0 2.78 90.06 57 0
-13.17721802885987 -5.916710491398444 -90.38815877842202 -1 3.08 122.06 19 0
-13.13417129967443 -2.333954815419869 -86.15421760169177 -1 2.97 110.05 4 0
-13.75134612347882 0.8289475487143791 -89.53658156385514 0 2.51 66.04000000000001 1 0
 -16.24197444886574 -0.8569691201902487  -91.94160060714698 0 2.78 90.06 57 0
-18.37914114985135 -1.386649787513634 -87.95647024806311 1 2.78 90.06 48 0
 -17.8938526848569  2.743893531541892 -87.61797936851917 -1 2.65 78.05 19 0
-17.17723476475462  4.844756239640388 -90.54075471069058 0.5 3.14 130.08 23 0
-20.66759591228918  1.615987744536323 -93.18448601349932 0 2.78 90.06 9 0
-20.67911183067323  5.009227883703927  -95.6657280054424 -1 2.97 110.05 4 0
-16.81490622768638  6.365560321942194 -94.97855811735396 0 3.33 154.1 56 0
-13.80755514925379  3.684079062446131 -101.5572120086978 1 3.25 144.09 48 0
-12.05638545532176 0.1955768728300261 -98.51120112736101 0 2.78 90.06 57 0
-8.712395738490457  2.132650524632584 -100.3273452640109 0 2.78 90.06 57 0
-6.235661836913613 -1.724599217075861 -99.22512445456388 0 3.21 138.1 45 0
-2.329224627207251  2.353030447804049 -101.1776166588409 0 2.82 94.05 54 0
 1.005818356561747   1.86703527276589 -102.7438679318623 0 2.35 54.03 20 0
 5.860836179822138  3.334648077261787 -104.0233067610776 0.5 3.14 130.08 23 0
  6.995651404629954 -0.2805000118176533  -104.3676971892045 0 2.7 82.04000000000001 50 0
 6.991743258197422 -3.038332950994101 -100.8178557421443 0 2.9 102.07 34 0
 3.365520775999447  -1.38203994562224 -100.9308958399466 0 2.35 54.03 20 0
 1.828366031272614 -2.403743805207991 -103.4397921229966 0 2.35 54.03 20 0
 2.668410364749828 -5.439695820841219  -103.092691383892 0 2.51 66.04000000000001 1 0
 2.132168397728746 -5.438572763430898 -99.21744011946151 0 2.9 102.07 34 0
-1.690480184078324  -4.00217227991075 -101.1528575332253 0 2.51 66.04000000000001 1 0
-1.895134478168938 -6.310256597804317 -104.2164509249118 0 2.82 94.05 54 0
-1.516390025880434 -9.435854363063594 -101.2590873462372 0 2.78 90.06 57 0
-4.090351293018805 -7.762596465323673 -98.88381947237072 0 2.51 66.04000000000001 1 0
-6.593516766073853 -7.537769191287076 -100.9625711073905 0 2.35 54.03 20 0
-6.770704015309741 -10.58719564471657 -102.1681813403011 0 2.51 66.04000000000001 1 0
-6.237640846827968 -12.25974438935188 -98.08635020145582 -1 2.97 110.05 4 0
-8.959450256573856 -9.179939440478311 -96.87349031747044 0 2.9 102.07 34 0
-10.65232958435871 -8.291417558142548  -102.654796192165 1 3.25 144.09 2 0
 -15.1534957040527 -11.24100743698625 -99.14323125599219 0 2.35 54.03 20 0
 -15.1401758605675 -10.45118320945872 -95.63361271103027 0 2.95 108.05 3 0
-18.63976641057214 -7.382533332056338 -97.25289496715979 0 2.35 54.03 20 0
-14.81028735927361 -5.531345882028837 -96.55787748088476 0 3.33 154.1 56 0
 -15.9237616957796 -3.842416031349885 -101.9078610334478 -1 2.97 110.05 4 0
-10.98333565590943 -4.042622723390828  -101.174102258019 0 2.9 102.07 26 0
 -10.64184017815624 -0.5610127623735924   -104.360576645449 -1 2.97 110.05 4 0
 -5.96368286749064 -1.624336717148729 -105.0681234301933 0 2.78 90.06 57 0
-5.619749368221179  2.725102539716922 -106.1113956820514 0 3.21 138.1 45 0
-0.4601388360892815  0.2798923734868173  -107.4734707747599 0 2.7 82.04000000000001 50 0
0.7883174326736505  4.219557116009256 -107.0983564711074 0 3.33 154.1 56 0
 5.573374051578126 0.8171830896903663 -108.6866962678688 0 2.35 54.03 20 0
 4.769678261863287  -2.27247273819006 -108.4836938297328 0 2.51 66.04000000000001 1 0
 6.375317455403356 -5.197735264604948 -107.9762610910118 0 2.78 90.06 47 0
 6.523885238937651 -8.732611813182293 -112.2544342457671 1 3.25 144.09 2 0
 3.189820814057754 -10.50165865955679  -106.727630660267 0 2.78 90.06 57 0
 3.520856591732305 -13.60522717580523 -109.2900503866336 0 2.35 54.03 20 0
 1.925169439945189 -17.12661182789418 -110.3780107349868 0 2.95 108.05 3 0
-0.5103629344305824  -16.38086166734721  -116.3716717153897 1 3.25 144.09 48 0
-2.158534139084431 -17.74990503705737  -111.473272684775 0 2.51 66.04000000000001 5 0
  -1.8528123840829 -14.12658962458726  -107.736476094678 0 3.21 138.1 45 0
-2.211089592439491 -12.83411894524136 -112.5388782124318 0 2.51 66.04000000000001 1 0
-4.844773294618793 -15.42803180143955 -114.7580260978451 -1 3.08 122.06 19 0
 -7.23348864962457 -14.30902278459749 -108.5007059058599 0 3.21 138.1 8 0
 -5.15103321514834   -10.226468980802 -109.2050878349415 0 2.9 102.07 34 0
 -7.15898425841302 -9.922143074803763 -113.7140361007391 0 2.82 94.05 54 0
-10.82898040140233 -11.89565522497633 -112.3824103306242 0 2.78 90.06 12 0
-10.48563395072196 -10.74814883455863 -107.2594477671576 0 3.06 120.07 18 0
-14.74963079258292 -9.960466818064557 -107.4369922956736 0 2.82 94.05 54 0
-14.56673849319397 -6.801412339844314 -104.6299826246041 0 2.35 54.03 20 0
-12.96530014784964 -4.861142910925466 -106.5089799144402 0 2.35 54.03 20 0
-10.77891611735528 -2.467387620794091 -108.5100022904228 0 2.82 94.05 54 0
-6.098319640860346 -3.621839800627524 -109.2769350762209 0 2.9 102.07 34 0
-7.360492330006916 0.8894898958466955 -109.9679752885331 0 3.33 154.1 56 0
 -0.56034720186531 -2.578298779520071 -112.9798280819725 1 3.25 144.09 2 0
-0.1976603481608658   2.856926887576486  -111.5345179627876 0 2.9 102.07 26 0
 3.081560706760248  2.127140706142614 -114.5669888195478 0 2.82 94.05 54 0
 6.673823597492259  6.443126922187631 -114.8803966253609 0.5 3.14 130.08 23 0
 7.814189624220952  5.296636773233866 -118.0488343669408 0 2.82 94.05 54 0
 11.41713161242824  3.364000798856844 -117.8347122112652 0 2.95 108.05 3 0
 9.878059115170492  1.986432817929103 -113.0177306424867 -1 2.97 110.05 4 0
 13.28074648287339 -1.080361245524628 -112.8151203097948 0 2.9 102.07 6 0
  10.2447024918035 -1.905279768592836 -109.9749232396275 0 2.78 90.06 57 0
 7.523622905082563 -2.601943202629368 -112.7783695143058 0 2.78 90.06 47 0
 10.90104752763084 -3.431001518296267 -116.4145175234886 1 3.25 144.09 48 0
 11.54272414086966 -6.481701156852239 -111.1294336062034 0 2.9 102.07 7 0
 10.65477693419232 -10.14653962116553 -110.5908829068339 0 2.78 90.06 47 0
 12.54969657943713  -11.4804385927978 -113.6110918628627 0 2.78 90.06 9 0
 8.090245540335976 -13.15048892270387 -117.7144599317045 1 3.25 144.09 48 0
 13.02234226024984 -15.12736956739646 -116.6165441801992 -1 3.08 122.06 19 0
 13.26743096273636 -15.58150829600347 -111.7975015727744 0 3.21 138.1 8 0
 7.749587181457185  -16.7856813599787 -112.7808104711404 0 2.35 54.03 20 0
 7.569196353341294 -13.63243629168772 -110.5268049790315 0 3.33 154.1 56 0
 3.304026255960559 -12.46267357183955 -113.9537886912752 0 2.7 82.04000000000001 50 0
 2.412030527643573 -7.829966239869396 -113.9204495207599 0.5 3.14 130.08 23 0
-1.993312642080326 -7.878696954720535  -113.520803471279 0 2.7 82.04000000000001 50 0
-4.865590481942522 -7.026198126166367 -116.3808658546899 0 2.7 82.04000000000001 50 0
-5.172954352477821 -3.723336001332926 -116.3118710273052 0 2.78 90.06 47 0
-0.3670932242453983  -1.278107592603074  -117.5017310972826 -1 3.08 122.06 19 0
-4.580359732847212  2.047383136980659 -115.6287967990486 0 3.33 154.1 56 0
 2.603010679442051  3.782385596573921 -119.9735625380229 0 3.48 176.13 11 0
 2.189645787938448  7.352033229164489 -116.2237211586537 0 2.9 102.07 26 0
 2.875327365142537  9.238559421175378 -121.5826321350449 1 3.03 116.08 52 0
4.668732105025242 11.59673010148024 -118.268728157432 0 2.7 82.04000000000001 50 0
7.876232808900851 12.54872731562363 -117.248053088965 0 2.35 54.03 20 0
 10.64956757979556  12.52134080647005 -114.6148010510024 0 2.82 94.05 54 0
 10.23418939117784  16.38345982140634 -112.7070319974331 0 2.9 102.07 7 0
 6.502394524155656  16.27025329088175 -115.8875653588066 0 2.78 90.06 12 0
 3.322006447526798  17.55658084027015 -114.8548344271398 0 2.78 90.06 9 0
0.3071286014915353  14.16103939013792 -114.7717024317656 0 2.78 90.06 57 0
-2.332983340545972  15.01921633561501 -117.8344412946412 0 2.82 94.05 54 0
-7.643064716018762  13.34579843839672 -118.6863687993805 1 3.25 144.09 48 0
-4.434852064347337  12.90941624026309 -122.2590441646648 0 2.95 108.05 3 0
-0.4063351849935528   11.69876897123531  -119.9715461760017 -1 2.97 110.05 4 0
-2.976884149332719  8.082020614243788 -117.9493042384718 0 2.9 102.07 26 0
 -2.36989441195688   4.72725850737668 -121.1943103660371 0 2.78 90.06 12 0
-6.402053482859928 0.8633875241341511 -120.3548263582748 1 3.03 116.08 52 0
-2.135455509755901 -1.249505996975002 -121.2237318836521 0 2.9 102.07 26 0
-6.173370953246323 -4.421292920591858 -121.5197752983886 -1 3.08 122.06 19 0
-2.860147362637988 -7.856727194391384 -120.6864386933993 0 2.35 54.03 20 0
-1.817428902614558 -11.07064509187249 -118.6627126661624 0 2.9 102.07 6 0
 2.633364091593523 -10.46801515489024 -119.1121178010346 -1 2.97 110.05 4 0
 1.782360366745876 -6.658826535403204 -121.5858040827185 0 2.51 66.04000000000001 1 0
 3.968377359986431 -5.363805916289209 -124.3415018829263 0 2.82 94.05 54 0
  3.888534113887197 -0.9948793303808223  -124.2698734574348 0 2.35 54.03 20 0
  4.233964473655616 -0.2286930163939118    -121.67666358678 0 2.35 54.03 20 0
  6.796603973864572 -0.6252888554012315  -118.0278949416703 0 2.95 108.05 3 0
 6.745892003341533 -4.855498694493388 -120.5349703544991 0 2.95 108.05 3 0
 8.701957983004414 -1.422635016312082 -123.4212499599869 0 3.06 120.07 18 0
 12.23900212358755 -3.626313349167627 -124.9747687543512 0 2.78 90.06 9 0
   13.6476964251113 -0.4975135675715663  -122.5982647311353 0 2.95 108.05 3 0
 17.23604351579004  1.069586053938165 -120.8376213775588 0 2.9 102.07 6 0
 15.93661095465191 0.5502360429904272 -117.2709068315556 0 2.78 90.06 9 0
14.98794675646544 5.015924018287118 -114.954134665912 -1 2.97 110.05 4 0
 16.01879834997152  4.291222889258009 -111.0168911701135 0 2.9 102.07 6 0
 14.52848327628995  8.177740393414268 -111.4135935172613 0 2.78 90.06 9 0
 10.94502886550451  7.042175111097254 -112.5312406199748 0 2.51 66.04000000000001 1 0
 10.15326149534186  3.986325246422511 -108.5324038945913 0.5 3.14 130.08 23 0
 11.16610627264973   8.53598646688701 -107.3580371106829 0 2.9 102.07 7 0
 7.459080627695615  12.44405580549899 -110.7826400219497 0 3.48 176.13 11 0
 4.683593908968958  7.012178997141568 -109.9099694146288 0 3.33 154.1 56 0
0.7705426657463584  11.54756825029512 -110.3684369243743 0 3.21 138.1 45 0
 5.209102507582471   12.8541913527264 -107.6039109735763 0 2.35 54.03 20 0
 8.650288458941214   13.3180768582639 -105.5233438485684 0 2.9 102.07 7 0
 6.903978711518597  8.808599124003182 -104.3973518663993 0 2.9 102.07 26 0
 9.924231560005326  8.184920069483423 -101.1807408764329 0 2.35 54.03 20 0
 11.39022903652207  11.41646569573213 -101.0917334460428 0 2.82 94.05 54 0
 8.926842241258157  11.85325327306921 -97.00850320323596 0 2.86 98.09999999999999 15 0
 12.57978979384847  12.45812173592904 -94.62304949156226 0 2.9 102.07 7 0
-6.035937425117919   18.5558887153349 -83.92277560341608 0 2.9 108 39 0
  11.0580433901331  11.09580588235449 -92.99174528028539 -1 2 16 14 0
-0.1282135317269303  -19.00145827408133  -67.80646159802657 1 2 14 43 0
-0.2550255057209248  -16.72773959403871  -69.85110829845959 -1 3.08 122.06 19 0
 2.831040566325328 -16.59208876661499 -65.71284777327949 0 2.78 90.06 57 0
 6.359513584242582 -16.98199649901725 -64.37808030719309 0 2.7 82.04000000000001 50 0
   5.9617066328682 -19.76221847821133 -60.25680884197244 0 3.06 120.07 18 0
 9.461198567674337 -16.45678691165622 -60.76510448957269 -1 2.97 110.05 4 0
 5.716321869043045 -12.91250259504674 -62.41636501736114 0 2.9 102.07 34 0
 2.148742568206718 -16.41747217840512 -59.04515569150041 0 3.21 138.1 45 0
 5.972825378786529  -15.9751978893839 -56.69855427566899 0 2.95 108.05 3 0
 7.325904663235659 -10.90762423104493 -57.99236059884318 0 3.06 120.07 18 0
 2.150425069276986 -10.58606649346429 -59.79456750529043 0 3.21 138.1 45 0
 1.218708242512496 -13.09505392434101 -53.93295467101854 0 2.95 108.05 3 0
 5.177443759490265 -10.44705338854834  -52.2357170958431 0 2.9 102.07 34 0
4.901101346309717 -7.00546368752682 -54.3024529945687 0 3.21 138.1 45 0
-0.4693026169551486  -8.052536153518647  -52.75371974687832 0 2.51 66.04000000000001 1 0
0.7185080831805478 -10.14977598364227 -49.17742265054127 0 3.06 120.07 18 0
  4.72298538043922 -5.788555558841256 -48.99350107862981 0 3.33 154.1 56 0
-0.6762681819405298  -3.643085351237509  -50.91664816879479 0 2.7 82.04000000000001 50 0
-2.711544118977925 -5.166883953461195 -47.91678904695238 0 2.51 66.04000000000001 1 0
-0.508404594188147  -3.99431852275914 -45.42906808149807 0 2.51 66.04000000000001 1 0
 -1.434062908707334 -0.5197083261667759  -46.02788418693965 0 2.51 66.04000000000001 1 0
 -5.741791593068267 -0.9504380682555109  -47.07786445497774 0 3.33 154.1 56 0
-3.224684725565258 -2.880386722974137 -41.76296752423977 0 2.86 98.09999999999999 15 0
-3.264081326858844 0.5442986471354345 -39.08678290610446 0 2.35 54.03 20 0
-0.7167930400506632  -2.417345430033297  -37.13897161342607 1 3.03 116.08 52 0
 1.083622734113982 -1.080690180401168 -40.72484359468913 0 2.95 108.05 3 0
-0.3100553223801792   3.495640779797061  -41.03872657288765 0 2.95 108.05 3 0
 1.303552673005252    4.1093228430212 -36.30039324996854 -1 2.97 110.05 4 0
  4.93870982973458  2.451399150350675 -37.11063861552064 0 2.51 66.04000000000001 1 0
 7.735546475755324   2.08241553440523 -35.07776628243314 0 2.78 90.06 9 0
  11.2965496968789  2.499367534004982 -36.95697520231111 0 2.51 66.04000000000001 5 0
 12.00734475975317 -1.372715267655503  -37.1263689086248 0 2.35 54.03 20 0
 9.054912548977438 -2.167708630324956 -36.37945282244762 0 2.82 94.05 54 0
 8.332167093376636 -6.153502363532715  -37.4571528752781 0 2.95 108.05 3 0
  5.58593553321693 -5.505974447484431 -41.51188158742952 0 2.9 102.07 26 0
  2.22699630612337 -7.032745961799883 -39.00837482606531 0 2.82 94.05 54 0
-0.9362848865348261   -8.24629828761266  -41.25575216976662 0 2.86 98.09999999999999 15 0
-4.670418077496453 -8.260444731445618 -38.95379663581359 0 2.82 94.05 54 0
 -4.99859008334592 -11.93706543798743 -39.83101518405291 0 2.35 54.03 20 0
-3.278247519254387 -14.23674695392991 -42.73460476667751 0 2.95 108.05 3 0
-3.230802411962833  -10.2610110569295 -44.97021187322525 0 2.51 66.04000000000001 1 0
 0.778820220791844 -10.04731336034731 -44.36119404672166 0 2.86 98.09999999999999 15 0
 1.488272432875441 -13.95426772145677 -44.92411433636969 0 2.78 90.06 9 0
 4.736767105626251 -14.54565054222664 -47.67616935157113 -1 3.08 122.06 19 0
 5.458815542454057 -9.801122971770528  -45.5109475810162 0 2.78 90.06 57 0
 4.096245491577317 -11.72963844061765 -41.32173356777511 -1 3.08 122.06 19 0
 7.418862810445035 -15.80971130305917 -44.42751684432842 1 3.03 116.08 52 0
 9.928997232793382 -11.86985956369494 -44.12885724782034 0 2.51 66.04000000000001 1 0
 13.65153908884575 -9.376103508221226 -42.43779989451287 -1 2.97 110.05 4 0
 10.14188276059341 -6.920648848522373 -42.75538603567541 0 2.51 66.04000000000001 1 0
 11.51142194542165 -3.641199363889778 -41.36084899173329 0 2.82 94.05 54 0
  7.873405135511152 -0.5467227796827115  -40.62081489209406 0 3.21 138.1 45 0
 12.39307991750039  2.372434190189448 -43.24246449037174 0 2.9 102.07 7 0
 8.103668525883371  7.169598237276492 -43.43344409731976 0 3.33 154.1 56 0
 5.176954910297951  5.031113188426246 -41.13955979475347 0 2.7 82.04000000000001 50 0
 3.144138094820106  7.217831351689025 -44.99100102882833 0 3.21 138.1 45 0
-1.112621438948857   8.43893779352663 -40.67065677094358 -1 3.08 122.06 19 0
-3.186771156058153  12.35766100494187 -42.68472838149724 -1 2.97 110.05 4 0
0.1021834713528097   12.8935016201871 -45.63441012466459 0 2.7 82.04000000000001 50 0
-0.9542963598836924   15.90897350035342  -47.35927584911734 0 2.35 54.03 20 0
-3.241581160029419  16.41590954562613 -50.30236082151532 0 2.78 90.06 12 0
-5.684689691519568  12.98799902646516 -49.51338917368483 0 2.35 54.03 20 0
-5.280109544635843  10.50462776909234 -46.45507800966899 -1 2.97 110.05 4 0
-1.076878192026858  10.18901231770045 -48.29589472545204 0 2.78 90.06 57 0
-1.600289190821447  6.519727366454515 -46.23718106011214 0 2.82 94.05 54 0
 1.814392168312274  4.344493658393845 -45.72381704964755 0 2.35 54.03 20 0
 4.438337178803881 0.5810446632974067  -45.8663594695743 0 3.21 138.1 45 0
 9.353852224883454  2.751519192524679 -46.70535904418826 0 2.9 102.07 34 0
  10.0244980591567 -1.217913988030269 -46.50344702236089 0 2.51 66.04000000000001 1 0
 14.06097761717118 -2.997396990999253 -45.49368560747367 0 2.9 102.07 34 0
 12.70736867095607 -7.438727764076883 -47.64205426897765 -1 2.97 110.05 4 0
 16.72005560702519 -7.820083468692838 -45.40155243297045 0 2.95 108.05 3 0
 14.36868001403609 -11.96910978782594 -47.20077380419161 0 2.82 94.05 54 0
 13.07904344595864 -10.64153496992095 -50.79257136265387 0 2.95 108.05 3 0
 17.53135177075639 -8.454492903921153  -50.6322476385324 1 3.03 116.08 52 0
 13.09057298415252   -5.5825505739216 -51.44831145643871 0 2.9 102.07 34 0
  13.47335366259942 -0.7509489441446087  -51.16907365010307 0 2.9 102.07 26 0
 8.850998551796497 -1.579582508219985 -50.43234863293493 0 2.78 90.06 57 0
 6.621344315071696  2.710690177302115 -51.41575718573503 0 2.9 102.07 34 0
 2.973227576797696   0.72669410461655 -49.77690242096451 0 2.7 82.04000000000001 50 0
 1.274070029475588   4.28916553760748 -51.75325740129951 0 3.21 138.1 45 0
 -4.40459806977678  3.768943128371017 -47.07060403867301 1 3.25 144.09 2 0
-5.993680841378255  2.957888126801341 -50.23035589447893 0 2.35 54.03 20 0
-9.548687956619819  3.776631722391323  -50.5563212244981 0 2.7 82.04000000000001 50 0
-9.918005727491671  2.531318397031177 -45.11343869310177 1 3.25 144.09 48 0
-10.69192725755816  8.023830964186516 -46.05602360268304 0 2.7 82.04000000000001 50 0
-14.08126715720314  10.79336266206666 -46.43099067868327 0 2.9 102.07 6 0
-10.22256386428851  12.74588982825979 -46.63483289276722 -1 3.08 122.06 19 0
 -8.85747989792209  8.863214117034111 -49.53050297117434 0 2.95 108.05 3 0
-14.87505680872781   8.71025374668003 -52.32137245061257 0 3.48 176.13 11 0
-13.24558140362337   13.6504787180015 -51.87190469571624 0 2.9 102.07 6 0
 -9.93443067210675  12.80280058233884 -54.44173751056882 0 2.35 54.03 20 0
-10.75430801523365   9.33407891454369 -55.80592818668329 0 2.95 108.05 3 0
-14.34169745033445  12.53328575221993 -56.80044805181051 0 2.9 102.07 7 0
-10.64927057953568  15.74187413885542 -57.90491692159743 0 2.95 108.05 3 0
-13.32063042682721  13.54235313547897 -62.52736714591629 0 3.21 138.1 8 0
-9.860096496338773  17.29259753756158 -63.21029903340605 -1 2.97 110.05 4 0
 -7.41250454230044  15.62854472538408 -66.99927976326022 0 2.9 102.07 34 0
-3.378904207181915  18.32931398919603 -63.62328052138717 1 3.03 116.08 52 0
 -2.23209984796182    20.223522797298 -66.49181356356172 -1 3.08 122.06 19 0
 1.655430941553969  15.90243993655978 -65.99182313492435 0 2.9 102.07 26 0
 4.069813091644451  18.79052026731594 -69.10598384796546 0 2.95 108.05 3 0
 6.441255067090959  17.62740825217796 -65.00110729591019 -1 2.97 110.05 4 0
 6.113339259187376  13.69955195462873 -65.75451303175835 0 2.9 102.07 6 0
 4.969831125024514  13.59645965720031 -69.79663502478765 0 2.86 98.09999999999999 15 0
  5.27117883063638  16.07474619154852 -73.15952953630713 0 2.7 82.04000000000001 50 0
0.9810885798499305  16.00996235325067 -73.00230746477182 0 2.35 54.03 20 0
 1.411200246370508  13.88301362831373 -70.36964301027538 0 2.86 98.09999999999999 15 0
-4.325037489070052  16.11574398452959 -69.50160731001257 1 3.25 144.09 48 0
-3.655918188235346  14.04088123759986 -65.05073345688392 0 2.35 54.03 20 0
-6.765463705795164  12.07169495298964 -61.42755444195294 0.5 3.14 130.08 23 0
-6.063891083039561  16.76250481112839 -60.19774923779038 -1 2.97 110.05 4 0
-5.455020925481589  14.06124351477654 -57.21947883097405 0 2.35 54.03 20 0
-4.861441857771525  10.17000407450865  -58.2882770277019 0 3.21 138.1 45 0
-1.251699546222269  14.37101507769246 -59.43645651844263 0 2.82 94.05 54 0
-2.229287233873987  16.54705897056972 -56.22585075575896 0 2.7 82.04000000000001 50 0
 -1.69368390408655  13.71175742733585 -53.63379167065878 0 2.7 82.04000000000001 50 0
3.883119993933585 11.93680849500694  -55.621203994905 0 3.48 176.13 55 0
 3.810538946646549   16.4890809635677 -57.63322150924854 1 3.25 144.09 48 0
 1.867137164740882  16.60581066291011 -51.49909419702178 0 2.7 82.04000000000001 50 0
 4.303651351258755  13.57169624270147 -50.56657160858659 0 2.78 90.06 57 0
 7.283094850256049   13.7855820121336 -53.27963986965725 0 2.51 66.04000000000001 1 0
 9.958569976534992  16.25843826591429 -51.91281000944653 -1 2.97 110.05 4 0
 9.26201078415809 13.49843493882339 -48.0181048814552 0 2.82 94.05 54 0
 8.439643947601336   9.79984256616388 -49.91912259023248 0 2.9 102.07 34 0
 12.04266708719423  12.41667691447155 -54.40949122024816 1 3.25 144.09 48 0
 14.70876388448612  12.11601325024104 -48.54246075995442 0 3.06 120.07 18 0
 12.68731946019405   8.84391801110883 -46.58719370101094 1 3.03 116.08 52 0
13.63291120218246 6.172744165994551 -51.3915446134728 0 2.78 90.06 57 0
 16.96053027970326  8.861164778176342 -52.99562409511215 -1 3.08 122.06 19 0
  18.2084807597545  8.003469968554917 -47.65978036093888 -1 2.97 110.05 4 0
 17.56743978445502  3.517579630814743 -48.79604461128444 0 2.51 66.04000000000001 1 0
 19.17269598930294  3.203914554750538 -52.28236470639423 0 2.78 90.06 57 0
22.52602260903072 5.219036075998829 -49.9534609016666 1 2.78 90.06 48 0
 22.04793842674069  2.027094598254116 -47.30876541863866 -1 2.65 78.05 19 0
 20.33575775102029 -1.061681997685053 -48.30760351171066 0.5 3.14 130.08 23 0
  22.85409711722272 -0.4083846383937813  -53.08547453699247 0 2.78 90.06 9 0
 21.93332533611229 -4.507769992730349 -53.21960926491113 -1 2.97 110.05 4 0
 18.47400338468719 -4.501844959752564 -50.92244109294555 0 3.33 154.1 56 0
 13.54354300437388  -4.95467486739463 -56.83841056451901 1 3.25 144.09 48 0
  13.01429423339473 -0.1319498687976621  -55.85066341104591 0 2.78 90.06 57 0
 9.196908348703733 -1.983547881756326 -55.36894680398937 0 2.78 90.06 57 0
 7.350957584202589  2.316719152069897 -55.94135078293473 0 3.21 138.1 45 0
 2.889256217128007 -1.282314089762625 -54.25620337059657 0 2.82 94.05 54 0
-0.7589883851614998  -0.978288972960796  -54.89630188946248 0 2.35 54.03 20 0
 -5.80810383060354 -1.854112749871386 -53.84681865580599 0.5 3.14 130.08 23 0
-6.876130082454052  1.236571840648215 -55.79173375794373 0 2.7 82.04000000000001 50 0
-5.606963549163082  5.339446070246208 -54.46407737901794 0 2.9 102.07 34 0
-2.278499875928345  3.146747385374367 -54.60183124358381 0 2.35 54.03 20 0
-1.628053520224894  2.420267494583497 -57.55994391071408 0 2.35 54.03 20 0
-2.207504326523294  5.313673868799032 -58.71562308895039 0 2.51 66.04000000000001 1 0
-0.4171713835379002   7.158188408212083  -55.76645318241496 0 2.9 102.07 34 0
 2.499402142507158  4.189561997064439 -57.52786886086264 0 2.51 66.04000000000001 1 0
 1.750873684377657  4.536065786803401 -61.27945270488212 0 2.82 94.05 54 0
 2.474632899824182  8.727049430854011 -60.52404766203687 0 2.78 90.06 57 0
 5.635314949183386  7.992841498018268 -58.39379092548335 0 2.51 66.04000000000001 1 0
 7.299161508463698  6.239428826090064 -60.58348306783357 0 2.35 54.03 20 0
 7.164525660935145  8.150855443339738 -63.25035661660098 0 2.51 66.04000000000001 1 0
 8.068878202613899  11.72304223813707 -60.76750561930934 -1 2.97 110.05 4 0
 10.93840145206728  9.192520425217856 -58.83702128611682 0 2.9 102.07 34 0
  10.5894104683263  5.180881079324218 -63.40470825241125 1 3.25 144.09 2 0
 16.09250753527093  8.498611927546344 -63.38890064521041 0 2.35 54.03 20 0
 17.21809957976413  9.610615311507276 -60.15812471939319 0 2.95 108.05 3 0
 19.88242084787356  5.499741976961532 -60.69471927720385 0 2.35 54.03 20 0
 16.44254324328518  5.087619711067163 -58.13107901601997 0 3.33 154.1 56 0
 15.66450754545728 0.7420474243427864 -61.76773889898961 -1 2.97 110.05 4 0
 11.25587979371347   2.29812170354061 -59.99886120428437 0 2.9 102.07 26 0
 9.765611496582956 -2.158564222931552 -60.55464628783489 -1 2.97 110.05 4 0
  5.154180239109397 -0.6604099766649263   -60.4729656833232 0 2.78 90.06 57 0
 4.344255146868589 -4.762394350217247 -58.84751970239071 0 3.21 138.1 45 0
-0.893727435365585 -2.336921385273361 -59.91358795677747 0 2.7 82.04000000000001 50 0
-2.073126484102715 -5.193121000500351 -57.14384903026776 0 3.33 154.1 56 0
-7.002199227701119 -2.156597617746142 -59.00919264622368 0 2.35 54.03 20 0
-6.077816375778847 0.3704367436158077 -60.73914169935849 0 2.51 66.04000000000001 1 0
-7.329548039904703   3.40970941373122 -61.50641970006777 0 2.78 90.06 47 0
-8.774374125692646  4.244419321846006 -66.80131602518762 1 3.25 144.09 2 0
-3.741565217294519  7.830065288995543 -64.23128729052594 0 2.78 90.06 57 0
-4.803482006452271  9.206774633766019 -67.87610843679424 0 2.35 54.03 20 0
-3.546446944853479  11.28098360153604 -71.07728713949849 0 2.95 108.05 3 0
-3.261005012964172  7.128842912924696 -76.08629740114941 1 3.25 144.09 48 0
-0.0390082651271455   10.40932917781659  -73.35825635406789 0 2.51 66.04000000000001 5 0
0.7951465558581439  9.320829648443498 -68.32786038214159 0 3.21 138.1 45 0
-0.5006866886528716   5.739595727310106  -71.54616566894094 0 2.51 66.04000000000001 1 0
 1.330253631797302  6.251473947483988 -75.41591105031742 -1 3.08 122.06 19 0
 5.621078910687376  7.979449777515503 -70.44448105795364 0 3.21 138.1 8 0
 3.292830520790067  4.630442716062555 -68.23916220628352 0 2.9 102.07 34 0
 3.681511787963232  1.685830989876559 -72.19305709211099 0 2.82 94.05 54 0
 7.646829044003154  3.256259839875779 -73.16612511385151 0 2.78 90.06 12 0
 8.984611953719089  4.950698845184466 -68.36835308176752 0 3.06 120.07 18 0
 12.92095800730061   3.32222642789117 -69.19714221028543 0 2.82 94.05 54 0
 13.57759775708943  2.128337997333237 -65.19266562313669 0 2.35 54.03 20 0
 11.38232108814709  -0.11668463323497 -65.21535438531495 0 2.35 54.03 20 0
   8.5804737420127 -2.682951018776511 -64.93542876218181 0 2.82 94.05 54 0
 3.949982767918025 -1.137872053378134 -64.95003833362067 0 2.9 102.07 34 0
 4.766025247051775 -5.528703738293324 -63.37606759351026 0 3.33 154.1 56 0
-2.532901635768975 -2.740651445187288 -65.88429806171656 1 3.25 144.09 2 0
-2.570368163026658  -6.49297116026107 -61.67943966200176 0 2.9 102.07 26 0
-6.644234871142142 -6.736107885994691 -63.63552060911755 0 2.82 94.05 54 0
-10.27396133070443 -9.772405254779388 -60.59639273022374 0.5 3.14 130.08 23 0
-12.36279129523144 -10.17550443922085 -63.44738772928746 0 2.82 94.05 54 0
-15.62691286850147 -7.704916078783953 -63.38554448832708 0 2.95 108.05 3 0
 -12.5345032481524 -4.435898982122142 -60.69848678709754 -1 2.97 110.05 4 0
-15.57717807746388 -1.061577462408363  -61.3154489102634 0 2.9 102.07 6 0
-11.74638985309641 0.4379766501312102 -60.29507048681819 0 2.78 90.06 57 0
 -10.08771774872554 -0.9535891691906609  -63.62092022692145 0 2.78 90.06 47 0
-14.45112537428557  -1.39796107976706 -66.08650628609412 1 3.25 144.09 48 0
-13.20599101325017  3.959265955363393 -63.36614085280699 0 2.9 102.07 7 0
-12.07244249510282  7.120496367574392 -65.16369978233466 0 2.78 90.06 47 0
-14.81757641688917  7.104785538100005 -67.80105868625317 0 2.78 90.06 9 0
-11.91947686201516  5.514977558155717 -73.14773342292195 1 3.25 144.09 48 0
-16.14243426637023  8.742579925366206 -72.05765642715777 -1 3.08 122.06 19 0
-14.76129672151217  11.60609072304343 -68.39948104841417 0 3.21 138.1 8 0
-9.845828632954102  10.98243354629229 -71.28266580613796 0 2.35 54.03 20 0
-9.029798389312841  9.439451810809144 -67.81721661804238 0 3.33 154.1 56 0
-6.181897417777996  5.850351002971609 -71.02845525635975 0 2.7 82.04000000000001 50 0
-5.478643756867063  1.799645776648961 -68.71415912992954 0.5 3.14 130.08 23 0
-1.190792580182472  1.134566984996659 -69.57505551008907 0 2.7 82.04000000000001 50 0
0.5418958898861912 -1.615440346876508 -72.14253314779397 0 2.7 82.04000000000001 50 0
0.7484530599981398 -4.412842785938567 -70.37052728414555 0 2.78 90.06 47 0
-4.256028189346067 -6.073149352256166 -68.73047860450855 -1 3.08 122.06 19 0
0.2307254007924324 -8.783769495181598  -66.5304861474781 0 3.33 154.1 56 0
-8.038618592032876 -10.95118854491213 -67.16945244578318 0 3.48 176.13 11 0
-6.520388757010581 -12.13626763361105 -62.34605832489465 0 2.9 102.07 26 0
 -9.00415512186888 -16.28131314742625 -65.41144076180129 1 3.03 116.08 52 0
-9.672282238616461 -16.21613386818504 -61.01728704265683 0 2.7 82.04000000000001 50 0
-12.38883999637927 -15.83821495357532 -58.84619784610643 0 2.35 54.03 20 0
-14.12994171101367 -13.91478918096896 -56.03636685755313 0 2.82 94.05 54 0
-13.22990656932414 -16.27521293443593 -52.52261935174082 0 2.9 102.07 7 0
-10.76199457046614 -18.55447563188893  -56.0960313113311 0 2.78 90.06 12 0
 -7.46216655279562 -19.76686352097342 -55.40516900980516 0 2.78 90.06 9 0
-4.482774383786358  -17.4994717331015 -57.97582221072867 0 2.78 90.06 57 0
-3.036369838317386 -20.30870158639775  -60.6409994284712 0 2.82 94.05 54 0
 1.741833760420794 -20.42985788978174 -63.62045636990823 1 3.25 144.09 48 0
-2.453598968514821  -21.2062500855661 -65.86603569011434 0 2.95 108.05 3 0
 -5.45481554338635 -18.20676042917912 -63.64724706156324 -1 2.97 110.05 4 0
-2.244406858235997 -14.68365866526805 -64.67636471526824 0 2.9 102.07 26 0
-3.784744028703962 -13.38402891048739  -68.9297461940605 0 2.78 90.06 12 0
0.4196403612215124 -10.55186336417616  -71.4186273416549 1 3.03 116.08 52 0
-3.823501435473246 -8.340056527691679 -72.14445949838003 0 2.9 102.07 26 0
-0.01238485209470763   -6.662403994513697   -75.16331813834219 -1 3.08 122.06 19 0
-2.749756790072654 -2.679127763287101 -75.50157018561814 0 2.35 54.03 20 0
-2.958745108568733  1.251466741031655 -75.36464759192366 0 2.9 102.07 6 0
-7.323745501363365  1.436442857378421 -74.23008093402555 -1 2.97 110.05 4 0
-7.463825919610149 -3.180793973587216 -74.35153307113936 0 2.51 66.04000000000001 1 0
 -10.4802166823069 -5.206934353401904 -75.27118571919996 0 2.82 94.05 54 0
-10.52157067625457 -8.849848192917536 -72.85737261683616 0 2.35 54.03 20 0
 -10.0121791029433   -8.1121379445353 -70.28299796475316 0 2.35 54.03 20 0
-11.20608256055028 -5.410044352349388 -66.91978419731292 0 2.95 108.05 3 0
-11.85349995167711 -3.139552835875192 -71.23352887069034 0 2.95 108.05 3 0
-14.76505585848896 -7.071203398899183 -71.15401055420364 0 3.06 120.07 18 0
 -18.5443523813125 -5.279142265697059 -72.66587522374807 0 2.78 90.06 9 0
-19.18527143377861 -6.412399658308495 -68.70020636085478 0 2.95 108.05 3 0
-22.03537470756599 -6.098193792629962 -65.50488367172822 0 2.9 102.07 6 0
-19.61099423383189 -4.130317749791656 -63.28462574365895 0 2.78 90.06 9 0
-18.09192340374095 -6.900173144293898 -59.25596703036671 -1 2.97 110.05 4 0
-17.73532625977736 -4.093015098397735 -56.24225913802221 0 2.9 102.07 6 0
-16.58651111277041 -7.858490764852151 -54.83341321196169 0 2.78 90.06 9 0
 -13.5417173604772 -8.208921367089268 -57.28008819436185 0 2.51 66.04000000000001 1 0
-11.37124968482427 -3.791914616117909  -55.9629205701469 0.5 3.14 130.08 23 0
-12.08311860826671 -6.804634789362852 -52.28580636197322 0 2.9 102.07 7 0
-9.848690793191764  -12.5731515413388 -53.85885976517131 0 3.48 176.13 11 0
-6.767834829328247 -8.150809392444078 -56.84572812913459 0 3.33 154.1 56 0
-3.375951648317941 -12.99059219765684 -55.76704882060948 0 3.21 138.1 45 0
-6.686536268931859 -11.77616349294835 -51.69079152688442 0 2.35 54.03 20 0
-9.256369308730275 -10.40594276761919 -48.87935712661284 0 2.9 102.07 7 0
-7.091579318016944 -6.416976861380139 -50.89298082734476 0 2.9 102.07 26 0
-8.852940598742293 -3.648349840444632 -47.87805131749946 0 2.35 54.03 20 0
-10.30955719964837 -6.010494677800637 -45.66479627038289 0 2.82 94.05 54 0
-6.647170504743669 -4.823293925445469 -42.81711209270178 0 2.86 98.09999999999999 15 0
-9.320125538269259  -3.37375004417664 -39.63051280588834 0 2.9 102.07 7 0
 11.58410281109431 -6.920447863235606 -32.65497734272308 0 2.9 108 39 0
-7.300678157764314 -1.721843058187992 -39.46987153298478 -1 2 16 14 0
2
0 271 0 272 1.361755153084232e-11 8.732126133281781e-12     -103.496113297227
272 543 1 272 -1.585398479164724e-12 -1.692868067948439e-12     -56.77519828950906
randomstate
1947529803 2386923490 505092518 1079466969 1516327597 3376458134 3508601149 2278670114 11327322 2192227364 1846686654 3973156886 3954307791 2899333360 2134028727 3132533808 4187002772 129565233 4137964441 1762773756 4005455366 2474337975 2869545893 1471114954 346974702 3578182453 2941628624 3725912108 1283192087 1133091935 3736499076 1185465636 1060818823 217409408 2315215218 2032580537 2733950728 3573640754 1721383790 1439482364 2107632262 741807885 3341341365 312329974 485339733 4001501027 1356096498 2664722295 1739308635 1906030350 417039690 2493209343 2850944869 1127796434 817660687 920398625 2457012337 966456348 4015835532 3234466427 889126516 137470926 2713803540 2595288721 3620890607 3797607976 3896606182 133512861 4137760818 2070449437 3917628921 3205067743 1461874816 133028682 4089073638 1195499352 3867305529 641664199 1496431181 350573495 3465281553 3987624170 842987353 950944828 3337864685 590582461 1360568555 1281481413 425400461 2725727335 2750776920 2043890353 2477498148 2911572718 3198412462 3228697020 2752332925 702152823 3090508069 925065622 674593205 3660917913 2275572533 2197570661 1554889581 3923705202 3600764552 16588745 399214683 408696609 1105480592 2686933997 271442670 3714553494 930191219 3630781320 2007845846 4031306519 347760240 915577833 4004759819 3958662024 3281004787 4055938146 1054688125 312846589 2554007479 3562647113 3784567020 2424083764 1390391026 971848597 3467760110 2828501649 1436408577 4147026749 3760171237 3092228195 1254097218 428905103 2051586470 160915341 26640365 1440036663 2868978386 35646344 3008821254 305205298 238715854 3793788065 4039771448 1500221616 3391308934 4131005938 554957597 286197332 1886016871 2922325028 3371307693 904339064 2944148517 2504796969 1435271734 294667519 2529494226 278800076 343786475 3077998365 672459504 3754299813 3287614532 550039325 4032381869 306094814 2669266837 2542285960 2351062028 381147895 931270184 3953224209 4050017 2189535682 2487902346 794422198 1874140216 2680658838 1848580283 2130742297 1830262783 1498482508 1905996356 2538478894 144146572 2770894764 2960221573 3903525141 917626225 417185269 3284872232 3303124668 67206642 2167633426 601670392 4075558177 203241112 2801534619 1955500540 2116130628 4149584940 250082096 1773259478 2909409085 1287655914 2699355410 388229097 554023679 1111564495 842567198 3965351711 356739394 506560051 3908314508 3127116052 2363556945 1831310204 3425092727 3831116965 2265574700 1191236910 3688266886 4271825974 1994683894 1283405223 3488098294 1832381022 1641666959 2485437642 2213939967 2777142475 423543275 3318575260 2443455395 62304630 2478057910 4108349195 1193255470 2793765020 834078116 374614666 1752960584 2470208160 4289504197 277835068 3616663088 891501253 974708057 2624038166 3533249964 415208170 2575301632 3863371751 218145908 1945708684 1260333778 1772179945 1291041457 81825845 865928155 1808828314 1256608298 750393150 1151793297 294401655 3613089863 1670873857 2675147118 2977317278 2728792087 3895778716 3237574799 3491500315 3580191073 3259944744 1463530759 3626488009 3627506840 3375384111 3171686237 1504406666 4215896970 1416488426 1027857857 2150189283 2362709428 3627290027 3139302253 2249683157 4202493748 2879723121 1730079765 3668075526 3867700982 1759432166 570974563 3466961277 2924167692 2287589531 2713886083 76378894 2498576063 2312371712 2111902452 970700550 1589477244 1740489616 2498767756 90099001 2137883248 3444119648 1131846798 3752161219 1875239612 3438462343 3891373035 443975032 2831848429 2060113801 506051192 702023369 1457977997 414341555 2969640732 3788903850 3916552581 3651607958 2330320249 1986485842 1576183694 1698845676 2309354961 911294921 2646121398 2099482367 1100490404 1357500277 1078166784 3146466189 3811621709 727569682 4110892006 3614515690 1223118028 4144380686 1589100114 1843545374 2224751770 4090380723 214692157 354781087 433487750 4238195775 925706079 475585874 2973559061 4024532758 739408221 61560023 3418571761 2202682703 177696999 3038985110 1902770980 170210182 3146396968 4210973289 963567878 2682707868 724219725 3114989698 3271252142 2736002263 1584827052 1326892909 2651327886 3239801895 2643121764 2026240950 2838728429 3933009670 1483888727 628010669 2047128570 75695192 720559266 2035023952 2841129476 2371770838 2418177430 3582541862 1211248555 3698784877 732983974 2963477932 3518716797 371583817 75598340 3844306092 3439266333 2231582208 1514030422 3784300277 4223534556 29190960 3408747363 3399945720 998482185 3284902152 3586995742 811636670 2677503169 1820656929 425738702 769467538 1615676781 3872043394 839049760 1491231397 3581943840 3358383415 204837834 70726823 1600311304 1983943948 1054177908 549785965 3409667508 3654448812 2158964959 2672473707 718878912 1289638379 1880444685 243775531 1529360547 1433191539 965785457 2680394940 3348461087 3720915285 1482569115 3867022613 988545453 975076008 1984234958 2727465519 3137461412 4124198479 1015223404 3724197748 1629337279 3815311003 2361975126 1081566228 4140880785 436076937 3663447319 159356036 523387031 2760945198 2620197740 1189280821 2582954252 110310721 2021395369 2224164327 3881209723 1858315267 2830828612 447086828 2897179736 4165788341 3201409686 2456779847 3563596559 465438558 635942855 3459425781 2162329273 2228778496 3802179187 874952952 949544172 3670947841 2452669632 2223337155 3273878034 780533621 3823811005 2226997725 750555218 3454424037 1120390220 2892404783 3610300284 942327469 1908844764 2748817817 783936452 2231923638 1431172406 1231084358 569844774 1973670382 3884446231 3664050543 2582687642 2160391146 3645109267 482334514 1470918093 26251636 226857868 3181526547 2310782610 6882172 2505684552 2593161045 2864607805 4186400219 3311185801 841796725 1959233768 2742614700 4196495991 1562080954 2189127800 3282783888 3574435706 259273497 3200591687 2908894626 403636595 1202728677 143909355 3166951722 842642650 3985394857 3478657424 1016804027 3989629324 420836296 915936896 1723593870 2157710643 2271727516 1957173931 3407942674 3690288748 2076835320 3040559320 1884652933 2716225632 1523308606 2149719096 1989171068 1443155460 3072470849 548442184 2289208280 2937219512 1814737744 1037077038 2113346621 3858107177 1365364066 3217268622 39905526 2814061124 430460816 1218699104 2063228269 3441010056 1586333596 453942706 1404317369 1189845343 3958237161 1996136869 841116515 190744839 1871840434 91518105 2989678065 2427327755 3481253760 2343420539 3503492502 2466755207 1943908393 3096567362 1907066632 336587386 3586262317 3472580415 2095145831 2044209919 2229665282 497186022 490332707 2860804396 184869333 3899903094 404010213 3728215735 2946085234 2435844977 1773566781 15515142 3346064515 767240703 3262593603 3202203964 4025190913 1851559980 136