37 1860
37.2 887
37.4 11981
37.6 34662
37.8 17332
38 58120
38.2 90909
38.4 52619
38.6 61828
38.8 56804
39 51428
39.2 46097
39.4 49010
39.6 42998
39.8 41949
40 35037
40.2 21392
40.4 51406
40.6 15652
40.8 19495
41 67430
41.2 38043
41.4 26412
41.6 16847
41.8 24086
42 7222
42.2 2624
42.4 6223
42.6 2929
42.8 6777
43 2544
43.2 5897
43.4 1506
43.6 1687
43.8 1177
44 2748
44.2 1498
44.4 1943
44.6 627
44.8 2078
45 792
45.2 1664
45.4 1977
45.6 1009
45.8 126
46 322
46.2 280
46.4 395
46.6 184
46.8 100
47 78
47.2 174
47.4 65
47.6 202
47.8 41
48 106
48.2 72
48.4 48
48.6 67
48.8 35
49 12
49.2 53
49.4 86
49.6 40
49.8 38
50 65
50.2 43
50.4 98
50.6 18
50.8 69
51 44
51.2 44
51.4 25
51.6 31
51.8 8
52 15
52.2 39
52.4 23
52.6 4
52.8 29
53 4
53.2 4
53.4 10
53.6 16
53.8 38
54 9
54.2 16
54.4 11
54.6 16
54.8 12
55 11
55.2 23
55.4 15
55.6 8
55.8 8
56 19
56.2 13
56.4 16
56.6 10
56.8 12
57 24
57.2 11
57.4 9
57.6 11
57.8 8
58 6
58.2 13
58.4 12
58.6 12
58.8 16
59 5
59.2 10
59.4 8
59.6 12
59.8 15
60 11
60.2 6
60.4 12
60.6 15
60.8 6
61 6
61.2 12
61.4 13
61.6 15
61.8 10
62 10
62.2 8
62.4 7
62.6 7
62.8 7
63 12
63.2 10
63.4 7
63.6 12
63.8 5
64 9
64.2 6
64.4 10
64.6 13
64.8 16
65 10
65.2 4
65.4 9
65.6 11
65.8 11
66 8
66.2 10
66.4 10
66.6 13
66.8 6
67 6
67.2 6
67.4 17
67.6 10
67.8 13
68 11
68.2 8
68.4 21
68.6 9
68.8 12
69 6
69.2 9
69.4 7
69.6 7
69.8 16
70 7
70.2 14
70.4 9
70.6 10
70.8 9
71 6
71.2 7
71.4 6
71.6 15
71.8 3
72 10
72.2 8
72.4 9
72.6 8
72.8 10
73 6
73.2 15
73.4 10
73.6 3
73.8 10
74 12
74.2 9
74.4 9
74.6 12
74.8 8
75 10
75.2 4
75.4 7
75.6 9
75.8 11
76 13
76.2 10
76.4 13
76.6 7
76.8 3
77 9
77.2 9
77.4 6
77.6 10
77.8 11
78 9
78.2 8
78.4 10
78.6 8
78.8 9
79 11
79.2 7
79.4 8
79.6 8
79.8 7
80 12
80.2 5
80.4 6
80.6 8
80.8 2
81 8
81.2 8
81.4 9
81.6 11
81.8 10
82 8
82.2 7
82.4 10
82.6 11
82.8 9
83 6
83.2 6
83.4 4
83.6 7
83.8 12
84 7
84.2 10
84.4 7
84.6 8
84.8 9
85 6
85.2 8
85.4 6
85.6 8
85.8 9
86 10
86.2 8
86.4 8
86.6 13
86.8 7
87 9
87.2 7
87.4 11
87.6 12
87.8 11
88 14
88.2 11
88.4 8
88.6 6
88.8 14
89 7
89.2 4
89.4 7
89.6 12
89.8 12
90 5
90.2 8
90.4 15
90.6 11
90.8 6
91 7
91.2 11
91.4 9
91.6 9
91.8 8
92 7
92.2 13
92.4 7
92.6 14
92.8 6
93 10
93.2 6
93.4 9
93.6 7
93.8 5
94 11
94.2 9
94.4 10
94.6 9
94.8 13
95 15
95.2 7
95.4 12
95.6 13
95.8 8
96 6
96.2 6
96.4 12
96.6 8
96.8 5
97 9
97.2 10
97.4 14
97.6 10
97.8 7
98 5
98.2 11
98.4 12
98.6 11
98.8 8
99 14
99.2 5
99.4 7
99.6 9
99.8 8
100 7
100.2 5
100.4 12
100.6 9
100.8 10
101 10
101.2 9
101.4 16
101.6 16
101.8 9
102 10
102.2 15
102.4 10
102.6 9
102.8 7
103 10
103.2 4
103.4 6
103.6 8
103.8 11
104 10
104.2 7
104.4 13
104.6 11
104.8 8
105 12
105.2 7
105.4 10
105.6 18
105.8 15
106 9
106.2 10
106.4 7
106.6 7
106.8 17
107 4
107.2 13
107.4 11
107.6 10
107.8 13
108 18
108.2 13
108.4 11
108.6 8
108.8 16
109 12
109.2 15
109.4 9
109.6 13
109.8 10
110 10
110.2 8
110.4 10
110.6 9
110.8 11
111 13
111.2 9
111.4 5
111.6 14
111.8 11
112 5
112.2 11
112.4 13
112.6 8
112.8 13
113 7
113.2 9
113.4 7
113.6 14
113.8 8
114 5
114.2 16
114.4 11
114.6 11
114.8 5
115 8
115.2 7
115.4 12
115.6 6
115.8 7
116 14
116.2 4
116.4 10
116.6 10
116.8 13
117 12
117.2 9
117.4 11
117.6 16
117.8 11
118 15
118.2 11
118.4 9
118.6 13
118.8 7
119 8
119.2 14
119.4 10
119.6 13
119.8 14
120 6
120.2 12
120.4 14
120.6 8
120.8 10
121 11
121.2 6
121.4 11
121.6 3
121.8 11
122 8
122.2 6
122.4 8
122.6 9
122.8 11
123 10
123.2 10
123.4 4
123.6 13
123.8 11
124 17
124.2 13
124.4 11
124.6 11
124.8 8
125 8
125.2 10
125.4 8
125.6 9
125.8 10
126 13
126.2 9
126.4 14
126.6 14
126.8 9
127 11
127.2 9
127.4 10
127.6 8
127.8 5
128 18
128.2 13
128.4 10
128.6 12
128.8 14
129 12
129.2 9
129.4 10
129.6 11
129.8 13
130 10
130.2 12
130.4 12
130.6 16
130.8 10
131 10
131.2 5
131.4 8
131.6 12
131.8 8
132 9
132.2 11
132.4 11
132.6 11
132.8 7
133 8
133.2 6
133.4 14
133.6 14
133.8 16
134 7
134.2 10
134.4 9
134.6 9
134.8 12
135 6
135.2 8
135.4 8
135.6 10
135.8 8
136 7
136.2 7
136.4 9
136.6 11
136.8 12
137 11
137.2 16
137.4 8
137.6 7
137.8 9
138 13
138.2 10
138.4 9
138.6 9
138.8 13
139 13
139.2 9
139.4 11
139.6 4
139.8 9
140 8
140.2 12
140.4 11
140.6 5
140.8 14
141 13
141.2 8
141.4 15
141.6 13
141.8 11
142 9
142.2 9
142.4 26
142.6 15
142.8 10
143 11
143.2 10
143.4 14
143.6 7
143.8 9
144 13
144.2 8
144.4 14
144.6 11
144.8 12
145 16
145.2 11
145.4 17
145.6 13
145.8 7
146 14
146.2 11
146.4 5
146.6 13
146.8 8
147 17
147.2 12
147.4 12
147.6 9
147.8 16
148 8
148.2 11
148.4 13
148.6 10
148.8 16
149 7
149.2 7
149.4 14
149.6 10
149.8 18
150 6
150.2 12
150.4 11
150.6 6
150.8 14
151 16
151.2 7
151.4 11
151.6 13
151.8 11
152 13
152.2 7
152.4 6
152.6 11
152.8 11
153 9
153.2 7
153.4 11
153.6 11
153.8 8
154 12
154.2 6
154.4 5
154.6 9
154.8 12
155 9
155.2 11
155.4 9
155.6 8
155.8 11
156 15
156.2 10
156.4 7
156.6 14
156.8 10
157 16
157.2 11
157.4 12
157.6 8
157.8 13
158 10
158.2 11
158.4 8
158.6 11
158.8 20
159 10
159.2 8
159.4 11
159.6 15
159.8 11
160 11
160.2 19
160.4 13
160.6 8
160.8 13
161 7
161.2 15
161.4 14
161.6 11
161.8 11
162 12
162.2 20
162.4 12
162.6 17
162.8 14
163 10
163.2 8
163.4 15
163.6 9
163.8 19
164 11
164.2 14
164.4 9
164.6 12
164.8 14
165 11
165.2 6
165.4 10
165.6 20
165.8 8
166 10
166.2 18
166.4 12
166.6 7
166.8 15
167 13
167.2 8
167.4 14
167.6 12
167.8 11
168 10
168.2 8
168.4 9
168.6 9
168.8 7
169 16
169.2 11
169.4 15
169.6 10
169.8 9
170 14
170.2 10
170.4 9
170.6 13
170.8 12
171 11
171.2 13
171.4 4
171.6 12
171.8 9
172 15
172.2 10
172.4 11
172.6 16
172.8 11
173 7
173.2 8
173.4 5
173.6 6
173.8 15
174 12
174.2 17
174.4 16
174.6 7
174.8 20
175 12
175.2 9
175.4 10
175.6 12
175.8 7
176 8
176.2 15
176.4 9
176.6 8
176.8 6
177 7
177.2 10
177.4 16
177.6 7
177.8 10
178 13
178.2 10
178.4 11
178.6 8
178.8 5
179 14
179.2 13
179.4 8
179.6 11
179.8 16
180 16
180.2 12
180.4 14
180.6 11
180.8 9
181 11
181.2 7
181.4 8
181.6 10
181.8 6
182 10
182.2 16
182.4 11
182.6 8
182.8 12
183 11
183.2 6
183.4 10
183.6 16
183.8 16
184 9
184.2 15
184.4 12
184.6 12
184.8 15
185 7
185.2 14
185.4 17
185.6 12
185.8 9
186 15
186.2 16
186.4 10
186.6 9
186.8 17
187 9
187.2 16
187.4 14
187.6 10
187.8 14
188 10
188.2 17
188.4 15
188.6 12
188.8 7
189 10
189.2 14
189.4 13
189.6 9
189.8 11
190 12
190.2 12
190.4 11
190.6 17
190.8 6
191 10
191.2 6
191.4 13
191.6 14
191.8 7
192 7
192.2 10
192.4 12
192.6 12
192.8 9
193 19
193.2 9
193.4 9
193.6 12
193.8 9
194 5
194.2 20
194.4 14
194.6 11
194.8 10
195 11
195.2 11
195.4 11
195.6 12
195.8 11
196 12
196.2 10
196.4 12
196.6 6
196.8 16
197 18
197.2 14
197.4 5
197.6 9
197.8 13
198 12
198.2 10
198.4 12
198.6 10
198.8 12
199 9
199.2 13
199.4 14
199.6 11
199.8 16
200 8
200.2 9
200.4 5
200.6 13
200.8 15
201 13
201.2 14
201.4 9
201.6 9
201.8 12
202 9
202.2 18
202.4 17
202.6 10
202.8 15
203 17
203.2 13
203.4 12
203.6 16
203.8 7
204 18
204.2 10
204.4 11
204.6 13
204.8 12
205 11
205.2 8
205.4 16
205.6 12
205.8 15
206 5
206.2 12
206.4 12
206.6 14
206.8 9
207 13
207.2 7
207.4 10
207.6 11
207.8 7
208 11
208.2 20
208.4 8
208.6 7
208.8 11
209 11
209.2 5
209.4 12
209.6 13
209.8 7
210 11
210.2 20
210.4 11
210.6 11
210.8 15
211 13
211.2 9
211.4 12
211.6 9
211.8 10
212 12
212.2 11
212.4 13
212.6 11
212.8 11
213 9
213.2 13
213.4 13
213.6 14
213.8 13
214 12
214.2 4
214.4 12
214.6 15
214.8 13
215 12
215.2 10
215.4 14
215.6 10
215.8 13
216 13
216.2 9
216.4 8
216.6 18
216.8 12
217 8
217.2 10
217.4 14
217.6 15
217.8 12
218 11
218.2 9
218.4 13
218.6 11
218.8 13
219 11
219.2 14
219.4 10
219.6 9
219.8 13
220 11
220.2 7
220.4 10
220.6 11
220.8 6
221 9
221.2 15
221.4 7
221.6 14
221.8 10
222 7
222.2 9
222.4 11
222.6 10
222.8 10
223 8
223.2 6
223.4 16
223.6 17
223.8 9
224 11
224.2 14
224.4 11
224.6 12
224.8 18
225 7
225.2 14
225.4 10
225.6 12
225.8 9
226 11
226.2 16
226.4 7
226.6 13
226.8 16
227 8
227.2 13
227.4 16
227.6 10
227.8 18
228 18
228.2 11
228.4 14
228.6 15
228.8 6
229 7
229.2 10
229.4 10
229.6 12
229.8 11
230 11
230.2 14
230.4 11
230.6 5
230.8 11
231 8
231.2 11
231.4 17
231.6 14
231.8 13
232 6
232.2 13
232.4 4
232.6 11
232.8 12
233 12
233.2 8
233.4 12
233.6 12
233.8 16
234 8
234.2 10
234.4 12
234.6 17
234.8 9
235 12
235.2 8
235.4 9
235.6 12
235.8 15
236 17
236.2 6
236.4 4
236.6 9
236.8 10
237 17
237.2 6
237.4 8
237.6 9
237.8 12
238 16
238.2 14
238.4 11
238.6 12
238.8 14
239 13
239.2 16
239.4 10
239.6 15
239.8 11
240 13
240.2 11
240.4 8
240.6 17
240.8 11
241 8
241.2 12
241.4 15
241.6 16
241.8 15
242 10
242.2 10
242.4 9
242.6 15
242.8 20
243 16
243.2 14
243.4 12
243.6 11
243.8 12
244 11
244.2 16
244.4 7
244.6 9
244.8 9
245 15
245.2 13
245.4 13
245.6 7
245.8 19
246 13
246.2 11
246.4 15
246.6 17
246.8 14
247 13
247.2 5
247.4 18
247.6 13
247.8 20
248 16
248.2 15
248.4 10
248.6 9
248.8 14
249 16
249.2 17
249.4 9
249.6 12
249.8 12
250 20
