1.741080000000000102e-03 1.045876666666666788e+00
2.462250000000000029e-03 1.060126666666666662e+00
3.015630000000000047e-03 1.058279999999999887e+00
3.482149999999999829e-03 1.068413333333333215e+00
4.924509999999999998e-03 1.055833333333333401e+00
5.223229999999999713e-03 1.055666666666666531e+00
6.031270000000000034e-03 1.056819999999999871e+00
6.964309999999999598e-03 1.057080000000000020e+00
7.386760000000000027e-03 1.057253333333333378e+00
8.705380000000000409e-03 1.057213333333333338e+00
9.046900000000000081e-03 1.052783333333333404e+00
9.849010000000000056e-03 1.056616666666666760e+00
1.044649999999999919e-02 1.059316666666666684e+00
1.206250000000000031e-02 1.056869999999999976e+00
1.218750000000000042e-02 1.058396666666666652e+00
1.231130000000000072e-02 1.055853333333333310e+00
1.392859999999999931e-02 1.055083333333333373e+00
1.477350000000000017e-02 1.058553333333333457e+00
1.507819999999999994e-02 1.056023333333333314e+00
1.566970000000000168e-02 1.050669999999999993e+00
1.723579999999999904e-02 1.054713333333333170e+00
1.741080000000000058e-02 1.051193333333333424e+00
1.809380000000000016e-02 1.052056666666666418e+00
1.915180000000000007e-02 1.051333333333333231e+00
1.969800000000000023e-02 1.054820000000000091e+00
2.089289999999999897e-02 1.049956666666666871e+00
2.110940000000000039e-02 1.053516666666666657e+00
2.216030000000000083e-02 1.051889999999999992e+00
2.263400000000000134e-02 1.054816666666666736e+00
2.412510000000000002e-02 1.048100000000000032e+00
2.437510000000000024e-02 1.046040000000000081e+00
2.462249999999999855e-02 1.050106666666666522e+00
2.611609999999999973e-02 1.043080000000000007e+00
2.708479999999999915e-02 1.048383333333333445e+00
2.714070000000000024e-02 1.049273333333333280e+00
2.785719999999999863e-02 1.047976666666666778e+00
2.954700000000000035e-02 1.044333333333333336e+00
2.959830000000000100e-02 1.048149999999999915e+00
3.015630000000000047e-02 1.046576666666666711e+00
3.133940000000000337e-02 1.044023333333333303e+00
3.200929999999999748e-02 1.048210000000000086e+00
3.308040000000000286e-02 1.040396666666666636e+00
3.317200000000000010e-02 1.045883333333333276e+00
3.447159999999999808e-02 1.040566666666666640e+00
3.482149999999999829e-02 1.043683333333333296e+00
3.618760000000000032e-02 1.046156666666666624e+00
3.656260000000000066e-02 1.035823333333333318e+00
3.693380000000000274e-02 1.043129999999999891e+00
3.830370000000000302e-02 1.039186666666666703e+00
3.920320000000000055e-02 1.036376666666666724e+00
3.939610000000000334e-02 1.035326666666666506e+00
4.004479999999999845e-02 1.036669999999999980e+00
4.178579999999999794e-02 1.039959999999999996e+00
4.185830000000000106e-02 1.036819999999999853e+00
4.221889999999999671e-02 1.037419999999999787e+00
4.352690000000000031e-02 1.034023333333333516e+00
4.432060000000000166e-02 1.035823333333333318e+00
4.523449999999999693e-02 1.031349999999999989e+00
4.526800000000000268e-02 1.033390000000000031e+00
4.678279999999999939e-02 1.033356666666666701e+00
4.700909999999999811e-02 1.030619999999999870e+00
4.825009999999999716e-02 1.028456666666666797e+00
4.875009999999999760e-02 1.031173333333333275e+00
4.924509999999999998e-02 1.032616666666666516e+00
5.049119999999999997e-02 1.025559999999999805e+00
5.126580000000000026e-02 1.031353333333333344e+00
5.170729999999999771e-02 1.028866666666666818e+00
5.223230000000000234e-02 1.028873333333333306e+00
5.397339999999999777e-02 1.027093333333333414e+00
5.416959999999999831e-02 1.025919999999999943e+00
5.428140000000000048e-02 1.026946666666666674e+00
5.571439999999999726e-02 1.024456666666666571e+00
5.663180000000000297e-02 1.023376666666666601e+00
5.729700000000000071e-02 1.022523333333333229e+00
5.745549999999999963e-02 1.020786666666666731e+00
5.909409999999999663e-02 1.021620000000000195e+00
5.919660000000000200e-02 1.021970000000000045e+00
6.031269999999999687e-02 1.021043333333333303e+00
6.093769999999999742e-02 1.016413333333333391e+00
6.155630000000000129e-02 1.015773333333333417e+00
6.267870000000000386e-02 1.014823333333333188e+00
6.332830000000000403e-02 1.017000000000000126e+00
6.401859999999999495e-02 1.015179999999999971e+00
6.441979999999999928e-02 1.017859999999999987e+00
6.616089999999999471e-02 1.012819999999999832e+00
6.634389999999999732e-02 1.016313333333333402e+00
6.648089999999999555e-02 1.017346666666666621e+00
6.790200000000000402e-02 1.012883333333333358e+00
6.894309999999999328e-02 1.012266666666666648e+00
6.935959999999999348e-02 1.010086666666666577e+00
6.964309999999999945e-02 1.010846666666666671e+00
7.138410000000000588e-02 1.011053333333333581e+00
7.140539999999999388e-02 1.009746666666666570e+00
7.237520000000000064e-02 1.006973333333333498e+00
7.312520000000000131e-02 1.008276666666666710e+00
7.386760000000000548e-02 1.007419999999999982e+00
7.486629999999999674e-02 1.004576666666666673e+00
7.539079999999999393e-02 1.009209999999999940e+00
7.632990000000000608e-02 1.005306666666666571e+00
7.660740000000000605e-02 1.006883333333333352e+00
7.834839999999999860e-02 1.007846666666666557e+00
7.840640000000000109e-02 1.001912666666666674e+00
7.879210000000000380e-02 1.000559333333333356e+00
8.008949999999999403e-02 9.997903333333333364e-01
8.125440000000000440e-02 1.003328666666666757e+00
8.142209999999999726e-02 1.001588666666666683e+00
8.183060000000000334e-02 1.000151333333333392e+00
8.357169999999999876e-02 1.000355000000000105e+00
8.371660000000000212e-02 9.999566666666667158e-01
8.443770000000000442e-02 9.985096666666667398e-01
8.531270000000000520e-02 9.969886666666667452e-01
8.617890000000000272e-02 9.984880000000000422e-01
8.705380000000000063e-02 9.957573333333332721e-01
8.745329999999999770e-02 9.965153333333333086e-01
8.864110000000000045e-02 9.966620000000000479e-01
8.879489999999999605e-02 9.960496666666666110e-01
9.046899999999999387e-02 9.973950000000000315e-01
9.053600000000000536e-02 9.934643333333333937e-01
9.110340000000000105e-02 9.932409999999999295e-01
9.227699999999999791e-02 9.950923333333333565e-01
9.348460000000000103e-02 9.940573333333334594e-01
9.356559999999999877e-02 9.934260000000000312e-01
9.401809999999999334e-02 9.911153333333332371e-01
9.575920000000000265e-02 9.954573333333333052e-01
9.602789999999999937e-02 9.914789999999999992e-01
9.650019999999999432e-02 9.926149999999999141e-01
9.750029999999999808e-02 9.929576666666667384e-01
9.849009999999999709e-02 9.926400000000000778e-01
9.924130000000000451e-02 9.890400000000001413e-01
9.951590000000000436e-02 9.906490000000000018e-01
1.009520000000000001e-01 9.934439999999998827e-01
1.009820000000000023e-01 9.906666666666668064e-01
1.025319999999999981e-01 9.879689999999999861e-01
1.027239999999999959e-01 9.915233333333333121e-01
1.034150000000000069e-01 9.933889999999999665e-01
1.044650000000000023e-01 9.878396666666667825e-01
1.055470000000000019e-01 9.887556666666666993e-01
1.058769999999999989e-01 9.912380000000000635e-01
1.062059999999999949e-01 9.862416666666667941e-01
1.079470000000000013e-01 9.887996666666666323e-01
1.083390000000000047e-01 9.868726666666667313e-01
1.085630000000000067e-01 9.888483333333333292e-01
1.096879999999999938e-01 9.932783333333333742e-01
1.108009999999999967e-01 9.882206666666665251e-01
1.114290000000000003e-01 9.904410000000000158e-01
1.115779999999999966e-01 9.929109999999999880e-01
1.131700000000000067e-01 9.857243333333333135e-01
1.132640000000000036e-01 9.893329999999999069e-01
1.145940000000000014e-01 9.876230000000000286e-01
1.149109999999999993e-01 9.935516666666667218e-01
1.157259999999999955e-01 9.869923333333333604e-01
1.166520000000000057e-01 9.851343333333332231e-01
1.176100000000000062e-01 9.876063333333333638e-01
1.181880000000000014e-01 9.868369999999999642e-01
1.183929999999999982e-01 9.888823333333333077e-01
1.201340000000000047e-01 9.819476666666666631e-01
1.206249999999999961e-01 9.881676666666666664e-01
1.206499999999999934e-01 9.880703333333333838e-01
1.218749999999999972e-01 9.895823333333333416e-01
1.231130000000000002e-01 9.868173333333333241e-01
1.236160000000000037e-01 9.910503333333333664e-01
1.236410000000000009e-01 9.861403333333332855e-01
1.253569999999999962e-01 9.920740000000000114e-01
1.255749999999999922e-01 9.875496666666666590e-01
1.266569999999999918e-01 9.921550000000000091e-01
1.270989999999999898e-01 9.881476666666667574e-01
1.280370000000000119e-01 9.894206666666667260e-01
1.288400000000000101e-01 9.919106666666666072e-01
1.296720000000000095e-01 9.906526666666666259e-01
1.304990000000000039e-01 9.905413333333333847e-01
1.305810000000000026e-01 9.841936666666666333e-01
1.323219999999999952e-01 9.877316666666665634e-01
1.326880000000000004e-01 9.916989999999999972e-01
1.329619999999999969e-01 9.863270000000000648e-01
1.340629999999999877e-01 9.908883333333333709e-01
1.354239999999999888e-01 9.902663333333333595e-01
1.357029999999999903e-01 9.907986666666667164e-01
1.358040000000000080e-01 9.913583333333333414e-01
1.375450000000000006e-01 9.887939999999999507e-01
1.378860000000000086e-01 9.880903333333334038e-01
1.387190000000000090e-01 9.914416666666666655e-01
1.392859999999999931e-01 9.949016666666666842e-01
1.403480000000000005e-01 9.916636666666667210e-01
1.410270000000000135e-01 9.904180000000000206e-01
1.417349999999999999e-01 9.901176666666667847e-01
1.427680000000000060e-01 9.878823333333333068e-01
1.428109999999999935e-01 9.886070000000000135e-01
1.445089999999999986e-01 9.911940000000000195e-01
1.447499999999999898e-01 9.920889999999999986e-01
1.452730000000000132e-01 9.913059999999999095e-01
1.462499999999999911e-01 9.908389999999999143e-01
1.477350000000000052e-01 9.923306666666666942e-01
1.477660000000000085e-01 9.920336666666665915e-01
1.479910000000000114e-01 9.933076666666665888e-01
1.497330000000000050e-01 9.948009999999999353e-01
1.501969999999999972e-01 9.928186666666666271e-01
1.507819999999999994e-01 9.951926666666666144e-01
1.514739999999999975e-01 9.958260000000001000e-01
1.526599999999999902e-01 9.969303333333332517e-01
1.532149999999999901e-01 9.948616666666666442e-01
1.537969999999999893e-01 9.948629999999999418e-01
1.549560000000000104e-01 9.936299999999999022e-01
1.551220000000000099e-01 9.953150000000000608e-01
1.566970000000000030e-01 9.974349999999999605e-01
1.568130000000000079e-01 9.936163333333333236e-01
1.575840000000000019e-01 9.961740000000000039e-01
1.584379999999999955e-01 9.979336666666666078e-01
1.598289999999999988e-01 9.956006666666666893e-01
1.600459999999999938e-01 9.967343333333333888e-01
1.601789999999999881e-01 1.000562333333333331e+00
1.619200000000000084e-01 9.964663333333333428e-01
1.625089999999999868e-01 9.970333333333333270e-01
1.628439999999999888e-01 9.993303333333333205e-01
1.636610000000000009e-01 9.988420000000001187e-01
1.649710000000000065e-01 9.980906666666666816e-01
1.654019999999999935e-01 9.981993333333333274e-01
1.658600000000000074e-01 9.956900000000000750e-01
1.671430000000000138e-01 9.980489999999999640e-01
1.674329999999999985e-01 1.003079999999999972e+00
1.688749999999999973e-01 9.976946666666667296e-01
1.688840000000000063e-01 1.001563666666666741e+00
1.698959999999999915e-01 1.001793333333333313e+00
1.706249999999999989e-01 9.999006666666666598e-01
1.718909999999999882e-01 1.002856666666666507e+00
1.723580000000000112e-01 1.000900666666666661e+00
1.723669999999999924e-01 1.002307333333333217e+00
1.741080000000000128e-01 1.002970000000000139e+00
1.748200000000000032e-01 1.001037333333333335e+00
1.749070000000000069e-01 1.002690000000000081e+00
1.758490000000000053e-01 1.002855333333333432e+00
1.772819999999999951e-01 1.003493333333333348e+00
1.775899999999999979e-01 1.006569999999999965e+00
1.779219999999999968e-01 1.000446333333333326e+00
1.793309999999999904e-01 1.001482333333333363e+00
1.797449999999999881e-01 1.002263333333333284e+00
1.809379999999999877e-01 1.006080000000000085e+00
1.810720000000000107e-01 1.002344666666666662e+00
1.822070000000000078e-01 1.004086666666666794e+00
1.828130000000000033e-01 1.007110666666666710e+00
1.839540000000000064e-01 1.004323333333333457e+00
1.845539999999999958e-01 1.004565000000000152e+00
1.846689999999999998e-01 1.004539999999999766e+00
1.862949999999999884e-01 1.004693333333333216e+00
1.869689999999999963e-01 1.004319999999999879e+00
1.871309999999999918e-01 1.006216666666666537e+00
1.880360000000000087e-01 1.007110000000000172e+00
1.895940000000000125e-01 1.002149000000000179e+00
1.897770000000000012e-01 1.005080000000000195e+00
1.899849999999999872e-01 1.006537000000000015e+00
1.915179999999999938e-01 1.002766666666666806e+00
1.920560000000000045e-01 1.006630000000000136e+00
1.930000000000000049e-01 1.005530000000000035e+00
1.932589999999999864e-01 9.986356666666665882e-01
1.945179999999999965e-01 1.003278666666666652e+00
1.950010000000000077e-01 1.005396666666666716e+00
1.960159999999999958e-01 1.008799999999999919e+00
1.967420000000000002e-01 1.008936666666666815e+00
1.969799999999999884e-01 1.005106666666666593e+00
1.984829999999999928e-01 1.004399000000000042e+00
1.990319999999999867e-01 1.002680999999999933e+00
1.994430000000000092e-01 1.008233333333333315e+00
2.002240000000000131e-01 1.004086666666666572e+00
2.019050000000000011e-01 1.007473333333333221e+00
2.019650000000000056e-01 1.002593333333333225e+00
2.020470000000000044e-01 1.008293333333333264e+00
2.037059999999999982e-01 1.003980000000000095e+00
2.043669999999999931e-01 1.006746666666666679e+00
2.050629999999999953e-01 1.006760000000000099e+00
2.054469999999999907e-01 1.004480000000000040e+00
2.068290000000000128e-01 1.006466666666666621e+00
2.071880000000000110e-01 1.010340000000000016e+00
2.080789999999999862e-01 1.004026666666666623e+00
2.089290000000000036e-01 1.006826666666666759e+00
2.092920000000000058e-01 1.009229999999999849e+00
2.106699999999999962e-01 1.004216666666666535e+00
2.110940000000000039e-01 1.009060000000000068e+00
2.117539999999999978e-01 1.007940000000000058e+00
2.124109999999999887e-01 1.005493333333333128e+00
2.141099999999999948e-01 1.009399999999999853e+00
2.141520000000000090e-01 1.010026666666666628e+00
2.142159999999999898e-01 1.007179999999999964e+00
2.158930000000000016e-01 1.007323333333333348e+00
2.166780000000000095e-01 1.008539999999999992e+00
2.171260000000000134e-01 1.009243333333333270e+00
2.176349999999999951e-01 1.010869999999999935e+00
2.191410000000000025e-01 1.006063333333333309e+00
2.193759999999999877e-01 1.011583333333333279e+00
2.201410000000000033e-01 1.010863333333333225e+00
2.211170000000000080e-01 1.008843333333333314e+00
2.216029999999999944e-01 1.006059999999999954e+00
2.228580000000000005e-01 1.003993333333333515e+00
2.231569999999999943e-01 1.006319999999999881e+00
2.240649999999999864e-01 1.007773333333333410e+00
2.245989999999999931e-01 1.008850000000000025e+00
2.261720000000000119e-01 1.005256666666666687e+00
2.263400000000000134e-01 1.005480000000000151e+00
2.265270000000000061e-01 1.005400000000000071e+00
2.280810000000000060e-01 1.004004333333333276e+00
2.289899999999999991e-01 1.005573333333333208e+00
2.291880000000000028e-01 1.004136666666666677e+00
2.298219999999999985e-01 1.004256666666666797e+00
2.314519999999999911e-01 1.005566666666666720e+00
2.315629999999999911e-01 1.003103333333333236e+00
2.322039999999999937e-01 1.005439999999999889e+00
2.333040000000000114e-01 1.001888666666666650e+00
2.339140000000000108e-01 1.004553333333333409e+00
2.350450000000000039e-01 1.004563666666666633e+00
2.352190000000000114e-01 1.004609999999999781e+00
2.363760000000000028e-01 1.004003333333333359e+00
2.367859999999999965e-01 1.003290333333333395e+00
2.382350000000000023e-01 1.007363333333333166e+00
2.385269999999999890e-01 1.000482666666666631e+00
2.388389999999999957e-01 1.002894999999999870e+00
2.402690000000000103e-01 9.994433333333333502e-01
2.412509999999999932e-01 1.002772333333333377e+00
2.413009999999999877e-01 1.002547333333333457e+00
2.420100000000000029e-01 1.002407666666666808e+00
2.437509999999999954e-01 1.003011000000000097e+00
2.437630000000000075e-01 1.004463333333333486e+00
2.442660000000000109e-01 1.001241999999999965e+00
2.454919999999999880e-01 9.937516666666666998e-01
2.462249999999999994e-01 1.001349333333333425e+00
2.472330000000000083e-01 1.001158999999999910e+00
2.472820000000000018e-01 9.997630000000000683e-01
2.486879999999999924e-01 9.991799999999999571e-01
2.489740000000000009e-01 1.003553333333333297e+00
2.502980000000000205e-01 1.001417333333333382e+00
2.507150000000000212e-01 1.001139333333333381e+00
2.511499999999999844e-01 9.998710000000000653e-01
2.524560000000000137e-01 1.002089000000000008e+00
2.533130000000000104e-01 9.986946666666666195e-01
2.536120000000000041e-01 9.965146666666666597e-01
2.541970000000000063e-01 9.995939999999999825e-01
2.559379999999999988e-01 1.001896666666666880e+00
2.560740000000000238e-01 1.000175333333333416e+00
2.563289999999999735e-01 9.993630000000001123e-01
2.576789999999999914e-01 9.964043333333333363e-01
2.585370000000000168e-01 9.986716666666666242e-01
2.593440000000000190e-01 9.982033333333332203e-01
2.594199999999999839e-01 1.000645000000000007e+00
2.609989999999999810e-01 9.992123333333333690e-01
2.611609999999999765e-01 9.935176666666666323e-01
2.623599999999999821e-01 1.000607333333333404e+00
2.629029999999999978e-01 9.982106666666666905e-01
2.634610000000000007e-01 9.985370000000001189e-01
2.646439999999999904e-01 1.001053333333333351e+00
2.653760000000000008e-01 1.000223333333333242e+00
2.659230000000000205e-01 9.976206666666667111e-01
2.663849999999999829e-01 9.996916666666666451e-01
2.681259999999999755e-01 9.983123333333333571e-01
2.683860000000000134e-01 9.962476666666666425e-01
2.683909999999999907e-01 9.975956666666666584e-01
2.698670000000000235e-01 9.956070000000000197e-01
2.708479999999999777e-01 9.961216666666666830e-01
2.714070000000000094e-01 9.957946666666667168e-01
2.716080000000000161e-01 9.990350000000000064e-01
2.733099999999999974e-01 9.985226666666666695e-01
2.733490000000000086e-01 1.003543333333333232e+00
2.744229999999999725e-01 9.939909999999999579e-01
2.750900000000000012e-01 9.978913333333333524e-01
2.757720000000000171e-01 9.956446666666666223e-01
2.768309999999999937e-01 9.952109999999999568e-01
2.774380000000000179e-01 9.944603333333333905e-01
2.782350000000000101e-01 9.950433333333332797e-01
2.785719999999999863e-01 9.941083333333332606e-01
2.803129999999999789e-01 9.998080000000001410e-01
2.804539999999999811e-01 9.956290000000000973e-01
2.806969999999999743e-01 9.958253333333333401e-01
2.820540000000000269e-01 9.915300000000000225e-01
2.831589999999999940e-01 9.970556666666666734e-01
2.834690000000000265e-01 9.941863333333333941e-01
2.837950000000000195e-01 9.974990000000000245e-01
2.855369999999999853e-01 9.948956666666667337e-01
2.856210000000000138e-01 9.962449999999999362e-01
2.864849999999999897e-01 9.944593333333333618e-01
2.872779999999999778e-01 9.985319999999999752e-01
2.880840000000000067e-01 9.959770000000000012e-01
2.890190000000000259e-01 9.935673333333333579e-01
2.895010000000000083e-01 9.956826666666666048e-01
2.905460000000000265e-01 9.961679999999999424e-01
2.907600000000000184e-01 9.948059999999999681e-01
2.925010000000000110e-01 9.939420000000001032e-01
2.925159999999999982e-01 9.948986666666667089e-01
2.930079999999999907e-01 9.945846666666665614e-01
2.942420000000000035e-01 9.948470000000000368e-01
2.954700000000000104e-01 9.965079999999999494e-01
2.955320000000000169e-01 9.951536666666666031e-01
2.959829999999999961e-01 9.942403333333333926e-01
2.977239999999999887e-01 9.992530000000000578e-01
2.979330000000000034e-01 9.940256666666665852e-01
2.985479999999999801e-01 9.947033333333332727e-01
2.994649999999999812e-01 9.958616666666667561e-01
3.003950000000000231e-01 9.930446666666665756e-01
3.012059999999999738e-01 9.979149999999999965e-01
3.015630000000000255e-01 9.936336666666666373e-01
3.028569999999999873e-01 9.978433333333333044e-01
3.029470000000000218e-01 9.902633333333333843e-01
3.045789999999999886e-01 9.963203333333333633e-01
3.046880000000000144e-01 9.928126666666665656e-01
3.053190000000000071e-01 9.966193333333333015e-01
3.064290000000000069e-01 9.942613333333332193e-01
3.075950000000000073e-01 9.934363333333333657e-01
3.077820000000000000e-01 9.935626666666665940e-01
3.081709999999999727e-01 1.000355666666666643e+00
3.099120000000000208e-01 9.948190000000000088e-01
3.102440000000000198e-01 9.964353333333333396e-01
3.106099999999999972e-01 9.947230000000000238e-01
3.116530000000000133e-01 9.988679999999999781e-01
3.127059999999999840e-01 9.971160000000000023e-01
3.133940000000000059e-01 9.963056666666666450e-01
3.136260000000000159e-01 9.950853333333333772e-01
3.151349999999999985e-01 9.985493333333333998e-01
3.151680000000000037e-01 9.961066666666665848e-01
3.166410000000000058e-01 9.985940000000000927e-01
3.168759999999999910e-01 9.974699999999999678e-01
3.176309999999999967e-01 9.973546666666667226e-01
3.186169999999999836e-01 9.925763333333333938e-01
3.196570000000000245e-01 9.976180000000001158e-01
3.200930000000000164e-01 9.968193333333333905e-01
3.203579999999999761e-01 9.959273333333333866e-01
3.220990000000000242e-01 1.001846666666666552e+00
3.225549999999999806e-01 9.963646666666666762e-01
3.226729999999999876e-01 9.988426666666666565e-01
3.238400000000000167e-01 9.964380000000000459e-01
3.250170000000000003e-01 9.968183333333332508e-01
3.255810000000000093e-01 9.963763333333334193e-01
3.256879999999999775e-01 9.966836666666667455e-01
3.273220000000000018e-01 9.972379999999999578e-01
3.274799999999999933e-01 9.988646666666666230e-01
3.287039999999999962e-01 9.997289999999999788e-01
3.290629999999999944e-01 9.977303333333332747e-01
3.299420000000000130e-01 1.002535666666666714e+00
3.308039999999999869e-01 9.994893333333333407e-01
3.317200000000000149e-01 1.000871999999999984e+00
3.324039999999999773e-01 9.989560000000000661e-01
3.325460000000000083e-01 9.995816666666667016e-01
3.342870000000000008e-01 9.963156666666667105e-01
3.347350000000000048e-01 9.983450000000000379e-01
3.348670000000000258e-01 9.978546666666666676e-01
3.360279999999999934e-01 1.001191666666666702e+00
3.373289999999999900e-01 9.991900000000000226e-01
3.377510000000000234e-01 1.002943333333333298e+00
3.377689999999999859e-01 1.001991000000000076e+00
3.395099999999999785e-01 9.977476666666665883e-01
3.397910000000000097e-01 9.990646666666666009e-01
3.407660000000000133e-01 9.992733333333334578e-01
3.412510000000000265e-01 1.002109666666666676e+00
3.422529999999999739e-01 1.000674333333333221e+00
3.429920000000000191e-01 1.001627000000000045e+00
3.437819999999999765e-01 9.981663333333333776e-01
3.447160000000000224e-01 1.002908333333333291e+00
3.447330000000000116e-01 1.002570999999999879e+00
3.464740000000000042e-01 9.999423333333333774e-01
3.467979999999999952e-01 9.969383333333333708e-01
3.471779999999999866e-01 1.002040000000000042e+00
3.482149999999999967e-01 1.002284666666666713e+00
3.496400000000000063e-01 9.998653333333332727e-01
3.498129999999999851e-01 1.003203666666666827e+00
3.521020000000000261e-01 1.002305333333333381e+00
3.528290000000000037e-01 1.002875333333333341e+00
3.545650000000000190e-01 1.002036999999999844e+00
3.558450000000000224e-01 9.996510000000000673e-01
3.570269999999999833e-01 1.004426666666666579e+00
3.588600000000000123e-01 1.001643333333333219e+00
3.594890000000000030e-01 1.001962666666666557e+00
3.618759999999999755e-01 1.004499999999999948e+00
3.619510000000000227e-01 1.001836666666666487e+00
3.644140000000000157e-01 1.006140000000000034e+00
3.648919999999999941e-01 1.005676666666666774e+00
3.668759999999999799e-01 1.005183333333333318e+00
3.679069999999999840e-01 1.002920000000000034e+00
3.693379999999999996e-01 1.003026666666666733e+00
3.709230000000000027e-01 1.002119999999999900e+00
3.718000000000000194e-01 1.003530000000000033e+00
3.739379999999999926e-01 1.000566999999999984e+00
3.742630000000000123e-01 1.001829333333333460e+00
3.767249999999999766e-01 1.005553333333333299e+00
3.769540000000000113e-01 1.001709666666666720e+00
3.791869999999999963e-01 1.004650000000000043e+00
3.799699999999999744e-01 1.002352666666666670e+00
3.816490000000000160e-01 1.001822666666666750e+00
3.829850000000000199e-01 1.001928333333333532e+00
3.841120000000000090e-01 1.005383333333333296e+00
3.860009999999999830e-01 1.003980000000000095e+00
3.865739999999999732e-01 1.002542333333333424e+00
3.890170000000000017e-01 1.002153333333333451e+00
3.890359999999999929e-01 1.004680000000000240e+00
3.914980000000000127e-01 1.004850000000000021e+00
3.920319999999999916e-01 1.002449999999999841e+00
3.939610000000000056e-01 1.004054666666666540e+00
3.950480000000000103e-01 1.004393333333333471e+00
3.964230000000000254e-01 1.000295999999999852e+00
3.980639999999999734e-01 1.003859999999999975e+00
3.988849999999999896e-01 1.003730000000000011e+00
4.010790000000000188e-01 1.002643333333333331e+00
4.013470000000000093e-01 1.001744999999999886e+00
4.038100000000000023e-01 1.002006666666666490e+00
4.040949999999999820e-01 1.001128999999999936e+00
4.062720000000000220e-01 1.003149999999999986e+00
4.071100000000000274e-01 1.001427333333333225e+00
4.087339999999999862e-01 1.002646666666666464e+00
4.101259999999999906e-01 1.003034666666666519e+00
4.111960000000000059e-01 1.002486666666666748e+00
4.131420000000000092e-01 1.002712000000000048e+00
4.136589999999999989e-01 9.998909999999999743e-01
4.161210000000000186e-01 1.003576666666666783e+00
4.161569999999999991e-01 1.001978666666666795e+00
4.185829999999999829e-01 1.002523333333333211e+00
4.191730000000000178e-01 9.999126666666667829e-01
4.210450000000000026e-01 9.993150000000000643e-01
4.221889999999999810e-01 9.978146666666666276e-01
4.235079999999999956e-01 1.001390000000000002e+00
4.252040000000000264e-01 1.001011000000000095e+00
4.259700000000000153e-01 1.000309333333333273e+00
4.282199999999999895e-01 1.001634666666666673e+00
4.284319999999999795e-01 1.004310000000000036e+00
4.308939999999999992e-01 9.979399999999999382e-01
4.312349999999999794e-01 1.001002666666666707e+00
4.333569999999999922e-01 9.997016666666667106e-01
4.342509999999999981e-01 1.000596000000000041e+00
4.358190000000000119e-01 9.995323333333333560e-01
4.372670000000000168e-01 9.958130000000000592e-01
4.382809999999999762e-01 1.001096999999999904e+00
4.402820000000000067e-01 9.955006666666665893e-01
4.407429999999999959e-01 9.968259999999999899e-01
4.432059999999999889e-01 9.986019999999999897e-01
4.432980000000000254e-01 9.985149999999999304e-01
4.456680000000000086e-01 9.979120000000000212e-01
4.463139999999999885e-01 9.955126666666666013e-01
4.481299999999999728e-01 9.977133333333333409e-01
4.493289999999999784e-01 9.978369999999999740e-01
4.505919999999999925e-01 9.997570000000001178e-01
4.523449999999999971e-01 9.943960000000000576e-01
4.530549999999999855e-01 9.990470000000000184e-01
4.553610000000000158e-01 1.000434000000000045e+00
4.555170000000000052e-01 9.994156666666667022e-01
4.579790000000000250e-01 9.988096666666667067e-01
4.583760000000000057e-01 9.984983333333333766e-01
4.604409999999999892e-01 9.976956666666666473e-01
4.613920000000000243e-01 9.985899999999999777e-01
4.629039999999999822e-01 9.975950000000000095e-01
4.644070000000000142e-01 1.000500333333333325e+00
4.653660000000000019e-01 9.958776666666665500e-01
4.674229999999999774e-01 9.996226666666666594e-01
4.678280000000000216e-01 9.974259999999999238e-01
4.702899999999999858e-01 9.979606666666667181e-01
4.704389999999999961e-01 9.989256666666666007e-01
4.727529999999999788e-01 9.995873333333333832e-01
4.734539999999999860e-01 9.961740000000000039e-01
4.752149999999999985e-01 9.950063333333334370e-01
4.764700000000000046e-01 9.966699999999999449e-01
4.776770000000000183e-01 9.970989999999999576e-01
4.794860000000000233e-01 9.990263333333332385e-01
4.801389999999999825e-01 9.978313333333334034e-01
4.825010000000000132e-01 9.987949999999999884e-01
4.826019999999999754e-01 9.991423333333333545e-01
4.850639999999999952e-01 9.973919999999999453e-01
4.855169999999999764e-01 9.950476666666666636e-01
4.875260000000000149e-01 9.979490000000000860e-01
4.885320000000000218e-01 9.985246666666666160e-01
4.899879999999999791e-01 1.000183999999999962e+00
4.915479999999999849e-01 1.001443333333333463e+00
4.924510000000000276e-01 1.001160666666666588e+00
4.945640000000000036e-01 9.953866666666666418e-01
4.975789999999999935e-01 9.960986666666666878e-01
5.005950000000000122e-01 9.944389999999999619e-01
5.036110000000000309e-01 1.000742333333333400e+00
5.066260000000000208e-01 9.971060000000000478e-01
5.096420000000000394e-01 1.000502000000000002e+00
5.126579999999999471e-01 9.990940000000000376e-01
5.156730000000000480e-01 9.963329999999999131e-01
5.186889999999999556e-01 9.987186666666666435e-01
5.217039999999999456e-01 1.000084333333333353e+00
5.247199999999999642e-01 9.996779999999999555e-01
5.277359999999999829e-01 1.002276666666666705e+00
5.307509999999999728e-01 1.000555666666666621e+00
5.337669999999999915e-01 1.000313666666666768e+00
5.367830000000000101e-01 1.003683333333333261e+00
5.397980000000000000e-01 1.004786666666666717e+00
5.428140000000000187e-01 1.000989333333333287e+00
5.458300000000000374e-01 1.002199333333333220e+00
5.488450000000000273e-01 1.003230000000000066e+00
5.518610000000000460e-01 1.002929999999999877e+00
5.548760000000000359e-01 1.003143333333333276e+00
5.578920000000000545e-01 1.000415000000000054e+00
5.609079999999999622e-01 1.002178999999999931e+00
5.639229999999999521e-01 1.002083333333333437e+00
5.669389999999999707e-01 1.003596666666666692e+00
5.699549999999999894e-01 1.002191666666666814e+00
5.729699999999999793e-01 1.001403333333333201e+00
5.759859999999999980e-01 9.984916666666666663e-01
5.790009999999999879e-01 9.984483333333334931e-01
5.820170000000000066e-01 1.000612666666666817e+00
5.850330000000000252e-01 1.000792333333333284e+00
5.880480000000000151e-01 1.000226999999999977e+00
5.910640000000000338e-01 1.003846666666666776e+00
5.940800000000000525e-01 1.001581999999999972e+00
5.970950000000000424e-01 9.998990000000000933e-01
6.001109999999999500e-01 1.003456666666666663e+00
6.031269999999999687e-01 9.970626666666667637e-01
