0.00337202 1.20599
0.00476876 1.22047
0.00584051 1.22688
0.00674405 1.22883
0.00953752 1.2214
0.0101161 1.21617
0.011681 1.21344
0.0134881 1.21341
0.0143063 1.21518
0.0168601 1.2219
0.0175215 1.20972
0.019075 1.20236
0.0202321 1.20412
0.0233621 1.19441
0.0236042 1.19827
0.0238438 1.19561
0.0269762 1.19719
0.0286126 1.18069
0.0292026 1.17747
0.0303482 1.17137
0.0333813 1.17314
0.0337202 1.17192
0.0350431 1.16179
0.0370922 1.16499
0.0381501 1.15374
0.0404643 1.14439
0.0408836 1.15551
0.0429188 1.1375
0.0438363 1.13924
0.0467241 1.13076
0.0472083 1.12424
0.0476876 1.12425
0.0505803 1.11151
0.0524564 1.10599
0.0525646 1.10499
0.0539524 1.10277
0.0572251 1.08638
0.0573244 1.08806
0.0584051 1.08539
0.0606964 1.07572
0.0619939 1.06796
0.0640684 1.06725
0.0642457 1.05946
0.0667626 1.05011
0.0674405 1.04778
0.0700862 1.04828
0.0708125 1.04024
0.0715314 1.04348
0.0741845 1.02733
0.0759267 1.01658
0.0763002 1.01638
0.0775565 1.02559
0.0809285 1.00193
0.0810689 1.00878
0.0817672 1.00209
0.0843006 0.994097
0.0858377 0.994938
0.0876077 0.984465
0.0876726 0.982598
0.0906064 0.980801
0.0910446 0.983938
0.0934482 0.979911
0.0944166 0.980162
0.0953752 0.969358
0.0977887 0.969592
0.0992887 0.963217
0.100144 0.964892
0.101161 0.9605
0.104533 0.960456
0.104913 0.956057
0.105129 0.951455
0.107905 0.958821
0.109681 0.956336
0.11097 0.952095
0.111277 0.950185
0.11445 0.946886
0.114649 0.948933
0.11681 0.948652
0.118021 0.950684
0.119219 0.948694
0.121393 0.952134
0.122651 0.952926
0.123988 0.949845
0.124765 0.945051
0.128137 0.953578
0.128491 0.948919
0.128757 0.954574
0.131509 0.953684
0.133525 0.955241
0.134332 0.95868
0.134881 0.959002
0.138253 0.958273
0.138294 0.956999
0.140172 0.964985
0.141625 0.954445
0.143063 0.969094
0.144997 0.969684
0.146013 0.965539
0.147832 0.971939
0.148369 0.97359
0.151741 0.973378
0.151853 0.975251
0.1526 0.979309
0.155113 0.974813
0.157369 0.982895
0.157694 0.984613
0.158485 0.987035
0.161857 0.988782
0.162138 0.99256
0.163534 0.996282
0.165229 0.991621
0.166907 0.99942
0.168601 0.998103
0.169375 1.00125
0.171675 1.00906
0.171973 1.00572
0.175215 1.00376
0.175345 1.00141
0.176444 1.01217
0.178717 1.01191
0.181056 1.01472
0.181213 1.01401
0.182089 1.0196
0.185461 1.01038
0.185982 1.01948
0.186896 1.02153
0.188833 1.01879
0.19075 1.02597
0.192205 1.01793
0.192737 1.02055
0.195519 1.02399
0.195577 1.02573
0.198577 1.03021
0.198949 1.01829
0.200288 1.02632
0.202321 1.02598
0.204418 1.03021
0.205057 1.0334
0.205693 1.02334
0.209065 1.02588
0.209825 1.02699
0.210259 1.0305
0.212437 1.03318
0.214594 1.02876
0.215809 1.03154
0.216099 1.03151
0.219181 1.03387
0.219363 1.02688
0.22194 1.03189
0.222553 1.02126
0.224132 1.02346
0.225926 1.02131
0.22778 1.0247
0.2289 1.01832
0.229298 1.03123
0.23267 1.01235
0.233621 1.01042
0.233669 1.01711
0.236042 1.01389
0.238438 1.01178
0.239414 1.01567
0.239461 1.01123
0.242786 1.00232
0.243207 1.01123
0.245302 1.0111
0.246158 1.00123
0.247976 1.00454
0.24953 1
0.251142 1.00646
0.252744 0.995908
0.252902 0.999169
0.256274 0.99994
0.256983 0.993867
0.257513 1.0025
0.259646 1.00218
0.262282 0.993909
0.262823 0.990194
0.263018 0.986476
0.26639 0.981176
0.267051 0.993298
0.268664 0.995146
0.269762 0.979733
0.271819 0.988455
0.273134 0.984864
0.274504 0.984504
0.276506 0.986411
0.276588 0.988139
0.279878 0.983559
0.280345 0.980186
0.281357 0.983823
0.28325 0.982325
0.286126 0.983559
0.286185 0.972906
0.286622 0.986639
0.289994 0.981732
0.290894 0.982002
0.292026 0.980783
0.293366 0.985981
0.295663 0.981509
0.296738 0.981058
0.297866 0.984807
0.30011 0.981973
0.300432 0.981691
0.303482 0.986055
0.303707 0.987199
0.305201 0.983624
0.306854 0.984266
0.309547 0.984482
0.309969 0.984637
0.310226 0.976796
0.313598 0.990148
0.314738 0.987022
0.315388 0.988047
0.31697 0.993419
0.319507 0.985969
0.320342 0.993401
0.321228 0.990244
0.323714 0.994439
0.324276 0.991455
0.327069 0.988606
0.327086 0.997241
0.329044 0.993434
0.330458 0.994714
0.332909 1.00666
0.333813 0.995652
0.33383 0.995937
0.337202 0.989056
0.338582 1.00078
0.33875 1.00147
0.340574 1.00775
0.343351 0.999751
0.343946 0.99409
0.34459 1.00035
0.347318 0.998593
0.348119 1.00062
0.350431 1.00752
0.35069 1.00774
0.352888 1.00394
0.354062 1.00809
0.356271 1.00146
0.357434 1.00561
0.357657 1.00927
0.360806 1.00561
0.362112 1.00626
0.362426 1.01258
0.364178 1.01441
0.367195 1.0144
0.36755 1.01147
0.367952 1.01125
0.370922 1.00535
0.371963 1.01296
0.373793 1.01154
0.374295 1.01031
0.376732 1.01516
0.377667 1.01738
0.379633 1.01279
0.381039 1.00741
0.381501 1.01337
0.384411 1.01484
0.385474 1.00982
0.38627 1.01102
0.387783 1.0137
0.391038 1.01347
0.391155 1.0118
0.391314 1.01657
0.394527 1.01399
0.395807 1.00912
0.397155 1.00628
0.397899 1.01826
0.400576 1.01268
0.401271 1.00882
0.402996 1.00415
0.404643 1.0092
0.405345 1.01028
0.408015 1.00471
0.408836 1.00552
0.410113 1.00709
0.411387 1.00344
0.414677 1.00973
0.414759 1.00298
0.414882 1.00344
0.418131 1.00753
0.419651 1.00292
0.420517 1.0007
0.421503 1.0085
0.42442 1.00115
0.424875 1.00225
0.426358 1.00455
0.428247 0.992852
0.429188 1.00135
0.431619 0.995624
0.432198 0.998219
0.433957 0.999422
0.434991 1.00175
0.438039 0.998855
0.438363 0.995201
0.438726 0.996711
0.441735 0.989697
0.443495 0.991058
0.443879 0.997222
0.445107 0.987382
0.448263 0.993387
0.448479 0.98822
0.44972 0.995466
0.451851 0.994613
0.453032 0.99007
0.455223 0.989088
0.45556 0.991188
0.457801 0.987058
0.458595 0.988572
0.461401 0.992176
0.461967 0.988397
0.46257 0.986085
0.465339 0.989961
0.467241 0.993892
0.467338 0.990235
0.468711 0.984361
0.472083 0.988752
0.472107 0.990862
0.473082 0.989342
0.475455 0.989902
0.476876 0.987633
0.478827 0.987764
0.478922 0.992479
0.481645 0.99282
0.482199 0.987135
0.484763 0.989373
0.485571 0.992459
0.486414 0.990436
0.488943 0.99162
0.490603 0.999126
0.491182 0.988507
0.492315 0.989006
0.495687 1.00134
0.495951 0.994302
0.496444 0.99896
0.499059 0.997094
0.50072 0.996229
0.502284 0.991886
0.502431 0.999971
0.505489 0.997876
0.505803 1.00006
0.508125 0.996611
0.509175 1.00065
0.510257 0.995584
0.512547 0.998768
0.513965 1.00247
0.515026 1.00505
0.515919 0.996132
0.519291 1.00204
0.519795 0.999194
0.519806 1.00404
0.522664 0.998485
0.524564 1.00921
0.525646 1.00679
0.526036 0.997204
0.529332 1.00064
0.529408 1.00732
0.531487 1.004
0.53278 1.01067
0.534101 1.00608
0.536152 1.01015
0.537327 1.00961
0.53887 1.00635
0.539524 1.01156
0.542896 1.00733
0.543168 1.0054
0.543639 1.00985
0.546268 1.00555
0.548407 1.01073
0.549008 1.00337
0.54964 1.01162
0.553012 1.00367
0.553176 1.00685
0.554849 1.01261
0.556384 1.00728
0.557945 1.00973
0.559756 1.01153
0.560689 1.00761
0.562714 1.00761
0.563128 1.01566
0.5665 1.01026
0.56653 1.00671
0.567482 1.00173
0.569872 1.00109
0.572251 1.00401
0.57237 1.00314
0.573244 1.00795
0.576616 1.00392
0.57702 1.00331
0.578211 1.00794
0.579988 1.00682
0.581789 1.00438
0.58336 0.997815
0.584051 1.00161
0.586558 1.00781
0.586732 1.00745
0.589892 1.00082
0.590104 1.01149
0.591326 1.00238
0.593476 1.00265
0.595732 0.998635
0.596095 1.00254
0.596848 1.01032
0.60022 1.00357
0.600864 1.00247
0.601573 0.997768
0.603592 1.00161
0.605633 1.00256
0.606964 1.00038
0.607414 0.996407
0.610336 0.993326
0.610401 0.997799
0.613254 0.997639
0.613708 0.995495
0.61517 0.993813
0.61708 0.997123
0.619095 0.998752
0.619939 0.993833
0.620452 1.00066
0.623824 1.00178
0.624708 0.996273
0.624935 0.993811
0.627196 0.993598
0.629476 0.990678
0.630568 0.988029
0.630776 0.994602
0.63394 0.992105
0.634245 0.99325
0.636616 0.989413
0.637312 0.991168
0.639014 0.988255
0.640684 0.988073
0.642457 0.995298
0.643783 0.994581
0.644056 0.994867
0.647428 0.99001
0.648297 0.993965
0.648551 0.992561
0.6508 0.990613
0.65332 0.992902
0.654138 0.992638
0.654172 0.987418
0.657544 0.991941
0.658089 0.997318
0.659978 0.993026
0.660916 1.00057
0.662858 0.992387
0.664288 0.99847
0.665819 0.997533
0.667626 0.998471
0.66766 0.9979
0.671033 0.996834
0.671659 0.994795
0.672395 0.999944
0.674405 0.993288
0.677164 0.999345
0.6775 1.00701
0.681933 0.99884
0.68334 0.996805
0.686701 0.998871
0.689181 0.997663
0.69147 1.00147
0.695021 1.00232
0.696239 1.00761
0.700862 1.00485
0.701008 1.00052
0.705777 1.00098
0.706702 1.00295
0.710545 1.00259
0.712543 1.00647
0.715314 1.00693
0.718383 1.00945
0.720083 1.00393
0.724224 1.0025
0.724852 1.00836
0.72962 1.00594
0.730064 1.00755
0.734389 1.00651
0.735905 0.997644
0.739158 1.00802
0.741745 1.00456
0.743927 1.00774
0.747586 1.00659
0.748695 1.00241
0.753426 1.00048
0.753464 1.00035
0.758233 1.00363
0.759267 1.00369
0.763002 1.00334
0.765107 1.00409
0.76777 1.00192
0.770948 0.998629
0.772539 1.0059
0.776788 1.00474
0.777308 1.00135
0.782077 0.996559
0.782629 1.00334
0.786845 0.996874
0.788469 0.995507
0.791614 0.997885
0.79431 0.995081
0.796383 0.992936
0.80015 0.993891
0.801152 1.00078
0.80592 0.998228
0.805991 0.996997
0.810689 0.995041
0.811832 0.998119
0.815458 0.996011
0.817672 0.996
0.820227 0.99509
0.823513 0.986732
0.824996 0.994642
0.829353 0.994728
0.829764 0.996801
0.834533 0.996996
0.835194 0.998978
0.839302 0.99738
0.841034 1.00089
0.844071 0.9976
0.846875 0.99365
0.848839 0.99771
0.852715 0.99771
0.853608 0.99575
0.858377 1.00473
0.858556 1.00037
0.863146 1.00187
0.864396 0.997655
0.867914 1.00131
0.870237 1.00222
0.872683 0.998908
0.876077 1.00457
0.877452 1.00554
0.881918 1.00721
0.882221 1.00591
0.886989 0.997859
0.887758 1.00753
0.891758 0.998857
0.893599 1.00057
0.896527 1.00339
0.899439 1.00861
0.901296 1.00775
0.90528 1.00075
0.906064 1.00025
0.910833 0.999465
0.91112 1.00396
0.915602 1.00059
0.916961 1.00564
0.920371 1.00879
0.922801 1.00057
0.925139 1.00035
0.928642 1.00022
0.929908 0.999695
0.934482 1.00454
0.934677 1.00075
0.939446 1.00509
0.940323 1.00662
0.944215 1.00171
0.946163 1.0037
0.948983 1.00515
0.952004 0.996438
0.953752 0.998269
0.957844 1.00183
0.963685 1.00259
0.969525 0.996832
0.975366 0.995552
0.981206 0.998969
0.987047 0.99401
0.992887 0.995266
0.998728 1.00316
1.00457 0.990753
1.01041 0.99703
1.01625 1.00128
1.02209 0.996835
1.02793 0.997426
1.03377 1.00274
1.03961 0.998064
1.04545 1.00335
1.05129 1.00232
1.05713 0.997944
1.06297 1.00313
1.06881 1.00741
1.07465 1.00193
1.0805 0.998981
1.08634 0.993923
1.09218 1.00571
1.09802 1.00469
1.10386 1.00453
1.1097 1.00299
1.11554 1.00539
1.12138 0.994831
1.12722 0.997543
1.13306 1.00139
1.1389 0.996112
1.14474 0.99003
1.15058 0.990332
1.15642 0.99337
1.16226 1.0003
1.1681 0.99522
