10053096.49148734
544
-3.252587034700473  8.283308804909632 -247.5975934720014 1 2 14 44 0
-0.4734792711794724   7.002441550995499  -247.5486330300744 -1 3.08 122.06 19 0
-4.602894406459907  4.796763936860302 -245.3691097044592 0 2.78 90.06 58 0
-7.287914625524117  2.132626070549236 -245.6462195486421 0 2.7 82.04000000000001 51 0
-11.56694383781198  4.370706584286342  -244.399757500669 0 3.06 120.07 18 0
 -10.83638706956789 -0.3458948322647277   -243.593132490468 -1 2.97 110.05 4 0
-6.021855518700745  0.884126481610239  -241.443702905823 0 2.9 102.07 34 0
-8.818478180301019  6.109161820906106 -240.3232595005934 0 3.21 138.1 46 0
-11.85318288766076  2.898475029508317 -239.4244760533417 0 2.95 108.05 3 0
 -8.629534053901924 -0.9584900407054584  -237.4453424877885 0 3.06 120.07 18 0
-4.943017510607843  3.093693154600078 -237.0898918520081 0 3.21 138.1 46 0
-10.03743297211516  5.866062361285166 -234.2823094178724 0 2.95 108.05 3 0
-11.41146054447601   1.35522113162108 -232.4579002930532 0 2.9 102.07 34 0
 -7.879482709192621 -0.3855208983197842  -231.6288937969822 0 3.21 138.1 46 0
-7.214599170957703  4.929320829135828 -229.7192966346823 0 2.51 66.04000000000001 1 0
-11.41400035006885  5.400117932486712  -228.857560108277 0 3.06 120.07 18 0
 -10.77443973499622 -0.1935456287071826  -227.0158763093376 0 3.33 154.1 57 0
-5.856574574663108  3.121505037905814 -225.5064004478076 0 2.7 82.04000000000001 51 0
-7.922987551345924  5.995581609768184 -223.7937748953591 0 2.51 66.04000000000001 1 0
-9.928755579649344  3.824798100590785 -221.8748995517905 0 2.51 66.04000000000001 1 0
-7.110568419318056  2.803275898843426 -219.8006156916658 0 2.51 66.04000000000001 1 0
 -4.75566520135121  6.581070888003927 -219.6356645720132 0 3.33 154.1 57 0
-10.64070693410675  6.041865458200698 -217.7960452248327 0 2.86 98.09999999999999 16 0
-10.50327282101389  4.686623050928903 -213.6685258851833 0 2.35 54.03 20 0
-14.66583855286737  4.226828228346873  -214.899629969539 1 3.03 116.08 53 0
-12.19941799450041  1.576073508706104 -217.0852399670927 0 2.95 108.05 3 0
-8.740143015590206 0.4382163693768018 -213.9671694465231 0 2.95 108.05 3 0
 -12.36809765695473 -0.6722175653409437   -210.644968275628 -1 2.97 110.05 4 0
-14.34558250249293 -3.054604159331557 -213.2970172603401 0 2.51 66.04000000000001 1 0
-17.18286959481582 -5.017079077641061 -212.8616919090854 0 2.78 90.06 9 0
-17.19374583558804 -8.506477862380017 -214.9135195926923 0 2.51 66.04000000000001 5 0
-19.61568112581689 -7.195640202245491 -217.7318316927039 0 2.35 54.03 20 0
  -19.304144464526 -4.176606375663571 -216.8980849256158 0 2.82 94.05 55 0
-20.53865431598316 -1.691776671444028 -220.0400519501396 0 2.95 108.05 3 0
 -16.16411714675803 -0.1594992115112923  -221.7481079688203 0 2.9 102.07 26 0
-17.31223328471622  3.789322181884568 -220.0248294204993 0 2.82 94.05 55 0
-15.07812135528074  6.832570783422533 -221.5338502457454 0 2.86 98.09999999999999 16 0
-15.05239328002256   10.3201201685737  -218.873157221409 0 2.82 94.05 55 0
-16.41947103066173  12.33650359760133 -221.7817729237371 0 2.35 54.03 20 0
-16.48401343058907  11.66011552668721 -225.8088412706475 0 2.95 108.05 3 0
-12.66867853846107  9.353655424860392  -224.844410102352 0 2.51 66.04000000000001 1 0
-14.71359353920248  5.886080572507225 -225.3809641985707 0 2.86 98.09999999999999 16 0
-16.88274408216799  7.167419744021646 -228.5014529205031 0 2.78 90.06 9 0
-16.73416707178957  4.344321734834812 -231.7393998810155 -1 3.08 122.06 19 0
-15.81492977208472  1.612846958025277 -227.3332531114219 0 2.78 90.06 58 0
-19.23031251623816  4.258899552965733 -225.2216543340479 -1 3.08 122.06 19 0
-20.87804271489455  3.077385075618912  -230.985479345782 1 3.03 116.08 53 0
-19.90955633404765  -1.01090843578217 -228.9214313050805 0 2.51 66.04000000000001 1 0
-21.26523511490597 -5.242864473939301 -227.1357955206631 -1 2.97 110.05 4 0
-18.10286620888448 -3.505593807231692 -224.8057484075302 0 2.51 66.04000000000001 1 0
-17.77602394990557 -6.151790689404923 -222.0733545465776 0 2.82 94.05 55 0
-14.92155819212011  -4.49546213426872 -218.5424618866602 0 3.21 138.1 46 0
-13.39558899628211 -10.15089610721158  -219.771066226213 0 2.9 102.07 7 0
-8.632819438725855 -8.903679627523623 -215.6227191780405 0 3.33 154.1 57 0
-10.17639598058414 -5.044214238669499 -214.5632030676189 0 2.7 82.04000000000001 51 0
-5.367020075658793 -4.869601758893337 -215.3294236027384 0 3.21 138.1 46 0
-5.798897950372597 -1.306540685094484  -210.290122627403 -1 3.08 122.06 19 0
-1.245506410719217 -1.739812290807658 -208.6186340024458 -1 2.97 110.05 4 0
-0.3287700823430311  -5.186642048016443  -211.2801991711226 0 2.7 82.04000000000001 51 0
 3.061140980491947 -6.003702519291886 -210.2676295764141 0 2.35 54.03 20 0
 6.385670577890382 -4.658194471054069 -211.4023172254376 0 2.78 90.06 12 0
  4.930234517298791 -0.7508704649116629  -212.3802492277336 0 2.35 54.03 20 0
 1.208066878765991 0.5210667208808086 -211.9201091617159 -1 2.97 110.05 4 0
0.4690668985863655 -3.146697534310485 -214.5953208200069 0 2.78 90.06 58 0
 -2.840094393078107 -0.6076964186800797  -215.3561347900049 0 2.82 94.05 55 0
-5.935200699996285 -2.380093659825445 -217.3396059855367 0 2.35 54.03 20 0
-9.146528604910221 -2.759368518553881 -220.5972857868074 0 3.21 138.1 46 0
-9.457477007129112 -8.160710454234133 -221.1504443639578 0 2.9 102.07 34 0
-12.17488110605809 -6.721283928095968 -223.7563415709815 0 2.51 66.04000000000001 1 0
-15.65642561285877 -9.163986317029432 -225.3027561029216 0 2.9 102.07 34 0
-16.13763830139322 -6.041351746998899 -229.3265294208189 -1 2.97 110.05 4 0
-19.65532906280304 -9.013828396746005 -229.0874242289415 0 2.95 108.05 3 0
-19.77518236181498 -5.140217929039641 -232.3982188699213 0 2.82 94.05 55 0
-15.96386874534892 -5.139964568754646 -233.7400517459844 0 2.95 108.05 3 0
-16.75493116908742 -10.03058206976164 -233.4434261862475 1 3.03 116.08 53 0
-12.60226276476908 -7.765318548310708 -230.9417356922138 0 2.9 102.07 34 0
-10.18020385234508 -10.48042469134324  -227.727595328445 0 2.9 102.07 26 0
-9.153570209652649 -6.015191085084124 -226.4613898847508 0 2.78 90.06 58 0
 -5.03161506957932 -6.375405142655076 -223.7735242486222 0 2.9 102.07 34 0
-5.718785156001497 -2.055454409121873 -222.8809639145076 0 2.7 82.04000000000001 51 0
-1.559962615228556 -2.626827552050289 -221.5163959157271 0 3.21 138.1 46 0
-2.625783162274986  3.071318026990234 -216.9512772348545 1 3.25 144.09 2 0
-0.2143682183066287   4.452699889836685   -219.284491354681 0 2.35 54.03 20 0
 2.031146814851488  7.048026900024839 -218.0051907808059 0 2.7 82.04000000000001 51 0
-2.290917658872162   8.65410974208652 -214.8346344230396 1 3.25 144.09 49 0
 1.860917943388586  6.449295976819638 -211.7433284820344 0 2.7 82.04000000000001 51 0
 5.191421957626773  7.919078752976009 -209.2844643908107 0 2.9 102.07 6 0
 4.775865092981141  3.609982018015298 -209.2344360214359 -1 3.08 122.06 19 0
 3.949116955485751  4.032214941894587 -214.1803168224246 0 2.95 108.05 3 0
 8.413275140081216  8.922703366827818 -214.6022121980041 0 3.48 176.13 11 0
10.23703938952371 5.105961820350711 -211.541264313038 0 2.9 102.07 6 0
 10.08467217710238   2.37991293940023 -214.8324282026021 0 2.35 54.03 20 0
 9.388420155003821  4.653790146563894 -217.8173839111031 0 2.95 108.05 3 0
 13.48126269083344  6.002142614648564 -215.4670769906102 0 2.9 102.07 7 0
  14.4845042731569  1.095884069565029 -215.2005428672979 0 2.95 108.05 3 0
 17.57992074291995  3.921378587435465 -219.1724542004568 0 3.21 138.1 8 0
 18.70439721436191 -1.006120545946473 -218.1919803460682 -1 2.97 110.05 4 0
 19.30165311046713 -2.732345010874684 -222.6394051641167 0 2.9 102.07 34 0
 16.76387366100081 -7.128469385732491 -219.6070425574481 1 3.03 116.08 53 0
 19.33971912872044 -9.410980631136891 -220.7414285380377 -1 3.08 122.06 19 0
 14.81232944967585 -10.51471126128054 -224.2512952621344 0 2.9 102.07 26 0
 17.57823226684814 -14.41124138537629 -225.2686843811313 0 2.95 108.05 3 0
  13.0353863307143 -15.35792944706953 -223.7544484232746 -1 2.97 110.05 4 0
 11.43787207519352  -13.2007188313865 -226.7373320243521 0 2.9 102.07 6 0
 14.67334153011022 -12.66374899398332 -229.3641913308107 0 2.86 98.09999999999999 16 0
 18.29581974967988 -14.57513904527823 -230.2394133804148 0 2.7 82.04000000000001 51 0
 20.01849286455282 -10.84821709777419 -228.9839293489185 0 2.35 54.03 20 0
 16.78493149749253 -9.828824268851342 -228.6034715240901 0 2.86 98.09999999999999 16 0
 19.96862817729975 -5.927481057561468 -224.9583939346905 1 3.25 144.09 49 0
 15.40293845804974 -4.916593730728191 -223.3165540453095 0 2.35 54.03 20 0
  13.11675343794361 -0.8227831827524152  -221.1512671647669 0.5 3.14 130.08 23 0
 14.66118859720311 -3.624189029405805 -217.4397759088535 -1 2.97 110.05 4 0
 10.77995280167188 -2.427856421808329 -217.2337977386771 0 2.35 54.03 20 0
 9.020338711591847 -1.116990756627335 -220.6720821185155 0 3.21 138.1 46 0
  10.6612702480444 -6.455108482023929  -219.772697956309 0 2.82 94.05 55 0
 10.11865765730809 -6.315517116086591 -215.8122788066401 0 2.7 82.04000000000001 51 0
 6.459374593583238 -5.036474751121643 -215.9474605418086 0 2.7 82.04000000000001 51 0
  4.38320388701006 -9.167538598594005 -220.0492674265357 0 3.48 176.13 56 0
 8.428087214325156 -11.63276051221126 -218.5201281890239 1 3.25 144.09 49 0
 5.097677435542193 -9.276242053107854 -213.5428653373636 0 2.7 82.04000000000001 51 0
 1.644108754101837 -9.728981143437315 -215.5126218433678 0 2.78 90.06 58 0
 2.346577003731154 -12.72037755615933 -218.1282777601726 0 2.51 66.04000000000001 1 0
 1.659295769575565 -16.08450993515874  -216.297521944805 -1 2.97 110.05 4 0
-2.321195879696354 -13.62833414385539 -215.1166630483637 0 2.82 94.05 55 0
-2.777294055152027 -11.30277452032314 -218.6314159426651 0 2.9 102.07 34 0
0.2668469840753431 -16.24995173102417 -221.1317461240091 1 3.25 144.09 49 0
-5.126982029324509 -17.66578137386835 -217.8878977868861 0 3.06 120.07 18 0
-7.483329509271346  -14.0551471763978 -218.0517918458085 1 3.03 116.08 53 0
-6.109169364982773 -14.11409629969671 -223.4572807160859 0 2.78 90.06 58 0
-4.900849402545584 -18.50824983140177 -223.7814760688358 -1 3.08 122.06 19 0
-9.630145875315417 -18.49498931318069 -220.8835754392102 -1 2.97 110.05 4 0
 -11.1476777795658 -15.83669490851822 -224.4128543736451 0 2.51 66.04000000000001 1 0
-9.615367588926286 -17.48103611671219 -227.5398063214715 0 2.78 90.06 58 0
-11.52713303286115 -21.07882527336433 -225.5074743874502 1 2.78 90.06 49 0
-14.98662493950433 -18.74621303386175 -225.5554837990568 -1 2.65 78.05 19 0
-15.32820673775186 -15.85364703191205 -227.7884559913679 0.5 3.14 130.08 23 0
-12.74324820115338 -18.92274031857207 -231.4620833252741 0 2.78 90.06 9 0
-14.60975029577944 -16.09595061442636 -233.9513006550961 -1 2.97 110.05 4 0
-14.68886018330263 -12.85447034679867 -231.3569852703028 0 3.33 154.1 57 0
-8.708673600384511 -9.127183643669834 -234.4967131756399 1 3.25 144.09 49 0
-6.384660483082982 -10.96988105353869 -230.5321382541268 0 2.78 90.06 58 0
-6.121246713404359  -6.71277880693976 -230.3306570771214 0 2.78 90.06 58 0
-2.445048994630812 -7.356450096443873 -227.4499046366165 0 3.21 138.1 46 0
-3.739779011510512 -1.524489348766099 -227.3429043899471 0 2.82 94.05 55 0
-1.532674177974169  1.370245424658873 -226.5938751128823 0 2.35 54.03 20 0
-0.5637116820464239    6.26297206826726  -225.0176813756975 0.5 3.14 130.08 23 0
 3.026786696342603  5.391200709514455 -224.1099137260373 0 2.7 82.04000000000001 51 0
 3.917747298994356  2.410156662559026 -220.8654418718052 0 2.9 102.07 34 0
 1.300645465821594 0.6407471820324928 -223.2996855118153 0 2.35 54.03 20 0
  2.645710091377363 0.08584624227182625  -226.0536227132049 0 2.35 54.03 20 0
 5.363727071870505 -1.009096140804835 -224.8467081012578 0 2.51 66.04000000000001 1 0
 3.605406575032148 -3.106550278833249 -222.0513326018205 0 2.9 102.07 34 0
 1.844351449093542 -4.332808289872994 -226.0283547480962 0 2.51 66.04000000000001 1 0
 4.965620980788172 -4.323992003756368 -228.2671802877198 0 2.82 94.05 55 0
 6.540829979050731 -6.951933770845809 -225.2222752485637 0 2.78 90.06 58 0
 3.267379319081121 -9.031167676572773 -225.0541290158864 0 2.51 66.04000000000001 1 0
 3.048042850943644 -9.845613924482068 -228.2047102055394 0 2.35 54.03 20 0
 6.052468471037788 -11.01431017042575 -228.8303848716486 0 2.51 66.04000000000001 1 0
 5.997503590059903 -13.27560491339456 -225.0059311897641 -1 2.97 110.05 4 0
 1.954798269209963 -14.22962537481598 -226.0599011440342 0 2.9 102.07 34 0
 2.957300068094173 -12.47882331756532 -231.8052028186817 1 3.25 144.09 2 0
 2.459547851859807 -18.85394146030294 -231.1713444474042 0 2.35 54.03 20 0
0.3741714320400011 -19.98039395604576 -228.4651049949675 0 2.95 108.05 3 0
-2.782146447366301 -20.26833710366188 -232.2387726021364 0 2.35 54.03 20 0
-3.294805175393874 -16.80142494556979 -229.7302760138969 0 3.33 154.1 57 0
-2.941860164500066 -14.40186465138646 -234.9102541261225 -1 2.97 110.05 4 0
-1.349368690458339 -11.18858919198981 -231.4281390002618 0 2.9 102.07 26 0
-2.881792825901988 -7.746428320399669  -234.290838918801 -1 2.97 110.05 4 0
-0.06694926273694213   -4.536717384615767     -231.99065469908 0 2.78 90.06 58 0
-3.200675407396484 -1.588405036996171 -233.2601206375091 0 3.21 138.1 46 0
 1.215156394730925  1.552978832174273 -231.0044568964679 0 2.7 82.04000000000001 51 0
-1.832043029933191  4.333428793326882 -230.5528091406507 0 3.33 154.1 57 0
  3.35408010707938  6.806207304186943 -228.5565044852274 0 2.35 54.03 20 0
 5.603409114987137  4.536340413119398 -228.4104451825414 0 2.51 66.04000000000001 1 0
 8.429526892848322  3.991724345462518 -226.6471591436679 0 2.78 90.06 48 0
 13.20301625724509  4.163649227690575 -229.4763694840956 1 3.25 144.09 2 0
 11.29713464464194 -1.630490243814767 -226.7219851420148 0 2.78 90.06 58 0
 15.07423189269631 -1.856427394509998 -228.1327316809729 0 2.35 54.03 20 0
 17.93585926812449 -4.364256596846539 -229.4179968173284 0 2.95 108.05 3 0
 18.88645235383769 -3.140517825793172 -235.7434034638474 1 3.25 144.09 49 0
 17.48432106060039 -7.211120285256926 -232.5733428210331 0 2.51 66.04000000000001 5 0
 13.01371503903683 -6.765056524530707 -229.9275465427568 0 3.21 138.1 46 0
 13.74285522873178 -4.253793803659948 -234.1729938870821 0 2.51 66.04000000000001 1 0
  15.9174890765425 -6.552080202195439 -237.1018397818138 -1 3.08 122.06 19 0
 11.60366702841085 -10.48594673745292 -233.6337233677327 0 3.21 138.1 8 0
 9.163668309141084 -6.543357133822065 -233.5845961162961 0 2.9 102.07 34 0
 10.03454899590501 -5.884178037017097 -238.4076807900311 0 2.82 94.05 55 0
 9.884764427013769 -10.18719100326533 -239.1813040916867 0 2.78 90.06 12 0
 6.958125302169881 -11.59567887405395   -235.04242158842 0 3.06 120.07 18 0
 4.879231216950913 -14.25311468352217 -237.7718662788052 0 2.82 94.05 55 0
 1.135095540816224 -13.72762267353429 -235.8751100472056 0 2.35 54.03 20 0
0.8143851974116978 -10.72466803312284 -236.7349293956759 0 2.35 54.03 20 0
0.3635492455728273 -7.004080522647527  -237.419330984459 0 2.82 94.05 55 0
 3.280336667602454 -3.813333015619006 -235.1520836441447 0 2.9 102.07 34 0
-0.6923589767737437   -2.11949297487902  -237.0940690337837 0 3.33 154.1 57 0
 5.827810252471348  2.429390260427795 -235.0608834558928 1 3.25 144.09 2 0
0.7742573986909056  4.856158861964406 -234.4824902182171 0 2.9 102.07 26 0
 3.762230810675874  8.228790337098509 -234.9057275523162 0 2.82 94.05 55 0
 1.492302420043859  13.23158253309827 -233.7016472505551 0.5 3.14 130.08 23 0
 4.142677399564086  14.87440012020275 -235.4135277530601 0 2.82 94.05 55 0
  6.94428082566797   16.4401428451417 -232.8715621795474 0 2.95 108.05 3 0
 5.620349727859045  12.48129076296044 -229.7022648340308 -1 2.97 110.05 4 0
 9.315515381519342   13.3214116816719 -227.1206944489411 0 2.9 102.07 6 0
 7.804269118397221  9.412945149366369 -226.4844577681122 0 2.78 90.06 58 0
 8.581635729918272  8.282652533834938 -230.2083085664894 0 2.78 90.06 48 0
 11.93238636278622  11.94186793245609 -231.0440835875454 1 3.25 144.09 49 0
 12.59245568324188  8.523113986472467 -225.9916525902096 0 2.9 102.07 7 0
 15.16261671749923  5.747966925255568 -225.5418092178232 0 2.78 90.06 48 0
 18.17411846673289  7.785013998190834 -226.6700669233093 0 2.78 90.06 9 0
 19.69564240098129  5.445150495422824 -232.3024203161095 1 3.25 144.09 49 0
22.63936764625172  7.57867681117785 -228.274815424025 -1 3.08 122.06 19 0
 21.15546601328116  5.407811220839424 -224.2035919527013 0 3.21 138.1 8 0
 20.65005670704533  1.156790754834082 -228.0163226618579 0 2.35 54.03 20 0
 17.00843515561169  1.654764796124065 -226.7726786840187 0 3.33 154.1 57 0
 15.92315258400932 0.6209852010316546 -232.1631980946707 0 2.7 82.04000000000001 51 0
 11.68320333690844  2.331531087902203 -233.3275039698595 0.5 3.14 130.08 23 0
 10.02812392918677 -1.113758242376454 -235.5545723572543 0 2.7 82.04000000000001 51 0
 9.466355644667384 -1.533940815166726 -239.6367965078225 0 2.7 82.04000000000001 51 0
   6.539616272612509 -0.09228935114622772   -240.2400947044023 0 2.78 90.06 48 0
 6.628828257451955  5.227560549351804 -238.7627835368762 -1 3.08 122.06 19 0
 1.591489829123783  3.011306988541914 -240.1882054891201 0 3.33 154.1 57 0
 4.387715208023216  11.10353028386858 -239.7579975918315 0 3.48 176.13 11 0
-0.2932592506970551   10.98664754254209  -237.5109146904115 0 2.9 102.07 26 0
0.5228977143791926  14.81683982639994  -241.683513629521 1 3.03 116.08 53 0
-2.188825045860942  15.89390946522406 -238.3300512869819 0 2.7 82.04000000000001 51 0
-2.290057195445369  18.29723820821106 -235.7903859515395 0 2.35 54.03 20 0
-2.368246427746959  19.16850318901833 -232.0673581796499 0 2.82 94.05 55 0
-6.550554736832742  20.01007563975688 -231.3406271188055 0 2.9 102.07 7 0
-6.465534201870861   18.6011149713629 -236.0377009275987 0 2.78 90.06 12 0
-9.079021054923579  16.46629090077398 -237.2411346266807 0 2.78 90.06 9 0
-7.292672982139484  12.46324968417264 -238.4288730656209 0 2.78 90.06 58 0
-7.696238626685812  12.30605180607095 -242.5397673251718 0 2.82 94.05 55 0
-7.785909345817078  7.909023798102663 -246.0584568379968 1 3.25 144.09 49 0
-4.851724409147584  11.61763381991068 -246.9985831509909 0 2.95 108.05 3 0
-3.352481577066209  12.95686916793179 -242.6527826914728 -1 2.97 110.05 4 0
-2.010314242612464  8.315143206162698 -241.9962615847622 0 2.9 102.07 26 0
  2.3518593663482 8.463265489317532 -243.757633554116 0 2.78 90.06 12 0
 3.873217849312371  3.137765758983695 -244.8608379854183 1 3.03 116.08 53 0
 7.497264059747538  5.575576129034964 -242.7760013766008 0 2.9 102.07 26 0
  8.89185742214101   1.10074802315116 -244.8934663232915 -1 3.08 122.06 19 0
 12.61182749563245   1.40823130370652 -241.8045529697546 0 2.35 54.03 20 0
  14.87133377235595 -0.3657872930103441  -239.1102095584336 0 2.9 102.07 6 0
 16.09422892613716  3.419662606508769 -236.9772345188549 -1 2.97 110.05 4 0
13.58070892895938 5.838720399820762 -240.007684260348 0 2.51 66.04000000000001 1 0
 14.36430901088659  9.325723975169442 -241.1374612249727 0 2.82 94.05 55 0
 10.61465769828662  11.48196667056751 -241.7617668307095 0 2.35 54.03 20 0
 9.036341906952503  10.99070354214564 -239.5941227621255 0 2.35 54.03 20 0
 8.785263097558694  11.07064323816826 -235.1255109984366 0 2.95 108.05 3 0
 13.35926227333499  9.959895525028763 -236.5493947999118 0 2.95 108.05 3 0
 12.30869765642776  14.43421590109691 -238.2281229433665 0 3.06 120.07 18 0
 16.03285816884311  16.58888908269639 -237.1019293650728 0 2.78 90.06 9 0
 12.91569866240872   18.1908413394366 -234.8350714969493 0 2.95 108.05 3 0
 12.12729244701262  20.86575929222367 -231.5708517429967 0 2.9 102.07 6 0
 10.66814219925255    18.074169016739 -229.3896579639461 0 2.78 90.06 9 0
 5.624171418850993  18.65358028015835 -228.7320810650941 -1 2.97 110.05 4 0
5.000013410081088 17.30984526331492 -224.872737079407 0 2.9 102.07 6 0
 1.356686740863532  18.38501862636732 -226.6201932409952 0 2.78 90.06 9 0
  1.52144349372041  15.65301990454959 -229.4288988521689 0 2.51 66.04000000000001 1 0
   2.2079311090491  11.74114164357811 -226.2380130428237 0.5 3.14 130.08 23 0
-1.760854334507893  14.31047148294446 -225.3710094095792 0 2.9 102.07 7 0
-4.967250733991703  15.09477988511703 -230.8342348759716 0 3.48 176.13 11 0
 -1.69631898708745  9.873974447688788 -230.9540769616358 0 3.33 154.1 57 0
-6.706860210899896  9.525566798836405 -234.2502879359251 0 3.21 138.1 46 0
-7.385853038732755  12.25155693069117 -229.6504371158669 0 2.35 54.03 20 0
-7.422689051030565  14.11021057525249 -226.0546396031463 0 2.9 102.07 7 0
-4.675637242904823  10.01038247854633 -225.5087815964409 0 2.9 102.07 26 0
-4.400247211639559  10.50051642160003 -221.0882139782849 0 2.35 54.03 20 0
-6.657190325621892  13.20280681425146 -220.6367802339964 0 2.82 94.05 55 0
-9.539233373711781  9.818602987408822 -218.8555392767585 0 2.86 98.09999999999999 16 0
-9.745050178190574   11.7717257612558 -214.9130487072423 0 2.9 102.07 7 0
 -25.7193889257792 -3.506028859469225 -218.0170198367559 0 2.9 108 39 0
-9.784708968037391  9.233507716766415 -214.2896336408436 -1 2 16 14 0
 4.998100600739797 -9.811048543191189  96.16218704450276 1 2 14 44 0
 7.614696417721352 -8.916604361024545   94.8507550241483 -1 3.08 122.06 19 0
 3.379731512141886 -5.962616503996847  94.93096109041082 0 2.78 90.06 58 0
 1.609313936152531 -3.005520361723582   96.5136670090462 0 2.7 82.04000000000001 51 0
-3.070654705748607 -4.507623730925539   97.3588545631489 0 3.06 120.07 18 0
-2.015097785326724  0.126279647837831   96.4404727878298 -1 2.97 110.05 4 0
 0.993799041636573 -1.508996004977732  92.24701032220568 0 2.9 102.07 34 0
-2.834047770465184 -6.166775125616165  92.42070107907989 0 3.21 138.1 46 0
-5.357968489226158 -2.502124296002778  93.14589934185054 0 2.95 108.05 3 0
-2.808845912606154  1.071689270748027  89.99710723914663 0 3.06 120.07 18 0
-0.432498443615798 -3.379605221359253  87.83472705096165 0 3.21 138.1 46 0
-6.629796367148324  -5.13686644725527  87.66995306017282 0 2.95 108.05 3 0
 -7.912197163092878 -0.3177214077169055   86.83604760434247 0 2.9 102.07 34 0
-4.919836214677534   1.00983283745693  84.49603100287925 0 3.21 138.1 46 0
 -6.10447641387845 -4.119091386527203  82.34499917312232 0 2.51 66.04000000000001 1 0
-10.24299704812311  -3.93012279935913  83.54339303568869 0 3.06 120.07 18 0
-9.595334419006942  1.687732622549549  81.77983339411992 0 3.33 154.1 57 0
-6.551025359389816 -2.082620401443757  78.04217417238701 0 2.7 82.04000000000001 51 0
-9.620579687258992 -4.460059790171531  77.41840883580565 0 2.51 66.04000000000001 1 0
-11.88869503904639 -1.852484972516663   76.7301535542675 0 2.51 66.04000000000001 1 0
-10.21095301832652 -1.008742461028527   73.6057943722729 0 2.51 66.04000000000001 1 0
 -8.86324269569533 -5.030694099790132  72.24487743158082 0 3.33 154.1 57 0
-14.75264548724294 -3.518698858742851  73.40136486538123 0 2.86 98.09999999999999 16 0
-16.30070903276357 -1.773304122791044  69.73406579228154 0 2.35 54.03 20 0
 -19.29095349145827 -0.8893065353296865   72.78872917136121 1 3.03 116.08 53 0
-15.69259115643235  1.165295706585616  73.63549959447732 0 2.95 108.05 3 0
-13.91509609297118  2.145950702157625  69.29240241618538 0 2.95 108.05 3 0
-18.4200348582219 4.071827005635086 68.09713415847142 -1 2.97 110.05 4 0
-18.53008653519456  6.409904945004564  71.43492627194539 0 2.51 66.04000000000001 1 0
-20.87764539868473   8.76985539334102  72.44021989812964 0 2.78 90.06 9 0
-19.36215173019998  11.99726875667371  74.35675347141247 0 2.51 66.04000000000001 5 0
-20.40098602211832  10.73803474412863  77.94313075629864 0 2.35 54.03 20 0
-21.01642495756593  7.807445992328129  76.97378123533164 0 2.82 94.05 55 0
-21.06680255633599  5.198306852860703  80.25405638599216 0 2.95 108.05 3 0
-16.72179856042822  2.923981899831118  79.66220226088527 0 2.9 102.07 26 0
-19.17458836260074 -0.634753196168748  78.56663084800093 0 2.82 94.05 55 0
-17.04116741670638 -4.090269707591755  78.76075122707388 0 2.86 98.09999999999999 16 0
-18.82285689452629 -7.254683100363178  76.30005610136527 0 2.82 94.05 55 0
-19.01772137551388  -9.36016398724224  79.45025087024504 0 2.35 54.03 20 0
-17.11259741723452 -9.102728872963779   83.0534683047546 0 2.95 108.05 3 0
-13.84059128358321 -7.241629065442078  80.47724056126506 0 2.51 66.04000000000001 1 0
-14.79909975348153 -3.605555044442712  82.01147334731476 0 2.86 98.09999999999999 16 0
-15.47373284145803 -4.900991537316165  85.74660500552616 0 2.78 90.06 9 0
-13.38604895623504 -2.474682299849923  88.61555211137804 -1 3.08 122.06 19 0
-14.14979556909985 0.5509955657390551  84.37502789968511 0 2.78 90.06 58 0
-18.54144435481987 -1.379305776199495  84.03940803590561 -1 3.08 122.06 19 0
 -17.13619099409511 -0.5917991168630565   89.93328335585528 1 3.03 116.08 53 0
-16.55518334778573  3.521431372416445  87.77546754427615 0 2.51 66.04000000000001 1 0
-17.85038910673246  8.059247528717629  86.95908614185984 -1 2.97 110.05 4 0
-16.45081468973009  6.164523849961931  83.36756562134659 0 2.51 66.04000000000001 1 0
-16.97748587815865  9.012002259827469  80.87966606996983 0 2.82 94.05 55 0
-16.38423069691238  7.362955664519817  76.37552401656214 0 3.21 138.1 46 0
-13.54354629092293  12.60418950694761  76.90652679112048 0 2.9 102.07 7 0
-11.50017679610929  11.16630380200061  70.97311025051536 0 3.33 154.1 57 0
-13.97843997809427  7.679832466188502  70.65154339602518 0 2.7 82.04000000000001 51 0
-9.459382846236156   6.78286161411007  69.06370022021363 0 3.21 138.1 46 0
-12.74475169243708  3.852222095974538   64.7169565431509 -1 3.08 122.06 19 0
-9.466348977188444   3.84159291290106  61.11599338331437 -1 2.97 110.05 4 0
-6.868691903575171  6.839312582030879  63.13362182561864 0 2.7 82.04000000000001 51 0
-4.23893161058354 7.294680022077593 60.67163415148544 0 2.35 54.03 20 0
-1.042095610831546  5.404810927395194   60.0724351790712 0 2.78 90.06 12 0
-2.516276127111101  1.647959177218176  61.50585163952717 0 2.35 54.03 20 0
-6.187945109555645  0.941688955727248  62.81126891825601 -1 2.97 110.05 4 0
-4.991855824951132  4.377916637273422   65.6250000288681 0 2.78 90.06 58 0
-7.954511468180529  2.240845325276216  67.77709453486943 0 2.82 94.05 55 0
-9.448598629793381  4.197117878731537  71.03223420391882 0 2.35 54.03 20 0
-10.69209052721157  4.663851978391024  75.42596168751933 0 3.21 138.1 46 0
-9.80675144944863 9.971258615331159 76.21639039044248 0 2.9 102.07 34 0
-11.22239396168034  8.646987748859006  79.75039618618021 0 2.51 66.04000000000001 1 0
-13.14225027345764  11.36105491980186  82.82079292794003 0 2.9 102.07 34 0
-12.23717736437468  7.930776729135531  86.50687466708399 -1 2.97 110.05 4 0
-14.91956776806234  11.35704122499073  88.03410429798313 0 2.95 108.05 3 0
-14.15194903184082  7.212149482951625  90.89962657946617 0 2.82 94.05 55 0
-10.21043495682696  6.561225322533749  90.29349825237787 0 2.95 108.05 3 0
-10.21943811137025  11.51790327339589  90.54483200869129 1 3.03 116.08 53 0
-8.122781459280823  8.987753287019908   86.3214564681937 0 2.9 102.07 34 0
-7.030814452521291  11.67195719346178  82.42639209571198 0 2.9 102.07 26 0
-7.46248615960187 7.265031729306388 80.69774189660106 0 2.78 90.06 58 0
-5.039264642274261  7.345750316999873  76.40049021558326 0 2.9 102.07 34 0
-6.770580258689744  3.273219634796851  75.81067575599693 0 2.7 82.04000000000001 51 0
-3.672513383770605  3.419796446128032  72.66984546853422 0 3.21 138.1 46 0
-7.650254457767152 -1.579112739521624  68.97747117129563 1 3.25 144.09 2 0
-4.706063505507375 -3.506149043954477  69.86364086707889 0 2.35 54.03 20 0
-3.767644756506541 -6.232473913576285  67.60505879663086 0 2.7 82.04000000000001 51 0
-9.262677869456045 -6.906336166596419  66.79099996601684 1 3.25 144.09 49 0
-6.690256213737949 -4.969900857310698  62.17711005114877 0 2.7 82.04000000000001 51 0
-5.158389435218275 -6.610210815235593  58.40069661611346 0 2.9 102.07 6 0
-4.823743122088098  -2.30260222680898  58.67642313075178 -1 3.08 122.06 19 0
-3.345596584339934 -3.120911530759338  63.41656898489546 0 2.95 108.05 3 0
-0.07401385451161069   -8.583368975857079    61.55058770361274 0 3.48 176.13 11 0
0.7503341940475901 -4.749099659015549  58.10357985257513 0 2.9 102.07 6 0
 2.583626497413201 -2.383569392151225  61.15802315760745 0 2.35 54.03 20 0
 2.966111768374435 -4.840754236502701  64.05305211622147 0 2.95 108.05 3 0
 5.233300377669791 -6.474958237215542  60.01788296044835 0 2.9 102.07 7 0
 6.806392199811312 -1.746773929325003  59.45346973215553 0 2.95 108.05 3 0
 10.85820990538291 -5.358801785424348  61.42251266663836 0 3.21 138.1 8 0
  12.21294607025545 -0.5518817815196821    60.1718192495182 -1 2.97 110.05 4 0
 15.06394817605573 0.6077540825501191  63.86548743659623 0 2.9 102.07 34 0
12.19246936676441 5.595340362529491 62.50900316508713 1 3.03 116.08 53 0
15.34226250799395 7.381416773875253 62.36616328214691 -1 3.08 122.06 19 0
 13.1872408770027 8.712552188038886 67.62150373824605 0 2.9 102.07 26 0
16.71893726228048 12.07589220828829  67.3328680307481 0 2.95 108.05 3 0
12.21815836947245  13.7755907849992 68.15784810805624 -1 2.97 110.05 4 0
11.83277098641539 11.55454144856736 71.47773070000181 0 2.9 102.07 6 0
15.77192747678264 10.31863088853277 72.26039298205322 0 2.86 98.09999999999999 16 0
19.65400598502879 11.62540011382598 71.38655394465167 0 2.7 82.04000000000001 51 0
 19.9580036398103 7.851570121313992 69.36181133626846 0 2.35 54.03 20 0
16.79146472560885 7.320349109938816 70.51535567979494 0 2.86 98.09999999999999 16 0
17.24436180141457 3.426486676973998 65.69086465727551 1 3.25 144.09 49 0
12.33789524250869  3.21328211221096 66.35733576833783 0 2.35 54.03 20 0
  8.664940826984116 -0.2897594810989479   65.40208738121876 0.5 3.14 130.08 23 0
8.777257142520625 2.648866626945261 61.48288036142409 -1 2.97 110.05 4 0
5.096083561979841 2.012081917193246 63.08945943452408 0 2.35 54.03 20 0
4.919733351540673  0.59961757448034 66.91179577487566 0 3.21 138.1 46 0
6.830966054329433 5.733487148196986 65.50196536503933 0 2.82 94.05 55 0
4.516363054366994 6.079631922162638 62.25825903393602 0 2.7 82.04000000000001 51 0
1.171626094401448 5.296155458622636 64.05922414003453 0 2.7 82.04000000000001 51 0
1.933161247602342 9.220399386431801 68.77317862010736 0 3.48 176.13 56 0
5.172804844521581 11.26574522214642 65.59545352191518 1 3.25 144.09 49 0
-0.4116229940607345   9.906694997103955   62.69974942125533 0 2.7 82.04000000000001 51 0
-2.445356453306819  10.61195953073068  66.07296452985301 0 2.78 90.06 58 0
-0.1318571137902211   13.19436241269797   68.13754346419108 0 2.51 66.04000000000001 1 0
-1.009590481169526  16.79191662031474  66.94230421086274 -1 2.97 110.05 4 0
-5.43540272950563 15.02800990370389 67.69884902676478 0 2.82 94.05 55 0
-4.608830112220863  12.43269721688994  70.94705942363953 0 2.9 102.07 34 0
0.02191185704512222   16.64026439548171   71.86663285059439 1 3.25 144.09 49 0
-5.936882295644041  19.09595256365134  71.57873546694469 0 3.06 120.07 18 0
-8.521226387752487  15.83684599572896  72.72560250774899 1 3.03 116.08 53 0
-4.831236855669263  15.14971086998216  76.85148709167993 0 2.78 90.06 58 0
-2.893650493514174   19.2844019846787  76.69717087693442 -1 3.08 122.06 19 0
-8.352656870857288  20.20664013094176  76.36105303859847 -1 2.97 110.05 4 0
-8.501212622799564  17.42434604625269   80.1109880826406 0 2.51 66.04000000000001 1 0
-5.45407554971992 18.51480637696423 82.19797465142284 0 2.78 90.06 58 0
-7.453734958649819  22.52786435538581  81.40675096102757 1 2.78 90.06 49 0
-10.84024179044977   20.6883188633874  83.00647371094885 -1 2.65 78.05 19 0
-10.59684019283113  17.65183500913273   85.0534965434957 0.5 3.14 130.08 23 0
-6.142135994068633  19.94842307468082  87.16966661827132 0 2.78 90.06 9 0
-7.100737124103495  17.15481279706201   90.1609202862563 -1 2.97 110.05 4 0
-8.902311495453274  14.24008462120645  87.81515506769381 0 3.33 154.1 57 0
-2.865998096269045  9.438551819707417  87.66889380766764 1 3.25 144.09 49 0
-2.349839827589238  11.35400485914737  83.13248054194807 0 2.78 90.06 58 0
-2.923993353630518  7.144148460237857  82.70779495746086 0 2.78 90.06 58 0
-0.9308866396223083   7.584047102843199   78.45791356732838 0 3.21 138.1 46 0
-3.084494085681451  2.021445931898716  78.80285445108453 0 2.82 94.05 55 0
-1.986243409720132 -1.049809662520565  77.02154017815059 0 2.35 54.03 20 0
-2.681970177695878 -5.838132494649174  75.03408508578883 0.5 3.14 130.08 23 0
0.1800655888251607  -5.36663805179426  72.57194165480661 0 2.7 82.04000000000001 51 0
-0.03344265165346672   -2.211737874758155    69.37693756678672 0 2.9 102.07 34 0
-0.9040323825399805 -0.3693235388015632   72.80522532444019 0 2.35 54.03 20 0
  1.626420659586081 -0.2886881170843145   74.61949910175059 0 2.35 54.03 20 0
  3.62714326430237 0.5508624738916572  72.30964588710245 0 2.51 66.04000000000001 1 0
1.160382374455513 3.143902213692299 70.72965707893613 0 2.9 102.07 34 0
1.654101193375169 4.176094260089898 75.10144736733005 0 2.51 66.04000000000001 1 0
 5.40377964818676 3.516267575428082 75.61064403371469 0 2.82 94.05 55 0
5.819913760207424 6.210654620086832 72.26013379327844 0 2.78 90.06 58 0
3.233916391705387 8.716482784404926 73.70941252226157 0 2.51 66.04000000000001 1 0
4.624744791934006 9.221684426351322 76.61595009670623 0 2.35 54.03 20 0
7.728851895324259  9.90535255570482 75.79071680285037 0 2.51 66.04000000000001 1 0
6.303445949777235 12.53804534805864  72.5074154811758 -1 2.97 110.05 4 0
3.419089788471336 13.91139985452382   75.363787472143 0 2.9 102.07 34 0
6.638271550394148 11.45535772084997 79.91170291275924 1 3.25 144.09 2 0
6.978533779330313 17.87065164884542 79.77066933444283 0 2.35 54.03 20 0
4.105012612447104 19.54140196421511 78.39484539992321 0 2.95 108.05 3 0
3.131090452835728 19.85721154314695 83.21538073932197 0 2.35 54.03 20 0
0.9529230514797566  16.76959441362585  81.14244532064529 0 3.33 154.1 57 0
3.237405060403524 13.82001530810908 85.47785280792422 -1 2.97 110.05 4 0
2.491653341697413  10.8008733859173 81.56442330802167 0 2.9 102.07 26 0
1.893134576922709 7.317228750243112 84.71050680352741 -1 2.97 110.05 4 0
2.757072142030681 4.014940025281438  81.2659550065616 0 2.78 90.06 58 0
0.1125528718441767  1.398173281821842  83.77262184876182 0 3.21 138.1 46 0
 2.405331112214569 -2.056241634197669  79.61737606070815 0 2.7 82.04000000000001 51 0
-0.9256080215299761  -4.340622625374462   80.56961552109399 0 3.33 154.1 57 0
 2.270102182514511 -7.266398858161097   76.3007739029849 0 2.35 54.03 20 0
 4.545157027428259 -5.316119283693954  75.18111098806961 0 2.51 66.04000000000001 1 0
6.292855414087708 -4.97570253699425 72.31363948898732 0 2.78 90.06 48 0
 11.72794367352948 -6.079246279225353  72.56303244879877 1 3.25 144.09 2 0
 9.769096040799401 0.1724582801072592   71.1954886306159 0 2.78 90.06 58 0
  13.75018956677071 -0.2581113600659717   70.67278303734835 0 2.35 54.03 20 0
17.25626107096043 1.696013598283627 70.53536662908004 0 2.95 108.05 3 0
  20.78450435722469 -0.2938236674858377   75.63477639955869 1 3.25 144.09 49 0
18.78635698716388 4.234846311426397 73.61398043376536 0 2.51 66.04000000000001 5 0
13.59645397400176 4.669682107296432 73.36628390778353 0 3.21 138.1 46 0
15.76158354066669 1.656494431016803 76.69717312981194 0 2.51 66.04000000000001 1 0
19.38756779176831 3.325780780267994 78.32659398139603 -1 3.08 122.06 19 0
14.68908603107982   8.1413532452376 77.40641518341849 0 3.21 138.1 8 0
11.87849228489084 4.588428446805544 78.39500417268746 0 2.9 102.07 34 0
14.74198610542409 3.321534120326332 82.22259844678567 0 2.82 94.05 55 0
15.68557195946687 7.502027167573202 83.10007929284401 0 2.78 90.06 12 0
11.46755125553139 9.712256972493234 80.86343256717583 0 3.06 120.07 18 0
11.35050739460417 12.32697701702077 84.32510468337222 0 2.82 94.05 55 0
7.125033810175265 12.50833345987814 84.39482443850503 0 2.35 54.03 20 0
6.737931115163418  9.50272582339098  85.2172326386862 0 2.35 54.03 20 0
6.036824594860912 5.825546641802984 85.92521069399638 0 2.82 94.05 55 0
7.008003336915613 2.524848985533469 82.46238874447627 0 2.9 102.07 34 0
4.149769472866401 1.187186327225308  85.9928093725139 0 3.33 154.1 57 0
 8.145613739508407 -3.959804723791098  81.00477360902354 1 3.25 144.09 2 0
 3.064914538747193 -5.613237751025244  82.79775879698974 0 2.9 102.07 26 0
 5.302719616464968 -9.381876994559983  81.67021957193086 0 2.82 94.05 55 0
 1.933210940439307 -13.88263569345627  81.52916481177559 0.5 3.14 130.08 23 0
 4.757029997486408 -16.03492234996257  81.74729342630809 0 2.82 94.05 55 0
 5.773208623211059 -17.69020418022881  78.14319241804589 0 2.95 108.05 3 0
  3.82496956889976 -13.28223841844185  76.08310711520474 -1 2.97 110.05 4 0
 5.723951148912962 -14.33821583869885  72.04536781389263 0 2.9 102.07 6 0
 4.766498226175688 -10.21757644353599   72.3068786013304 0 2.78 90.06 58 0
 7.342943269214387 -9.594334981599555  75.26025396430288 0 2.78 90.06 48 0
 10.03875190398946 -13.73688916838387  74.31803974390715 1 3.25 144.09 49 0
 8.867092491936152 -9.932060046322414   69.6488729437487 0 2.9 102.07 7 0
 11.36711524509297 -7.495358470531307  68.12509485046567 0 2.78 90.06 48 0
 14.17227639177838 -10.02407155417006  67.64723493932843 0 2.78 90.06 9 0
 18.47620901909792 -8.506658438688799  71.97008381619892 1 3.25 144.09 49 0
 18.83960514318981 -10.58643134682776   66.9719299636084 -1 3.08 122.06 19 0
 16.03896184606298 -7.825498978241395  64.13941666279229 0 3.21 138.1 8 0
  18.0584735090764 -3.963832588194137  67.86401521356581 0 2.35 54.03 20 0
 14.22682399594857 -3.836874864801403  68.46266348988416 0 3.33 154.1 57 0
 15.92682001714678 -3.231708851096236  73.75870216530811 0 2.7 82.04000000000001 51 0
 12.47564589308322 -4.469286208644543   76.7279688205179 0.5 3.14 130.08 23 0
 12.62950681906612 -1.082881222407948  79.57010324770329 0 2.7 82.04000000000001 51 0
14.08325709040122 -1.01693628544401 83.44811207046374 0 2.7 82.04000000000001 51 0
 11.56540466686666 -2.107536456703317  85.31335775122213 0 2.78 90.06 48 0
10.07602524342217 -7.20899435070695   83.813995781405 -1 3.08 122.06 19 0
  6.70523553744943 -4.496762146355421  87.50180804032266 0 3.33 154.1 57 0
 7.595177308020486 -12.80232308913745  85.57471330040028 0 3.48 176.13 11 0
 2.498807625773258 -11.82583518806462  85.79392202537733 0 2.9 102.07 26 0
4.485985786293535 -16.1429585923207 88.98149720098073 1 3.03 116.08 53 0
0.4005662899080499 -16.49259626875881  87.26500949304489 0 2.7 82.04000000000001 51 0
-1.255140441670123 -18.58402008412364  85.00210899714511 0 2.35 54.03 20 0
-3.17782797889705 -19.0458988015348 81.72856463392841 0 2.82 94.05 55 0
-7.301438044398673 -19.23863329566046  83.02732498878305 0 2.9 102.07 7 0
 -4.83584091866981 -18.34882577438559  87.17268075283346 0 2.78 90.06 12 0
-6.207133435338097 -16.01907946710213  89.52382493999212 0 2.78 90.06 9 0
 -3.43418330024234 -12.43699473667655  89.84865959080821 0 2.78 90.06 58 0
-1.873184413709548 -12.65442802267526  93.67005112506985 0 2.82 94.05 55 0
0.3985322121597215 -8.674152740268033  96.94415929011296 1 3.25 144.09 49 0
 2.770495732697499 -12.82031142440791  96.28824447552935 0 2.95 108.05 3 0
  1.86017633708352 -13.89044868422798  91.71075751608146 -1 2.97 110.05 4 0
 3.505792722990376 -9.427984027491306  90.63539296433419 0 2.9 102.07 26 0
 8.095825278506048 -10.34208438899143   90.1364423774138 0 2.78 90.06 12 0
 10.81978433500461 -5.412374529992427  90.54941549200726 1 3.03 116.08 53 0
 12.61767065059076 -8.084881694175552  86.93714691469671 0 2.9 102.07 26 0
 15.55437506585948 -4.081735547599124  88.27998835368132 -1 3.08 122.06 19 0
 17.33115815071528 -4.563485172847041  83.79835157803987 0 2.35 54.03 20 0
 18.36257639750546 -2.838847063195293  80.41105224005892 0 2.9 102.07 6 0
 17.81793556259446 -6.512248734526229  77.84508798838388 -1 2.97 110.05 4 0
 16.61133014068272 -8.873362718011933   81.6295949750124 0 2.51 66.04000000000001 1 0
 17.23082904063402 -12.53220576104391  82.15752272760744 0 2.82 94.05 55 0
 13.88512907487084 -14.21879100556913  84.40713313150542 0 2.35 54.03 20 0
 11.59510409870162 -13.29795003096054  83.25000802383812 0 2.35 54.03 20 0
 9.311600624653803 -12.87941478090232  79.42269014493041 0 2.95 108.05 3 0
 14.14196821751283 -12.54629884613349  78.56288975322357 0 2.95 108.05 3 0
 13.24796241669631 -16.98897039420913  80.40809439375121 0 3.06 120.07 18 0
 15.62053866159475 -19.49533838775641  77.60286686989642 0 2.78 90.06 9 0
 11.59235904063479 -20.42058137369821  77.02039509038164 0 2.95 108.05 3 0
 8.959082222614844 -22.61227037697462  74.43306953507326 0 2.9 102.07 6 0
 7.151291607449321 -19.43902242968016  73.27458234484956 0 2.78 90.06 9 0
 2.351372724571142 -19.26493909273389  75.04665450293493 -1 2.97 110.05 4 0
0.2599281479605731 -17.45650686691579  71.97335570800595 0 2.9 102.07 6 0
-2.296790356429211 -18.20848504297223   75.1953348090708 0 2.78 90.06 9 0
-0.407232883589253  -15.8295919530072  77.67530038089305 0 2.51 66.04000000000001 1 0
-0.6189861534952158  -11.73546692842853    74.6505508277684 0.5 3.14 130.08 23 0
-4.909439150986597 -13.64502166874524  75.67525702512702 0 2.9 102.07 7 0
-5.330779375708552 -14.55449848879138  81.97908715967685 0 3.48 176.13 11 0
-1.549036125997141 -9.860724298198443  80.69960762662527 0 3.33 154.1 57 0
-4.349954403193939 -9.186962938476475  85.97149727520653 0 3.21 138.1 46 0
-7.509339591967935 -11.30509361112346  82.15279478501569 0 2.35 54.03 20 0
-9.502575892227162 -12.75880215865635  78.94351908404124 0 2.9 102.07 7 0
-6.670867468057085 -9.030391996764612   77.2902707398608 0 2.9 102.07 26 0
 -8.54149338641834 -9.091740706176449  73.24620298235368 0 2.35 54.03 20 0
-11.16971108786389 -11.40516513659602  73.82972430136238 0 2.82 94.05 55 0
-13.93646227676197 -7.498442249322563  73.70959453166944 0 2.86 98.09999999999999 16 0
-16.25206610554875 -8.986604869212702  70.27104368249627 0 2.9 102.07 7 0
-26.21271893652646   7.89138685509719  80.95480294513598 0 2.9 108 39 0
-16.14858090488308 -6.415166795421316  69.81304035069934 -1 2 16 14 0
2
0 271 0 272  4.942712905631197e-13 -3.552713678800501e-15     -227.5085891049006
272 543 1 272 -6.838973831690964e-13  1.955768880179676e-12      77.14843043239372
randomstate
158017701 2449126762 2289625116 2734638123 694571172 1158112205 33166770 2715579201 3461371527 3642184295 1808636311 1565510102 3378232296 2737294703 2567179049 1075089914 4289277881 1321657392 1973630427 3621171163 1980516098 3498830299 3667385049 3996936167 3634778806 1576086034 3388936775 1780935511 4042089384 670411336 2247367858 2170861266 4289746656 2387197719 2436334516 2454803510 1957153147 3175357399 2438972228 2804413402 2780320480 489814814 2714515849 3541539946 3359469231 1977518422 561928363 3474443955 287482227 916369574 3412495619 2263579844 1018737050 2032912192 978976602 3258038462 2107978201 905302777 3044303927 4071854050 1242589711 3548559391 4189490205 965201001 3499395892 2880588149 1995184266 2210258101 3096469936 1791611027 4132383597 3831595488 3440105653 1303746653 3410765519 1581404642 1882680716 3419156146 1019485436 1158514100 2067726321 450353529 655955339 4255159659 579489218 2056772873 916852990 3083531863 5948152 1285051067 299992453 1066695817 2735524936 909349330 2367270182 1927251999 794540351 3674824816 1915353310 545660830 2263345340 3024945275 1598306959 2228533187 3895786896 1866108635 745311037 971494577 880869432 3866426787 4097170711 3344877987 3255486434 193087669 3840464757 3830805735 1517592350 1896843519 232788646 2973807490 1813194558 2021860668 276430908 2941366671 3200117312 404681940 2298164244 1551639269 1611854399 2741900309 4101189009 395314769 1881477744 918203066 403806238 114528043 2336611451 2216921462 2304523138 668678799 823645702 2640021975 3466382001 4117457775 1850859731 2800631422 3010930199 581407809 3847029204 1674095978 3933792237 1723966515 3563064778 3747433733 2491538278 4057613553 1630131456 911858633 3343528293 4205532519 1353195967 1180627127 1876052064 3872858621 3238453630 2457695999 3956608283 403928889 586351871 829596815 3367497208 613727662 1473089427 2891298331 660378009 2098858737 3810413064 312365515 4167811483 3172597837 1177439559 592226583 2977292567 4082574248 3644315900 3556222165 3919813172 2028608499 2847024459 1050968196 2953774371 3093875616 1031350698 2274706272 1948004577 1122142737 1409314665 3870934144 1799092878 2238283807 4270025145 2334357183 296804899 3121318880 2534739080 58324641 4002059270 2427704548 1087310987 1618505210 2575269750 1783027375 254738850 2802593617 3069505793 457743511 2255064972 1338372570 2673575910 570751616 1560413208 2633460977 4177156729 3180575556 3420846810 2361465662 4011729335 2024230790 2133218511 691227811 3297749753 1668419886 2792570989 149717480 2360306749 765540247 2507902419 3689734197 967799053 2090854593 2405333843 2295397236 3984065441 2377808853 2287873723 2461168039 2142625680 3562400135 2726579547 1131347507 684956238 4171768185 2949521849 2918678043 389641172 27380537 779452635 996241557 1322375702 3115942861 4053397599 3097758087 577462711 1463276879 695426380 121756864 264765328 2528733344 1719770092 2923888593 2271219391 3964816459 22038718 2246027976 2474419697 2307487823 2384322841 3290553276 1121451115 1690203465 165888712 3426620325 1923602809 68546535 3380064057 2466790717 1718876063 2158626828 1082281305 2346287724 2838363354 4262397920 4056952170 1747166671 2511746595 169135688 2621596430 1629809010 826107255 632786386 2451428562 2920236097 9655448 1132708742 3633367783 135830964 2356278884 2854990581 3188632560 695130147 173523756 2384167029 1412607841 3028065533 3454187920 3476384054 3529342085 2300301752 3095591613 1112172760 1792358930 3136057182 2846704748 2092734281 2267368991 442447342 2436395287 782773098 357220472 2759550929 1125863250 4149724279 1811974359 2046907603 1166335186 3326599916 3621716532 1451269642 2726108627 1871250887 1972330739 3940807773 3758974616 2948644749 3895202077 1699676003 1085305129 4285243388 2108921123 273044021 3145813224 2995985132 875888586 1890810326 3979157918 2463987930 1828683856 3603908102 436206019 1586341345 3432442219 2808950596 44910222 3093258732 243524354 1813173984 2221085149 969231321 2791340368 666320213 2895418729 1186701257 2960609723 4110549180 733510611 1074067137 3682182926 2810658863 3333002994 3796708347 1632122924 3737165204 2878033505 3423675972 2061860524 3486396246 2496204148 1457249985 2731724014 2494266601 4068925221 369292135 3493672189 1490596884 1518173868 3287752956 2730327769 3244217938 4182731100 1176837787 3768923786 1883093648 3633241033 1654589941 3552071105 3235627051 633306002 3465956121 3194694630 3989461247 3386981875 2350648400 2641795193 1835104083 2809953724 1972597522 2359501807 1255127459 1158032504 1025430716 1403612972 3353736479 3574601211 4291415942 3766191542 3083992395 3307419849 2909893308 2905778801 495841675 1585052613 1580678621 2686381269 3815952447 1146277506 2447607777 2500968466 2435477168 4196359746 1383821875 2871369373 4214854096 2259542658 2554287655 2569842825 93738497 18077191 2442866699 2805825070 2915220898 2077656062 13302772 3758973671 2530008765 280463319 1118252570 1950977661 2853993644 3475127581 3324419400 2255089322 373586056 1919324871 2345510587 914703217 4098596 3442063774 4005568484 759831790 3824057934 1838800044 540560672 4134463390 884539358 3045056841 2732180988 2135889728 2878686078 1159159345 3197645234 3536609296 928801681 4180014635 2676416970 1922414732 2052528591 613529601 3907631982 422232982 158279688 3631312237 3522542579 3925094108 1827880697 185985871 1275622277 2224623694 3510297379 1860139360 1531566735 3591926142 1648809931 4215314172 1284722195 953028669 3877344794 1620681322 226380587 234842982 603631636 3407703633 2276868362 1172730835 433596772 2630897631 1582735 3609133130 2733946499 303782479 867735871 1859852093 3965658114 3505698327 4012692067 1058638602 1679505255 1902439302 2915685055 2253401969 3751002827 223029125 478708034 2780683659 987567186 3364462972 2753272446 2268938981 1229375435 563534378 1319614958 2719442555 2042079755 3823373203 2576719596 1348838738 3781944070 813046607 1402260588 2072976387 98555902 3580111213 1401135649 3614838123 1562739912 3824708008 1489466708 2072256235 4024806038 615031417 3648758621 2339403647 3435809799 1776272337 575907369 3573648839 3999461858 728492332 497626529 295467468 1322623672 3553696382 4246590687 4096136064 4143143131 1145840069 4179771271 210911231 3701482135 3517846373 170470693 4059862674 2268152921 3950322664 2199733023 1568267379 1440159155 3776089910 2905214825 1498772813 1349237042 298229635 3728355241 1056042497 1444433332 3618227508 1982876749 2763189780 3939670635 2933478855 1309880501 623186661 1549285163 4171647358 509847531 1439074339 2579621707 2567601839 1559001436 2668768776 2794418029 4135709242 1354504551 783204707 4194848897 350695321 3962323968 618254388 603101486 579500555 3727275815 1876304830 346533367 3360781652 1056987732 428