0.5 0
1 0
1.5 0
2 0
2.5 0
3 0
3.5 0
4 0
4.5 0
5 0
5.5 0
6 0
6.5 0
7 0
7.5 0
8 0
8.5 0
9 0
9.5 0
10 0
10.5 0
11 0
11.5 0
12 0
12.5 0
13 0
13.5 0
14 0
14.5 0
15 0
15.5 0
16 0
16.5 0
17 0
17.5 0
18 0
18.5 0
19 0
19.5 0
20 0
20.5 0
21 0
21.5 0
22 0
22.5 0
23 0
23.5 0
24 0
24.5 0
25 0
25.5 0
26 0
26.5 0
27 0
27.5 0
28 0
28.5 0
29 0
29.5 0
30 0
30.5 0
31 0
31.5 0
32 0
32.5 0
33 0
33.5 0
34 0
34.5 0.7722351723439126
35 8.301511336844426
35.5 68.07706733638352
36 98.91396359500185
36.5 63.69331187976638
37 41.46994869683475
37.5 29.84400420904405
38 22.71202093152425
38.5 15.99083239074292
39 13.05048760740523
39.5 10.54124033007598
40 9.435984701026172
40.5 7.952536990787237
41 6.875585354518766
41.5 5.643520483774923
42 5.909061889073289
42.5 5.261969416438999
43 4.072055876606121
43.5 3.834293082931766
44 3.121354079365699
44.5 2.78496022385762
45 2.887593603896194
45.5 2.201015181480145
46 2.199637951011517
46.5 2.04405437143056
47 1.77946828439123
47.5 1.612187818538251
48 1.790976514749318
48.5 1.488193708467802
49 1.392816364403843
49.5 1.372802177700172
50 1.126451230630275
50.5 1.234619210340722
51 1.203010840521033
51.5 1.246126572148624
52 1.027002657774869
52.5 1.128154104750653
53 0.9677272522942634
53.5 1.05904409863363
54 0.952337169623884
54.5 1.092961826799942
55 1.027925537593053
55.5 0.8253673717745655
56 0.9229444695409968
56.5 0.9128076752938481
57 0.9811328196749359
57.5 1.005548777605265
58 1.069674754941881
58.5 1.000037364552124
59 0.955069131271878
59.5 0.9777531984438803
60 1.026713361251552
60.5 0.9777554622357127
61 1.014349336310258
61.5 1.080652257262209
62 0.8699667250087481
62.5 1.121444780716362
63 0.9115500933738241
63.5 0.999101659148448
64 1.088591175434124
64.5 1.029472135038084
65 0.9442638521062459
65.5 0.9481360188925515
66 1.010146951251035
66.5 0.9861693096720152
67 0.9932879159229604
67.5 1.094517085088858
68 1.006581726717208
68.5 1.04195455145293
69 0.895464189207303
69.5 0.9312110852503721
70 0.8501066897826263
70.5 0.9994139176017084
71 1.012543570480744
71.5 1.006082454642451
72 1.029882229650477
72.5 1.038049588274034
73 1.038557689673536
73.5 0.9665548259800548
74 1.035677327082508
74.5 0.9090694660357228
75 1.001289982782466
75.5 0.9674869493959127
76 1.036058199917474
76.5 0.9189666142869003
77 0.9433535610050485
77.5 0.9735487280565732
78 1.118613223491876
78.5 1.025069045773715
79 0.9149947016593899
79.5 0.9839720742752223
80 1.017546277668949
80.5 1.023052327755657
81 1.025364589516795
81.5 1.009877771364142
82 0.9248883852525243
82.5 0.9826709541770072
83 0.9595120339617323
83.5 1.074275653611428
84 1.089240770359194
84.5 0.9969603265073487
85 0.941957488127969
85.5 0.9202718199541322
86 1.007437200640865
86.5 0.9226402588266465
87 1.049004711368125
87.5 0.9961813604213311
88 0.9596396036884833
88.5 0.966305238698606
89 0.9209132655132025
89.5 1.020516712969006
90 0.9971372561949231
90.5 1.007639544576155
91 1.046190692484661
91.5 0.9647122070147066
92 0.9935339484610843
92.5 1.078818644707186
93 1.06951074965338
93.5 1.00217762582248
94 1.000397592717458
94.5 1.077435786041854
95 1.042288092361423
95.5 1.057134110718071
96 0.9782466508287152
96.5 0.9933365699752562
97 0.9623375517047379
97.5 1.0450676184531
98 1.036467148364848
98.5 1.040080971705485
99 1.017629521260302
99.5 0.9777975569535033
100 0.954354514839538
100.5 1.024267655990733
101 0.9144617443051622
101.5 0.9529311925125541
102 0.973686899046711
102.5 0.9381509356825605
103 0.989896404206821
103.5 0.9255868377739093
104 1.016154038150487
104.5 0.9867540744852219
105 0.9791526192175478
105.5 1.068288542085019
106 1.075639284024919
106.5 1.003491456823828
107 0.9958430798442034
107.5 1.001831513330212
108 1.042876266736014
108.5 1.049898976403921
109 1.064979370390907
109.5 1.014500012527584
110 0.9665086029569905
110.5 1.049075281785723
111 0.9094913538977424
111.5 0.9627013875562883
112 0.9525659981242384
112.5 1.005925584554607
113 0.940375692332924
113.5 0.9442534320641864
114 0.9901616493038463
114.5 1.041200480036734
115 1.072092446711496
115.5 1.017385192443673
116 1.052234405676524
116.5 1.025930764837714
117 0.9814652420675849
117.5 1.113362843010155
118 1.011249668405518
118.5 1.012482721623099
119 1.042660543538319
119.5 1.032584129274341
120 0.9751060758976382
120.5 1.016863756274591
121 1.076599593663913
121.5 0.9405799206161819
122 0.9801873120303785
122.5 0.9943568524352115
123 0.97206997303969
123.5 1.016785121286531
124 1.04803008977662
124.5 0.9929467070715101
125 0.9887738579976854
125.5 0.9908441511102106
126 1.022414293919289
126.5 0.9789068678437253
127 0.9894016430402107
127.5 1.021356203602357
128 1.064718561937761
128.5 0.9924935057349784
129 0.9918658470001632
129.5 1.020371750820205
130 0.9442638521062459
130.5 1.005942120589466
131 0.9549735382595651
131.5 1.026890776990143
132 1.009024565749645
132.5 0.9746893188575315
133 0.9729024579723917
133.5 0.9755041918870859
134 1.004179230790537
134.5 0.9967270915589823
135 0.9432161939148104
135.5 1.03958771241082
136 1.058391080298241
136.5 1.016014637898321
137 0.9679757782997719
137.5 0.997152420870142
138 1.065930995868326
138.5 0.9868831204358717
139 0.97068633777729
139.5 1.019012356258893
140 0.9798178044208206
140.5 1.061027726068903
141 1.054499724083692
141.5 0.9855262510959569
142 1.023212133004967
142.5 1.046862699373404
143 1.020427736790395
143.5 0.9952848443020362
144 0.9742384095503136
144.5 1.020894147535582
145 1.025957612783387
145.5 1.110371717925697
146 0.9798406471478233
146.5 1.006878202365695
147 1.027190756074309
147.5 1.009451891217241
148 1.004428442213639
148.5 0.9719581309815174
149 0.9777782047477251
149.5 0.9764988129198361
150 0.9960749307888074
150.5 1.010189318977823
151 1.005225802031924
151.5 1.054836840857015
152 1.019129144363268
152.5 1.011616374367867
153 1.034255153170166
153.5 0.9669389976465044
154 0.9722149024693637
154.5 1.016727860641974
155 1.002038866419433
155.5 1.045749458928362
156 0.9586965342139429
156.5 0.9797286074501932
157 1.056804929543799
157.5 1.02014773693036
158 1.062271246104566
158.5 0.997974403547218
159 1.07679962845213
159.5 1.011636347469289
160 0.9915728741849068
160.5 0.9747760735810613
161 0.9423247473206601
161.5 0.9634917154172954
162 0.9903412350783583
162.5 0.9761096133929663
163 0.978963145710138
163.5 1.008831565700884
164 1.010687779481925
164.5 1.001662317866279
165 0.9805159740143383
165.5 1.006016044815
166 0.985770869210685
166.5 0.9445871032531139
167 1.00625689486449
167.5 0.9744677238317887
168 0.9929274961353218
168.5 1.019416867800392
169 0.9586156985647583
169.5 1.001978298309131
170 1.043461527796931
170.5 1.025241342739032
171 0.9918336547906816
171.5 1.009995492316237
172 1.084779820375104
172.5 1.012778213261251
173 1.018040738846965
173.5 1.018678195906054
174 0.9760136199982985
174.5 1.008320739982938
175 1.014061538685304
175.5 0.9911481435338831
176 1.044239410855758
176.5 1.021381632989913
177 1.025606916784115
177.5 1.034734180531127
178 1.006091570232252
178.5 1.021945433401796
179 0.982674586052691
179.5 0.9869190813644769
180 1.009812729790621
180.5 0.9898198376558451
181 0.990925144547641
181.5 0.9771618037886965
182 0.9759329653934226
182.5 1.025786732924193
183 0.9629603083336871
183.5 1.012894595357535
184 0.9906457683783487
184.5 1.045607181402031
185 0.9891075603750735
185.5 0.9707109951070925
186 0.9818922685771247
186.5 0.9451482869862039
187 0.9680633204791927
187.5 0.9990648939318385
188 0.9909911994231013
188.5 1.042981044823702
189 0.97888983000144
189.5 0.9671958919185134
190 0.9891985741434293
190.5 1.033590605311069
191 1.023897642734034
191.5 1.030289979318344
192 0.9612705701201909
192.5 1.008530716129034
193 1.002786917892568
193.5 0.996044323448821
194 1.020535071030295
194.5 1.008574464842429
195 0.9864368563942153
195.5 1.065312718794098
196 1.013558984476627
196.5 0.9643434722069539
197 1.032522243713439
197.5 0.9761614707566203
198 1.033093499279454
198.5 1.0015901620342
199 1.018786040401554
199.5 0.9945225125940005
200 0.9685329374472975
200.5 0.9768432164538741
201 1.018943013166585
201.5 1.011002543087781
202 1.004086663689368
202.5 0.9709964205842769
203 1.041200715324972
203.5 0.9836720990882251
204 1.005641874498051
204.5 1.032061598448542
205 0.9688642103626444
205.5 0.9743432783364286
206 0.9977307798453292
206.5 0.983732670625776
207 0.9762476558177476
207.5 1.042404789558427
208 1.002593263620009
208.5 1.018034147788209
209 1.014959839772231
209.5 0.9900700209536499
210 0.98447410084373
210.5 0.984657697529283
211 1.028754837813781
211.5 0.9893585719740448
212 1.012545555795302
212.5 1.044165289138636
213 1.014698835637153
213.5 1.003087130503704
214 0.9864483338079374
214.5 1.019258861948711
215 1.009023715917465
215.5 0.979922534001519
216 0.9950917432601676
216.5 0.9496123775981913
217 0.9701598136390667
217.5 1.026474363872731
218 1.025063219336843
218.5 1.010955834744091
219 0.9794328899080617
219.5 0.9847175037968839
220 1.003682010763028
220.5 0.9918952146761612
221 1.01343875503804
221.5 0.986546709866437
222 1.024169801226035
222.5 0.9958701736659661
223 1.02640956761516
223.5 0.9955915814508369
224 1.027399333492427
224.5 0.9917862185052342
225 1.011333786622105
225.5 0.9976237731046512
226 0.9909170569045631
226.5 1.007894205753662
227 0.9951095252702158
227.5 1.047796583389604
228 1.003328692512674
228.5 0.9974443348385479
229 1.012485423817956
229.5 1.00510813126248
230 1.029948122944216
230.5 1.012601674744262
231 1.015919219543898
231.5 0.9951145072310279
232 0.9842897116635719
232.5 0.9851256731691003
233 0.9971124849265427
233.5 1.004683452689358
234 0.9975372711407439
234.5 1.012136558795828
235 1.018103744800953
235.5 0.9824019131494909
236 1.003875972906727
236.5 1.046488203385821
237 1.022927866619211
237.5 1.016891800381224
238 1.005718597128186
238.5 1.03210488014473
239 1.010672529714143
239.5 0.9860005643494992
240 1.006681586015493
240.5 1.010952934658787
241 1.001711812886394
241.5 0.9858321349071227
242 1.009479085498142
242.5 1.016294966050861
243 1.008473893759251
243.5 1.039958358976456
244 0.9860999700788189
244.5 0.978145298470614
245 0.9901213874674338
245.5 0.9925819982870009
246 1.001477675016622
246.5 1.007718266202205
247 1.008771367178031
247.5 1.024493532148803
248 0.9841180606367232
248.5 0.9722445105562232
249 0.9989397145157154
249.5 1.010647884763513
250 0.9850190205622512
250.5 0.9714294204545458
251 1.001398255476673
251.5 1.006077601233474
252 1.007324444400601
252.5 0.9972042367248914
253 1.007931884212375
253.5 1.02465366891033
254 1.012136055793892
254.5 1.005143647366446
255 0.9729350172713854
255.5 0.9948943787137267
256 0.9892214217555151
256.5 1.00141981958187
257 0.9646610506218853
257.5 0.9724211380766893
258 1.004793008513198
258.5 0.988617879967695
259 1.031450072686253
259.5 1.00250367436877
260 1.013695017702293
260.5 0.9985681137720898
261 0.9907266718476734
261.5 0.9886575870608628
262 0.9911554115766785
262.5 0.9899374886466106
263 1.00653391136699
263.5 0.9852546118960239
264 1.005938005620822
264.5 1.005772406823013
265 0.9958540012098664
265.5 1.008197886141468
266 1.02265315184598
266.5 0.9797187673636207
267 0.9820880222035343
267.5 0.9740472690400662
268 1.016704242888249
268.5 1.00939465416206
269 1.000781024957406
269.5 0.9946476535900238
270 1.026378031262248
270.5 0.9977307593759679
271 0.9996445369851995
271.5 0.9994149985303786
272 1.023763400098673
272.5 0.9970972231962841
273 0.9824273771413522
273.5 1.008642984913648
274 0.9812606988307968
274.5 0.9872922344589571
275 1.022753585202648
275.5 0.9976588344297154
276 1.0038030331997
276.5 1.000943323341681
277 0.9904513961812492
277.5 1.003646724077872
278 1.004341521021393
278.5 1.006537695142552
279 1.010219103677764
279.5 1.003103228928654
280 1.027711139056461
280.5 1.014356867802962
281 1.010254924051134
281.5 0.9921084876363881
282 0.995725135917647
282.5 0.9963693980522914
283 0.9750263430689188
283.5 0.9830263269216548
284 0.999935269315754
284.5 1.001497579096087
285 1.023989664313497
285.5 1.016327405685397
286 0.9651984005208117
286.5 1.015677871082068
287 1.017602777356519
287.5 0.9946651908358901
288 0.9947511737397807
288.5 0.9927159247110307
289 0.9796837415800176
289.5 1.019004181602524
290 0.9782873247914117
290.5 0.9821065088587904
291 1.008526059105973
291.5 1.020259209089832
292 1.008969804963313
292.5 0.9826652869050473
293 0.9822757485522351
293.5 1.025926010146454
294 1.029000783838317
294.5 0.9973239570947996
295 0.9937213408198221
295.5 0.9885696402041366
296 1.001749966367736
296.5 1.002378406454703
297 1.016964403926145
297.5 0.9722291690741408
298 1.001782219233649
298.5 1.005671920529956
299 1.000780033402386
299.5 0.9930809208077155
300 1.004114802612365
300.5 1.002075530299973
301 1.014290514930938
301.5 1.020395188482262
302 0.9717754553772776
302.5 0.9950665425507057
303 0.9988146096079444
303.5 1.007840371960478
304 0.9914078158932533
304.5 0.9959586301558832
305 1.001735665806917
305.5 1.013336703855397
306 1.001882465621423
306.5 1.039210507745881
307 0.9899712355732774
307.5 0.9844793769508351
308 1.019423811007422
308.5 0.9885870805890858
309 0.996450653107011
309.5 1.004870768924343
310 0.9882007992146153
310.5 0.9973943636498602
311 1.004703994859828
311.5 1.00269048441827
312 1.016555838877316
312.5 0.9744554112438961
313 1.026439384578014
313.5 1.0146116204477
314 0.9911513199944373
314.5 0.9895840633906122
315 0.9931461449752864
315.5 1.021828560017887
316 1.011547010717198
316.5 0.9831690602960814
317 1.000115144272456
317.5 0.9826116317644443
318 0.9886134519840677
318.5 1.005561459805591
319 0.9891512690775894
319.5 1.026097793575491
320 1.007806251362433
320.5 0.9787717964349507
321 0.9878717801770686
321.5 1.03115620180868
322 1.023052327755657
322.5 1.000139230368506
323 1.005855358935643
323.5 0.9943392876738611
324 1.010833623313614
324.5 0.9945347978533604
325 0.996846388184319
325.5 1.001169488047621
326 1.022574849757751
326.5 0.9921109022689295
327 1.007551322597202
327.5 0.9982778275839844
328 0.9748774390938065
328.5 0.9923905088604948
329 1.005817843355263
329.5 0.9952022629920786
330 0.9991924687574685
330.5 0.9832806920189275
331 0.9851317514787051
331.5 0.9880349388421265
332 1.017529865896918
332.5 1.023139603074966
333 0.9980243497590312
333.5 1.018595521554749
334 0.9932842450003834
334.5 0.9873457041222718
335 0.993636437998723
335.5 0.9951942788310119
336 1.00488004275663
336.5 1.014503887278726
337 0.9977198196005859
337.5 1.00420869500937
338 0.9983297775052983
338.5 1.006817974989338
339 1.010657118488099
339.5 1.017523391823214
340 0.9734237404253472
340.5 1.000085494588882
341 1.006404887623092
341.5 1.015198368116171
342 1.024270561235286
342.5 1.025950129542613
343 1.006504724485651
343.5 0.9904829781438269
344 0.9930594059466792
344.5 1.010282369216488
345 1.007027525807626
345.5 1.015419218461985
346 1.008239319666796
346.5 0.9879028485704253
347 0.9832713325917178
347.5 0.9961529365869631
348 0.9876405195085363
348.5 0.9959190725402038
349 1.008160179355553
349.5 0.9916690320544325
350 0.9832501600697081
350.5 1.003051762574048
351 0.9919418239819404
351.5 1.000834882283725
352 0.9929428859875411
352.5 1.001774737879508
353 1.00082216865038
353.5 1.010043400119029
354 1.014838980500167
354.5 1.009021540307358
355 1.015802331397234
355.5 0.9929851176303578
356 1.006400187278335
356.5 1.020967151161617
357 0.9826634467725376
357.5 0.9907808203513112
358 0.985726370481426
358.5 1.000781877134887
359 1.002396594633108
359.5 1.005814285850845
360 0.9948737787671198
360.5 0.999940957846589
361 1.001374738732179
361.5 0.9983073021497862
362 0.9801801731007389
362.5 0.9938487670959139
363 0.9930421672463805
363.5 1.014141218189047
364 1.003386615055125
364.5 1.003579639868721
365 1.011107472292765
365.5 0.9890193502844903
366 0.9869029236409528
366.5 1.009545250061771
367 1.002585605066482
367.5 1.002031370154604
368 1.004364623771343
368.5 1.016762749951588
369 0.9947630959327561
369.5 1.013701806718359
370 1.024249163473321
370.5 1.015645387368878
371 1.032232930247808
371.5 0.9964399614728354
372 0.9759568230848624
372.5 1.007305344768575
373 0.9895663206994163
373.5 1.003460755219239
374 0.9926703603989412
374.5 0.9999216894406527
375 1.004488548005243
375.5 1.012633699382679
376 0.9763282922289571
376.5 1.018160656529289
377 1.012709827163911
377.5 0.9961684773992808
378 0.967666540563504
378.5 0.9958259492750198
379 1.001505205652109
379.5 1.001991091388382
380 1.004367007919999
380.5 1.002944835006389
381 0.9988322142565523
381.5 0.9962157590232072
382 1.020681210348482
382.5 0.9960929759514152
383 0.9974934815294833
383.5 0.9962238679413727
384 1.008750545851845
384.5 1.002821690065622
385 1.001406087836128
385.5 1.004468699187893
386 0.9912364926602979
386.5 1.002026879686095
387 1.004009544179075
387.5 1.012620917811352
388 1.001049294470398
388.5 1.025295449427337
389 0.9928074114453537
389.5 0.9814944741633437
390 1.007009053607859
390.5 0.9808344545184423
391 1.010179459692242
391.5 0.9894826414474011
392 1.003377578304084
392.5 1.013136353476163
393 1.010306796840768
393.5 1.000289289335842
394 1.005184844142208
394.5 1.02324664672427
395 1.021785864099636
395.5 1.001700464930052
396 0.9908169787270957
396.5 0.9924246871365525
397 1.004816294865331
397.5 1.001918734749424
398 1.004711681627223
398.5 1.025344167806237
399 1.00213866819934
399.5 1.01225274990831
400 1.01229048308159
400.5 0.9913541537600169
401 1.007734423747112
401.5 1.000737363211984
402 0.9880842877084518
402.5 0.9911837950680468
403 1.010400469157881
403.5 1.000210471367998
404 1.003607386045603
404.5 0.9897730925608423
405 0.9912652554933299
405.5 0.9954825492934649
406 1.000862492534351
406.5 1.007751522219733
407 0.9882764212034963
407.5 0.9966875310851004
408 1.018682324038855
408.5 0.9963843310545809
409 1.010550572835206
409.5 0.9778791022471792
410 0.9956219875460507
410.5 1.011766864642871
411 0.9999290512109951
411.5 1.013669384043992
412 0.9964634543743941
412.5 0.9816365636989262
413 1.010447089303609
413.5 0.9957665778931537
414 0.9935909989318544
414.5 0.9939271814827895
415 1.001866825520043
415.5 0.9892619709327901
416 0.9963779086268728
416.5 0.9840663748664398
417 0.9866563829591199
417.5 1.001236128754922
418 1.012161648771536
418.5 0.9977968897139456
419 1.015467856774693
419.5 0.9933788686084429
420 0.9994407679173679
420.5 0.9721802301544884
421 1.024931124198735
421.5 0.9880469830059627
422 0.9961395317900091
422.5 0.9865524989229312
423 0.9944955420229599
423.5 1.0179909663692
424 1.001014633049889
424.5 0.9922548743277539
425 0.9952268081462402
425.5 1.005095107594314
426 1.025798451192657
426.5 1.004795348863208
427 0.9903232972562767
427.5 0.9971038160851864
428 0.9985120417863245
428.5 0.9919227723833091
429 1.002788352815886
429.5 1.01190445233321
430 0.9931585631514669
430.5 0.9984505085650832
431 0.9918188862084563
431.5 0.9794384535513797
432 0.9874420278791659
432.5 0.9933150253951236
433 1.004477943351338
433.5 0.9963344106529731
434 0.9927941072363823
434.5 1.012160447176939
435 1.005184218991762
435.5 1.012673167474244
436 1.015598564963199
436.5 0.9872023648557362
437 0.9987694749046916
437.5 1.00333343172692
438 1.003490567054013
438.5 0.9978470798094718
439 1.016885212855376
439.5 0.9868317585176907
440 1.013177392104788
440.5 0.9946521686625099
441 0.9930013427541657
441.5 0.9746004188798431
442 1.003528597318881
442.5 0.9885777005311424
443 0.9961132234166571
443.5 1.011765252967593
444 1.013257492224208
444.5 0.9988047198798283
445 0.9962652034849528
445.5 1.014624176268926
446 0.9940639021223071
446.5 1.007632100840216
447 1.000778993347897
447.5 0.9980555795735155
448 0.9908596189571788
448.5 1.012762657724605
449 1.015358602219707
449.5 1.005357795736445
450 1.014520762840452
450.5 0.9922269813421651
451 0.9693564842368055
451.5 1.005296664156563
452 0.984982275458651
452.5 1.015184902303313
453 1.009800208412046
453.5 0.9998724555670948
454 1.005072006215427
454.5 0.9912171714030643
455 0.9948966476973771
455.5 1.000065698772267
456 1.008313358870302
456.5 0.9932490945719571
457 0.9995043963637495
457.5 1.01096233219362
458 1.005586351869288
458.5 1.001068651815419
459 0.9935050174457265
459.5 1.009498159615811
460 1.007951743434101
460.5 1.009360737171291
461 1.007080400618067
461.5 0.9904833475958001
462 1.007764745288901
462.5 0.9965358667210448
463 1.0064267733565
463.5 0.9963368640636046
464 0.9868330959314365
464.5 1.002747034135909
465 1.011897358741819
465.5 1.004129197347016
466 0.9984633417973787
466.5 1.006119355689777
467 0.9942815176204569
467.5 1.005667351483827
468 1.002001723661066
468.5 1.007704794502078
469 1.008135667619983
469.5 1.000222794566103
470 1.002256738686225
470.5 1.002866299198062
471 1.007173533536695
471.5 1.01137228331593
472 0.997292316211379
472.5 1.006132312071279
473 1.004268540653166
473.5 1.00162535238578
474 1.004039562751243
474.5 1.012434685916719
475 1.000683245431403
475.5 1.006537366448169
476 1.004941780498067
476.5 0.9948236120775792
477 0.9960912271816519
477.5 1.003784218883049
478 0.9944956066013404
478.5 0.9951515606522024
479 1.008332181557277
479.5 0.9941522283577017
480 0.9858010067440085
480.5 0.982649309194393
481 1.007825404676983
481.5 1.002106243868381
482 1.00297447483541
482.5 1.002576910161073
483 0.9973167439617379
483.5 1.016085445048198
484 0.9976244683842868
484.5 0.998399024432414
485 0.9911037541142272
485.5 1.003167983604771
486 0.9746097047159398
486.5 0.9962388691094708
487 1.002192665318732
487.5 1.007543930735414
488 1.007122754251052
488.5 0.9894092696938681
489 0.9945840279850451
489.5 0.9874929297360453
490 0.9958229749240577
490.5 1.006799433790278
491 1.011077315025268
491.5 1.007321183782931
492 1.012869120013181
492.5 0.9893669460308533
493 0.9874415971601296
493.5 0.9965231172615459
494 0.9788800643533242
494.5 1.007612147189954
495 0.9920890156286712
495.5 0.9810870295712971
496 0.9996191124803552
496.5 1.011331325550163
497 0.9959172392741639
497.5 0.9864890907930899
498 0.9938929714048056
498.5 0.9912706260022499
499 0.9983171637573059
499.5 0.9983574752414665
500 0.9921375665335953
500.5 1.01482624566596
501 0.9825710957132081
501.5 0.9970976161448638
502 0.9934826772018263
502.5 1.005292565199222
503 0.9889953063754074
503.5 1.001534738957446
504 0.9998565086694133
504.5 0.9954936831623685
505 1.017832346512572
505.5 1.011074792831154
506 1.000522866876167
506.5 0.9927549279906666
507 1.012328609928783
507.5 0.9828479168033866
508 1.017137626599702
508.5 1.00954154029516
509 0.996010095148712
509.5 0.9989530053023091
510 0.9992508794077829
510.5 1.006824644256871
511 0.9821623669415697
511.5 1.00543316573219
512 0.9971292249761852
512.5 1.00285356767527
513 0.9947317976345295
513.5 0.9916830798320256
514 0.9990074845912341
514.5 0.9952936341514408
515 0.9936569045133048
515.5 0.9874619245331504
516 1.002516065292153
516.5 1.004681253012994
517 1.009909162018509
517.5 0.9867084301381509
518 0.9993083625354161
518.5 1.008511694684577
519 0.9972762508060131
519.5 1.023763149115346
520 1.02049348600024
520.5 0.9900928383678741
521 1.010239689127867
521.5 1.004060825364404
522 1.012114425267741
522.5 1.007456210784766
523 0.998095163101652
523.5 1.003396880743107
524 1.022494042008824
524.5 0.9896931280830731
525 1.00646955823195
525.5 1.005971571226916
526 0.9898525909257957
526.5 1.011325264257827
527 0.998774400738508
527.5 0.9929460870116548
528 1.012040976784631
528.5 0.9843609076246301
529 0.9989237620294713
529.5 1.013499633090448
530 0.9998223791509292
530.5 1.005026516129913
531 0.996476267900005
531.5 0.996125333572267
532 1.003858445271513
532.5 1.001077559848651
533 1.002091490761118
533.5 0.9968472377510907
534 1.008217598771938
534.5 0.9885343371066867
535 0.996867961229978
535.5 0.9958256402090774
536 0.9985293612029815
536.5 1.00957837734185
537 0.9972553338788694
537.5 0.9926254940185291
538 0.9942947315199284
538.5 1.000272230066825
539 1.007302889030937
539.5 1.005906982279409
540 0.9946558142740722
540.5 0.9915445166757108
541 1.014568969352042
541.5 1.006426881627027
542 0.9856644255862322
542.5 0.9910248945625371
543 1.00007826837278
543.5 1.004660929710035
544 1.001096807906971
544.5 0.9985994699309489
545 0.9949903088313686
545.5 1.000199233939189
546 0.9988930069265071
546.5 0.985345098023467
547 1.020734674403605
547.5 0.9923180186845372
548 1.003858088165432
548.5 0.9983885391907942
549 0.996895234636397
549.5 0.9973487228071923
550 1.011827835777917
550.5 1.011668486966111
551 0.9903155294758808
551.5 1.004080833689878
552 1.000273035320801
552.5 0.9994243905867044
553 1.012646149061814
553.5 1.010881277453148
554 0.9994995239641711
554.5 0.9859310082077433
555 0.9951390911688109
555.5 1.00101691018591
556 1.000039730681921
556.5 0.9968542654671196
557 1.006222521766067
557.5 1.000391461487414
558 1.011286855776901
558.5 1.000574038483935
559 1.0074215545336
559.5 0.9857554908027836
560 1.010000583019323
560.5 0.9985506882667228
561 0.9898119668729097
561.5 0.9909652856768544
562 1.004496545285704
562.5 0.9965307649630679
563 1.006422490691838
563.5 1.003467074596527
564 1.002918260201567
564.5 0.997889744056053
565 0.9952666773707285
565.5 0.9972990254461992
566 1.003595860258767
566.5 1.010417364800055
567 0.9938542159186881
567.5 1.007952586420156
568 0.9949040722162628
568.5 0.994304485485799
569 0.9993834406601183
569.5 1.002212010596462
570 1.00220008880906
570.5 0.998821811946578
571 0.9938343239377558
571.5 1.001436848211542
572 1.005066330490305
572.5 0.9928100164659721
573 1.008172862182446
573.5 1.00689137647222
574 1.010598745174527
574.5 0.9923088499910454
575 0.9999295344362942
575.5 0.9964804236068345
576 1.001942430151031
576.5 1.008090107205839
577 0.9862544601123198
577.5 0.9946919319551599
578 1.002571907387725
578.5 1.013403420247154
579 0.9962533440238094
579.5 1.000591350823581
580 1.006889497586597
580.5 1.005503929853422
581 0.9936934190624099
581.5 1.00100756308452
582 1.010720013207532
582.5 0.9961326634095629
583 0.9916629522142596
583.5 0.9966845557233229
584 1.004611899463358
584.5 0.9902432211767509
585 1.001580279343147
585.5 0.996675712524758
586 0.9967410801925567
586.5 1.002831201131876
587 0.9973776154184354
587.5 0.9908079407490372
588 1.009882365580987
588.5 0.9955748601977884
589 0.9861624070436595
589.5 1.005818795445547
590 0.998271964327647
590.5 0.9985451166375361
591 1.008670257605206
591.5 1.013840906155544
592 1.002642791649704
592.5 0.9954919524294245
593 1.006493808256615
593.5 0.9979141968420285
594 1.004216321688135
594.5 1.012543172577476
595 1.007030554103499
595.5 1.009862297498638
596 1.011251692838188
596.5 1.003511184271552
597 1.001830964919027
597.5 1.007714463773516
598 0.9966784758884416
598.5 1.000528083322225
599 1.01373831208028
599.5 1.001981433769497
600 1.004440743361968
600.5 0.9868242542463569
601 1.016260952222309
601.5 1.010626251551465
602 1.002094853280886
602.5 1.009159834836325
603 1.003506927403649
603.5 1.005120210838221
604 1.001580571947763
604.5 0.9951613090210838
605 1.002439780462647
605.5 1.001798387062684
606 1.001051238612185
606.5 1.005143233873804
607 1.008424227242317
607.5 1.001306939716246
608 0.9991316974898604
608.5 1.019778931855835
609 1.002497113327173
609.5 0.9972732625674898
610 0.992853539494149
610.5 0.998468894945849
611 0.9926446030477621
611.5 1.006659502897339
612 0.9998461191465825
612.5 1.006919893139635
613 1.000437880128158
613.5 0.9935599801406142
614 0.99770052262528
614.5 0.9911057433158208
615 1.013641476142026
615.5 0.9931533011539755
616 0.9987054908848245
616.5 0.9913232784341801
617 1.009186925700093
617.5 0.9975521114261301
618 1.002390441172808
618.5 0.983695563646698
619 1.007626915893152
619.5 0.9985103175815633
620 0.9987319753594579
620.5 0.9964119578087349
621 0.9830430007805848
621.5 1.004397285622018
622 1.015875235696214
622.5 0.9963784923869288
623 1.001128504266664
623.5 0.9974609561449251
624 0.99179486908648
624.5 1.002242090203045
625 1.010501850624065
625.5 1.014735171318722
626 1.013713692091268
626.5 0.9982947398226247
627 1.009189348108575
627.5 1.003707741843922
628 1.016837550920849
628.5 0.9924959350964006
629 1.001101200591912
629.5 0.9945763922620043
630 0.9868884767667202
630.5 1.006822003818123
631 1.007781118748654
631.5 1.016042772802889
632 0.998327374081494
632.5 1.002371302129118
633 1.004351316658695
633.5 1.010173506096513
634 0.9873680063176307
634.5 0.9925646242031546
635 0.9976466567322122
635.5 0.990847643716891
636 1.002295846688268
636.5 0.9989357113335152
637 1.001512995339349
637.5 1.011443394276464
638 0.9936194577323502
638.5 0.9980601171015765
639 0.9948703961981938
639.5 1.004696444092997
640 0.9968248491541065
640.5 0.995793511505174
641 1.003521909941378
641.5 0.9975861400952467
642 0.9895324676077217
642.5 0.9999312852290304
643 1.000789124672846
643.5 1.00532681838116
644 1.002870432646908
644.5 1.01124904625155
645 0.9850026994332425
645.5 0.990235986630412
646 1.002715575621783
646.5 1.002334934029534
647 0.9995249511267741
647.5 1.002459853571521
648 0.9897357781532258
648.5 1.002625738257922
649 0.9978313417678137
649.5 0.9992625853900122
650 1.00152142000112
650.5 1.004604025279662
651 1.007168383394515
651.5 0.9966385177145738
652 0.9968586656199708
652.5 1.004885651695696
653 0.9898177465221911
653.5 1.006483490714387
654 0.9922798512890033
654.5 1.005555957833726
655 0.9987336622084519
655.5 0.9905655856010439
656 0.9978724038607963
656.5 1.000255278501631
657 0.9966946130579817
657.5 1.000064951846744
658 1.000758942759978
658.5 1.005643991007737
659 0.9970935976095296
659.5 0.9966614019808318
660 0.9925479465892394
660.5 1.004718172815469
661 1.000244611459713
661.5 1.008878191227343
662 0.9830790217918044
662.5 0.9989284498042057
663 1.019533891323225
663.5 0.9995623183215842
664 1.000053546491365
664.5 1.007141287648161
665 0.991210713317872
665.5 0.98610102437104
666 1.003800157755958
666.5 1.00453987045311
667 1.005408111902306
667.5 1.002146758567646
668 0.9922762350447265
668.5 1.000332352399071
669 1.007838938997176
669.5 0.99926602296558
670 1.001608880481789
670.5 1.009033177058313
671 1.00657438100689
671.5 0.9945368300588456
672 0.9989903821026519
672.5 1.001570190658965
673 1.00288907855903
673.5 1.003254447253382
674 0.9975906705041584
674.5 1.000754687993641
675 0.9916754013291366
675.5 1.010437199539916
676 1.001068679501197
676.5 1.004760034995702
677 1.004257834351121
677.5 0.9913150534697767
678 1.002786619796388
678.5 0.9936202370932602
679 1.004204134484858
679.5 0.9946792539888634
680 0.9972771897475534
680.5 1.002146904960213
681 1.00016983305191
681.5 0.992260342086934
682 1.001233271597956
682.5 0.9961981540517096
683 1.004885401542146
683.5 1.000569164417646
684 1.003161491963991
684.5 1.000736489020637
685 1.008570327624378
685.5 1.003686945520977
686 0.9997725293838065
686.5 0.9974868018865073
687 1.00162922651735
687.5 0.993097610196064
688 0.9974801646601215
688.5 0.9999924473041604
689 0.9986651930576618
689.5 0.9912526172752362
690 1.003618189674405
690.5 1.004913380500946
691 1.005302707209964
691.5 0.9990234302265071
692 0.9916994248002591
692.5 1.002501973127068
693 0.9903054152672783
693.5 1.000507500931545
694 0.9978888449691961
694.5 1.003020929791842
695 1.005950896701337
695.5 0.9955297531878028
696 1.017030737714971
696.5 1.001501740152376
697 0.9962008604750374
697.5 0.9952956978686465
698 1.009003122649328
698.5 0.9983801703470087
699 1.005037511902115
699.5 0.9984853030341373
700 1.004163582860605
700.5 0.9971111627924567
701 1.000385341843511
701.5 0.9966945690729897
702 1.00456134310605
702.5 0.9953648710886538
703 0.9943847760915594
703.5 0.9999264316517689
704 1.009791821463486
704.5 0.9982324457395373
705 0.9989024065415185
705.5 1.003184261219506
706 0.9961138943741513
706.5 1.004146870547511
707 0.9946282661072963
707.5 1.000177285552289
708 1.003056673406862
708.5 1.005576306820179
709 0.9893359720086409
709.5 1.000606978000713
710 1.003698362278844
710.5 0.9910902796182076
711 0.9888457453541208
711.5 1.002986239848609
712 0.9890019013053775
712.5 1.004834099372801
713 1.007349126613342
713.5 0.9980626842267097
714 0.9790574831561799
714.5 1.002549354244415
715 0.9943384503240014
715.5 0.9958142725447044
716 1.003350425557371
716.5 1.002864822638872
717 1.008123784626412
717.5 0.9987797376484403
718 0.9952647993034447
718.5 0.9993351347602502
719 0.9927252327853868
719.5 1.004530167729341
720 1.008341469462549
720.5 1.011538471204859
721 1.001972440605194
721.5 1.00614423991199
722 1.00103709551891
722.5 1.007819209646044
723 0.9951272646485596
723.5 1.000178313224151
724 0.9986854017037371
724.5 0.9968230827452781
725 0.9979042296450849
725.5 0.9900642951748108
726 0.9987932334518502
726.5 1.001161217591372
727 0.9989705417640067
727.5 1.007759329883113
728 0.9901763911587682
728.5 1.00042522979147
729 1.001776493698526
729.5 1.001395935984764
730 1.004391710553887
730.5 1.001881157898945
731 0.9939966531130386
731.5 0.9871561002943013
732 1.006940264805113
732.5 1.010668802656955
733 0.9927656004988035
733.5 0.9955200087147223
734 1.010644041139066
734.5 0.9981035912609034
735 0.9960220779780985
735.5 0.9975965870298087
736 1.008227564632002
736.5 1.007219617382003
737 0.996888350589928
737.5 0.9947101182733743
738 0.9957325806133144
738.5 0.9967872211627069
739 1.006933767949468
739.5 0.9941289641986978
740 1.004285590168524
740.5 0.9944772642842098
741 1.00524531537029
741.5 0.9965985039505211
742 0.999163114072285
742.5 0.9920358062419387
743 0.9951292291571893
743.5 1.000442223063957
744 0.9960596116866323
744.5 1.010387641962732
745 0.9962767113240334
745.5 0.9967001723309815
746 0.9978244203217304
746.5 1.002980548961228
747 1.00573879898458
747.5 0.9942437913481643
748 0.9929150326708707
748.5 1.005551535812611
749 0.9954247609112342
749.5 0.9924260415319882
750 1.00337600357993
750.5 0.980790434958997
751 1.003791705363278
751.5 1.003114371073585
752 1.005861600586974
752.5 0.997445392184565
753 1.00626142121416
753.5 0.9997596977164065
754 1.000704537432926
754.5 0.9964586116703597
755 1.000354059237093
755.5 0.9985164622321474
756 1.002226059869344
756.5 1.00356710415287
757 0.9936759480822739
757.5 0.9944435974968003
758 0.9973186524881884
758.5 0.9929789272800414
759 0.9963218776649152
759.5 1.00026541590743
760 0.995394608476269
760.5 0.9947286285847639
761 0.9998043006745512
761.5 1.008440623383336
762 1.007791256912077
762.5 1.003812716883134
763 1.00266549687499
763.5 1.007961713064479
764 0.998534733193796
764.5 0.9967940434641964
765 1.004346966996101
765.5 0.9894524365464643
766 0.9890277188888627
766.5 0.9957265363458939
767 0.9914036443411492
767.5 1.008338926575781
768 1.000461443943386
768.5 1.001544186790043
769 1.009964859998816
769.5 1.006737209870868
770 1.006122855641153
770.5 1.002379796160241
771 1.004041013707432
771.5 0.9963987642204086
772 0.9970117052764331
772.5 1.003422735374588
773 1.004154255802492
773.5 1.004262002105766
774 0.9984926494929565
774.5 1.001702961521414
775 0.9985874896577607
775.5 1.013006519201159
776 0.9957231822106932
776.5 1.010171997507884
777 0.9995432100018747
777.5 1.001201987777724
778 0.9940997928713435
778.5 0.9958564567519309
779 0.9970921667524905
779.5 0.9958456190510838
780 1.002444597351082
780.5 0.9971798886312335
781 1.003534205884782
781.5 1.001738171276128
782 1.000297686454149
782.5 1.005918581634681
783 0.995862284525721
783.5 1.003511751428626
784 1.004300268238471
784.5 0.9926296308490737
785 0.998759998128315
785.5 0.9940974890354988
786 0.9988476208645688
786.5 1.00431201761703
787 1.008056687226518
787.5 1.006240931613936
788 1.000082702747577
788.5 1.006238094918317
789 1.000596492226904
789.5 0.9928348600516469
790 0.9998197241728135
790.5 1.001058994686428
791 1.002544383819003
791.5 1.015107177910471
792 1.004784442744394
792.5 1.007191265433333
793 1.001816522669118
793.5 1.014158502488575
794 1.003265269465748
794.5 1.003644921967298
795 0.9918005313441414
795.5 1.001617660187498
796 1.003662277683523
796.5 1.004406277874013
797 1.001176044706072
797.5 0.9975533855501114
798 0.9931712591801498
798.5 0.9986449890676332
799 0.9969666428327669
799.5 1.002359198562455
800 1.006820789877303
800.5 0.9957363940465556
801 0.9953166442282496
801.5 0.9978196635917205
802 0.9988562421234646
802.5 0.99843185430753
803 0.9967945865961052
803.5 0.9940701323195357
804 0.9972813980410717
804.5 1.001511261022524
805 1.004583064493519
805.5 0.999960495878662
806 0.9994126199372098
806.5 1.002804029553534
807 0.9908413808471974
807.5 0.9943834342306749
808 0.9925540453862536
808.5 0.9983574625608824
809 0.9946436702111086
809.5 1.001711952263635
810 0.9994025965671114
810.5 1.006505604382065
811 1.001221143439631
811.5 1.00156167487317
812 1.007803039690973
812.5 1.006444552516317
813 1.000472988031064
813.5 0.9990071188311485
814 1.002443566173562
814.5 1.000682580895857
815 0.9925066959966541
815.5 1.002023355074671
816 1.002998540131672
816.5 1.009309450478557
817 1.007781458341697
817.5 1.009826497484316
818 1.006371120847832
818.5 0.9951293700902447
819 0.9979090051465177
819.5 0.9975652731752755
820 0.9931207170702104
820.5 1.007277677031298
821 1.005354829856048
821.5 0.9933224460174956
822 0.9955007443673201
822.5 0.9973839333628388
823 1.000416728031796
823.5 0.9932616670016902
824 0.9988828939098158
824.5 0.9990526204339726
825 1.000514189923905
825.5 1.001569710584271
826 1.003109223229011
826.5 0.9946528031620638
827 1.000799167995072
827.5 1.006358761423595
828 1.001492489133512
828.5 1.003503514036095
829 1.003317812778292
829.5 1.003870806156918
830 1.008907032159762
830.5 1.008798375609788
831 0.9810775924374397
831.5 0.997095703425563
832 0.9967451796037399
832.5 1.002151186617904
833 0.9936770586168538
833.5 1.000142047501893
834 1.001529893348536
834.5 0.9997403627541218
835 0.9959068239458837
835.5 1.00345599990581
836 0.9998216264584694
836.5 1.007374610392582
837 0.9992205591794618
837.5 0.9887710698210793
838 0.9988144512692284
838.5 1.000850189482595
839 0.9994909435355562
839.5 0.9933058857516052
840 0.994756755444322
840.5 0.9952345627816178
841 0.9971483401610157
841.5 0.9893355679519047
842 1.000077454726696
842.5 0.9926089593579649
843 1.005879381763423
843.5 1.001306386736778
844 0.99869275019086
844.5 1.000252661788627
845 0.9999457296828789
845.5 1.001882067919467
846 1.004222995945374
846.5 1.003064314664937
847 0.9952017512908834
847.5 1.003584730906963
848 1.00240160724804
848.5 1.00054148626397
849 1.002700519264213
849.5 1.002767106995488
850 0.9958493662562099
850.5 0.9967065062787053
851 1.003663886726434
851.5 1.002323697031921
852 0.9913680903190299
852.5 1.009607084992802
853 0.9992316682186896
853.5 1.000692193025242
854 0.9987163220597319
854.5 0.9859238938037205
855 1.00494217780747
855.5 1.006333036380505
856 1.0023820366024
856.5 1.000785519274879
857 0.9929346124281542
857.5 0.999942080964149
858 1.008127985615399
858.5 1.003159618004714
859 0.998917726779431
859.5 1.00035018094845
860 1.004211286245112
860.5 0.9931404156277156
861 1.003726615670162
861.5 1.00153421494673
862 1.005926064931727
862.5 1.000212139648301
863 1.000235109187109
863.5 1.010119083997725
864 1.003867957823988
864.5 1.008987247900954
865 1.002410742394321
865.5 1.00308037499664
866 1.00802438676504
866.5 1.005533011717453
867 0.9988580276843428
867.5 0.9983306186766044
868 1.007018411010842
868.5 0.99896270302891
869 0.9940066125266717
869.5 1.001529286148653
870 0.9999133578804539
870.5 1.002894283294852
871 1.009193102368628
871.5 0.9952898378015752
872 0.9990868581483091
872.5 0.9991238272462786
873 0.9988264725517139
873.5 1.002194364453289
874 0.9963885264486746
874.5 0.9902372948739392
875 1.001417698341495
875.5 0.9982585995759106
876 1.000942084305501
876.5 1.002982403901903
877 0.9946687370060832
877.5 0.9992500335476514
878 0.9969706611117514
878.5 1.001486945429332
879 0.9910334121524997
879.5 0.9983512380199188
880 0.999691930305587
880.5 0.9935623340377304
881 0.9944254012717418
881.5 0.9972489600632951
882 1.003207888201209
882.5 1.000615004582226
883 1.001212809358315
883.5 0.9952444763894244
884 1.002402443032613
884.5 1.00211937536345
885 1.002810103271664
885.5 1.002625699694712
886 1.004434097181692
886.5 0.9944175449881061
887 0.9952852912263024
887.5 1.001438954710077
888 1.006685306120835
888.5 1.000424639251399
889 1.000140946588616
889.5 1.001191984313612
890 1.001573416677589
890.5 1.002791857306013
891 0.9970355178767725
891.5 1.004308217485476
892 0.9929332785564475
892.5 0.9926558021213552
893 0.9956890314985785
893.5 1.003810085505991
894 1.004155704865795
894.5 1.001298077832711
895 0.9941737097801645
895.5 1.003281992594267
896 0.9979970431963974
896.5 0.9914822916361397
897 1.007464053054739
897.5 1.00483657907781
898 1.004227198798984
898.5 1.00541116080506
899 1.006737053326629
899.5 1.003829520887423
900 1.004090658853135
900.5 1.006279954449122
901 1.008656494823649
901.5 0.9977441037588016
902 1.004594448080566
902.5 1.005450467475468
903 0.9954873709119783
903.5 1.003777032696304
904 1.001278993864563
904.5 1.00019620672511
905 1.003055023425477
905.5 1.004237322965909
906 1.001866472346521
906.5 1.000428391585515
907 0.9950228602048579
907.5 1.006369799381895
908 1.002012101353683
908.5 1.002188955539975
909 1.000376699706144
909.5 0.997409363392244
910 1.00108405088995
910.5 0.9966350685716423
911 0.9938447434358891
911.5 1.005512504472675
912 1.000742309025226
912.5 0.9886540752309328
913 1.000428190918778
913.5 0.9953727445670578
914 0.9923175908156028
914.5 0.9991600377299332
915 0.9948448643282412
915.5 1.005355064012727
916 0.9931400531510842
916.5 0.99685286996307
917 0.9896727862037292
917.5 1.00046572818973
918 1.005525843359883
918.5 1.000096552311197
919 1.003593442882578
919.5 1.001021927166099
920 0.9937418974270413
920.5 0.9944398097949585
921 1.002398038618854
921.5 1.003245087795763
922 1.000730935372942
922.5 1.003667992257884
923 0.9968879284333646
923.5 1.001036938622001
924 0.9944106484050158
924.5 1.003219935857475
925 0.9898161065188432
925.5 1.002993843975116
926 0.9964601195322433
926.5 0.9994401630025982
927 0.9993864104268875
927.5 1.008743770161288
928 0.9993229293896997
928.5 1.004643925552425
929 1.000888920224693
929.5 0.9976167575642169
930 0.9959564479911714
930.5 1.002385249995215
931 1.003835882598555
931.5 0.9991298248841503
932 0.9971124849265427
932.5 0.9955711890545696
933 0.9925273985132785
933.5 0.9972769249961959
934 0.9915913619991895
934.5 0.973981401201649
935 0.9908360174231055
935.5 0.9888386117202111
936 0.9882958544236774
936.5 0.9812871465884124
937 0.980730203296463
937.5 0.9695157139955026
938 0.9793070239807046
938.5 0.9713585336440129
939 0.982345830480147
939.5 0.9775339405516769
940 0.9720456166937619
940.5 0.9699290010904232
941 0.971526727348123
941.5 0.9704068600252744
942 0.9614209677681574
942.5 0.9619642586505889
943 0.9666403701154298
943.5 0.9598602929884036
944 0.953137925307909
944.5 0.9691407465962123
945 0.9496545297094506
945.5 0.9498535783125605
946 0.9599728593078796
946.5 0.9545492841953926
947 0.9490057848662535
947.5 0.9432120478418854
948 0.9497465694902034
948.5 0.9409633930061719
949 0.9462260088971567
949.5 0.9352080067192868
950 0.9355673261477012
950.5 0.9395403208398632
951 0.9315898174211571
951.5 0.9380417175053485
952 0.9311442006367039
952.5 0.9338959953097412
953 0.9320549794107794
953.5 0.9363477749047086
954 0.9325946015814753
954.5 0.9245342404394977
955 0.923287637713969
955.5 0.9264343289151292
956 0.9237964611453884
956.5 0.9198810604272288
957 0.9233615952648385
957.5 0.9171927232035224
958 0.9271456724335821
958.5 0.9126829515671472
959 0.9063728734924426
959.5 0.9165169293260749
960 0.9087508204281936
960.5 0.9005340252626101
961 0.9086393243733774
961.5 0.9018983669628502
962 0.9065821874957491
962.5 0.9039939478135762
963 0.8995759291022177
963.5 0.8996115628477851
964 0.8959849190220818
964.5 0.9025402254036747
965 0.8974890413205614
965.5 0.9008184657948445
966 0.8914822992066153
966.5 0.8888643690431035
967 0.8951398224417078
967.5 0.8938805742791359
968 0.8833776830299859
968.5 0.8826117541784839
969 0.8879078106345596
969.5 0.8784408278125001
970 0.8829602923103449
970.5 0.8787908707951408
971 0.8797528503972536
971.5 0.8765268043342944
972 0.8705332117393078
972.5 0.8727400074451985
973 0.8675053401990821
973.5 0.8651905896793826
974 0.8622616999537587
974.5 0.8753599618429894
975 0.8696896372067875
975.5 0.8620370170904493
976 0.8710700289489134
976.5 0.8620156250436246
977 0.8605598764795731
977.5 0.8598230031996169
978 0.8554273201800493
978.5 0.8504886875329304
979 0.8472532631091374
979.5 0.8524424295875785
980 0.8589645131527385
980.5 0.8502773419373048
981 0.8453059108544768
981.5 0.8465358552564011
982 0.8514538083948948
982.5 0.8518637462050002
983 0.8430233181164949
983.5 0.8442488377724269
984 0.8339991964501927
984.5 0.8391448767382652
985 0.8368418934553609
985.5 0.8298715615953978
986 0.8317859770732432
986.5 0.8343994234405822
987 0.8313459978250431
987.5 0.8276365225815092
988 0.830966197895678
988.5 0.8254825004948876
989 0.8220288479158619
989.5 0.8258122285430243
990 0.8192516251746175
990.5 0.8194612605439773
991 0.823712449829843
991.5 0.810945970100987
992 0.8131295349154316
992.5 0.8136604796989027
993 0.8180574047883504
993.5 0.8144009177951081
994 0.8084949414228429
994.5 0.8079194597772664
995 0.8119472885053898
995.5 0.8073627489570376
996 0.8122496470926056
996.5 0.8066884800977523
997 0.7977147269348848
997.5 0.8033226113585373
998 0.8063663221065425
998.5 0.8026558901215358
999 0.795033357256355
999.5 0.7977422320224073
1000 0.8032614209532621
1000.5 0.7911273577274874
1001 0.7923475093334289
1001.5 0.7877349562119785
1002 0.7817092858052983
1002.5 0.7884409052645033
1003 0.7852056248795785
1003.5 0.7817045156926433
1004 0.7842824798055738
1004.5 0.7822420999382725
1005 0.7820448133358356
1005.5 0.782273080086665
1006 0.775118791116263
1006.5 0.7735187685924856
1007 0.7770514846736775
1007.5 0.7741418424737522
1008 0.773143068005345
1008.5 0.7692039821445394
1009 0.7701706493653906
1009.5 0.7704249907800669
1010 0.7709276755501779
1010.5 0.7676177128247409
1011 0.763338126084167
1011.5 0.7662535964502234
1012 0.7602835702090731
1012.5 0.7611734416057609
1013 0.7594883934247877
1013.5 0.7640510662452418
1014 0.7547386812450033
1014.5 0.7566741118668752
1015 0.7534230882634118
1015.5 0.7610065457110834
1016 0.7443057282115646
1016.5 0.7405643372591665
1017 0.7401388607528044
1017.5 0.7509342415199866
1018 0.7412707947619659
1018.5 0.7410710356878201
1019 0.7400614515525817
1019.5 0.7344625122968705
1020 0.7410734748053395
1020.5 0.7389202902183652
1021 0.7305050462606826
1021.5 0.7310832812901391
1022 0.7378949763833931
1022.5 0.7370238532318885
1023 0.7310712272279893
1023.5 0.7274261293395283
1024 0.7240116061943646
1024.5 0.7245534438375646
1025 0.7215013574998358
1025.5 0.7257816854766042
1026 0.7226593492489459
1026.5 0.7226979072399553
1027 0.7220870888672951
1027.5 0.7221810150665846
1028 0.7231071699096487
1028.5 0.7196126384945805
1029 0.7134833930980953
1029.5 0.7162409970861371
1030 0.7083565944963781
1030.5 0.7114998858505643
1031 0.7151334961731173
1031.5 0.7086873508224484
1032 0.7058340360789261
1032.5 0.7088562074713399
1033 0.7044314724928941
1033.5 0.7066611994106374
1034 0.701478235952507
1034.5 0.6999414467886961
1035 0.6957601572860248
1035.5 0.6985719702648494
1036 0.7008131835722627
1036.5 0.692528212455053
1037 0.6933336042961896
1037.5 0.6890136686573205
1038 0.6933959546682316
1038.5 0.6888116321494345
1039 0.688275646311214
1039.5 0.6910161887197475
1040 0.6890139133772348
1040.5 0.6878460949973761
1041 0.6777111849676865
1041.5 0.6785930983345702
1042 0.6856690287712105
1042.5 0.6799370447781752
1043 0.6784943004888516
1043.5 0.682765271050447
1044 0.6793123695333403
1044.5 0.6793254004953903
1045 0.6717091075461288
1045.5 0.6743051095835397
1046 0.6725702864826104
1046.5 0.672427753992198
1047 0.6726241482586115
1047.5 0.67160789432179
1048 0.6666403322438069
1048.5 0.6635497894855664
1049 0.6631839672379679
1049.5 0.6604571021028259
1050 0.65952669447695
1050.5 0.6625850714236993
1051 0.6611403798719945
1051.5 0.6567442900487475
1052 0.6569153468235228
1052.5 0.6492297055426155
1053 0.6545041721545817
1053.5 0.6524910253226724
1054 0.6536853113124474
1054.5 0.650110907684782
1055 0.6527980954619198
1055.5 0.6540580355983859
1056 0.6534563463639727
1056.5 0.6439900398394129
1057 0.6380946818149986
1057.5 0.6466024427528113
1058 0.6455371848892356
1058.5 0.6416285622013028
1059 0.6375003370013869
1059.5 0.6355224735037616
1060 0.6328170402682523
1060.5 0.634689668841796
1061 0.63030443300535
1061.5 0.6323315439328449
1062 0.6291353175369925
1062.5 0.6312111263433342
1063 0.6293367416896299
1063.5 0.6271543678197302
1064 0.6205535333405935
1064.5 0.6161566279270808
1065 0.6246648108122074
1065.5 0.621546470281033
1066 0.6215142559824656
1066.5 0.617475707399772
1067 0.6221362913025401
1067.5 0.6201978752655835
1068 0.6168397481636968
1068.5 0.6225490592720948
1069 0.6138379983671447
1069.5 0.6148029437933614
1070 0.6080450448235696
1070.5 0.6165901020866872
1071 0.6086832485465051
1071.5 0.6132083506154746
1072 0.6030044547151552
1072.5 0.60793393038699
1073 0.5971079598004247
1073.5 0.6054611953955996
1074 0.6043550430371674
1074.5 0.6001848034266198
1075 0.5994912391845062
1075.5 0.6011826058345128
1076 0.6020091096658442
1076.5 0.5937546913709888
1077 0.5943331375081861
1077.5 0.5929899937600253
1078 0.5920361473554588
1078.5 0.5943119431699456
1079 0.5911912404202088
1079.5 0.5911136113848521
1080 0.5841951408662851
1080.5 0.5900367204005161
1081 0.5862945424773861
1081.5 0.5804021481436109
1082 0.5794148325695624
1082.5 0.5802148316270425
1083 0.5772615153878279
1083.5 0.5821761451592558
1084 0.575764230770561
1084.5 0.5682830937486175
1085 0.5782916656265336
1085.5 0.5654772474268072
1086 0.5730319803426603
1086.5 0.5737140443843829
1087 0.5703561060594369
1087.5 0.5689222793240645
1088 0.5637736578293187
1088.5 0.5746447497923025
1089 0.5672076650991631
1089.5 0.5665718440824171
1090 0.5642415430854699
1090.5 0.5588235833054747
1091 0.562731187371332
1091.5 0.562150087561324
1092 0.5569614075036301
1092.5 0.5559765540443515
1093 0.5583327561517543
1093.5 0.5529648255265711
1094 0.5554987512170227
1094.5 0.5510732837886712
1095 0.5508147897599525
1095.5 0.5552333190567741
1096 0.5524312787484503
1096.5 0.5467876205375208
1097 0.5459480267939764
1097.5 0.5483407132025089
1098 0.5462517415123124
1098.5 0.5465487036077414
1099 0.5451123790834946
1099.5 0.5449564278888391
1100 0.5325979597532058
1100.5 0.5415604956009775
1101 0.5393908941957158
1101.5 0.5341625192831647
1102 0.5383802000363869
1102.5 0.5343845524777618
1103 0.5307174181145141
1103.5 0.5343640040524923
1104 0.5349551331022699
1104.5 0.5392641466153759
1105 0.5304316821706806
1105.5 0.5227671117118102
1106 0.5240531752462458
1106.5 0.5227330987652978
1107 0.5216545718203538
1107.5 0.5215025420009928
1108 0.5227205370929541
1108.5 0.5192569850060946
1109 0.5190750892189789
1109.5 0.5211968903367439
1110 0.5120134745904603
1110.5 0.5185142447425057
1111 0.5130726591096916
1111.5 0.5170117983955194
1112 0.5118814195858278
1112.5 0.5157193292837731
1113 0.5121776088709895
1113.5 0.5121751531387897
1114 0.5095250390945036
1114.5 0.5061394804934148
1115 0.5049935072666589
1115.5 0.5049180943484077
1116 0.5014509306756618
1116.5 0.50417091524441
1117 0.501008029420711
1117.5 0.500919982947195
1118 0.4967795517487164
1118.5 0.5032292687752756
1119 0.4963137395704869
1119.5 0.4958392949736246
1120 0.4973298746344223
1120.5 0.4940979574727496
1121 0.4958204745367774
1121.5 0.4983637999771457
1122 0.4907892753690727
1122.5 0.493192470723354
1123 0.4842555073409616
1123.5 0.4872021172647666
1124 0.4889513711388078
1124.5 0.4886249113661275
1125 0.483694140911104
1125.5 0.4795438515613847
1126 0.4821875533582265
1126.5 0.4822681670468512
1127 0.4820251064463095
1127.5 0.4778748633419103
1128 0.4763139349544313
1128.5 0.4781953974604423
1129 0.4764831471618202
1129.5 0.4759540834775353
1130 0.4711680423278513
1130.5 0.4717153833267523
1131 0.4707480115972824
1131.5 0.4687129162074612
1132 0.4692604244409453
1132.5 0.4683734692607447
1133 0.4650046623513672
1133.5 0.4611240975586983
1134 0.4610064986742427
1134.5 0.4652800827772646
1135 0.4625627343246907
1135.5 0.4613212435793119
1136 0.4577328565967864
1136.5 0.4579055419341092
1137 0.4566860107158409
1137.5 0.4580529860253204
1138 0.4544642587891548
1138.5 0.4569921875451765
1139 0.4588070025045715
1139.5 0.4525004387816685
1140 0.4484017754704561
1140.5 0.4494069409970156
1141 0.4454229737087158
1141.5 0.449295272439226
1142 0.4430087427136991
1142.5 0.4454527219439686
1143 0.4465150933527965
1143.5 0.4453170697264011
1144 0.4448681196108664
1144.5 0.4384478043826174
1145 0.4428234591743621
1145.5 0.4436143745197618
1146 0.4408150366180278
1146.5 0.4384816272503506
1147 0.4323318293568862
1147.5 0.432088819546647
1148 0.4341312828736339
1148.5 0.4381567283496396
1149 0.4337166480397656
1149.5 0.4305865562088248
1150 0.4290883658789996
1150.5 0.4264992940004688
1151 0.4268816794539944
1151.5 0.4243576907507816
1152 0.4221326458128371
1152.5 0.4250497673310376
1153 0.4229012141307707
1153.5 0.4240338530301369
1154 0.4190259792263987
1154.5 0.4171958646791318
1155 0.4212326530212752
1155.5 0.4172064249022944
1156 0.4128211440342782
1156.5 0.4188832015129447
1157 0.4177469553968308
1157.5 0.4156199556860475
1158 0.4105505312040968
1158.5 0.4128919141651746
1159 0.4125794187374792
1159.5 0.4107254155389569
1160 0.4063746715072002
1160.5 0.4066489823367344
1161 0.409316588783111
1161.5 0.4104138722207203
1162 0.3993283765299921
1162.5 0.4012424464187975
1163 0.4038326386201561
1163.5 0.3986605590313507
1164 0.400613132162902
1164.5 0.3960004156172456
1165 0.4003147262460869
1165.5 0.396012215164887
1166 0.3975570158586844
1166.5 0.3950317168815194
1167 0.3940327369906636
1167.5 0.3961056874237456
1168 0.3901328887542136
1168.5 0.3893837196772709
1169 0.3903100412505738
1169.5 0.392006753866889
1170 0.3885716611207604
1170.5 0.387954280452907
1171 0.3888210455978833
1171.5 0.3844280554683655
1172 0.383459426248802
1172.5 0.3807283606410614
1173 0.3825500563873299
1173.5 0.3831898138234436
1174 0.3773155629261798
1174.5 0.3791067456829996
1175 0.3768719058667708
1175.5 0.3788724397852805
1176 0.3747464513591034
1176.5 0.3765049298054543
1177 0.3740534721606942
1177.5 0.3718599287619981
1178 0.3673305581855634
1178.5 0.3706236440792366
1179 0.3722508743452935
1179.5 0.3677463414027309
1180 0.371915155824696
1180.5 0.3696214869783492
1181 0.3691683663214683
1181.5 0.3682395573312175
1182 0.3626229765961764
1182.5 0.3619947098995684
1183 0.3617865952746587
1183.5 0.3618858711155642
1184 0.36028290206402
1184.5 0.3571074459843596
1185 0.3570429096870895
1185.5 0.3578828376578321
1186 0.3517000134498194
1186.5 0.3582661423218789
1187 0.3520792744672151
1187.5 0.3561374897209658
1188 0.3499071442111268
1188.5 0.3492112917317096
1189 0.3485579856745541
1189.5 0.3502553410312718
1190 0.3515630391636421
1190.5 0.3434440584475317
1191 0.3417632767132719
1191.5 0.3475100942595046
1192 0.3478379897295117
1192.5 0.3426505688699013
1193 0.3400000101820473
1193.5 0.3434083468039451
1194 0.3411042936476686
1194.5 0.3393385195760013
1195 0.3387670239503896
1195.5 0.336184920848099
1196 0.337189043221353
1196.5 0.3341342211330913
1197 0.3373083395604898
1197.5 0.3302488197273509
1198 0.3315266026790851
1198.5 0.3310594341116957
1199 0.3291101448243925
1199.5 0.3277484541107035
1200 0.3287927311626995
1200.5 0.3287224516849275
1201 0.3276081893734162
1201.5 0.3276200666110803
1202 0.321973884796378
1202.5 0.3259528652603536
1203 0.3229387891048954
1203.5 0.3210232692761386
1204 0.32215973473812
1204.5 0.3188189829701898
1205 0.3203322858176805
1205.5 0.3179000022007841
1206 0.3203256717163835
1206.5 0.3153714378459331
1207 0.3144792881471635
1207.5 0.3145944588332865
1208 0.3124712670671972
1208.5 0.3141008189694761
1209 0.3104426976770127
1209.5 0.3130736464325312
1210 0.3146315561880084
1210.5 0.3074182778577113
1211 0.3057109315719614
1211.5 0.3027271696589888
1212 0.3070438971714122
1212.5 0.3058994638652565
1213 0.3032947669227538
1213.5 0.3014246787405365
1214 0.3003404647534424
1214.5 0.3005970436482464
1215 0.301515478777807
1215.5 0.2999173267894886
1216 0.299485573413645
1216.5 0.2984597554200571
1217 0.2947154775096104
1217.5 0.2921382549040999
1218 0.2916743521128372
1218.5 0.2937268896131345
1219 0.2947362583825873
1219.5 0.2909967173641348
1220 0.2878281937980894
1220.5 0.2880519106955238
1221 0.2879865746970567
1221.5 0.2851949952071852
1222 0.2832329520042476
1222.5 0.2871363516299758
1223 0.2864962986737126
1223.5 0.2848643186223729
1224 0.2831043740149757
1224.5 0.2799516239707089
1225 0.278263532283049
1225.5 0.2805887446818279
1226 0.2791108750521413
1226.5 0.2777393243093035
1227 0.2789548762357453
1227.5 0.2738734585924028
1228 0.2753623355288121
1228.5 0.2735443960569529
1229 0.2733218665595049
1229.5 0.2713013685334553
1230 0.2735885768535245
1230.5 0.2695948224986859
1231 0.2704212052650918
1231.5 0.2704337728491535
1232 0.2672508681485838
1232.5 0.2671756905588549
1233 0.264412046976728
1233.5 0.2657401164415107
1234 0.2647414009465732
1234.5 0.2596378495228956
1235 0.262248500449854
1235.5 0.262856226735748
1236 0.2617347129165718
1236.5 0.2603207357003754
1237 0.2605832144162837
1237.5 0.2549453272149418
1238 0.2598178915689439
1238.5 0.2573259642029557
1239 0.255194675705459
1239.5 0.252646682240064
1240 0.2498101819575558
1240.5 0.2541839258294531
1241 0.2495347324119316
1241.5 0.2519094618648844
1242 0.2448099090156447
1242.5 0.2482485429755089
1243 0.249580422395087
1243.5 0.2496200537095462
1244 0.2489771345684283
1244.5 0.2466810311246123
1245 0.2475553664479047
1245.5 0.2433350996907208
1246 0.2394994243749319
1246.5 0.2398107858083953
1247 0.239643667028212
1247.5 0.2391500142360512
1248 0.2382301621914441
1248.5 0.2360445386895857
1249 0.2386636928164003
1249.5 0.2372576877374936
1250 0.2369052099263315
1250.5 0.2334266904073378
1251 0.2374263368190696
1251.5 0.236749701840242
1252 0.232431030419686
1252.5 0.2321706965228805
1253 0.2292201512554395
1253.5 0.2264733801039896
1254 0.225434703420468
1254.5 0.2287593094145951
1255 0.2260564989362468
1255.5 0.2270054920309368
1256 0.223837155215874
1256.5 0.2248481959601374
1257 0.2239391050244323
1257.5 0.2248864794201536
1258 0.2221744739722755
1258.5 0.2212447647353803
1259 0.2149618478933769
1259.5 0.2183540091218195
1260 0.2168626945114348
1260.5 0.2164075887554621
1261 0.215903941623023
1261.5 0.2153887358604186
1262 0.2125412245884157
1262.5 0.2135385116697633
1263 0.2134552912456092
1263.5 0.2132741348942249
1264 0.2131788811550184
1264.5 0.2106742582971592
1265 0.2097011603661733
1265.5 0.2089249167131356
1266 0.2095042291164083
1266.5 0.2063761547649832
1267 0.2065665939384042
1267.5 0.2018388177511398
1268 0.2035041651929176
1268.5 0.2031493084237513
1269 0.1996374719482658
1269.5 0.1996015918749623
1270 0.1993353310242777
1270.5 0.2003415526502081
1271 0.2003776536849035
1271.5 0.1973169501573958
1272 0.1967871627023744
1272.5 0.1936856554258418
1273 0.1983003721928134
1273.5 0.194647735139191
1274 0.1914465830479659
1274.5 0.1935237160506245
1275 0.1912185731008182
1275.5 0.1889770878522855
1276 0.1890692408994357
1276.5 0.1872048897039359
1277 0.1881976042689013
1277.5 0.1862049232259271
1278 0.1854964877948972
1278.5 0.1853035696815438
1279 0.1831980998248582
1279.5 0.1831146765428361
1280 0.1836400793207674
1280.5 0.1842123137469751
1281 0.181232130899746
1281.5 0.1803405086672665
1282 0.1784150009208526
1282.5 0.1800950549980005
1283 0.1752737748288059
1283.5 0.177713313608393
1284 0.1770411421606958
1284.5 0.1750305945708285
1285 0.1748233489039859
1285.5 0.1722021578074797
1286 0.1720328030265215
1286.5 0.1694295643095799
1287 0.1700653860567745
1287.5 0.1702754538775961
1288 0.1723123602830526
1288.5 0.1693280542726255
1289 0.1675841975945059
1289.5 0.163725999712811
1290 0.1643277267607024
1290.5 0.1643295864120876
1291 0.1644252640137923
1291.5 0.164344873981972
1292 0.1631867230550524
1292.5 0.1625102831226944
1293 0.1629227075105424
1293.5 0.1614526047958728
1294 0.1593189981107773
1294.5 0.1605963962981297
1295 0.1560294174397067
1295.5 0.1562236157230315
1296 0.1568017002069254
1296.5 0.1564946304455428
1297 0.155083569272769
1297.5 0.1541973786045314
1298 0.1525464088864246
1298.5 0.1511531052936437
1299 0.1503182061297664
1299.5 0.1483380509361579
1300 0.1504110484029042
1300.5 0.1499600883383052
1301 0.1488974107947164
1301.5 0.1469819766708837
1302 0.1466383822199175
1302.5 0.1469408109235536
1303 0.1440635886119016
1303.5 0.1454838928384051
1304 0.1418990518300245
1304.5 0.139974534480835
1305 0.1432089518935072
1305.5 0.1404601267588307
1306 0.1401118161257202
1306.5 0.1376100806042963
1307 0.1398517030184148
1307.5 0.1369535277094897
1308 0.1338997117546699
1308.5 0.1358305180201401
1309 0.1337636863912112
1309.5 0.1329886876063716
1310 0.1312917677122727
1310.5 0.1325922244280923
1311 0.1324114560701083
1311.5 0.1316510643214113
1312 0.1300624291761362
1312.5 0.1278404364638702
1313 0.1293312287946504
1313.5 0.129187443616243
1314 0.126959747235862
1314.5 0.1261727850708108
1315 0.1250250830355289
1315.5 0.1233705542563337
1316 0.1228590144569029
1316.5 0.1209603316375962
1317 0.1219283581347841
1317.5 0.1197289966908982
1318 0.1195368510005644
1318.5 0.1177137982185871
1319 0.1192432571529895
1319.5 0.1176702323576878
1320 0.116178123248883
1320.5 0.1142171948956978
1321 0.1157669513807143
1321.5 0.1150074618858601
1322 0.1132979448139526
1322.5 0.1143639819564845
1323 0.1139647110671448
1323.5 0.1129854531111109
1324 0.1105684996025712
1324.5 0.1105742176797424
1325 0.1139885234270757
1325.5 0.1094167886178012
1326 0.1088337747272403
1326.5 0.1067067447866065
1327 0.1094805267989664
1327.5 0.1063351914695382
1328 0.1069093879371425
1328.5 0.1058538286296274
1329 0.1052537937597121
1329.5 0.104886975991232
1330 0.1036915017423075
1330.5 0.1051491710096256
1331 0.1044409568284794
1331.5 0.1034469754081172
1332 0.09886111054281622
1332.5 0.1038314650920388
1333 0.1016734521347821
1333.5 0.0986608214365049
1334 0.09766375798438909
1334.5 0.1005225882461416
1335 0.09711149716761204
1335.5 0.09647958870229371
1336 0.09657173640391567
1336.5 0.09613819442359089
1337 0.09414081863154568
1337.5 0.09599449011718093
1338 0.09616308454359576
1338.5 0.09553455133409466
1339 0.09663032896838922
1339.5 0.09369164869788954
1340 0.09302272028396937
1340.5 0.09319276939306817
1341 0.09107877282573905
1341.5 0.09135863535532633
1342 0.09188780974454459
1342.5 0.09020260962159854
1343 0.09145826786387819
1343.5 0.09123852091040778
1344 0.09079171736076858
1344.5 0.08877686608284938
1345 0.08679741668250616
1345.5 0.08759711573484392
1346 0.088244480746761
1346.5 0.08601088696230845
1347 0.08784404539229762
1347.5 0.08647564711071253
1348 0.08650836975696312
1348.5 0.08476653665366599
1349 0.08403743030916058
1349.5 0.08330938104943023
1350 0.08325841238435737
1350.5 0.08225318356733725
1351 0.08347807326959078
1351.5 0.0810394184042693
1352 0.08240243426725188
1352.5 0.0823842832226221
1353 0.0813939810597569
1353.5 0.07986068755898333
1354 0.07953503582726416
1354.5 0.0791139086784152
1355 0.08011003263362479
1355.5 0.07976356481016546
1356 0.0771202513697298
1356.5 0.07899769998392395
1357 0.07893949574940362
1357.5 0.07739563137013061
1358 0.0751647261260103
1358.5 0.07527895429657765
1359 0.07440822600259478
1359.5 0.07339062243399483
1360 0.07467948251894581
1360.5 0.07332503663164409
1361 0.07217315889494327
1361.5 0.07158210592114857
1362 0.07214101281278167
1362.5 0.07375253734386884
1363 0.07103514521963325
1363.5 0.07122499700276078
1364 0.07109920893092614
1364.5 0.07051142271573022
1365 0.07185574598194122
1365.5 0.06960058321778537
1366 0.07045097694165946
1366.5 0.07033659265844114
1367 0.07064097000061823
1367.5 0.07013964229980132
1368 0.07007792996698321
1368.5 0.06779205797419363
1369 0.06527994114232052
1369.5 0.06803718760059228
1370 0.06637250492755163
1370.5 0.06714662794219471
1371 0.06611965147806328
1371.5 0.06611303759652987
1372 0.0649636048948057
1372.5 0.06473979362866517
1373 0.06338551834102837
1373.5 0.06440712839714616
1374 0.06324149286278513
1374.5 0.06347497934388592
1375 0.06325297773465682
1375.5 0.06292791822581821
1376 0.06256199889560489
1376.5 0.06032842599131689
1377 0.06204829575252515
1377.5 0.06012749628164215
1378 0.06015596271604862
1378.5 0.06063719562912356
1379 0.05939000565178745
1379.5 0.05950110957164752
1380 0.0600228002972097
1380.5 0.05828615731794358
1381 0.05854133152326429
1381.5 0.05718737398256918
1382 0.05822113661841369
1382.5 0.05857807846799001
1383 0.05575464409285978
1383.5 0.05817669510364454
1384 0.05590892857355165
1384.5 0.05691940500640656
1385 0.05460481397783605
1385.5 0.05418846394913468
1386 0.05367089671953094
1386.5 0.05617545062054493
1387 0.05538269523547099
1387.5 0.05387998202944364
1388 0.05453144200820437
1388.5 0.05263587088270648
1389 0.05347985311647825
1389.5 0.05256013582649483
1390 0.0519453835815751
1390.5 0.05337464729367689
1391 0.0519515810934993
1391.5 0.05074264714609709
1392 0.05212928469650905
1392.5 0.05040756914150777
1393 0.05031091944250554
1393.5 0.05071794935981239
1394 0.05079227525374302
1394.5 0.04943843874849613
1395 0.05033760249014591
1395.5 0.04945799013227047
1396 0.04850937954894033
1396.5 0.04848467722424772
1397 0.04936185883179466
1397.5 0.04737390941913115
1398 0.04691976198037651
1398.5 0.04772615016241967
1399 0.04764208154738177
1399.5 0.04660955452701242
1400 0.04745431240148087
1400.5 0.04683216597596821
1401 0.04648987455123708
1401.5 0.04637705750476203
1402 0.04508041914203116
1402.5 0.04513776211541727
1403 0.04600969447146148
1403.5 0.04484511757787369
1404 0.04433697402959765
1404.5 0.04350238245584954
1405 0.04494755175699919
1405.5 0.04355929949709345
1406 0.04357778800074933
1406.5 0.04329966615354807
1407 0.04312071600632258
1407.5 0.0423398338653977
1408 0.04288192184656494
1408.5 0.04119538622288989
1409 0.04136316846589876
1409.5 0.04127476529634684
1410 0.04059627202699065
1410.5 0.04129489925729229
1411 0.04039140766620917
1411.5 0.04211001902317447
1412 0.04039306972814671
1412.5 0.039639132766586
1413 0.0395523144023455
1413.5 0.0398864971288392
1414 0.03964310796291472
1414.5 0.04003537997798507
1415 0.03806338751755147
1415.5 0.0386514106540989
1416 0.03753171994622331
1416.5 0.03732004158739127
1417 0.03751772436045996
1417.5 0.03894146865359941
1418 0.03711468805726478
1418.5 0.03723431616422695
1419 0.03689728519009851
1419.5 0.03596868261208589
1420 0.03586576746779494
1420.5 0.03615066295488945
1421 0.03599932151566351
1421.5 0.03592560990919131
1422 0.03587133591720232
1422.5 0.03474435509626474
1423 0.03460404900606213
1423.5 0.03410684225605969
1424 0.03467119627094465
1424.5 0.03321087181418111
1425 0.03447809074293272
1425.5 0.03437691634597028
1426 0.0334007056893773
1426.5 0.03365600008881144
1427 0.03301777749481764
1427.5 0.03288908422364357
1428 0.03162890427326503
1428.5 0.03190385891579183
1429 0.03205392121676718
1429.5 0.03127545516372802
1430 0.03183696284700304
1430.5 0.03076345882022333
1431 0.03144867653339067
1431.5 0.03132173294719135
1432 0.03128079039453441
1432.5 0.03134472923283059
1433 0.03061811901526983
1433.5 0.03106309078233117
1434 0.03020453133818991
1434.5 0.02979383102842956
1435 0.0289468340213035
1435.5 0.02907851859962758
1436 0.02826163574786805
1436.5 0.02904752462779025
1437 0.02841172672745215
1437.5 0.02903551670299249
1438 0.02875997859252688
1438.5 0.02825799645210214
1439 0.02786059188072614
1439.5 0.02834143945362758
1440 0.02744466381211435
1440.5 0.02692611061258241
1441 0.02703928113319011
1441.5 0.02752874971883265
1442 0.02657856609174624
1442.5 0.0270582641159106
1443 0.0277720905591419
1443.5 0.02650458608407523
1444 0.02545454668926209
1444.5 0.02680531104997726
1445 0.02534439966267235
1445.5 0.02550470032306017
1446 0.02668425585588124
1446.5 0.02546944849545036
1447 0.0252557072854778
1447.5 0.02453823671566783
1448 0.02527679915026456
1448.5 0.02523138945261368
1449 0.02467374646040218
1449.5 0.02427510170115249
1450 0.02357935220676233
1450.5 0.02406503482838232
1451 0.02352828516979205
1451.5 0.02258384783609926
1452 0.02293933342923609
1452.5 0.02385049596313042
1453 0.02308376900664043
1453.5 0.02237363189857908
1454 0.02293177247419228
1454.5 0.02226892533949846
1455 0.02236447528367814
1455.5 0.02249681412278837
1456 0.02129133851451924
1456.5 0.02131359760790148
1457 0.02119763576697274
1457.5 0.02210369827227327
1458 0.02129736420409293
1458.5 0.02180678933928692
1459 0.02039540346684566
1459.5 0.02097818524891156
1460 0.02028490328505466
1460.5 0.0206469151944712
1461 0.02015636245681542
1461.5 0.01973056607738861
1462 0.01930534736808276
1462.5 0.02021561246194054
1463 0.01931551273622874
1463.5 0.01937536249140843
1464 0.01995522091348709
1464.5 0.01972275944761842
1465 0.01902589761574273
1465.5 0.01782005706756951
1466 0.01820828567001014
1466.5 0.01914158410429502
1467 0.01831977816533592
1467.5 0.01831637762748747
1468 0.01832205228665123
1468.5 0.01757501811746109
1469 0.01745430664604217
1469.5 0.01788618957617853
1470 0.01762062028261393
1470.5 0.0178528271849182
1471 0.01678326564698637
1471.5 0.01671767185124607
1472 0.01767205188123913
1472.5 0.01701967268404148
1473 0.01668364097589298
1473.5 0.01630302538925532
1474 0.01588691796799356
1474.5 0.01619996474584601
1475 0.01650359458837805
1475.5 0.01547735557608205
1476 0.01548482475891572
1476.5 0.01588698805401829
1477 0.01554454494474543
1477.5 0.01581173914780518
1478 0.01481627534724181
1478.5 0.01489571967009328
1479 0.0156098166435027
1479.5 0.01484878745604263
1480 0.01579407923800824
1480.5 0.01467705728261477
1481 0.01481872411813546
1481.5 0.01455032800018649
1482 0.01499462435412742
1482.5 0.01435274185185474
1483 0.01450312430799904
1483.5 0.01400461010107829
1484 0.01334692097524481
1484.5 0.01378164193718825
1485 0.01412709217749596
1485.5 0.01341746506773925
1486 0.01297447866501088
1486.5 0.01354102419640501
1487 0.01316929939303221
1487.5 0.01290413260771132
1488 0.01310744212874616
1488.5 0.01315159725381677
1489 0.01269291316115839
1489.5 0.01243758062573022
1490 0.0126670725984435
1490.5 0.0125089261222715
1491 0.01192873286567353
1491.5 0.01243062040191104
1492 0.0122729416727369
1492.5 0.01183453294521502
1493 0.0122038658467903
1493.5 0.01211678772600524
1494 0.01097841860758685
1494.5 0.01187292600480982
1495 0.01152373599117764
1495.5 0.01140235785881703
1496 0.01074810337403783
1496.5 0.01146571636470259
1497 0.01063775577251686
1497.5 0.0108748356377363
1498 0.01073685261287551
1498.5 0.01070356125262152
1499 0.01058327837463516
1499.5 0.01069798738992831
1500 0.01034318645408971
1500.5 0.01032760848093427
1501 0.0102946886138963
1501.5 0.00948111467132424
1502 0.00976086790769155
1502.5 0.009789023983047068
1503 0.01022402368335667
1503.5 0.009092551332118311
1504 0.009285355145348364
1504.5 0.009451981180192545
1505 0.009471604127510021
1505.5 0.009266861496536535
1506 0.009148614977791122
1506.5 0.008556593234334591
1507 0.008792029727549104
1507.5 0.008510823035285317
1508 0.008367583745163767
1508.5 0.008714394898200716
1509 0.008906153729419457
1509.5 0.008634191095163935
1510 0.0077621958262704
1510.5 0.008099911237043199
1511 0.008719844890302354
1511.5 0.007935117125723836
1512 0.008195054330444103
1512.5 0.007881884469344937
1513 0.007962106213144193
1513.5 0.007632425583574814
1514 0.007917464709794536
1514.5 0.007724663195124736
1515 0.007131651339235228
1515.5 0.007569719555295648
1516 0.007369014308852694
1516.5 0.007415177750433278
1517 0.007495270897756029
1517.5 0.007150634869944997
1518 0.006619740575306091
1518.5 0.00717514498222164
1519 0.006924627548776189
1519.5 0.00639492496721999
1520 0.006593867138363665
1520.5 0.006716415633765358
1521 0.006940242403189299
1521.5 0.006538632935199834
1522 0.006441472298904672
1522.5 0.006133519052294173
1523 0.006154786093487355
1523.5 0.006176023899319496
1524 0.006096190679135284
1524.5 0.006218411980045444
1525 0.006138652978292128
1525.5 0.006033786384409856
1526 0.005391577735474264
1526.5 0.005975528013960448
1527 0.005636131396066982
1527.5 0.006009614695321087
1528 0.005260207130538066
1528.5 0.005223283687855212
1529 0.005504283992945965
1529.5 0.005091060293050237
1530 0.005146213040006641
1530.5 0.005059363306800425
1531 0.0049559392480825
1531.5 0.005327908604176632
1532 0.004999466126350658
1532.5 0.004887953269606025
1533 0.005151055743114498
1533.5 0.004598831326693598
1534 0.004870087982294818
1534.5 0.004592839364689127
1535 0.004755845885420146
1535.5 0.004362907576159087
1536 0.004467825928659483
1536.5 0.004423500067529789
1537 0.004660693787300749
1537.5 0.004268834945433874
1538 0.004439678534867096
1538.5 0.004073257149806037
1539 0.0041284086094698
1539.5 0.003671897376624885
1540 0.004032341707442908
1540.5 0.003634168791546576
1541 0.003994168401341788
1541.5 0.004106798529949713
1542 0.003947865973488379
1542.5 0.003780919202419285
1543 0.003671686404459232
1543.5 0.003349167019116091
1544 0.003535677041980506
1544.5 0.003459605159156047
1545 0.00324435320559405
1545.5 0.003291379384985833
1546 0.003346526275408389
1546.5 0.003360716541487594
1547 0.003293171355036972
1547.5 0.003266544555625658
1548 0.003060407555169343
1548.5 0.002952405879633183
1549 0.003015704603441199
1549.5 0.002834562212076062
1550 0.002824593717689221
1550.5 0.002651941681438536
1551 0.002560807119513715
1551.5 0.002762264535579258
1552 0.002955342778250917
1552.5 0.002791162587720577
1553 0.002765039742737105
1553.5 0.00266601932518684
1554 0.002777678655010557
1554.5 0.002427893946911208
1555 0.002418245075170767
1555.5 0.002473268726145096
1556 0.002350518718518923
1556.5 0.002332864439603335
1557 0.002315232349554502
1557.5 0.002281498750475341
1558 0.002215581333685641
1558.5 0.002028975663592135
1559 0.001923072161155175
1559.5 0.001881633383508143
1560 0.001992931605071733
1560.5 0.001935438638696994
1561 0.001765658807376146
1561.5 0.001997125147869485
1562 0.001787445111120657
1562.5 0.001850383888181998
1563 0.001697101492060951
1563.5 0.001632015603454971
1564 0.00166295213068243
1564.5 0.001909574806926979
1565 0.00158896489716861
1565.5 0.001540072178926968
1566 0.001483267015709354
1566.5 0.00150622869184449
1567 0.001568982658979677
1567.5 0.001520226079666686
1568 0.001439714466586118
1568.5 0.001502389945544129
1569 0.001549097077402278
1569.5 0.001421085804773188
1570 0.001380510943998656
1570.5 0.001300342858828355
1571 0.001125190054226508
1571.5 0.001187824828141748
1572 0.001107931378914239
1572.5 0.001178405797763846
1573 0.001106523140888219
1573.5 0.001113718742994408
1574 0.001105117586071795
1574.5 0.001009751600217126
1575 0.000953924854471202
1575.5 0.0008666540692614163
1576 0.0008267358741299958
1576.5 0.0009757164913147766
1577 0.00086500617725082
1577.5 0.0009037514662723089
1578 0.0007382505280001333
1578.5 0.0006906903846648412
1579 0.0006902530312582554
1579.5 0.000768204285527009
1580 0.0007755520159612979
1580.5 0.000775061393157846
1581 0.0006493880057443141
1581.5 0.0006177014334636038
1582 0.0006563813580732369
1582.5 0.0006950122824968326
1583 0.000561901998966372
1583.5 0.0006317406077270938
1584 0.0006469305320512032
1584.5 0.0006153646079406969
1585 0.0004359326567756958
1585.5 0.0004667761612369918
1586 0.000443157802447226
1586.5 0.0003807201277779301
1587 0.0003960100730959613
1587.5 0.0004345607216490336
1588 0.0004420422388809262
1588.5 0.0003410108117762462
1589 0.0004259952979487684
1589.5 0.0003483223643877565
1590 0.0004099883642813426
1590.5 0.0003401537318466882
1591 0.0003322140584065782
1591.5 0.0003242842938491042
1592 0.0003009320132669399
1592.5 0.0002544749093066296
1593 0.0002311956260643617
1593.5 0.0003388741578136871
1594 0.0001924213622624605
1594.5 0.0002307608436009606
1595 0.0002383033949205771
1595.5 0.0001843773357119079
1596 0.0001842618291614378
1596.5 0.0001918191990820434
1597 0.0001686952129940104
1597.5 0.0002298949500169137
1598 0.0001914592569582054
1598.5 0.0001530716010931819
1599 0.0001376782978307505
1599.5 0.0001299482223689357
1600 0.0001145885447825393
1600.5 0.0001603237446985028
1601 0.0001144454432731965
1601.5 0.0001372487916259278
1602 9.906226170581893e-05
1602.5 8.376961494483142e-05
1603 6.849602596581052e-05
1603.5 3.802962002887945e-05
1604 6.080946317566447e-05
1604.5 4.557867731863912e-05
1605 4.555028381219912e-05
1605.5 6.069588910580187e-05
1606 3.791131361422539e-05
1606.5 2.27326311511911e-05
1607 5.300980380775779e-05
1607.5 1.513623782471457e-05
1608 0
1608.5 2.26761350409336e-05
1609 7.554014640387118e-06
1609.5 7.549321977266674e-06
1610 7.544633685513692e-06
1610.5 7.53994975970043e-06
1611 0
1611.5 0
1612 7.525924123747777e-06
1612.5 7.521257607584176e-06
