33.6 26
33.8 51
34 188
34.2 240
34.4 717
34.6 2327
34.8 1700
35 3525
35.2 4346
35.4 3798
35.6 2580
35.8 9013
36 7667
36.2 13532
36.4 13277
36.6 17891
36.8 20214
37 20478
37.2 17571
37.4 28580
37.6 39262
37.8 39028
38 42374
38.2 54853
38.4 61805
38.6 69016
38.8 66169
39 85362
39.2 83800
39.4 95552
39.6 99457
39.8 103790
40 112529
40.2 114192
40.4 119098
40.6 134147
40.8 151933
41 141971
41.2 152992
41.4 162762
41.6 153755
41.8 179288
42 172580
42.2 189867
42.4 195745
42.6 196357
42.8 209367
43 222517
43.2 219618
43.4 213794
43.6 224531
43.8 243443
44 222226
44.2 235290
44.4 231092
44.6 231627
44.8 228593
45 226005
45.2 219340
45.4 220719
45.6 215169
45.8 209198
46 205523
46.2 208497
46.4 194465
46.6 194663
46.8 182060
47 176547
47.2 172325
47.4 166602
47.6 161575
47.8 153490
48 147244
48.2 141570
48.4 135453
48.6 130576
48.8 123927
49 119016
49.2 116486
49.4 112370
49.6 107563
49.8 102560
50 98143
50.2 93613
50.4 90736
50.6 86684
50.8 84891
51 82114
51.2 78385
51.4 76050
51.6 74399
51.8 71590
52 69393
52.2 67514
52.4 66051
52.6 63852
52.8 61758
53 60506
53.2 59087
53.4 58334
53.6 57053
53.8 56228
54 55354
54.2 53788
54.4 53317
54.6 52154
54.8 51226
55 50823
55.2 50900
55.4 49653
55.6 48771
55.8 48473
56 47137
56.2 47391
56.4 46408
56.6 46709
56.8 46398
57 46210
57.2 45838
57.4 45095
57.6 44908
57.8 44651
58 44269
58.2 44756
58.4 43799
58.6 44190
58.8 43413
59 43765
59.2 43266
59.4 43724
59.6 42859
59.8 42821
60 42555
60.2 42163
60.4 43055
60.6 42088
60.8 42424
61 42320
61.2 42120
61.4 42056
61.6 41845
61.8 41852
62 41834
62.2 41810
62.4 41728
62.6 41410
62.8 41890
63 41286
63.2 41100
63.4 41184
63.6 40855
63.8 40823
64 40904
64.2 41131
64.4 40710
64.6 40512
64.8 41001
65 40442
65.2 40891
65.4 40566
65.6 41138
65.8 40746
66 40511
66.2 40442
66.4 40127
66.6 39862
66.8 40443
67 40007
67.2 39778
67.4 40593
67.6 40390
67.8 39979
68 40233
68.2 40103
68.4 40119
68.6 40014
68.8 40078
69 40223
69.2 39972
69.4 40092
69.6 40158
69.8 39658
70 40145
70.2 40166
70.4 40174
70.6 39797
70.8 39749
71 39903
71.2 39816
71.4 39726
71.6 39492
71.8 39895
72 39879
72.2 39853
72.4 39584
72.6 39540
72.8 39751
73 39729
73.2 39589
73.4 40100
73.6 39751
73.8 39521
74 39280
74.2 39485
74.4 39920
74.6 39679
74.8 39521
75 39702
75.2 39563
75.4 39618
75.6 39526
75.8 39683
76 39420
76.2 39372
76.4 39498
76.6 39948
76.8 39411
77 39547
77.2 39761
77.4 39387
77.6 39446
77.8 39359
78 39552
78.2 39745
78.4 39201
78.6 39447
78.8 39783
79 39553
79.2 39854
79.4 39386
79.6 38973
79.8 39639
80 39625
80.2 39411
80.4 39669
80.6 39414
80.8 39630
81 39821
81.2 39334
81.4 39354
81.6 39346
81.8 39591
82 39733
82.2 39177
82.4 39318
82.6 39193
82.8 39779
83 39277
83.2 39263
83.4 39456
83.6 39229
83.8 39173
84 39524
84.2 39507
84.4 39548
84.6 39279
84.8 39149
85 39215
85.2 39198
85.4 39828
85.6 39354
85.8 39545
86 39731
86.2 39504
86.4 39594
86.6 39367
86.8 39332
87 39434
87.2 39222
87.4 39532
87.6 38959
87.8 39379
88 39451
88.2 39164
88.4 39376
88.6 39343
88.8 39182
89 39031
89.2 39375
89.4 39322
89.6 39711
89.8 39554
90 39558
90.2 39269
90.4 39469
90.6 38801
90.8 39015
91 39512
91.2 38991
91.4 38998
91.6 39200
91.8 39360
92 39546
92.2 39199
92.4 39072
92.6 39291
92.8 38907
93 38901
93.2 39132
93.4 39392
93.6 39490
93.8 38984
94 39081
94.2 39456
94.4 39030
94.6 39290
94.8 38815
95 39146
95.2 39024
95.4 39070
95.6 39027
95.8 39275
96 39193
96.2 38941
96.4 39364
96.6 39054
96.8 39501
97 38832
97.2 39107
97.4 39164
97.6 39452
97.8 39291
98 39101
98.2 38808
98.4 39091
98.6 39262
98.8 39362
99 39585
99.2 39187
99.4 39382
99.6 39175
99.8 38830
100 39177
100.2 39198
100.4 39121
100.6 39197
100.8 38754
101 38988
101.2 39219
101.4 39196
101.6 39235
101.8 39172
102 39310
102.2 39408
102.4 39299
102.6 38810
102.8 39173
103 39123
103.2 38926
103.4 39308
103.6 39143
103.8 39071
104 39100
104.2 39483
104.4 39405
104.6 39485
104.8 39085
105 39359
105.2 39742
105.4 39210
105.6 38877
105.8 39454
106 38948
106.2 39107
106.4 38872
106.6 39302
106.8 39040
107 39033
107.2 39293
107.4 39286
107.6 39071
107.8 39465
108 38959
108.2 39341
108.4 39373
108.6 38940
108.8 38831
109 39151
109.2 38783
109.4 39322
109.6 39330
109.8 39123
110 39044
110.2 38935
110.4 39079
110.6 39422
110.8 39251
111 39261
111.2 39049
111.4 39320
111.6 39358
111.8 39249
112 38867
112.2 38979
112.4 39139
112.6 39380
112.8 39067
113 39006
113.2 39422
113.4 39207
113.6 39236
113.8 39101
114 39291
114.2 38813
114.4 39127
114.6 39408
114.8 39222
115 39385
115.2 38883
115.4 39173
115.6 38806
115.8 39475
116 39144
116.2 39273
116.4 39111
116.6 39252
116.8 39479
117 39503
117.2 38868
117.4 39128
117.6 39258
117.8 39159
118 39249
118.2 39441
118.4 39441
118.6 39202
118.8 39127
119 39357
119.2 39243
119.4 39121
119.6 39203
119.8 39458
120 39185
120.2 39229
120.4 39005
120.6 39635
120.8 38871
121 39125
121.2 39263
121.4 39017
121.6 39318
121.8 39203
122 39125
122.2 39256
122.4 39236
122.6 39089
122.8 39119
123 38825
123.2 38618
123.4 39033
123.6 38982
123.8 38780
124 39095
124.2 39041
124.4 39052
124.6 39410
124.8 38790
125 39538
125.2 39076
125.4 39095
125.6 39344
125.8 38897
126 38961
126.2 39029
126.4 39066
126.6 39179
126.8 39203
127 39004
127.2 39170
127.4 39116
127.6 39408
127.8 39277
128 39445
128.2 38871
128.4 39611
128.6 39087
128.8 39203
129 39086
129.2 39138
129.4 39344
129.6 39325
129.8 39265
130 39293
130.2 38980
130.4 39159
130.6 38901
130.8 39148
131 39170
131.2 39374
131.4 39054
131.6 39103
131.8 39176
132 39153
132.2 39272
132.4 39047
132.6 39550
132.8 39390
133 38883
133.2 39011
133.4 39483
133.6 38993
133.8 39207
134 39161
134.2 39126
134.4 39343
134.6 39088
134.8 39294
135 39152
135.2 38829
135.4 39066
135.6 39218
135.8 38985
136 39154
136.2 39256
136.4 39427
136.6 38951
136.8 39276
137 39301
137.2 38890
137.4 38948
137.6 39220
137.8 39020
138 39474
138.2 38948
138.4 38879
138.6 39025
138.8 39108
139 39126
139.2 39188
139.4 38925
139.6 39063
139.8 38994
140 39203
140.2 38968
140.4 39043
140.6 39080
140.8 38940
141 39155
141.2 39001
141.4 39103
141.6 39024
141.8 39313
142 38956
142.2 39271
142.4 39595
142.6 39134
142.8 39245
143 38840
143.2 39152
143.4 39307
143.6 39308
143.8 39253
144 39149
144.2 39119
144.4 39165
144.6 39415
144.8 38839
145 39267
145.2 38848
145.4 39166
145.6 39524
145.8 39024
146 39106
146.2 39243
146.4 39427
146.6 39385
146.8 39151
147 39135
147.2 39228
147.4 39066
147.6 38896
147.8 39108
148 39006
148.2 39008
148.4 39101
148.6 39271
148.8 39051
149 39301
149.2 39058
149.4 39313
149.6 38829
149.8 39401
150 39112
150.2 38928
150.4 38953
150.6 38816
150.8 39165
151 39012
151.2 39246
151.4 39046
151.6 39234
151.8 39120
152 39154
152.2 38931
152.4 38982
152.6 39242
152.8 39016
153 39431
153.2 39183
153.4 39118
153.6 39035
153.8 39021
154 39228
154.2 39401
154.4 39105
154.6 39128
154.8 39283
155 39107
155.2 39682
155.4 39216
155.6 38885
155.8 39253
156 39403
156.2 39008
156.4 39144
156.6 39246
156.8 39293
157 39082
157.2 39150
157.4 39058
157.6 39296
157.8 39092
158 38744
158.2 39019
158.4 39033
158.6 39017
158.8 38953
159 39069
159.2 39255
159.4 38977
159.6 39063
159.8 39163
160 39314
160.2 38988
160.4 38892
160.6 39129
160.8 39029
161 39106
161.2 39001
161.4 39179
161.6 39369
161.8 38720
162 39308
162.2 39350
162.4 39042
162.6 39409
162.8 39169
163 39237
163.2 39249
163.4 38979
163.6 39361
163.8 39110
164 38859
164.2 39201
164.4 39008
164.6 39309
164.8 38971
165 38986
165.2 39141
165.4 38782
165.6 38981
165.8 39014
166 39102
166.2 38614
166.4 38977
166.6 38818
166.8 39236
167 39000
167.2 39378
167.4 39166
167.6 39214
167.8 39120
168 39028
168.2 39107
168.4 39519
168.6 39553
168.8 39412
169 38799
169.2 39168
169.4 38953
169.6 39122
169.8 38975
170 39393
170.2 39151
170.4 39161
170.6 38986
170.8 39213
171 38700
171.2 39204
171.4 38863
171.6 39250
171.8 38989
172 39047
172.2 39255
172.4 39188
172.6 39037
172.8 38786
173 38851
173.2 39152
173.4 39269
173.6 39012
173.8 38866
174 39325
174.2 39028
174.4 38813
174.6 39268
174.8 39190
175 38826
175.2 39152
175.4 38778
175.6 39310
175.8 39127
176 39064
176.2 39385
176.4 39083
176.6 39320
176.8 39130
177 38824
177.2 39845
177.4 39071
177.6 39579
177.8 38895
178 38983
178.2 39151
178.4 39309
178.6 39081
178.8 38963
179 38934
179.2 39322
179.4 39143
179.6 38880
179.8 38994
180 39030
180.2 39338
180.4 39009
180.6 39415
180.8 39262
181 39152
181.2 39115
181.4 39325
181.6 39347
181.8 39042
182 39431
182.2 38722
182.4 38988
182.6 38767
182.8 39554
183 39223
183.2 39027
183.4 39518
183.6 39004
183.8 38938
184 39412
184.2 38810
184.4 39067
184.6 38960
184.8 38999
185 39303
185.2 38951
185.4 39359
185.6 39251
185.8 39182
186 39136
186.2 39019
186.4 39204
186.6 39066
186.8 38926
187 38972
187.2 39235
187.4 38660
187.6 39080
187.8 39417
188 39204
188.2 39045
188.4 39202
188.6 39193
188.8 39200
189 39339
189.2 38956
189.4 39077
189.6 38943
189.8 38952
190 38885
190.2 39303
190.4 38798
190.6 39287
190.8 39126
191 38740
191.2 38935
191.4 39076
191.6 38970
191.8 39094
192 38972
192.2 39007
192.4 38983
192.6 38790
192.8 39932
193 39009
193.2 38835
193.4 39142
193.6 39030
193.8 39090
194 39241
194.2 39265
194.4 39487
194.6 39274
194.8 39512
195 38966
195.2 39139
195.4 39002
195.6 38876
195.8 39292
196 38976
196.2 38993
196.4 39252
196.6 39217
196.8 39586
197 39228
197.2 39212
197.4 38999
197.6 39017
197.8 39493
198 38796
198.2 39180
198.4 38842
198.6 38971
198.8 39514
199 39059
199.2 39196
199.4 39238
199.6 39272
199.8 38723
200 39111
200.2 38953
200.4 39101
200.6 38939
200.8 39017
201 38865
201.2 39293
201.4 39065
201.6 38956
201.8 39030
202 39126
202.2 39120
202.4 39085
202.6 38724
202.8 38983
203 39112
203.2 38806
203.4 39147
203.6 39111
203.8 39217
204 39085
204.2 39168
204.4 39252
204.6 39016
204.8 39185
205 38993
205.2 39010
205.4 38906
205.6 39379
205.8 38774
206 38967
206.2 39171
206.4 39066
206.6 39042
206.8 39152
207 39073
207.2 39178
207.4 39214
207.6 38896
207.8 39281
208 38635
208.2 38954
208.4 39130
208.6 38853
208.8 38875
209 38935
209.2 39028
209.4 39518
209.6 39081
209.8 39196
210 38845
210.2 38923
210.4 39234
210.6 39151
210.8 39378
211 39559
211.2 39072
211.4 39219
211.6 39231
211.8 39025
212 38879
212.2 39355
212.4 39209
212.6 39050
212.8 38901
213 39440
213.2 39339
213.4 39302
213.6 39147
213.8 39352
214 38969
214.2 38942
214.4 39215
214.6 39014
214.8 38903
215 38968
215.2 39033
215.4 38689
215.6 38885
215.8 39168
216 39438
216.2 38886
216.4 39012
216.6 39174
216.8 39209
217 39030
217.2 39293
217.4 39086
217.6 39058
217.8 39312
218 39009
218.2 39079
218.4 38514
218.6 38751
218.8 38973
219 39053
219.2 39354
219.4 39456
219.6 38984
219.8 39475
220 39025
220.2 38964
220.4 39368
220.6 39065
220.8 39164
221 39127
221.2 39142
221.4 39140
221.6 39153
221.8 38958
222 38771
222.2 39073
222.4 39285
222.6 39275
222.8 39211
223 39164
223.2 39181
223.4 39066
223.6 38914
223.8 38722
224 39275
224.2 39055
224.4 39088
224.6 38864
224.8 38958
225 39292
225.2 38915
225.4 38754
225.6 39030
225.8 39394
226 39208
226.2 39261
226.4 39053
226.6 39127
226.8 39554
227 39245
227.2 38726
227.4 39111
227.6 39208
227.8 39186
228 39173
228.2 39055
228.4 39136
228.6 39157
228.8 39439
229 39046
229.2 39026
229.4 39092
229.6 39159
229.8 39243
230 39257
230.2 39024
230.4 39128
230.6 39297
230.8 39153
231 39008
231.2 38835
231.4 39022
231.6 38835
231.8 39023
232 39096
232.2 39139
232.4 39296
232.6 39079
232.8 38825
233 39165
233.2 39364
233.4 39184
233.6 39182
233.8 39088
234 39190
234.2 39122
234.4 38993
234.6 38794
234.8 38902
235 39226
235.2 39290
235.4 38892
235.6 38937
235.8 38940
236 39151
236.2 39296
236.4 39345
236.6 39473
236.8 39396
237 38910
237.2 39037
237.4 38959
237.6 38923
237.8 38791
238 39033
238.2 38930
238.4 38880
238.6 38987
238.8 39276
239 38595
239.2 39135
239.4 39207
239.6 39357
239.8 39171
240 39256
240.2 39079
240.4 39335
240.6 38911
240.8 39335
241 39227
241.2 39373
241.4 39213
241.6 38789
241.8 39090
242 39011
242.2 38963
242.4 39189
242.6 39063
242.8 39401
243 38713
243.2 39085
243.4 39065
243.6 39298
243.8 39296
244 38852
244.2 39322
244.4 39184
244.6 39002
244.8 38720
245 39169
245.2 38829
245.4 39097
245.6 38944
245.8 39014
246 39317
246.2 39247
246.4 39182
246.6 39047
246.8 39253
247 39039
247.2 39156
247.4 39208
247.6 39277
247.8 39018
248 38987
248.2 39069
248.4 39131
248.6 38878
248.8 39317
249 38920
249.2 39015
249.4 39327
249.6 39378
249.8 39024
250 39192
