33.4 24
33.8 7
34 16
34.4 10
34.6 25
34.8 40
35 50
35.2 102
35.4 134
35.6 116
35.8 194
36 165
36.2 201
36.4 267
36.6 2411
36.8 4208
37 5649
37.2 7398
37.4 16462
37.6 30058
37.8 33146
38 65607
38.2 54980
38.4 87715
38.6 137999
38.8 172705
39 253913
39.2 454923
39.4 473438
39.6 556179
39.8 668478
40 726069
40.2 752148
40.4 880932
40.6 872399
40.8 876403
41 882733
41.2 954426
41.4 968258
41.6 973998
41.8 1056525
42 1058720
42.2 1028005
42.4 1141797
42.6 1072901
42.8 1036474
43 979246
43.2 914897
43.4 732508
43.6 710621
43.8 584862
44 492386
44.2 452836
44.4 413728
44.6 364541
44.8 336553
45 294967
45.2 257674
45.4 234755
45.6 207073
45.8 174012
46 145788
46.2 134435
46.4 121704
46.6 106483
46.8 103055
47 93609
47.2 85220
47.4 76297
47.6 67781
47.8 68100
48 59420
48.2 57620
48.4 56936
48.6 52385
48.8 50775
49 51616
49.2 44984
49.4 42971
49.6 40571
49.8 40598
50 38220
50.2 37797
50.4 36851
50.6 34083
50.8 33899
51 32993
51.2 32921
51.4 31585
51.6 30917
51.8 30673
52 30463
52.2 29997
52.4 28456
52.6 29025
52.8 28166
53 27570
53.2 27347
53.4 27298
53.6 26682
53.8 26602
54 26439
54.2 26052
54.4 25956
54.6 25429
54.8 25273
55 25319
55.2 24962
55.4 24935
55.6 24915
55.8 24482
56 24600
56.2 24493
56.4 24701
56.6 24454
56.8 24610
57 24349
57.2 24554
57.4 24318
57.6 24254
57.8 24109
58 23661
58.2 23653
58.4 24192
58.6 23873
58.8 23635
59 23780
59.2 23853
59.4 23878
59.6 23962
59.8 23814
60 23795
60.2 23692
60.4 24068
60.6 23701
60.8 23650
61 23748
61.2 24147
61.4 23895
61.6 23774
61.8 23938
62 23748
62.2 23385
62.4 23781
62.6 23680
62.8 23963
63 23361
63.2 24079
63.4 23776
63.6 23985
63.8 23776
64 23484
64.2 23748
64.4 23823
64.6 23814
64.8 23742
65 23601
65.2 23578
65.4 23768
65.6 23763
65.8 23832
66 23862
66.2 23667
66.4 23782
66.6 23895
66.8 23840
67 23614
67.2 23836
67.4 23816
67.6 24145
67.8 23689
68 23723
68.2 23985
68.4 23778
68.6 23875
68.8 23582
69 23589
69.2 23693
69.4 24144
69.6 23457
69.8 23824
70 23783
70.2 23580
70.4 23511
70.6 23971
70.8 23870
71 23967
71.2 23970
71.4 23664
71.6 23764
71.8 23772
72 23756
72.2 23390
72.4 23505
72.6 23837
72.8 23985
73 23722
73.2 23723
73.4 23539
73.6 23731
73.8 23659
74 23558
74.2 23953
74.4 23755
74.6 23727
74.8 23742
75 23688
75.2 23382
75.4 23956
75.6 23841
75.8 23701
76 23805
76.2 23705
76.4 23634
76.6 23886
76.8 23885
77 23892
77.2 24138
77.4 24027
77.6 23620
77.8 23884
78 23955
78.2 24110
78.4 23850
78.6 23752
78.8 23727
79 24066
79.2 23619
79.4 23816
79.6 24006
79.8 23885
80 23677
80.2 23732
80.4 23922
80.6 24078
80.8 24063
81 23783
81.2 23945
81.4 23817
81.6 23757
81.8 23826
82 23743
82.2 23743
82.4 24056
82.6 23750
82.8 23880
83 23886
83.2 23901
83.4 23902
83.6 23647
83.8 23801
84 23950
84.2 23665
84.4 23570
84.6 23837
84.8 23629
85 23755
85.2 23850
85.4 23717
85.6 23625
85.8 23533
86 24103
86.2 23946
86.4 23898
86.6 23632
86.8 23762
87 23797
87.2 23993
87.4 24006
87.6 23804
87.8 24032
88 23834
88.2 24070
88.4 23729
88.6 23886
88.8 23877
89 23786
89.2 23744
89.4 23820
89.6 23558
89.8 23827
90 23683
90.2 23765
90.4 23818
90.6 23853
90.8 23690
91 23691
91.2 23758
91.4 24005
91.6 24054
91.8 23614
92 23653
92.2 24003
92.4 23813
92.6 24105
92.8 23646
93 23789
93.2 23700
93.4 23910
93.6 23675
93.8 23824
94 23837
94.2 23779
94.4 23913
94.6 23783
94.8 24044
95 23969
95.2 23763
95.4 23475
95.6 23950
95.8 24046
96 23583
96.2 23752
96.4 23981
96.6 23833
96.8 24209
97 23927
97.2 24020
97.4 23682
97.6 23587
97.8 24071
98 23876
98.2 23947
98.4 23703
98.6 23948
98.8 23544
99 23863
99.2 23983
99.4 23585
99.6 24143
99.8 23634
100 23745
100.2 23892
100.4 23764
100.6 23810
100.8 23781
101 23802
101.2 23914
101.4 23737
101.6 23691
101.8 23817
102 23948
102.2 23606
102.4 23918
102.6 23881
102.8 23640
103 23812
103.2 23853
103.4 23754
103.6 23596
103.8 23723
104 23887
104.2 23814
104.4 23619
104.6 23894
104.8 23581
105 23594
105.2 23997
105.4 23612
105.6 23778
105.8 23646
106 23768
106.2 23712
106.4 23691
106.6 23636
106.8 23726
107 24049
107.2 23846
107.4 23669
107.6 23737
107.8 23805
108 23742
108.2 23591
108.4 24008
108.6 23554
108.8 23364
109 24021
109.2 23787
109.4 23907
109.6 23923
109.8 23591
110 23692
110.2 23709
110.4 23887
110.6 23797
110.8 23893
111 23838
111.2 23575
111.4 23496
111.6 23852
111.8 23886
112 23777
112.2 23903
112.4 23763
112.6 23702
112.8 24048
113 23847
113.2 24034
113.4 23602
113.6 23664
113.8 23752
114 23676
114.2 23693
114.4 23734
114.6 23979
114.8 23960
115 23592
115.2 24000
115.4 24003
115.6 23554
115.8 23735
116 23645
116.2 23774
116.4 23741
116.6 23697
116.8 23709
117 23993
117.2 23383
117.4 23763
117.6 24066
117.8 23608
118 23745
118.2 23966
118.4 23810
118.6 23627
118.8 23714
119 24074
119.2 23808
119.4 23920
119.6 23792
119.8 24000
120 23899
120.2 23918
120.4 23978
120.6 23576
120.8 24040
121 23971
121.2 23851
121.4 23861
121.6 23676
121.8 23917
122 23981
122.2 24071
122.4 23726
122.6 23686
122.8 23694
123 23723
123.2 24066
123.4 23707
123.6 23716
123.8 23800
124 23795
124.2 24058
124.4 23737
124.6 23727
124.8 23890
125 24012
125.2 24076
125.4 23805
125.6 23770
125.8 23703
126 23942
126.2 24015
126.4 23885
126.6 23932
126.8 24120
127 23774
127.2 23804
127.4 23737
127.6 23716
127.8 23838
128 23538
128.2 23892
128.4 23909
128.6 23830
128.8 23757
129 23837
129.2 23693
129.4 23881
129.6 23915
129.8 24027
130 23592
130.2 23817
130.4 23854
130.6 23773
130.8 23994
131 24002
131.2 23989
131.4 23747
131.6 23787
131.8 23853
132 23847
132.2 23650
132.4 23907
132.6 24213
132.8 23917
133 23930
133.2 23622
133.4 24207
133.6 23801
133.8 23767
134 23814
134.2 23690
134.4 23891
134.6 23732
134.8 23673
135 23769
135.2 23903
135.4 23445
135.6 23696
135.8 24146
136 23788
136.2 23998
136.4 23704
136.6 23792
136.8 24121
137 24012
137.2 23887
137.4 23894
137.6 24055
137.8 23899
138 23886
138.2 24149
138.4 24000
138.6 24035
138.8 23918
139 23725
139.2 23882
139.4 24163
139.6 23971
139.8 23844
140 23905
140.2 23900
140.4 23781
140.6 23895
140.8 23951
141 23900
141.2 23733
141.4 23842
141.6 23851
141.8 23848
142 23997
142.2 24031
142.4 23882
142.6 23806
142.8 23975
143 23930
143.2 23720
143.4 24037
143.6 23984
143.8 24187
144 23752
144.2 23910
144.4 24200
144.6 23923
144.8 23847
145 23815
145.2 24021
145.4 23521
145.6 23612
145.8 23880
146 23863
146.2 23745
146.4 23952
146.6 23925
146.8 24271
147 24009
147.2 23843
147.4 23884
147.6 24029
147.8 23747
148 23719
148.2 23745
148.4 23679
148.6 23821
148.8 24009
149 23615
149.2 23854
149.4 24036
149.6 24015
149.8 23932
150 23884
150.2 24008
150.4 23876
150.6 23847
150.8 24248
151 23788
151.2 24012
151.4 24057
151.6 24054
151.8 23918
152 23874
152.2 23707
152.4 23815
152.6 23932
152.8 23933
153 23744
153.2 23641
153.4 24347
153.6 23899
153.8 23968
154 23917
154.2 24056
154.4 24014
154.6 23897
154.8 23859
155 23901
155.2 23917
155.4 24338
155.6 23881
155.8 23911
156 24039
156.2 23915
156.4 23786
156.6 23970
156.8 23748
157 23887
157.2 24029
157.4 23465
157.6 24090
157.8 24031
158 23725
158.2 23679
158.4 23822
158.6 23896
158.8 23911
159 23582
159.2 23950
159.4 23558
159.6 23762
159.8 23988
160 24084
160.2 23948
160.4 23837
160.6 23782
160.8 23886
161 24101
161.2 23763
161.4 23776
161.6 23835
161.8 23731
162 23579
162.2 23770
162.4 23679
162.6 23641
162.8 23972
163 23736
163.2 23757
163.4 23972
163.6 24035
163.8 23843
164 24115
164.2 24113
164.4 23987
164.6 23953
164.8 23824
165 23728
165.2 23909
165.4 23794
165.6 23747
165.8 23953
166 24020
166.2 23905
166.4 23697
166.6 24196
166.8 24079
167 23821
167.2 23931
167.4 23828
167.6 23845
167.8 23724
168 24009
168.2 23970
168.4 23908
168.6 23919
168.8 23689
169 23857
169.2 23925
169.4 23803
169.6 24258
169.8 23867
170 24124
170.2 23981
170.4 24001
170.6 24048
170.8 23775
171 23876
171.2 23729
171.4 24056
171.6 23839
171.8 23858
172 23611
172.2 23946
172.4 23749
172.6 23661
172.8 23993
173 23843
173.2 23892
173.4 23789
173.6 23946
173.8 24126
174 23758
174.2 23839
174.4 23845
174.6 23608
174.8 23858
175 23695
175.2 24022
175.4 23757
175.6 23955
175.8 24078
176 23811
176.2 23799
176.4 24107
176.6 23751
176.8 23805
177 24215
177.2 23947
177.4 23973
177.6 23705
177.8 23857
178 23933
178.2 23898
178.4 23839
178.6 23830
178.8 24018
179 23574
179.2 23854
179.4 23974
179.6 23881
179.8 23911
180 23943
180.2 23826
180.4 23690
180.6 23679
180.8 23798
181 23830
181.2 23567
181.4 23779
181.6 23870
181.8 24052
182 23968
182.2 23936
182.4 23691
182.6 24105
182.8 23915
183 23778
183.2 23880
183.4 23757
183.6 23922
183.8 23888
184 23778
184.2 23829
184.4 24063
184.6 23911
184.8 23887
185 23697
185.2 23923
185.4 23909
185.6 23529
185.8 24211
186 23799
186.2 23881
186.4 23691
186.6 24049
186.8 23996
187 23597
187.2 23880
187.4 23862
187.6 24071
187.8 23905
188 23902
188.2 24120
188.4 23583
188.6 23798
188.8 23811
189 24107
189.2 24105
189.4 24201
189.6 24028
189.8 23795
190 23635
190.2 23775
190.4 23925
190.6 23862
190.8 23614
191 24026
191.2 23559
191.4 23572
191.6 24027
191.8 23662
192 23899
192.2 24002
192.4 24193
192.6 23725
192.8 23679
193 24045
193.2 23705
193.4 23983
193.6 24023
193.8 23828
194 23630
194.2 23914
194.4 23921
194.6 23803
194.8 23778
195 23828
195.2 23833
195.4 24098
195.6 23787
195.8 23806
196 24008
196.2 23955
196.4 23938
196.6 23842
196.8 23843
197 23851
197.2 23741
197.4 24088
197.6 23743
197.8 23975
198 23654
198.2 24000
198.4 23648
198.6 23686
198.8 23698
199 23833
199.2 23798
199.4 23688
199.6 23691
199.8 23741
200 23994
200.2 23787
200.4 23894
200.6 23705
200.8 23949
201 23774
201.2 23828
201.4 23821
201.6 23914
201.8 24060
202 23998
202.2 23928
202.4 23548
202.6 23855
202.8 23841
203 23954
203.2 23977
203.4 23608
203.6 23723
203.8 24098
204 23794
204.2 24022
204.4 24056
204.6 23890
204.8 23878
205 23986
205.2 24102
205.4 23889
205.6 23713
205.8 24047
206 23851
206.2 23738
206.4 23983
206.6 24040
206.8 24049
207 23847
207.2 23950
207.4 23908
207.6 24123
207.8 23990
208 24268
208.2 23954
208.4 23741
208.6 23993
208.8 23620
209 23705
209.2 24078
209.4 23778
209.6 23893
209.8 23891
210 23571
210.2 23830
210.4 23916
210.6 23760
210.8 23948
211 24030
211.2 24089
211.4 23713
211.6 24187
211.8 24072
212 23796
212.2 24295
212.4 23693
212.6 23702
212.8 23845
213 24025
213.2 23753
213.4 23880
213.6 23720
213.8 23919
214 23820
214.2 23952
214.4 23687
214.6 23984
214.8 24059
215 24020
215.2 24090
215.4 24091
215.6 23907
215.8 23991
216 24006
216.2 23982
216.4 23993
216.6 23879
216.8 23706
217 23875
217.2 23978
217.4 24107
217.6 23922
217.8 23727
218 24136
218.2 23801
218.4 24075
218.6 23932
218.8 24207
219 23794
219.2 24171
219.4 24132
219.6 23525
219.8 23841
220 23639
220.2 24011
220.4 23858
220.6 23783
220.8 24018
221 24163
221.2 23948
221.4 23974
221.6 23759
221.8 23913
222 23566
222.2 24048
222.4 23802
222.6 23961
222.8 23997
223 23832
223.2 23628
223.4 23792
223.6 23929
223.8 23758
224 23802
224.2 23957
224.4 23867
224.6 24170
224.8 24078
225 23925
225.2 24056
225.4 24200
225.6 24105
225.8 23626
226 24018
226.2 23974
226.4 24157
226.6 23786
226.8 24052
227 23871
227.2 23807
227.4 23693
227.6 23699
227.8 23754
228 23970
228.2 23911
228.4 23785
228.6 23708
228.8 24025
229 24066
229.2 23898
229.4 23908
229.6 23970
229.8 24272
230 24046
230.2 23966
230.4 23546
230.6 23954
230.8 23997
231 23764
231.2 23914
231.4 23851
231.6 23925
231.8 23876
232 24032
232.2 24165
232.4 24038
232.6 23781
232.8 23754
233 24115
233.2 24207
233.4 24029
233.6 24036
233.8 24112
234 23789
234.2 23974
234.4 24041
234.6 23869
234.8 24002
235 23793
235.2 24031
235.4 24187
235.6 24042
235.8 23786
236 23734
236.2 23804
236.4 24225
236.6 23916
236.8 23890
237 23887
237.2 23824
237.4 24111
237.6 24157
237.8 23961
238 23886
238.2 24124
238.4 23748
238.6 24095
238.8 23611
239 23993
239.2 24092
239.4 24012
239.6 23801
239.8 23953
240 24068
240.2 24282
240.4 23903
240.6 24091
240.8 23947
241 24058
241.2 24173
241.4 23939
241.6 24008
241.8 24114
242 24187
242.2 24055
242.4 24320
242.6 23925
242.8 23980
243 23806
243.2 24075
243.4 23746
243.6 24059
243.8 24012
244 23949
244.2 23713
244.4 23977
244.6 23994
244.8 23669
245 24059
245.2 24203
245.4 23831
245.6 23904
245.8 24028
246 23899
246.2 23940
246.4 23920
246.6 24122
246.8 23766
247 24217
247.2 24061
247.4 23913
247.6 23838
247.8 23845
248 24005
248.2 23887
248.4 24137
248.6 23733
248.8 23934
249 23876
249.2 23868
249.4 23946
249.6 24092
249.8 23834
250 24058
