0.00267998 1.13017
0.00379007 1.14614
0.00464187 1.13688
0.00535997 1.14071
0.00758014 1.13172
0.00803995 1.1385
0.00928373 1.13954
0.0107199 1.13569
0.0113702 1.13908
0.0133999 1.13345
0.0139256 1.13489
0.0151603 1.13272
0.0160799 1.12981
0.0185675 1.13417
0.0187599 1.1358
0.0189503 1.13304
0.0214399 1.12791
0.0227404 1.12079
0.0232093 1.12432
0.0241198 1.11803
0.0265305 1.12012
0.0267998 1.11547
0.0278512 1.11537
0.0294798 1.11232
0.0303205 1.11239
0.0321598 1.11389
0.0324931 1.10572
0.0341106 1.10662
0.0348398 1.10936
0.0371349 1.10311
0.0375198 1.09186
0.0379007 1.09286
0.0401997 1.0896
0.0416908 1.09635
0.0417768 1.09217
0.0428797 1.08649
0.0454808 1.08316
0.0455597 1.08025
0.0464187 1.08211
0.0482397 1.07665
0.0492709 1.08121
0.0509197 1.07456
0.0510605 1.07167
0.053061 1.06471
0.0535997 1.05986
0.0557024 1.05905
0.0562796 1.06094
0.056851 1.05511
0.0589596 1.05531
0.0603443 1.0546
0.0606411 1.0424
0.0616396 1.0428
0.0643196 1.02856
0.0644312 1.04257
0.0649861 1.03474
0.0669996 1.03221
0.0682212 1.033
0.069628 1.02489
0.0696796 1.02526
0.0720113 1.02449
0.0723595 1.01735
0.0742699 1.01663
0.0750395 1.00751
0.0758014 1.01059
0.0777195 1.00163
0.0789117 1.0051
0.0795914 1.00735
0.0803995 1.0057
0.0830795 1.00223
0.0833815 1.00033
0.0835536 1.00543
0.0857595 1.00261
0.0871716 0.993132
0.0881955 0.985474
0.0884394 0.988495
0.0909616 0.990457
0.0911194 0.995846
0.0928373 0.982042
0.0937994 0.985722
0.0947517 0.980626
0.0964794 0.982565
0.0974792 0.982341
0.0985418 0.975353
0.0991594 0.977855
0.101839 0.971925
0.102121 0.973552
0.102332 0.977146
0.104519 0.97927
0.106122 0.969741
0.106763 0.975847
0.107199 0.975462
0.109879 0.978403
0.109912 0.972217
0.111405 0.968096
0.112559 0.976205
0.113702 0.972166
0.115239 0.968154
0.116047 0.972122
0.117492 0.970011
0.117919 0.969239
0.120599 0.970934
0.120689 0.967113
0.121282 0.965946
0.123279 0.974859
0.125072 0.96721
0.12533 0.970203
0.125959 0.97288
0.128639 0.971348
0.128862 0.965337
0.129972 0.968734
0.131319 0.963727
0.132652 0.968218
0.133999 0.971091
0.134614 0.976237
0.136442 0.975581
0.136679 0.97629
0.139256 0.972369
0.139359 0.973136
0.140233 0.978409
0.142039 0.969242
0.143898 0.981082
0.144023 0.976989
0.144719 0.973409
0.147399 0.991859
0.147813 0.978576
0.14854 0.98257
0.150079 0.986246
0.151603 0.987515
0.152759 0.992842
0.153182 0.991082
0.155393 0.984473
0.155439 0.988825
0.157823 0.993074
0.158119 0.994666
0.159183 0.990041
0.160799 0.987049
0.162465 0.999273
0.162973 0.989415
0.163479 1.0007
0.166159 0.998987
0.166763 0.99834
0.167107 0.998285
0.168839 1.00464
0.170553 0.998989
0.171519 1.00506
0.171749 0.99939
0.174199 1.00463
0.174343 1.00412
0.176391 1.00259
0.176879 1.00983
0.178133 1.00813
0.179559 1.00813
0.181033 1.01508
0.181923 1.01265
0.182239 1.01771
0.184919 1.01334
0.185675 1.01531
0.185713 1.01582
0.187599 1.01375
0.189503 1.012
0.190279 1.01308
0.190317 1.00835
0.192959 1.01481
0.193293 1.01498
0.194958 1.01339
0.195639 1.01851
0.197084 1.0179
0.198319 1.02056
0.1996 1.02097
0.200874 1.0138
0.200999 1.01393
0.203679 1.01725
0.204242 1.01799
0.204664 1.01471
0.206359 1.02085
0.208454 1.01885
0.208884 1.01179
0.209039 1.01785
0.211719 1.01115
0.212244 1.0152
0.213526 1.01525
0.214399 1.02053
0.216034 1.01613
0.217079 1.01655
0.218168 1.01702
0.219759 1.01401
0.219824 1.01439
0.222439 1.02003
0.22281 1.01077
0.223614 1.01739
0.225119 1.01019
0.227404 1.01305
0.227451 1.01029
0.227799 1.01107
0.230479 1.011
0.231194 1.00932
0.232093 1.01252
0.233159 1.00967
0.234984 1.00655
0.235839 1.0098
0.236735 1.01722
0.238518 1.01111
0.238774 1.00811
0.241198 1.01066
0.241377 1.00695
0.242564 1.0069
0.243878 0.999508
0.246019 1.00879
0.246354 1.00097
0.246558 1.00875
0.249238 1.00093
0.250145 1.00002
0.250661 0.996031
0.251918 0.999401
0.253935 0.997412
0.254598 0.997123
0.255303 0.991345
0.257278 0.999264
0.257725 1.00437
0.259945 0.999634
0.259958 1.00075
0.261515 1.00077
0.262638 0.996803
0.264586 1.0016
0.265305 0.998515
0.265318 0.999513
0.267998 0.98919
0.269095 0.995404
0.269228 0.99803
0.270678 0.993432
0.272885 0.989396
0.273358 0.992397
0.27387 0.987644
0.276038 0.989777
0.276675 0.991568
0.278512 0.987288
0.278718 0.991019
0.280465 0.988657
0.281398 0.985175
0.283154 0.993108
0.284078 0.988645
0.284255 0.988199
0.286758 0.985887
0.287796 0.988992
0.288045 0.991878
0.289438 0.985286
0.291835 0.98828
0.292118 0.986823
0.292438 0.991672
0.294798 0.991266
0.295625 0.988538
0.297079 0.990867
0.297478 0.987196
0.299415 0.990106
0.300158 0.98945
0.301721 0.992104
0.302838 0.986995
0.303205 0.987596
0.305518 0.989392
0.306363 0.989717
0.306996 0.99184
0.308198 0.995692
0.310786 0.987107
0.310878 0.983683
0.311005 0.994429
0.313558 0.986387
0.314576 0.990609
0.315647 0.9872
0.316238 0.994755
0.318366 0.991685
0.318918 0.989883
0.320289 0.989108
0.321598 1.00218
0.322156 0.99739
0.324278 0.991599
0.324931 0.990871
0.325946 0.993316
0.326958 0.996445
0.329573 0.997352
0.329638 0.998955
0.329736 0.997045
0.332318 1.00514
0.333526 0.993217
0.334214 0.997746
0.334998 1.00175
0.337316 1.00247
0.337678 0.996189
0.338856 0.995246
0.340358 0.999619
0.341106 1.00172
0.343038 0.999493
0.343498 1.00251
0.344896 1.00453
0.345718 0.999248
0.34814 0.999711
0.348398 1.00502
0.348686 0.999461
0.351078 1.01054
0.352476 1.01248
0.352782 0.999181
0.353758 1.01316
0.356266 0.99977
0.356438 1.0047
0.357424 1.00497
0.359118 1.00827
0.360057 1.00352
0.361798 1.00228
0.362066 0.999177
0.363847 1.00571
0.364478 1.00113
0.366707 1.0068
0.367158 1.01028
0.367637 1.00623
0.369838 0.999229
0.371349 1.00471
0.371427 1.00945
0.372518 1.00729
0.375198 1.00614
0.375217 1.00795
0.375991 1.00238
0.377878 1.01806
0.379007 1.00646
0.380558 1.01598
0.380633 1.00698
0.382797 1.00529
0.383238 1.00288
0.385275 1.00119
0.385918 1.01031
0.386587 1.00588
0.388598 1.00227
0.389917 1.01161
0.390377 1.00975
0.391278 1.00544
0.393958 1.0103
0.394167 1.00691
0.394559 1.01226
0.396638 1.00756
0.397957 1.00295
0.399201 1.01062
0.399317 1.00345
0.401747 1.00987
0.401997 1.00912
0.403842 1.00235
0.404677 1.01028
0.405537 1.00371
0.407357 1.00386
0.408484 1.00608
0.409327 1.00547
0.410037 1.00738
0.412717 1.00808
0.413117 1.00482
0.413126 1.00279
0.415397 1.00886
0.416908 1.00576
0.417768 1.00407
0.418077 1.00282
0.420698 1.00338
0.420757 1.01272
0.42241 1.00138
0.423437 1.00008
0.424488 1.00125
0.426117 1.00538
0.427052 1.00071
0.428278 0.99451
0.428797 1.00266
0.431477 0.993854
0.431694 1.0006
0.432068 0.999882
0.434157 0.997282
0.435858 0.998056
0.436335 0.993015
0.436837 1.00122
0.439517 0.995857
0.439648 0.998218
0.440977 0.99281
0.442197 0.988834
0.443438 0.998958
0.444877 0.990313
0.445619 0.995981
0.447228 0.992438
0.447557 0.992268
0.450237 0.99567
0.450261 0.996736
0.451018 0.99322
0.452917 1.00012
0.454808 0.993078
0.454903 0.991891
0.455597 0.996036
0.458277 0.994468
0.458598 0.996366
0.459545 0.995636
0.460957 0.990477
0.462388 0.993106
0.463637 0.995689
0.464187 0.991063
0.466178 0.994296
0.466317 0.99039
0.468829 0.989982
0.468997 0.992637
0.469968 0.992456
0.471677 0.99698
0.47347 0.997383
0.473759 0.991672
0.474357 0.99512
0.477037 0.995603
0.477549 0.99002
0.478112 0.991737
0.479717 0.994857
0.481339 0.995657
0.482397 0.988157
0.482754 0.99589
0.485077 0.987459
0.485129 0.993221
0.487396 1.00199
0.487757 0.993152
0.488919 0.99703
0.490437 0.9997
0.492038 0.997021
0.492709 0.997832
0.493117 0.996942
0.495797 1.0028
0.496499 0.992597
0.49668 0.997874
0.498477 0.997174
0.500289 0.991978
0.501157 0.992464
0.501322 0.993888
0.503837 0.99687
0.504079 0.998552
0.505963 0.994373
0.506517 1.00387
0.507869 1.0018
0.509197 1.00016
0.510605 0.993455
0.511659 0.995479
0.511877 0.991644
0.514557 0.995761
0.515247 0.994942
0.515449 1.00306
0.517237 1.00096
0.519239 1.002
0.519889 1.00549
0.519917 1.00222
0.522597 0.997435
0.523029 1.00467
0.524531 1.00168
0.525277 1.00206
0.52682 1.00394
0.527957 1.00154
0.529173 1.00713
0.53061 1.00242
0.530637 1.00616
0.533317 1.00332
0.533815 1.00108
0.5344 1.00214
0.535997 1.00196
0.53819 1.00478
0.538457 1.00471
0.54198 1.0055
0.543098 1.00957
0.54577 1.00581
0.54774 1.00191
0.54956 1.00113
0.552382 1.00734
0.55335 0.997451
0.557024 1.01061
0.55714 1.00383
0.56093 1.01028
0.561666 1.00934
0.56472 1.00544
0.566308 1.00602
0.56851 1.00624
0.57095 1.00159
0.5723 1.00714
0.575592 1.00574
0.57609 1.00015
0.57988 1.00272
0.580233 1.00085
0.583671 1.00493
0.584875 0.999692
0.587461 0.997369
0.589517 1.00148
0.591251 0.998071
0.594159 0.996665
0.595041 0.99803
0.598801 0.993604
0.598831 1.00163
0.602621 0.999585
0.603443 1.00081
0.606411 0.999117
0.608085 0.996952
0.610201 0.999255
0.612726 1.00883
0.613991 0.993033
0.617368 0.997123
0.617781 0.998565
0.621571 0.998272
0.62201 0.993027
0.625361 0.995273
0.626652 0.99497
0.629151 0.999263
0.631294 1.00017
0.632941 0.995908
0.635936 0.993668
0.636732 0.997357
0.640522 0.993538
0.640578 0.999399
0.644312 0.994342
0.64522 1.00003
0.648102 0.996454
0.649861 0.997545
0.651892 0.994256
0.654503 0.995164
0.655682 0.998203
0.659145 0.993094
0.659472 0.995653
0.663262 0.99469
0.663787 0.994301
0.667052 0.998253
0.668429 1.0009
0.670842 0.996762
0.673071 1.00151
0.674632 0.998097
0.677713 1.00263
0.678422 1.00175
0.682212 0.995222
0.682354 1.00217
0.686002 0.999976
0.686996 0.995573
0.689792 0.998649
0.691638 1.00267
0.693583 0.999379
0.69628 0.998452
0.697373 0.99658
0.700922 1.00021
0.701163 0.999468
0.704953 1.00194
0.705564 1.00561
0.708743 1.00178
0.710206 1.00696
0.712533 0.999266
0.714848 1.00509
0.716323 1.00209
0.719489 1.00269
0.720113 1.0007
0.723903 1.00861
0.724131 1.00078
0.727693 1.00742
0.728773 1.00028
0.731483 1.006
0.733415 1.00337
0.735273 1.00333
0.738057 1.00172
0.739063 1.00102
0.742699 1.00588
0.742853 1.00518
0.746643 1.00235
0.747341 1.00202
0.750434 1.00305
0.751982 1.00631
0.754224 1.00205
0.756624 1.00295
0.758014 1.00246
0.761266 1.00067
0.765908 1.00677
0.77055 1.00778
0.775192 0.999843
0.779834 0.997863
0.784476 1.00021
0.789117 1.00198
0.793759 0.997691
0.798401 1.00387
0.803043 1.00004
0.807685 0.992679
0.812327 0.996035
0.816969 1.00221
0.82161 0.994016
0.826252 0.997338
0.830894 0.995422
0.835536 0.991643
0.840178 0.998179
0.84482 0.999388
0.849462 0.997242
0.854104 0.999029
0.858745 1.00031
0.863387 0.99734
0.868029 1.00273
0.872671 1.00567
0.877313 1.00591
0.881955 0.999264
0.886597 1.00244
0.891238 1.0072
0.89588 0.995836
0.900522 1.00325
0.905164 1.00486
0.909806 1.00017
0.914448 1.00302
0.91909 1.00326
0.923732 1.00205
0.928373 1.00141
