33.4 250
33.6 43
33.8 766
34 465
34.2 313
34.4 643
34.6 826
34.8 372
35 466
35.2 3896
35.4 4217
35.6 6458
35.8 5104
36 6363
36.2 4516
36.4 5971
36.6 11593
36.8 12267
37 13580
37.2 15705
37.4 17693
37.6 16882
37.8 21191
38 20980
38.2 28236
38.4 30829
38.6 36920
38.8 38738
39 45912
39.2 42472
39.4 52672
39.6 57412
39.8 64513
40 68530
40.2 65871
40.4 76782
40.6 74851
40.8 78565
41 86322
41.2 88917
41.4 96949
41.6 99369
41.8 106984
42 106908
42.2 117028
42.4 116965
42.6 125377
42.8 136080
43 136818
43.2 141610
43.4 147577
43.6 157652
43.8 155282
44 167104
44.2 161603
44.4 168728
44.6 171885
44.8 174031
45 177783
45.2 178156
45.4 173119
45.6 174167
45.8 171456
46 171018
46.2 170709
46.4 165615
46.6 162692
46.8 158339
47 156793
47.2 151118
47.4 147449
47.6 144992
47.8 138972
48 137138
48.2 130369
48.4 129332
48.6 123601
48.8 119665
49 114831
49.2 111193
49.4 107475
49.6 103656
49.8 99786
50 97032
50.2 93381
50.4 89017
50.6 87462
50.8 84835
51 81381
51.2 78646
51.4 76541
51.6 74542
51.8 73636
52 69740
52.2 68579
52.4 67586
52.6 65482
52.8 64058
53 62377
53.2 61231
53.4 60424
53.6 59113
53.8 57858
54 57351
54.2 55878
54.4 55086
54.6 54082
54.8 53566
55 53510
55.2 52810
55.4 51380
55.6 51432
55.8 50946
56 50243
56.2 50097
56.4 49491
56.6 49454
56.8 48999
57 48920
57.2 47909
57.4 47935
57.6 47651
57.8 47671
58 47233
58.2 47462
58.4 46742
58.6 46590
58.8 46421
59 45834
59.2 45969
59.4 45973
59.6 45925
59.8 45712
60 45040
60.2 45117
60.4 44885
60.6 45189
60.8 44299
61 44508
61.2 44890
61.4 44693
61.6 44472
61.8 44384
62 43916
62.2 44069
62.4 44069
62.6 43797
62.8 44159
63 43542
63.2 43687
63.4 43701
63.6 43648
63.8 43511
64 43414
64.2 43622
64.4 43292
64.6 43150
64.8 43026
65 43352
65.2 43581
65.4 42960
65.6 43042
65.8 43013
66 43235
66.2 43101
66.4 42535
66.6 42737
66.8 42961
67 43396
67.2 42834
67.4 42919
67.6 43060
67.8 42681
68 42823
68.2 42911
68.4 42764
68.6 43094
68.8 43129
69 43080
69.2 42670
69.4 42452
69.6 42881
69.8 42661
70 42632
70.2 42843
70.4 42394
70.6 42406
70.8 42550
71 42249
71.2 42741
71.4 42571
71.6 42771
71.8 42345
72 42047
72.2 42431
72.4 42157
72.6 42334
72.8 42580
73 42381
73.2 42597
73.4 42431
73.6 42116
73.8 42081
74 41770
74.2 42149
74.4 42489
74.6 42069
74.8 42513
75 42460
75.2 42733
75.4 42503
75.6 42419
75.8 42653
76 42072
76.2 42110
76.4 42614
76.6 42336
76.8 42406
77 42040
77.2 42483
77.4 42098
77.6 42038
77.8 42388
78 42115
78.2 42256
78.4 42052
78.6 42157
78.8 42638
79 42137
79.2 41956
79.4 42147
79.6 42402
79.8 41981
80 42081
80.2 42334
80.4 41924
80.6 41933
80.8 42042
81 42048
81.2 41958
81.4 41889
81.6 42217
81.8 41908
82 41651
82.2 42433
82.4 42165
82.6 42091
82.8 42564
83 41999
83.2 41972
83.4 41838
83.6 41930
83.8 42295
84 42164
84.2 41700
84.4 42002
84.6 42121
84.8 41627
85 42016
85.2 42177
85.4 42179
85.6 42002
85.8 41966
86 41913
86.2 42431
86.4 41728
86.6 42203
86.8 41652
87 41853
87.2 41952
87.4 41977
87.6 42227
87.8 42123
88 41807
88.2 42081
88.4 41955
88.6 41899
88.8 41855
89 41979
89.2 41985
89.4 42052
89.6 41559
89.8 41986
90 41821
90.2 41627
90.4 42107
90.6 42007
90.8 41748
91 41928
91.2 41920
91.4 41574
91.6 41966
91.8 42169
92 42202
92.2 42275
92.4 41765
92.6 41608
92.8 42043
93 42099
93.2 41872
93.4 42009
93.6 41973
93.8 41635
94 41860
94.2 41879
94.4 42010
94.6 42074
94.8 41816
95 41735
95.2 42192
95.4 41473
95.6 41661
95.8 41424
96 41536
96.2 42146
96.4 41623
96.6 41669
96.8 41988
97 41734
97.2 41981
97.4 41915
97.6 41971
97.8 42187
98 41946
98.2 41820
98.4 41782
98.6 41916
98.8 41858
99 41827
99.2 42093
99.4 41794
99.6 41984
99.8 42330
100 41837
100.2 41714
100.4 41779
100.6 42165
100.8 41915
101 41638
101.2 41925
101.4 41480
101.6 42132
101.8 41644
102 41756
102.2 41166
102.4 41995
102.6 41629
102.8 42002
103 41585
103.2 42076
103.4 41964
103.6 41884
103.8 42221
104 41920
104.2 41928
104.4 41967
104.6 41889
104.8 41662
105 41846
105.2 41862
105.4 42026
105.6 41961
105.8 41735
106 41507
106.2 42043
106.4 41898
106.6 42184
106.8 41884
107 41873
107.2 41741
107.4 41602
107.6 41711
107.8 41826
108 41976
108.2 41321
108.4 41604
108.6 41749
108.8 41805
109 41672
109.2 41985
109.4 41796
109.6 41830
109.8 41774
110 42044
110.2 41840
110.4 41377
110.6 41738
110.8 42064
111 42070
111.2 41752
111.4 41600
111.6 41679
111.8 41731
112 41709
112.2 41713
112.4 42120
112.6 41773
112.8 42022
113 41659
113.2 41713
113.4 41602
113.6 41869
113.8 42075
114 41708
114.2 41831
114.4 41715
114.6 41884
114.8 41798
115 42293
115.2 42097
115.4 41699
115.6 42084
115.8 42065
116 42086
116.2 42062
116.4 41621
116.6 41812
116.8 41675
117 42099
117.2 42157
117.4 41579
117.6 41547
117.8 41642
118 41857
118.2 41591
118.4 41737
118.6 42043
118.8 41358
119 42226
119.2 41564
119.4 41875
119.6 41570
119.8 41914
120 42016
120.2 41602
120.4 41532
120.6 41576
120.8 41714
121 41767
121.2 41997
121.4 41718
121.6 42140
121.8 41657
122 41756
122.2 41729
122.4 41589
122.6 41596
122.8 41564
123 42072
123.2 41842
123.4 41939
123.6 41722
123.8 41443
124 41867
124.2 41767
124.4 41755
124.6 41914
124.8 41828
125 41749
125.2 41689
125.4 41979
125.6 41655
125.8 42088
126 41666
126.2 41794
126.4 41795
126.6 41654
126.8 41736
127 41960
127.2 41779
127.4 41433
127.6 41943
127.8 41880
128 42007
128.2 42274
128.4 42110
128.6 41929
128.8 41760
129 41620
129.2 41727
129.4 41621
129.6 41692
129.8 41538
130 41656
130.2 41547
130.4 41963
130.6 41432
130.8 42035
131 41461
131.2 41660
131.4 41919
131.6 41688
131.8 41870
132 41949
132.2 41944
132.4 41946
132.6 41655
132.8 41718
133 41863
133.2 41732
133.4 41896
133.6 41803
133.8 41676
134 41661
134.2 41900
134.4 41660
134.6 41496
134.8 41580
135 41745
135.2 41661
135.4 41654
135.6 41976
135.8 41508
136 41868
136.2 41642
136.4 41711
136.6 41693
136.8 41872
137 41897
137.2 41730
137.4 41767
137.6 41853
137.8 41712
138 41691
138.2 41736
138.4 42093
138.6 41433
138.8 41718
139 41805
139.2 41924
139.4 41841
139.6 42045
139.8 41494
140 41545
140.2 41934
140.4 41959
140.6 41897
140.8 41800
141 41621
141.2 41882
141.4 41870
141.6 41515
141.8 41868
142 41754
142.2 41659
142.4 41658
142.6 41853
142.8 41863
143 41771
143.2 41482
143.4 41892
143.6 41860
143.8 41614
144 41724
144.2 41695
144.4 41687
144.6 41932
144.8 41638
145 41663
145.2 41569
145.4 42143
145.6 41947
145.8 41565
146 41810
146.2 41641
146.4 41803
146.6 41755
146.8 41849
147 41756
147.2 41826
147.4 41936
147.6 41961
147.8 42091
148 41618
148.2 41770
148.4 41513
148.6 41609
148.8 41574
149 41792
149.2 41715
149.4 41967
149.6 41322
149.8 41700
150 41763
150.2 41604
150.4 41302
150.6 41423
150.8 41585
151 41351
151.2 41588
151.4 41670
151.6 42030
151.8 41997
152 41415
152.2 42056
152.4 41677
152.6 41860
152.8 41706
153 41813
153.2 41577
153.4 41472
153.6 41643
153.8 41866
154 41598
154.2 41642
154.4 41807
154.6 42070
154.8 41654
155 41678
155.2 41857
155.4 41733
155.6 41709
155.8 41640
156 41731
156.2 41307
156.4 41509
156.6 41765
156.8 41698
157 41438
157.2 41886
157.4 41747
157.6 41246
157.8 41681
158 42158
158.2 41710
158.4 41484
158.6 41971
158.8 41943
159 41697
159.2 41556
159.4 41746
159.6 41771
159.8 41857
160 42031
160.2 41474
160.4 42386
160.6 41869
160.8 41864
161 41582
161.2 41738
161.4 41430
161.6 41819
161.8 41452
162 41935
162.2 41715
162.4 41818
162.6 41629
162.8 41480
163 41687
163.2 41430
163.4 41450
163.6 42013
163.8 41587
164 41575
164.2 41969
164.4 42047
164.6 41856
164.8 41688
165 41768
165.2 41751
165.4 41558
165.6 41897
165.8 41642
166 41600
166.2 41550
166.4 42274
166.6 41786
166.8 41952
167 41644
167.2 41594
167.4 42070
167.6 41695
167.8 41683
168 41249
168.2 41765
168.4 41883
168.6 41496
168.8 41727
169 41710
169.2 41825
169.4 41864
169.6 41425
169.8 41705
170 41781
170.2 41586
170.4 41840
170.6 41962
170.8 41332
171 41493
171.2 42230
171.4 41477
171.6 41480
171.8 42089
172 41817
172.2 41607
172.4 41313
172.6 41535
172.8 41736
173 41755
173.2 41749
173.4 41602
173.6 42056
173.8 41746
174 41782
174.2 41458
174.4 41588
174.6 41730
174.8 41659
175 41636
175.2 41729
175.4 41357
175.6 41627
175.8 41677
176 41805
176.2 41945
176.4 41605
176.6 41674
176.8 41713
177 41509
177.2 41420
177.4 41582
177.6 41894
177.8 41517
178 41644
178.2 41915
178.4 41752
178.6 41538
178.8 41780
179 41344
179.2 41915
179.4 41602
179.6 41435
179.8 41756
180 41584
180.2 41965
180.4 41738
180.6 41928
180.8 41313
181 41545
181.2 41900
181.4 41740
181.6 41805
181.8 41781
182 41558
182.2 41677
182.4 41485
182.6 41622
182.8 41929
183 41765
183.2 41400
183.4 41776
183.6 41788
183.8 41474
184 41663
184.2 41326
184.4 41385
184.6 41732
184.8 41609
185 41512
185.2 41590
185.4 41408
185.6 41440
185.8 41769
186 41457
186.2 41972
186.4 41500
186.6 42012
186.8 41763
187 41719
187.2 41785
187.4 41882
187.6 41372
187.8 41436
188 41818
188.2 41325
188.4 41911
188.6 42115
188.8 41492
189 41417
189.2 41354
189.4 41932
189.6 41645
189.8 41750
190 41760
190.2 42084
190.4 41550
190.6 41570
190.8 41785
191 41422
191.2 42121
191.4 41489
191.6 41389
191.8 41921
192 41779
192.2 41344
192.4 41419
192.6 41504
192.8 41713
193 41889
193.2 41602
193.4 41398
193.6 41937
193.8 41467
194 41842
194.2 41804
194.4 41488
194.6 41315
194.8 41590
195 41409
195.2 41738
195.4 41598
195.6 41618
195.8 41763
196 41562
196.2 41568
196.4 41349
196.6 41605
196.8 41580
197 41654
197.2 41614
197.4 42139
197.6 41877
197.8 42056
198 41992
198.2 41732
198.4 42060
198.6 41479
198.8 41851
199 41664
199.2 41746
199.4 41648
199.6 42117
199.8 41658
200 41673
200.2 41402
200.4 41943
200.6 41433
200.8 41304
201 41470
201.2 41944
201.4 42128
201.6 41684
201.8 42086
202 41875
202.2 41579
202.4 41711
202.6 41995
202.8 41654
203 41570
203.2 41895
203.4 41972
203.6 42273
203.8 41737
204 41810
204.2 42027
204.4 41679
204.6 41925
204.8 41943
205 41804
205.2 41732
205.4 41709
205.6 41683
205.8 41904
206 41863
206.2 41577
206.4 41812
206.6 41838
206.8 41803
207 41544
207.2 41850
207.4 41848
207.6 41763
207.8 41872
208 41726
208.2 41658
208.4 41763
208.6 41881
208.8 41744
209 41781
209.2 41573
209.4 41483
209.6 41514
209.8 41653
210 41718
210.2 41487
210.4 41838
210.6 41795
210.8 42087
211 41680
211.2 41779
211.4 41571
211.6 41675
211.8 41677
212 41605
212.2 41941
212.4 41916
212.6 41706
212.8 41550
213 42412
213.2 41620
213.4 41166
213.6 41559
213.8 41769
214 41654
214.2 42125
214.4 41952
214.6 41888
214.8 41728
215 41811
215.2 41845
215.4 41384
215.6 41769
215.8 41886
216 41799
216.2 41910
216.4 41866
216.6 41929
216.8 41829
217 41893
217.2 41676
217.4 41606
217.6 41877
217.8 41383
218 41668
218.2 41713
218.4 41795
218.6 41492
218.8 41679
219 42496
219.2 41699
219.4 41448
219.6 41798
219.8 42180
220 41842
220.2 41915
220.4 41620
220.6 41832
220.8 41857
221 41859
221.2 41739
221.4 41579
221.6 42225
221.8 41618
222 41930
222.2 41861
222.4 41754
222.6 42178
222.8 41766
223 41786
223.2 41938
223.4 41732
223.6 41553
223.8 41810
224 41833
224.2 41843
224.4 41644
224.6 41771
224.8 42119
225 41669
225.2 41845
225.4 41511
225.6 41699
225.8 41716
226 41805
226.2 41991
226.4 41655
226.6 41949
226.8 41965
227 41904
227.2 41758
227.4 41634
227.6 41986
227.8 41858
228 41793
228.2 41650
228.4 41676
228.6 41944
228.8 42136
229 41862
229.2 41478
229.4 41644
229.6 41720
229.8 41610
230 41757
230.2 42077
230.4 41731
230.6 41722
230.8 41470
231 41895
231.2 41576
231.4 42160
231.6 41697
231.8 41710
232 41663
232.2 41615
232.4 41621
232.6 41863
232.8 42026
233 41699
233.2 41782
233.4 41739
233.6 42005
233.8 41855
234 41593
234.2 41801
234.4 41895
234.6 41592
234.8 41936
235 41481
235.2 42024
235.4 41725
235.6 41910
235.8 42399
236 41865
236.2 41312
236.4 41368
236.6 42076
236.8 41528
237 41981
237.2 41548
237.4 41724
237.6 41930
237.8 41884
238 41751
238.2 41844
238.4 41823
238.6 41814
238.8 42009
239 41764
239.2 41549
239.4 42035
239.6 41529
239.8 41622
240 41925
240.2 41414
240.4 41542
240.6 41796
240.8 41944
241 42081
241.2 41731
241.4 41763
241.6 41939
241.8 41719
242 41751
242.2 42080
242.4 41534
242.6 42170
242.8 41776
243 41978
243.2 41815
243.4 41859
243.6 41677
243.8 42107
244 41887
244.2 42025
244.4 41637
244.6 42108
244.8 41928
245 41660
245.2 42072
245.4 41797
245.6 41604
245.8 41420
246 41491
246.2 41726
246.4 41751
246.6 42023
246.8 42029
247 41670
247.2 41634
247.4 41620
247.6 41986
247.8 41677
248 41737
248.2 41603
248.4 41738
248.6 41838
248.8 41583
249 42063
249.2 41515
249.4 41503
249.6 41893
249.8 41933
250 41938
