0.00402477 1.19983
0.00569189 1.19821
0.00697111 1.20253
0.00804954 1.2089
0.0113838 1.20685
0.0120743 1.20827
0.0139422 1.19824
0.0160991 1.20266
0.0170757 1.20299
0.0201239 1.18757
0.0209133 1.18058
0.0227675 1.18384
0.0241486 1.18757
0.0278844 1.17084
0.0281734 1.16772
0.0284594 1.16969
0.0321982 1.1546
0.0341513 1.16615
0.0348555 1.16726
0.0362229 1.16179
0.0398432 1.13701
0.0402477 1.12755
0.0418267 1.12396
0.0442725 1.13603
0.0455351 1.11671
0.0482973 1.11137
0.0487978 1.10355
0.051227 1.10605
0.052322 1.11053
0.0557689 1.09603
0.0563468 1.06686
0.0569189 1.07974
0.0603716 1.07335
0.0626108 1.061
0.06274 1.05438
0.0643963 1.04841
0.0683026 1.03974
0.0684211 1.0409
0.0697111 1.03237
0.0724459 1.01097
0.0739945 1.02311
0.0764707 1.00401
0.0766822 1.00208
0.0796864 1.01222
0.0804954 1.01249
0.0836533 0.989793
0.0845202 1.00124
0.0853783 0.997515
0.088545 0.987273
0.0906244 0.979222
0.0910702 0.974679
0.0925698 0.965599
0.0965945 0.960859
0.0967621 0.965108
0.0975955 0.955002
0.100619 0.949646
0.102454 0.959963
0.104567 0.954796
0.104644 0.967999
0.108146 0.949092
0.108669 0.954988
0.111538 0.94416
0.112694 0.955039
0.113838 0.940641
0.116718 0.950419
0.118509 0.941607
0.11953 0.952971
0.120743 0.951321
0.124768 0.949296
0.125222 0.961972
0.12548 0.949514
0.128793 0.963005
0.130913 0.950926
0.132451 0.959229
0.132817 0.942102
0.136605 0.970628
0.136842 0.960687
0.139422 0.947968
0.140867 0.970346
0.142297 0.97103
0.144892 0.965146
0.146393 0.979329
0.147989 0.973176
0.148917 0.980473
0.152941 0.974768
0.153364 0.985331
0.153681 0.985354
0.156966 0.991219
0.159373 0.99497
0.160336 0.98453
0.160991 1.00124
0.165016 1.00121
0.165065 0.997597
0.167307 1.01174
0.16904 1.00122
0.170757 1.0084
0.173065 1.01418
0.174278 1.00828
0.176448 1.00628
0.17709 0.998964
0.181115 1.0223
0.181249 1.0139
0.18214 1.02478
0.18514 1.01692
0.187832 1.02039
0.18822 1.02069
0.189164 1.01779
0.193189 1.02905
0.193524 1.03275
0.195191 1.02805
0.197214 1.0277
0.199216 1.02747
0.201239 1.01877
0.202162 1.02157
0.204908 1.02933
0.205263 1.01715
0.209133 1.03166
0.209288 1.02956
0.2106 1.02142
0.213313 1.03304
0.216104 1.0249
0.216292 1.0234
0.217338 1.01149
0.221362 1.02039
0.221984 1.01761
0.223075 1.02593
0.225387 1.01865
0.227675 1.01427
0.229412 1.00059
0.230047 1.02235
0.233367 1.01291
0.233437 1.00717
0.237018 1.00652
0.237462 0.997972
0.239059 1.01229
0.241486 1.00136
0.243989 1.01385
0.244751 0.999147
0.245511 1.00669
0.249536 1.00013
0.250443 0.998749
0.25096 1.00642
0.253561 0.990223
0.256135 0.995251
0.257585 0.985101
0.257931 1.00393
0.26161 0.984067
0.261827 0.992004
0.264902 0.989419
0.265635 1.00304
0.267519 0.991008
0.26966 0.990242
0.271873 0.989833
0.273211 0.995864
0.273684 0.985176
0.277709 1.00323
0.278844 0.997517
0.278902 1.00079
0.281734 0.977034
0.284594 0.983627
0.285759 0.973881
0.285815 0.987601
0.289784 0.991974
0.290286 0.990303
0.292787 0.985922
0.293808 0.982564
0.295978 0.983615
0.297833 0.991189
0.299758 0.989435
0.30167 0.983914
0.301858 0.983751
0.305883 0.986174
0.306729 0.99352
0.307362 0.97958
0.309907 0.992275
0.313054 0.985664
0.3137 1.00084
0.313932 0.988963
0.317957 0.986713
0.318746 0.98017
0.320671 0.988602
0.321982 0.99659
0.324438 0.991584
0.326007 0.999087
0.327642 1.00109
0.330031 0.992419
0.330129 0.997707
0.334056 0.991721
0.334613 0.984662
0.335821 1.00091
0.338081 0.993861
0.341513 1.00065
0.341584 1.01389
0.342106 0.984794
0.34613 1.00867
0.347205 1.02059
0.348555 1.00515
0.350155 0.999415
0.352897 1.00744
0.35418 1.00096
0.355527 1.01214
0.358205 1.01819
0.358589 1.01855
0.362229 1.0101
0.362498 1.01027
0.364281 1.00904
0.366254 1.00535
0.369469 1.02011
0.369973 1.0195
0.370279 1.00665
0.374304 0.997605
0.375665 1.01693
0.37644 1.01444
0.378329 0.992915
0.381356 1.01615
0.382353 1.0185
0.383411 1.01718
0.386378 1.01219
0.387048 1.00952
0.390382 0.999995
0.390403 1.00754
0.39274 1.01337
0.394428 1.0161
0.397353 1.00423
0.398432 1.00735
0.398452 1.00129
0.402477 1.00001
0.404124 1.00654
0.404324 1.00743
0.406502 0.997997
0.409816 1.00656
0.410527 0.994483
0.411295 1.00667
0.414551 0.998384
0.415508 0.99456
0.418267 1.00041
0.418576 1.01149
0.4212 1.00558
0.422601 0.988928
0.425238 0.988952
0.426626 0.99289
0.426892 1.00283
0.430651 0.990269
0.432209 0.995004
0.432583 0.98801
0.434675 0.990942
0.438275 0.992043
0.4387 0.985441
0.43918 0.997381
0.442725 1.00524
0.443967 0.987935
0.446151 0.990644
0.44675 0.989437
0.449659 0.996038
0.450774 0.980974
0.453122 0.987468
0.454799 0.986845
0.455351 0.987139
0.458824 0.97733
0.460093 1.00253
0.461043 0.989295
0.462849 0.990327
0.466735 0.991171
0.466874 0.993144
0.467064 0.993652
0.470898 0.991567
0.472427 0.999973
0.474035 0.993807
0.474923 0.97514
0.478118 0.980633
0.478948 0.99378
0.481007 1.00255
0.482973 0.992009
0.48381 0.995619
0.486997 0.981451
0.487978 1.00016
0.489502 0.995363
0.491022 0.990276
0.494949 1.00094
0.495047 1.00716
0.495194 1.01572
0.499072 0.999815
0.500886 0.986193
0.50192 0.990733
0.503096 0.994384
0.506578 0.999645
0.507121 0.991876
0.508891 1.00733
0.511146 0.993553
0.51227 1.00189
0.515171 1.01117
0.515862 0.988622
0.517962 1.00257
0.519196 1.00139
0.522833 1.00016
0.52322 0.999546
0.523654 1.00509
0.527245 1.01938
0.529345 1.00723
0.529804 0.999736
0.53127 1.01801
0.535037 1.00838
0.535295 0.991175
0.536775 1.00818
0.539319 0.998568
0.540729 1.0123
0.543344 1.01255
0.543747 0.995306
0.546421 0.997275
0.547369 1.00816
0.550718 1.01069
0.551394 1.0054
0.552113 1.00762
0.555419 1.00872
0.557689 1.00063
0.557805 1.00349
0.559443 1.00795
0.563468 1.0222
0.563497 1.00206
0.56466 1.00891
0.567493 0.998849
0.569189 0.997631
0.571518 1.01646
0.571631 0.990365
0.574881 1.00287
0.575542 0.997255
0.578602 1.00759
0.579567 1.00714
0.580572 1.01363
0.583592 1.01336
0.585573 0.998013
0.586264 0.997313
0.587617 0.99264
0.591641 0.993062
0.591956 0.999859
0.592544 1.01725
0.595666 0.993182
0.597648 1.00132
0.599515 1.0032
0.599691 0.992585
0.60334 1.00007
0.603716 0.999339
0.606487 0.98892
0.607741 1.00194
0.609032 1.00775
0.611765 1.00039
0.613458 1.00144
0.614724 0.991859
0.61579 1.00295
0.619815 1.0009
0.620416 0.991607
0.620429 0.996267
0.62384 0.992604
0.626108 1.00332
0.6274 1.0036
0.627864 0.995214
0.631799 0.993758
0.631889 0.999709
0.634371 0.999975
0.635914 0.991633
0.637491 0.979804
0.639939 0.989633
0.641342 1.00537
0.643183 1.00292
0.643963 0.991833
0.647988 0.993005
0.648313 0.99507
0.648875 0.990455
0.652013 1.00893
0.654567 0.997672
0.655284 1.00392
0.656038 1.00145
0.660063 0.998104
0.660259 0.999098
0.662255 0.989568
0.664087 0.989561
0.665951 0.993243
0.668112 0.986132
0.669226 1.00319
0.671643 0.996203
0.672137 1.00745
0.676162 0.990263
0.676198 0.985842
0.677335 1.00256
0.680186 1.00041
0.683026 0.989657
0.683169 1.00605
0.684211 0.994155
0.688236 1.00975
0.688718 1.00293
0.69014 0.999601
0.692261 0.997054
0.69441 1.00656
0.696286 1.00499
0.697111 1.01162
0.700102 1.00585
0.70031 1.00555
0.704082 1.0037
0.704335 1.01799
0.705794 0.999331
0.70836 1.00173
0.711053 1.00087
0.711486 1.00312
0.712385 1.01921
0.716409 1.0063
0.717178 1.00381
0.718024 1.00597
0.720434 1.01917
0.72287 1.00886
0.724459 1.00697
0.724995 1.00119
0.728484 0.999764
0.728562 1.00993
0.731966 1.00867
0.732508 1.00683
0.734253 1.00645
0.736533 1.01294
0.738938 0.997262
0.739945 1.00518
0.740558 0.997407
0.744583 1.01433
0.745637 1.00555
0.745909 1.00795
0.748608 1.0091
0.751329 1.02083
0.752632 1.00033
0.75288 1.00249
0.756657 1.00334
0.757021 1.00165
0.759851 0.996565
0.760682 1.00863
0.762713 1.01486
0.764707 1.0036
0.766822 1.00555
0.768405 0.996548
0.768731 0.997218
0.772756 1.00094
0.773793 0.988661
0.774097 0.990405
0.776781 1.00927
0.779789 0.990407
0.780764 0.982385
0.780806 0.993471
0.784831 0.987981
0.78548 0.999886
0.787735 1.00106
0.788855 0.987086
0.791172 1.00111
0.79288 0.995532
0.794706 0.999459
0.796864 0.995844
0.796905 0.989006
0.80093 1.00389
0.801678 1.00461
0.802556 0.990885
0.804954 0.991998
0.808248 0.986762
0.808649 0.991806
0.81394 0.994273
0.81562 1.00383
0.819632 0.988776
0.822591 0.999855
0.825324 1.00624
0.829562 0.998065
0.831015 1.00055
0.836533 1.00225
0.836707 0.994989
0.842399 1.00061
0.843504 1.00831
0.848091 1.00035
0.850475 0.995744
0.853783 0.993603
0.857446 0.995651
0.859475 1.00337
0.864418 1.00372
0.865167 1.00034
0.870859 0.996404
0.871389 1.00065
0.876551 0.998921
0.87836 1.00366
0.882242 0.998636
0.885331 1.00757
0.887934 0.998483
0.892302 1.01325
0.893626 1.00146
0.899273 1.00825
0.899318 1.00597
0.90501 0.996905
0.906244 1.00782
0.910702 1.01081
0.913215 0.997861
0.916394 0.995877
0.920186 1.007
0.922086 1.01046
0.927158 1.00139
0.927778 1.0095
0.933469 1.00962
0.934129 0.998049
0.939161 1.00582
0.9411 1.00337
0.944853 0.999252
0.948071 0.984278
0.950545 1.00261
0.955042 1.01018
0.956237 0.995098
0.961929 0.994138
0.962013 1.00085
0.967621 0.998325
0.968984 1.0072
0.973313 0.999991
0.975955 0.981453
0.979005 0.989829
0.982926 0.992452
0.984696 0.990448
0.989898 1.0073
0.990388 0.993865
0.99608 1.00017
0.996869 0.994872
1.00177 0.997491
1.00384 0.997866
1.00746 1.00286
1.01081 1.00175
1.01316 0.997973
1.01778 0.989816
1.01885 1.00363
1.02454 1.0025
1.02475 0.996515
1.03023 1.01263
1.03172 1.00633
1.03592 0.99833
1.0387 1.00346
1.04162 1.00834
1.04567 0.997489
1.04731 1.00565
1.05264 1.01151
1.053 1.01447
1.05869 0.997005
1.05961 0.999287
1.06438 0.996106
1.06658 0.994218
1.07007 1.00633
1.07355 0.998426
1.07577 0.997519
1.08052 1.00598
1.08146 1.00271
1.08715 1.00634
1.08749 0.999419
1.09284 0.994662
1.09446 0.995609
1.09853 1.0023
1.10144 1.01661
1.10423 0.996782
1.10841 0.996777
1.10992 1.01458
1.11538 0.994881
1.11561 0.987824
1.1213 1.00089
1.12235 1.0023
1.12699 1.00194
1.12932 0.995287
1.13269 1.00272
1.13629 0.986848
1.13838 1.00271
1.14326 0.998404
1.15023 0.991379
1.1572 0.998387
1.16418 0.993873
1.17115 1.00355
1.17812 0.996523
1.18509 1.00239
1.19206 0.990886
1.19903 1.01099
1.206 1.0079
1.21297 0.999434
1.21994 1.00516
1.22692 0.984607
1.23389 1.01203
1.24086 0.999169
1.24783 1.00333
1.2548 1.00536
1.26177 1.00013
1.26874 1.00076
1.27571 0.998378
1.28268 1.00614
1.28966 0.997468
1.29663 0.998906
1.3036 1.01254
1.31057 0.993159
1.31754 1.00722
1.32451 0.991147
1.33148 1.00052
1.33845 0.99604
1.34542 1.00942
1.3524 0.995028
1.35937 1.00508
1.36634 1.01452
1.37331 0.995371
1.38028 1.00534
1.38725 0.996325
1.39422 1.00595
