36.4 4876
36.6 115016
36.8 594808
37 2325303
37.2 4157770
37.4 5813450
37.6 6496347
37.8 6141678
38 5286280
38.2 4429198
38.4 3404022
38.6 2594998
38.8 1754743
39 1230487
39.2 925088
39.4 727629
39.6 499381
39.8 411659
40 389787
40.2 335315
40.4 321954
40.6 329673
40.8 302372
41 275227
41.2 172281
41.4 163198
41.6 161037
41.8 130339
42 76112
42.2 79855
42.4 84739
42.6 83525
42.8 57787
43 25881
43.2 22918
43.4 15324
43.6 11654
43.8 10778
44 5233
44.2 3733
44.4 5002
44.6 2546
44.8 2539
45 1896
45.2 3404
45.4 2593
45.6 1005
45.8 520
46 1442
46.2 650
46.4 228
46.6 510
46.8 52
47 93
47.2 56
47.4 67
47.6 27
47.8 26
48 55
48.2 29
48.4 144
48.6 22
48.8 51
49 43
49.2 39
49.4 20
49.6 50
49.8 64
50 28
50.2 6
50.4 157
50.6 2
50.8 23
51 27
51.2 10
51.4 22
51.6 19
51.8 11
52 14
52.2 18
52.4 3
52.6 12
52.8 16
53 12
53.2 5
53.4 8
53.6 7
53.8 12
54.2 28
54.4 12
54.6 14
54.8 14
55 13
55.2 9
55.4 6
55.6 14
55.8 11
56 9
56.2 10
56.4 11
56.6 3
56.8 21
57 10
57.2 5
57.4 15
57.6 11
57.8 7
58 7
58.2 13
58.4 12
58.6 7
58.8 7
59 11
59.2 7
59.4 11
59.6 10
59.8 12
60 7
60.2 5
60.4 15
60.6 8
60.8 12
61 17
61.2 6
61.4 7
61.6 7
61.8 5
62 5
62.2 4
62.4 5
62.6 6
62.8 9
63 6
63.2 13
63.4 8
63.6 14
63.8 8
64 9
64.2 10
64.4 7
64.6 4
64.8 9
65 13
65.2 7
65.4 10
65.6 11
65.8 12
66 6
66.2 2
66.4 18
66.6 5
66.8 7
67 12
67.2 10
67.4 7
67.6 9
67.8 10
68 11
68.2 7
68.4 7
68.6 1
68.8 4
69 10
69.2 10
69.4 2
69.6 8
69.8 6
70 10
70.2 6
70.4 5
70.6 9
70.8 13
71 9
71.2 6
71.4 8
71.6 4
71.8 11
72 5
72.2 10
72.4 14
72.6 10
72.8 9
73 8
73.2 5
73.4 5
73.6 7
73.8 9
74 7
74.2 7
74.4 2
74.6 4
74.8 6
75 10
75.2 6
75.4 7
75.6 11
75.8 5
76 6
76.2 8
76.4 12
76.6 10
76.8 14
77 5
77.2 8
77.4 9
77.6 8
77.8 5
78 6
78.2 10
78.4 8
78.6 6
78.8 8
79 12
79.2 6
79.4 12
79.6 11
79.8 7
80 5
80.2 6
80.4 8
80.6 10
80.8 8
81 11
81.2 10
81.4 7
81.6 11
81.8 14
82 9
82.2 7
82.4 8
82.6 9
82.8 8
83 6
83.2 6
83.4 9
83.6 9
83.8 11
84 14
84.2 10
84.4 6
84.6 8
84.8 10
85 6
85.2 1
85.4 6
85.6 6
85.8 8
86 9
86.2 6
86.4 6
86.6 10
86.8 5
87 3
87.2 8
87.4 6
87.6 10
87.8 7
88 6
88.2 6
88.4 5
88.6 8
88.8 3
89 16
89.2 8
89.4 7
89.6 7
89.8 7
90 9
90.2 6
90.4 5
90.6 4
90.8 7
91 12
91.2 11
91.4 9
91.6 10
91.8 10
92 5
92.2 6
92.4 4
92.6 10
92.8 9
93 6
93.2 4
93.4 9
93.6 13
93.8 9
94 6
94.2 4
94.4 8
94.6 5
94.8 5
95 11
95.2 9
95.4 9
95.6 1
95.8 9
96 5
96.2 8
96.4 9
96.6 2
96.8 8
97 10
97.2 7
97.4 9
97.6 4
97.8 13
98 12
98.2 12
98.4 7
98.6 7
98.8 13
99 8
99.2 9
99.4 4
99.6 14
99.8 12
100 6
100.2 9
100.4 5
100.6 11
100.8 5
101 6
101.2 7
101.4 10
101.6 10
101.8 7
102 4
102.2 5
102.4 13
102.6 11
102.8 8
103 11
103.2 5
103.4 7
103.6 8
103.8 6
104 5
104.2 13
104.4 7
104.6 6
104.8 6
105 5
105.2 5
105.4 9
105.6 4
105.8 6
106 8
106.2 7
106.4 8
106.6 7
106.8 6
107 6
107.2 8
107.4 8
107.6 10
107.8 12
108 8
108.2 7
108.4 8
108.6 7
108.8 4
109 7
109.2 11
109.4 7
109.6 5
109.8 6
110 9
110.2 6
110.4 5
110.6 5
110.8 3
111 8
111.2 4
111.4 4
111.6 7
111.8 8
112 8
112.2 11
112.4 4
112.6 9
112.8 9
113 12
113.2 7
113.4 7
113.6 7
113.8 4
114 8
114.2 9
114.4 12
114.6 11
114.8 8
115 6
115.2 10
115.4 8
115.6 2
115.8 7
116 8
116.2 10
116.4 6
116.6 5
116.8 5
117 10
117.2 8
117.4 14
117.6 2
117.8 6
118 9
118.2 8
118.4 10
118.6 15
118.8 11
119 6
119.2 9
119.4 11
119.6 8
119.8 7
120 11
120.2 9
120.4 4
120.6 11
120.8 11
121 6
121.2 5
121.4 10
121.6 8
121.8 5
122 5
122.2 7
122.4 8
122.6 7
122.8 8
123 5
123.2 7
123.4 4
123.6 8
123.8 7
124 6
124.2 6
124.4 8
124.6 8
124.8 5
125 8
125.2 3
125.4 5
125.6 10
125.8 10
126 12
126.2 5
126.4 6
126.6 3
126.8 5
127 8
127.2 4
127.4 5
127.6 12
127.8 9
128 3
128.2 10
128.4 4
128.6 9
128.8 3
129 10
129.2 8
129.4 4
129.6 4
129.8 6
130 10
130.2 6
130.4 7
130.6 7
130.8 8
131 12
131.2 5
131.4 5
131.6 5
131.8 9
132 5
132.2 5
132.4 4
132.6 6
132.8 6
133 5
133.2 4
133.4 8
133.6 5
133.8 7
134 10
134.2 7
134.4 7
134.6 11
134.8 6
135 6
135.2 10
135.4 6
135.6 8
135.8 7
136 9
136.2 7
136.4 11
136.6 8
136.8 4
137 9
137.2 7
137.4 6
137.6 7
137.8 10
138 4
138.2 2
138.4 10
138.6 5
138.8 7
139 7
139.2 6
139.4 11
139.6 9
139.8 7
140 9
140.2 7
140.4 5
140.6 9
140.8 9
141 3
141.2 4
141.4 3
141.6 3
141.8 5
142 3
142.2 5
142.4 9
142.6 6
142.8 9
143 8
143.2 4
143.4 7
143.6 5
143.8 9
144 4
144.2 4
144.4 10
144.6 4
144.8 8
145 12
145.2 8
145.4 6
145.6 4
145.8 8
146 7
146.2 4
146.4 7
146.6 12
146.8 8
147 6
147.2 7
147.4 9
147.6 8
147.8 4
148 4
148.2 6
148.4 10
148.6 6
148.8 8
149 6
149.2 5
149.4 11
149.6 6
149.8 4
150 7
150.2 7
150.4 6
150.6 6
150.8 7
151 5
151.2 5
151.4 2
151.6 6
151.8 10
152 9
152.2 9
152.4 9
152.6 6
152.8 10
153 9
153.2 4
153.4 6
153.6 7
153.8 6
154 11
154.2 7
154.4 10
154.6 9
154.8 10
155 8
155.2 7
155.4 9
155.6 7
155.8 11
156 2
156.2 8
156.4 4
156.6 12
156.8 8
157 6
157.2 8
157.4 9
157.6 11
157.8 10
158 6
158.2 14
158.4 11
158.6 11
158.8 6
159 8
159.2 7
159.4 6
159.6 13
159.8 8
160 8
160.2 5
160.4 5
160.6 4
160.8 3
161 7
161.2 8
161.4 11
161.6 4
161.8 9
162 10
162.2 6
162.4 8
162.6 9
162.8 5
163 7
163.2 8
163.4 9
163.6 6
163.8 6
164 6
164.2 10
164.4 12
164.6 8
164.8 10
165 5
165.2 9
165.4 5
165.6 9
165.8 7
166 7
166.2 8
166.4 3
166.6 8
166.8 4
167 5
167.2 7
167.4 11
167.6 8
167.8 13
168 6
168.2 10
168.4 2
168.6 4
168.8 7
169 4
169.2 6
169.4 8
169.6 12
169.8 6
170 7
170.2 10
170.4 7
170.6 5
170.8 4
171 7
171.2 5
171.4 3
171.6 9
171.8 10
172 4
172.2 9
172.4 8
172.6 6
172.8 3
173 7
173.2 9
173.4 5
173.6 10
173.8 7
174 3
174.2 8
174.4 5
174.6 7
174.8 9
175 4
175.2 6
175.4 5
175.6 4
175.8 8
176 7
176.2 10
176.4 7
176.6 8
176.8 4
177 9
177.2 8
177.4 6
177.6 7
177.8 3
178 4
178.2 7
178.4 7
178.6 8
178.8 9
179 4
179.2 7
179.4 6
179.6 11
179.8 7
180 9
180.2 10
180.4 10
180.6 8
180.8 5
181 1
181.2 4
181.4 7
181.6 8
181.8 6
182 5
182.2 6
182.4 4
182.6 10
182.8 5
183 3
183.2 7
183.4 5
183.6 7
183.8 5
184 12
184.2 6
184.4 6
184.6 9
184.8 6
185 8
185.2 3
185.4 3
185.6 6
185.8 7
186 4
186.2 7
186.4 15
186.6 4
186.8 7
187 8
187.2 10
187.4 10
187.6 12
187.8 8
188 5
188.2 10
188.4 7
188.6 11
188.8 7
189 5
189.2 11
189.4 3
189.6 13
189.8 7
190 4
190.2 11
190.4 6
190.6 12
190.8 4
191 7
191.2 8
191.4 11
191.6 8
191.8 5
192 6
192.2 4
192.4 6
192.6 6
192.8 5
193 7
193.2 2
193.4 19
193.6 6
193.8 2
194 8
194.2 8
194.4 8
194.6 5
194.8 11
195 6
195.2 6
195.4 11
195.6 4
195.8 8
196 7
196.2 8
196.4 7
196.6 8
196.8 8
197 10
197.2 7
197.4 5
197.6 7
197.8 9
198 10
198.2 8
198.4 3
198.6 5
198.8 8
199 8
199.2 12
199.4 8
199.6 9
199.8 6
200 6
200.2 5
200.4 12
200.6 9
200.8 8
201 6
201.2 5
201.4 4
201.6 5
201.8 5
202 5
202.2 5
202.4 8
202.6 10
202.8 10
203 9
203.2 8
203.4 10
203.6 12
203.8 8
204 5
204.2 11
204.4 4
204.6 4
204.8 9
205 6
205.2 6
205.4 8
205.6 9
205.8 12
206 6
206.2 6
206.4 6
206.6 7
206.8 13
207 9
207.2 6
207.4 6
207.6 9
207.8 12
208 13
208.2 13
208.4 8
208.6 8
208.8 6
209 6
209.2 7
209.4 8
209.6 13
209.8 4
210 8
210.2 3
210.4 5
210.6 6
210.8 3
211 5
211.2 13
211.4 7
211.6 10
211.8 10
212 7
212.2 12
212.4 10
212.6 3
212.8 4
213 12
213.2 6
213.4 10
213.6 16
213.8 10
214 7
214.2 7
214.4 6
214.6 5
214.8 11
215 15
215.2 8
215.4 11
215.6 6
215.8 11
216 7
216.2 11
216.4 11
216.6 5
216.8 7
217 5
217.2 5
217.4 4
217.6 5
217.8 5
218 10
218.2 6
218.4 6
218.6 8
218.8 8
219 7
219.2 5
219.4 6
219.6 9
219.8 2
220 8
220.2 7
220.4 4
220.6 2
220.8 9
221 12
221.2 6
221.4 4
221.6 3
221.8 7
222 15
222.2 8
222.4 8
222.6 6
222.8 5
223 7
223.2 10
223.4 9
223.6 9
223.8 10
224 11
224.2 3
224.4 7
224.6 10
224.8 9
225 10
225.2 8
225.4 7
225.6 9
225.8 6
226 8
226.2 7
226.4 7
226.6 5
226.8 4
227 6
227.2 8
227.4 6
227.6 6
227.8 8
228 10
228.2 6
228.4 5
228.6 7
228.8 8
229 10
229.2 12
229.4 7
229.6 5
229.8 3
230 4
230.2 9
230.4 7
230.6 9
230.8 5
231 4
231.2 11
231.4 11
231.6 12
231.8 5
232 7
232.2 6
232.4 11
232.6 12
232.8 6
233 9
233.2 13
233.4 6
233.6 5
233.8 15
234 7
234.2 9
234.4 8
234.6 2
234.8 8
235 11
235.2 9
235.4 6
235.6 11
235.8 9
236 4
236.2 9
236.4 10
236.6 6
236.8 11
237 12
237.2 3
237.4 3
237.6 11
237.8 9
238 7
238.2 5
238.4 6
238.6 5
238.8 4
239 8
239.2 5
239.4 5
239.6 9
239.8 11
240 6
240.2 14
240.4 6
240.6 7
240.8 6
241 3
241.2 8
241.4 5
241.6 8
241.8 7
242 7
242.2 9
242.4 4
242.6 7
242.8 4
243 6
243.2 9
243.4 7
243.6 8
243.8 9
244 9
244.2 3
244.4 7
244.6 4
244.8 6
245 7
245.2 5
245.4 7
245.6 6
245.8 9
246 8
246.2 11
246.4 5
246.6 7
246.8 8
247 6
247.2 7
247.4 6
247.6 11
247.8 4
248 8
248.2 7
248.4 14
248.6 11
248.8 8
249 7
249.2 9
249.4 5
249.6 8
249.8 8
250 10
