34.6 172
35 16
35.2 6
35.4 2
35.6 7
35.8 1238
36 6259
36.2 16967
36.4 62782
36.6 181476
36.8 520181
37 888363
37.2 992138
37.4 1213222
37.6 1394641
37.8 1100187
38 1175057
38.2 1008587
38.4 1101035
38.6 997058
38.8 955216
39 887930
39.2 838129
39.4 838435
39.6 833838
39.8 778948
40 713050
40.2 664456
40.4 585475
40.6 511772
40.8 457924
41 421186
41.2 422816
41.4 352242
41.6 349943
41.8 306725
42 336354
42.2 296038
42.4 248511
42.6 235280
42.8 238390
43 199158
43.2 196807
43.4 169940
43.6 167680
43.8 151483
44 136930
44.2 121441
44.4 109422
44.6 106015
44.8 96868
45 89151
45.2 80193
45.4 79357
45.6 72301
45.8 65287
46 68079
46.2 63495
46.4 59786
46.6 60357
46.8 59922
47 56343
47.2 56055
47.4 51200
47.6 50954
47.8 49373
48 45773
48.2 46258
48.4 46069
48.6 43164
48.8 42522
49 43978
49.2 42379
49.4 40582
49.6 39667
49.8 38530
50 38495
50.2 38335
50.4 37458
50.6 35673
50.8 36021
51 35790
51.2 35183
51.4 34624
51.6 33945
51.8 32772
52 32372
52.2 32592
52.4 31906
52.6 31513
52.8 30974
53 30159
53.2 30621
53.4 30539
53.6 29913
53.8 30059
54 29631
54.2 29088
54.4 29290
54.6 28791
54.8 28982
55 28402
55.2 28720
55.4 27995
55.6 27739
55.8 27543
56 27621
56.2 27851
56.4 27492
56.6 26999
56.8 26874
57 26796
57.2 26444
57.4 26603
57.6 26577
57.8 26472
58 26540
58.2 26269
58.4 26551
58.6 25940
58.8 26110
59 25538
59.2 25698
59.4 26094
59.6 25577
59.8 25929
60 25517
60.2 25582
60.4 25330
60.6 25629
60.8 25543
61 25597
61.2 25400
61.4 24962
61.6 25292
61.8 25306
62 25012
62.2 25550
62.4 25285
62.6 25356
62.8 25321
63 25005
63.2 25090
63.4 25136
63.6 24946
63.8 25154
64 25210
64.2 25250
64.4 25380
64.6 24997
64.8 24804
65 25098
65.2 25253
65.4 25135
65.6 25065
65.8 25277
66 25599
66.2 24878
66.4 25356
66.6 24933
66.8 24940
67 25115
67.2 25219
67.4 25261
67.6 25227
67.8 25022
68 24957
68.2 24958
68.4 25161
68.6 25160
68.8 24963
69 24900
69.2 25048
69.4 25063
69.6 24931
69.8 24999
70 24967
70.2 25210
70.4 25120
70.6 25112
70.8 24939
71 24977
71.2 25130
71.4 24957
71.6 24783
71.8 25194
72 25119
72.2 25219
72.4 24898
72.6 25149
72.8 24891
73 24953
73.2 24933
73.4 24802
73.6 24931
73.8 25164
74 25036
74.2 25025
74.4 25154
74.6 25022
74.8 24971
75 24825
75.2 25233
75.4 25286
75.6 24898
75.8 24897
76 25192
76.2 25012
76.4 25133
76.6 25035
76.8 24781
77 25032
77.2 25024
77.4 25307
77.6 25148
77.8 24904
78 24751
78.2 24976
78.4 24783
78.6 25189
78.8 25203
79 24755
79.2 24799
79.4 25167
79.6 25035
79.8 25161
80 24840
80.2 24936
80.4 25039
80.6 24920
80.8 25006
81 25105
81.2 25041
81.4 25231
81.6 25013
81.8 24944
82 24720
82.2 24970
82.4 25018
82.6 24985
82.8 24944
83 25013
83.2 24944
83.4 24857
83.6 24799
83.8 25015
84 25041
84.2 25034
84.4 24875
84.6 25086
84.8 25335
85 24992
85.2 25199
85.4 24998
85.6 25055
85.8 25103
86 24918
86.2 25029
86.4 25111
86.6 24920
86.8 24801
87 24871
87.2 25373
87.4 24954
87.6 25013
87.8 24907
88 25155
88.2 24504
88.4 24999
88.6 24705
88.8 25008
89 24820
89.2 24827
89.4 24987
89.6 25203
89.8 24912
90 24885
90.2 24938
90.4 25126
90.6 24943
90.8 24964
91 25002
91.2 24813
91.4 25007
91.6 25220
91.8 24939
92 25075
92.2 25034
92.4 24711
92.6 25180
92.8 24841
93 25021
93.2 24971
93.4 24934
93.6 24829
93.8 24951
94 24810
94.2 24767
94.4 25103
94.6 24929
94.8 24679
95 24816
95.2 24957
95.4 24932
95.6 24974
95.8 24532
96 24874
96.2 24914
96.4 24996
96.6 24675
96.8 24986
97 24852
97.2 24841
97.4 24675
97.6 24870
97.8 24595
98 24818
98.2 24994
98.4 24923
98.6 24772
98.8 24918
99 24904
99.2 24803
99.4 25108
99.6 25103
99.8 24838
100 24768
100.2 24612
100.4 24893
100.6 24850
100.8 24855
101 25247
101.2 24912
101.4 25047
101.6 24707
101.8 25064
102 24757
102.2 24785
102.4 24778
102.6 24956
102.8 24820
103 24758
103.2 24832
103.4 24836
103.6 24585
103.8 24791
104 24863
104.2 24792
104.4 25033
104.6 25170
104.8 24739
105 24706
105.2 24876
105.4 24841
105.6 24974
105.8 24746
106 24937
106.2 25078
106.4 24728
106.6 24881
106.8 24675
107 24914
107.2 24685
107.4 24895
107.6 24848
107.8 24623
108 24797
108.2 25164
108.4 25018
108.6 24830
108.8 24947
109 24688
109.2 24824
109.4 24795
109.6 24930
109.8 24760
110 24915
110.2 24927
110.4 24540
110.6 24889
110.8 24763
111 24716
111.2 24769
111.4 24754
111.6 24626
111.8 25099
112 24861
112.2 24794
112.4 25014
112.6 24651
112.8 24851
113 24875
113.2 24971
113.4 24746
113.6 24976
113.8 24819
114 25042
114.2 25084
114.4 24931
114.6 24629
114.8 24789
115 25100
115.2 24848
115.4 24947
115.6 24864
115.8 24957
116 24817
116.2 24585
116.4 24819
116.6 25048
116.8 24872
117 24763
117.2 24988
117.4 24814
117.6 24741
117.8 25129
118 24748
118.2 25082
118.4 25010
118.6 25003
118.8 24725
119 24974
119.2 25179
119.4 25160
119.6 24818
119.8 24867
120 24765
120.2 24868
120.4 24443
120.6 24875
120.8 24872
121 24829
121.2 24891
121.4 24729
121.6 25029
121.8 25061
122 24956
122.2 24854
122.4 24944
122.6 24742
122.8 24925
123 25017
123.2 25184
123.4 24628
123.6 24960
123.8 24799
124 24881
124.2 24720
124.4 24819
124.6 24717
124.8 24965
125 25014
125.2 24849
125.4 24741
125.6 24885
125.8 25051
126 24689
126.2 24952
126.4 24603
126.6 24946
126.8 25074
127 24887
127.2 24751
127.4 25117
127.6 24967
127.8 24735
128 24964
128.2 24848
128.4 24815
128.6 24921
128.8 24473
129 25096
129.2 24988
129.4 24898
129.6 25003
129.8 24626
130 25053
130.2 24886
130.4 24904
130.6 25112
130.8 25094
131 24843
131.2 24907
131.4 24825
131.6 25090
131.8 24909
132 24884
132.2 24850
132.4 24934
132.6 25184
132.8 24671
133 24841
133.2 24853
133.4 25254
133.6 24942
133.8 24973
134 24922
134.2 24833
134.4 24592
134.6 24953
134.8 24779
135 24992
135.2 24771
135.4 24930
135.6 24586
135.8 25307
136 24881
136.2 24881
136.4 25004
136.6 24930
136.8 25046
137 24841
137.2 25224
137.4 24695
137.6 24687
137.8 24598
138 24777
138.2 24955
138.4 24950
138.6 24775
138.8 25342
139 24782
139.2 24739
139.4 24922
139.6 24923
139.8 24865
140 25037
140.2 24945
140.4 24771
140.6 24991
140.8 24733
141 24754
141.2 25007
141.4 24947
141.6 24771
141.8 24626
142 25042
142.2 25045
142.4 24850
142.6 24893
142.8 25084
143 25096
143.2 24552
143.4 24884
143.6 24845
143.8 24845
144 25029
144.2 25051
144.4 24850
144.6 24944
144.8 24924
145 24819
145.2 24748
145.4 24606
145.6 25029
145.8 24842
146 24916
146.2 24930
146.4 24847
146.6 24771
146.8 24967
147 24968
147.2 24748
147.4 24951
147.6 25104
147.8 24840
148 24837
148.2 24936
148.4 24664
148.6 24736
148.8 24812
149 24692
149.2 24812
149.4 25139
149.6 24884
149.8 24910
150 25063
150.2 24737
150.4 24879
150.6 24890
150.8 25104
151 24854
151.2 24788
151.4 25073
151.6 24872
151.8 24947
152 24854
152.2 24657
152.4 25112
152.6 24959
152.8 25080
153 24828
153.2 25008
153.4 24829
153.6 25121
153.8 24748
154 24970
154.2 24963
154.4 24878
154.6 24924
154.8 24878
155 24924
155.2 24988
155.4 24795
155.6 24922
155.8 24711
156 24851
156.2 24732
156.4 24736
156.6 25016
156.8 24842
157 25201
157.2 25021
157.4 24716
157.6 24921
157.8 24770
158 25176
158.2 24823
158.4 24831
158.6 25078
158.8 24660
159 24931
159.2 25120
159.4 24859
159.6 24776
159.8 24845
160 24776
160.2 24650
160.4 24828
160.6 24875
160.8 24929
161 25312
161.2 25199
161.4 24992
161.6 25125
161.8 24824
162 25145
162.2 24852
162.4 25075
162.6 24876
162.8 24828
163 25134
163.2 24940
163.4 24745
163.6 24968
163.8 24915
164 25018
164.2 24530
164.4 25100
164.6 24837
164.8 25061
165 24891
165.2 25049
165.4 24889
165.6 24953
165.8 25112
166 25011
166.2 25321
166.4 24954
166.6 24959
166.8 25250
167 25237
167.2 24933
167.4 24866
167.6 25007
167.8 24669
168 24862
168.2 25012
168.4 25021
168.6 24745
168.8 24961
169 24902
169.2 24758
169.4 25135
169.6 24810
169.8 25165
170 24743
170.2 25065
170.4 25208
170.6 25276
170.8 25017
171 24958
171.2 24936
171.4 24930
171.6 25028
171.8 24881
172 25010
172.2 24916
172.4 24924
172.6 24812
172.8 25186
173 25239
173.2 24802
173.4 25031
173.6 24708
173.8 24720
174 25007
174.2 25210
174.4 25272
174.6 24867
174.8 25041
175 24890
175.2 24898
175.4 24963
175.6 25122
175.8 25062
176 24845
176.2 25022
176.4 24879
176.6 24953
176.8 24725
177 24792
177.2 24806
177.4 24804
177.6 25090
177.8 24868
178 24758
178.2 24753
178.4 25024
178.6 25218
178.8 24908
179 24986
179.2 25135
179.4 25151
179.6 25008
179.8 24712
180 25210
180.2 25006
180.4 25044
180.6 25048
180.8 24910
181 24971
181.2 25162
181.4 25152
181.6 24888
181.8 25099
182 25198
182.2 24990
182.4 24949
182.6 25003
182.8 25054
183 25124
183.2 25143
183.4 24810
183.6 24961
183.8 25174
184 25018
184.2 25204
184.4 24964
184.6 24898
184.8 24968
185 25000
185.2 24875
185.4 25038
185.6 25067
185.8 24767
186 25242
186.2 25030
186.4 25085
186.6 25136
186.8 25140
187 24883
187.2 24588
187.4 25102
187.6 25043
187.8 25126
188 25170
188.2 25140
188.4 25035
188.6 24684
188.8 25272
189 24775
189.2 25071
189.4 24948
189.6 24905
189.8 24961
190 25389
190.2 24906
190.4 25016
190.6 24693
190.8 25061
191 25164
191.2 24792
191.4 25119
191.6 24923
191.8 24828
192 24885
192.2 24708
192.4 24744
192.6 25198
192.8 24927
193 25325
193.2 25073
193.4 24893
193.6 24895
193.8 24937
194 24974
194.2 25183
194.4 25017
194.6 24870
194.8 25044
195 25072
195.2 25086
195.4 25114
195.6 25242
195.8 24880
196 24901
196.2 24876
196.4 25280
196.6 25029
196.8 24853
197 25019
197.2 24992
197.4 25109
197.6 24921
197.8 25008
198 25380
198.2 24878
198.4 25093
198.6 25100
198.8 24888
199 24941
199.2 25022
199.4 24931
199.6 24993
199.8 25203
200 25013
200.2 25099
200.4 24899
200.6 25047
200.8 25157
201 24987
201.2 25198
201.4 25127
201.6 24962
201.8 25417
202 25049
202.2 25247
202.4 24997
202.6 25224
202.8 25211
203 24957
203.2 24955
203.4 24954
203.6 25299
203.8 25233
204 24942
204.2 24883
204.4 24704
204.6 25035
204.8 24887
205 24748
205.2 25229
205.4 25125
205.6 24936
205.8 25012
206 24886
206.2 25124
206.4 25014
206.6 24794
206.8 24904
207 24845
207.2 24969
207.4 24881
207.6 25016
207.8 24931
208 25044
208.2 25135
208.4 25210
208.6 24924
208.8 24958
209 25023
209.2 25026
209.4 25209
209.6 24892
209.8 25047
210 24697
210.2 24918
210.4 25109
210.6 25129
210.8 24999
211 24840
211.2 24800
211.4 25100
211.6 25091
211.8 25101
212 25038
212.2 25209
212.4 25057
212.6 24845
212.8 25084
213 24928
213.2 25047
213.4 24857
213.6 24991
213.8 24885
214 25391
214.2 24892
214.4 24924
214.6 25165
214.8 24972
215 24928
215.2 24878
215.4 25183
215.6 24942
215.8 25074
216 25060
216.2 25042
216.4 24962
216.6 24878
216.8 25196
217 24898
217.2 24730
217.4 25198
217.6 25337
217.8 24962
218 24941
218.2 24955
218.4 24940
218.6 24794
218.8 25049
219 25063
219.2 25277
219.4 24986
219.6 25068
219.8 24984
220 24958
220.2 24971
220.4 25163
220.6 25425
220.8 24828
221 24982
221.2 25011
221.4 24823
221.6 25256
221.8 25103
222 25057
222.2 25037
222.4 24990
222.6 24651
222.8 24922
223 25082
223.2 25061
223.4 25212
223.6 25125
223.8 24718
224 24993
224.2 25208
224.4 24934
224.6 24915
224.8 25004
225 24699
225.2 25128
225.4 24811
225.6 24679
225.8 25124
226 25258
226.2 25286
226.4 24891
226.6 24856
226.8 24850
227 24964
227.2 25060
227.4 25057
227.6 25114
227.8 24963
228 24683
228.2 25180
228.4 25090
228.6 25041
228.8 24817
229 25071
229.2 24968
229.4 24969
229.6 25004
229.8 25149
230 24988
230.2 25246
230.4 25352
230.6 24911
230.8 25013
231 25012
231.2 25117
231.4 24992
231.6 24903
231.8 25308
232 25138
232.2 24881
232.4 24808
232.6 25256
232.8 24632
233 24739
233.2 24782
233.4 25186
233.6 24847
233.8 25104
234 25019
234.2 24945
234.4 25260
234.6 25274
234.8 25025
235 24894
235.2 25176
235.4 25221
235.6 24843
235.8 24808
236 24907
236.2 25314
236.4 24840
236.6 25246
236.8 25283
237 25617
237.2 25279
237.4 24949
237.6 24981
237.8 24884
238 24892
238.2 25065
238.4 25235
238.6 24870
238.8 24902
239 25358
239.2 25175
239.4 25183
239.6 24977
239.8 25165
240 25167
240.2 24800
240.4 24912
240.6 25144
240.8 24861
241 25277
241.2 24806
241.4 25047
241.6 24887
241.8 24884
242 25041
242.2 24957
242.4 24772
242.6 25075
242.8 25142
243 24787
243.2 24716
243.4 25025
243.6 25156
243.8 25118
244 25238
244.2 24863
244.4 25129
244.6 25148
244.8 25160
245 25063
245.2 24963
245.4 24943
245.6 25057
245.8 25009
246 25194
246.2 25117
246.4 24876
246.6 24888
246.8 25261
247 25160
247.2 25272
247.4 25328
247.6 24880
247.8 25018
248 24991
248.2 24961
248.4 25282
248.6 25058
248.8 25152
249 25282
249.2 25127
249.4 25023
249.6 25189
249.8 25077
250 24894
