#total particle-self-energy nonbondedEM
100 -1238.21221745573 0 -1238.21221745573
200 -1207.889276657428 0 -1207.889276657428
300 -1256.277498155367 0 -1256.277498155367
400 -1207.245403704001 0 -1207.245403704001
500 -1219.212754941167 0 -1219.212754941167
600 -1229.146570445504 0 -1229.146570445504
700 -1198.632305296836 0 -1198.632305296836
800 -1145.775831038365 0 -1145.775831038365
900 -1219.685387219768 0 -1219.685387219768
1000 -1204.258994035306 0 -1204.258994035306
1100 -1273.004071485484 0 -1273.004071485484
1200 -1226.927523403254 0 -1226.927523403254
1300 -1226.539261128753 0 -1226.539261128753
1400 -1222.235261274836 0 -1222.235261274836
1500 -1248.451715880074 0 -1248.451715880074
1600 -1264.747546798317 0 -1264.747546798317
1700 -1233.555846187985 0 -1233.555846187985
1800 -1256.600161121925 0 -1256.600161121925
1900 -1277.18719456438 0 -1277.18719456438
2000 -1322.259099159623 0 -1322.259099159623
2100 -1314.672523517162 0 -1314.672523517162
2200 -1326.895639332128 0 -1326.895639332128
2300 -1297.486380019691 0 -1297.486380019691
2400 -1297.711670435267 0 -1297.711670435267
2500 -1299.011549487244 0 -1299.011549487244
2600 -1272.451921062835 0 -1272.451921062835
2700 -1356.108889485942 0 -1356.108889485942
2800 -1332.946577335519 0 -1332.946577335519
2900 -1324.435053153778 0 -1324.435053153778
3000 -1329.223990102764 0 -1329.223990102764
3100 -1344.126911718864 0 -1344.126911718864
3200 -1332.217387762852 0 -1332.217387762852
3300 -1327.485293877544 0 -1327.485293877544
3400 -1247.462201026035 0 -1247.462201026035
3500 -1298.757287442917 0 -1298.757287442917
3600 -1311.18754592957 0 -1311.18754592957
3700 -1315.888398441835 0 -1315.888398441835
3800 -1245.325156598119 0 -1245.325156598119
3900 -1204.746847039931 0 -1204.746847039931
4000 -1226.96134886751 0 -1226.96134886751
4100 -1262.859864032216 0 -1262.859864032216
4200 -1254.81159738038 0 -1254.81159738038
4300 -1303.536930545699 0 -1303.536930545699
4400 -1337.249185686233 0 -1337.249185686233
4500 -1272.445191566832 0 -1272.445191566832
4600 -1274.667624836788 0 -1274.667624836788
4700 -1276.842820940306 0 -1276.842820940306
4800 -1254.509657375602 0 -1254.509657375602
4900 -1238.894343544496 0 -1238.894343544496
5000 -1271.408113587415 0 -1271.408113587415
5100 -1285.775168134598 0 -1285.775168134598
5200 -1281.479908146663 0 -1281.479908146663
5300 -1327.524905343307 0 -1327.524905343307
5400 -1343.534915955155 0 -1343.534915955155
5500 -1261.085447782651 0 -1261.085447782651
5600 -1255.293860968901 0 -1255.293860968901
5700 -1269.568691661116 0 -1269.568691661116
5800 -1270.189254200755 0 -1270.189254200755
5900 -1345.740496095968 0 -1345.740496095968
6000 -1314.9071939555 0 -1314.9071939555
6100 -1349.934747690568 0 -1349.934747690568
6200 -1335.973864719039 0 -1335.973864719039
6300 -1327.330522133037 0 -1327.330522133037
6400 -1374.453381221974 0 -1374.453381221974
6500 -1348.297553274315 0 -1348.297553274315
6600 -1369.159861049615 0 -1369.159861049615
6700 -1347.414868661668 0 -1347.414868661668
6800 -1322.81502777664 0 -1322.81502777664
6900 -1350.949233608975 0 -1350.949233608975
7000 -1285.895987352589 0 -1285.895987352589
7100 -1280.926711624721 0 -1280.926711624721
7200 -1246.711708239978 0 -1246.711708239978
7300 -1261.641547973151 0 -1261.641547973151
7400 -1290.50491719495 0 -1290.50491719495
7500 -1328.429015643895 0 -1328.429015643895
7600 -1371.143890557811 0 -1371.143890557811
7700 -1335.346820290055 0 -1335.346820290055
7800 -1290.250647405046 0 -1290.250647405046
7900 -1273.23364716908 0 -1273.23364716908
8000 -1336.616124699707 0 -1336.616124699707
8100 -1264.618409086019 0 -1264.618409086019
8200 -1251.321355438675 0 -1251.321355438675
8300 -1241.07476140128 0 -1241.07476140128
8400 -1294.212744602235 0 -1294.212744602235
8500 -1289.183346117788 0 -1289.183346117788
8600 -1314.215101770888 0 -1314.215101770888
8700 -1315.473961926764 0 -1315.473961926764
8800 -1265.038155415328 0 -1265.038155415328
8900 -1269.840510740003 0 -1269.840510740003
9000 -1263.977912042872 0 -1263.977912042872
9100 -1284.489499484655 0 -1284.489499484655
9200 -1276.388458518079 0 -1276.388458518079
9300 -1208.553272790974 0 -1208.553272790974
9400 -1212.475274493219 0 -1212.475274493219
9500 -1253.758535245201 0 -1253.758535245201
9600 -1224.136118296767 0 -1224.136118296767
9700 -1223.09307045993 0 -1223.09307045993
9800 -1161.782423192402 0 -1161.782423192402
9900 -1142.204003693769 0 -1142.204003693769
10000 -1177.740366888116 0 -1177.740366888116
10100 -1151.051069932029 0 -1151.051069932029
10200 -1156.896726831328 0 -1156.896726831328
10300 -1185.911926808127 0 -1185.911926808127
10400 -1119.688218752155 0 -1119.688218752155
10500 -1130.184224787401 0 -1130.184224787401
10600 -1148.162787587731 0 -1148.162787587731
10700 -1176.915779726114 0 -1176.915779726114
10800 -1132.883986243047 0 -1132.883986243047
10900 -1095.133747529238 0 -1095.133747529238
11000 -1134.97471877269 0 -1134.97471877269
11100 -1151.362823118689 0 -1151.362823118689
11200 -1113.583313662093 0 -1113.583313662093
11300 -1128.488295893651 0 -1128.488295893651
11400 -1177.747526801424 0 -1177.747526801424
11500 -1205.727027094457 0 -1205.727027094457
11600 -1175.800609758589 0 -1175.800609758589
11700 -1166.274172477191 0 -1166.274172477191
11800 -1197.795081050077 0 -1197.795081050077
11900 -1194.025724413994 0 -1194.025724413994
12000 -1176.704007826513 0 -1176.704007826513
12100 -1164.322270113975 0 -1164.322270113975
12200 -1227.62961810187 0 -1227.62961810187
12300 -1249.048017310211 0 -1249.048017310211
12400 -1234.838483517466 0 -1234.838483517466
12500 -1207.179731799464 0 -1207.179731799464
12600 -1218.727748848731 0 -1218.727748848731
12700 -1182.274938118411 0 -1182.274938118411
12800 -1225.428007426672 0 -1225.428007426672
12900 -1189.322276123217 0 -1189.322276123217
13000 -1162.91128584859 0 -1162.91128584859
13100 -1172.427718049847 0 -1172.427718049847
13200 -1186.929546207888 0 -1186.929546207888
13300 -1111.466821118724 0 -1111.466821118724
13400 -1118.033403733512 0 -1118.033403733512
13500 -1122.587048784364 0 -1122.587048784364
13600 -1116.283032746898 0 -1116.283032746898
13700 -1108.232496756129 0 -1108.232496756129
13800 -1125.884112020372 0 -1125.884112020372
13900 -1119.801188940415 0 -1119.801188940415
14000 -1068.522221601103 0 -1068.522221601103
14100 -1082.028113674372 0 -1082.028113674372
14200 -1063.315352850361 0 -1063.315352850361
14300 -1112.789868608234 0 -1112.789868608234
14400 -1105.346264456864 0 -1105.346264456864
14500 -1138.469834191492 0 -1138.469834191492
14600 -1079.631502363598 0 -1079.631502363598
14700 -1078.680168920022 0 -1078.680168920022
14800 -1025.382984249387 0 -1025.382984249387
14900 -1005.299222775735 0 -1005.299222775735
15000 -1002.255218410399 0 -1002.255218410399
15100 -1058.632874971605 0 -1058.632874971605
15200 -1076.76391997328 0 -1076.76391997328
15300 -1023.558552059854 0 -1023.558552059854
15400 -1041.77006283938 0 -1041.77006283938
15500 -1073.809169057291 0 -1073.809169057291
15600 -1078.814966042992 0 -1078.814966042992
15700 -1075.397771390853 0 -1075.397771390853
15800 -1067.926881180145 0 -1067.926881180145
15900 -1085.619926150655 0 -1085.619926150655
16000 -1161.693065098632 0 -1161.693065098632
16100 -1138.1960705643 0 -1138.1960705643
16200 -1109.620956743136 0 -1109.620956743136
16300 -1122.10730343801 0 -1122.10730343801
16400 -1121.200553955277 0 -1121.200553955277
16500 -1082.534973583417 0 -1082.534973583417
16600 -1088.428396367468 0 -1088.428396367468
16700 -1048.304739865242 0 -1048.304739865242
16800 -1042.906503251754 0 -1042.906503251754
16900 -1081.542484545935 0 -1081.542484545935
17000 -1069.203333440004 0 -1069.203333440004
17100 -1067.568093113543 0 -1067.568093113543
17200 -1012.019036505837 0 -1012.019036505837
17300 -966.1782387776766 0 -966.1782387776766
17400 -1010.740989189362 0 -1010.740989189362
17500 -1027.872356774169 0 -1027.872356774169
17600 -988.4274966004305 0 -988.4274966004305
17700 -990.2681757351384 0 -990.2681757351384
17800 -980.6559395471122 0 -980.6559395471122
17900 -980.1790331783704 0 -980.1790331783704
18000 -998.5348804313689 0 -998.5348804313689
18100 -962.8595358449966 0 -962.8595358449966
18200 -946.3098356581759 0 -946.3098356581759
18300 -927.3132889554836 0 -927.3132889554836
18400 -902.328596688807 0 -902.328596688807
18500 -957.9560996771324 0 -957.9560996771324
18600 -967.7111787477043 0 -967.7111787477043
18700 -939.4856932625407 0 -939.4856932625407
18800 -908.7419487796724 0 -908.7419487796724
18900 -968.9831777005456 0 -968.9831777005456
19000 -940.0861983585055 0 -940.0861983585055
19100 -1005.266457176534 0 -1005.266457176534
19200 -988.0528835621662 0 -988.0528835621662
19300 -954.9148474398535 0 -954.9148474398535
19400 -992.1612902400084 0 -992.1612902400084
19500 -1028.833778161817 0 -1028.833778161817
19600 -1038.47351888055 0 -1038.47351888055
19700 -1077.31850244524 0 -1077.31850244524
19800 -1049.692602759926 0 -1049.692602759926
19900 -1060.331877471734 0 -1060.331877471734
20000 -1086.727907802444 0 -1086.727907802444
20100 -1083.968380394159 0 -1083.968380394159
20200 -1065.91291508358 0 -1065.91291508358
20300 -1071.753614975103 0 -1071.753614975103
20400 -1100.75879152026 0 -1100.75879152026
20500 -1113.684542218922 0 -1113.684542218922
20600 -1059.127301196335 0 -1059.127301196335
20700 -1097.910343147581 0 -1097.910343147581
20800 -1068.425981291919 0 -1068.425981291919
20900 -1010.424733989639 0 -1010.424733989639
21000 -1000.012194327777 0 -1000.012194327777
21100 -979.8547693321016 0 -979.8547693321016
21200 -1037.622182968538 0 -1037.622182968538
21300 -1040.389036328765 0 -1040.389036328765
21400 -1078.449742319062 0 -1078.449742319062
21500 -1060.636921863304 0 -1060.636921863304
21600 -1133.159123490099 0 -1133.159123490099
21700 -1114.131502046483 0 -1114.131502046483
21800 -1086.531876810361 0 -1086.531876810361
21900 -1107.05589466705 0 -1107.05589466705
22000 -1082.201562009985 0 -1082.201562009985
22100 -1122.627930514514 0 -1122.627930514514
22200 -1158.063495063921 0 -1158.063495063921
22300 -1167.913118262484 0 -1167.913118262484
22400 -1141.369467671728 0 -1141.369467671728
22500 -1158.762157079298 0 -1158.762157079298
22600 -1211.227180145681 0 -1211.227180145681
22700 -1218.349018479697 0 -1218.349018479697
22800 -1199.368251167005 0 -1199.368251167005
22900 -1227.865459172288 0 -1227.865459172288
23000 -1229.505714744795 0 -1229.505714744795
23100 -1208.018551397704 0 -1208.018551397704
23200 -1129.933109331178 0 -1129.933109331178
23300 -1083.907790742349 0 -1083.907790742349
23400 -1064.710808215663 0 -1064.710808215663
23500 -1124.411725525046 0 -1124.411725525046
23600 -1161.419086491107 0 -1161.419086491107
23700 -1124.911275308812 0 -1124.911275308812
23800 -1134.852700131945 0 -1134.852700131945
23900 -1112.655358482269 0 -1112.655358482269
24000 -1157.212267292372 0 -1157.212267292372
24100 -1106.696621478593 0 -1106.696621478593
24200 -1122.751649403258 0 -1122.751649403258
24300 -1110.471916665556 0 -1110.471916665556
24400 -1106.650237747701 0 -1106.650237747701
24500 -1076.379147365573 0 -1076.379147365573
24600 -1075.959456093144 0 -1075.959456093144
24700 -1045.210869205417 0 -1045.210869205417
24800 -1083.714849472744 0 -1083.714849472744
24900 -1078.281460156431 0 -1078.281460156431
25000 -1097.550383591093 0 -1097.550383591093
25100 -1126.454179017572 0 -1126.454179017572
25200 -1095.082417485974 0 -1095.082417485974
25300 -1114.440799795557 0 -1114.440799795557
25400 -1124.664586945903 0 -1124.664586945903
25500 -1152.509893805953 0 -1152.509893805953
25600 -1061.917087532231 0 -1061.917087532231
25700 -1110.857958830427 0 -1110.857958830427
25800 -1103.606485961238 0 -1103.606485961238
25900 -1089.56951941752 0 -1089.56951941752
26000 -1094.083802030189 0 -1094.083802030189
26100 -1054.221362628508 0 -1054.221362628508
26200 -1084.503013838548 0 -1084.503013838548
26300 -1093.32479041256 0 -1093.32479041256
26400 -1102.066800810164 0 -1102.066800810164
26500 -1055.227495696861 0 -1055.227495696861
26600 -1116.926939345198 0 -1116.926939345198
26700 -1090.73151209869 0 -1090.73151209869
26800 -1124.304106578697 0 -1124.304106578697
26900 -1070.322936001234 0 -1070.322936001234
27000 -1154.970458769705 0 -1154.970458769705
27100 -1145.034537505358 0 -1145.034537505358
27200 -1119.292340592481 0 -1119.292340592481
27300 -1125.255981619077 0 -1125.255981619077
27400 -1105.661356197437 0 -1105.661356197437
27500 -1101.608884614776 0 -1101.608884614776
27600 -1048.138543989975 0 -1048.138543989975
27700 -1079.371606941335 0 -1079.371606941335
27800 -1009.943997156341 0 -1009.943997156341
27900 -1037.989449278219 0 -1037.989449278219
28000 -1100.646390680224 0 -1100.646390680224
28100 -1049.046285843709 0 -1049.046285843709
28200 -1071.137221644167 0 -1071.137221644167
28300 -1073.58092302829 0 -1073.58092302829
28400 -1052.676021304447 0 -1052.676021304447
28500 -1060.319707213435 0 -1060.319707213435
28600 -1049.116324792849 0 -1049.116324792849
28700 -1077.295650861692 0 -1077.295650861692
28800 -1112.303976264084 0 -1112.303976264084
28900 -1144.166757726693 0 -1144.166757726693
29000 -1135.694951341604 0 -1135.694951341604
29100 -1138.979915268952 0 -1138.979915268952
29200 -1082.375270042103 0 -1082.375270042103
29300 -1131.775521372445 0 -1131.775521372445
29400 -1154.432961868821 0 -1154.432961868821
29500 -1181.099166934291 0 -1181.099166934291
29600 -1205.609606046928 0 -1205.609606046928
29700 -1185.579911026871 0 -1185.579911026871
29800 -1159.904843574041 0 -1159.904843574041
29900 -1191.661610653508 0 -1191.661610653508
30000 -1214.044980078237 0 -1214.044980078237
30100 -1198.878448830685 0 -1198.878448830685
30200 -1195.099470853573 0 -1195.099470853573
30300 -1232.256706846412 0 -1232.256706846412
30400 -1172.837204144569 0 -1172.837204144569
30500 -1219.425469251932 0 -1219.425469251932
30600 -1173.402108358452 0 -1173.402108358452
30700 -1154.279728141846 0 -1154.279728141846
30800 -1109.163007219322 0 -1109.163007219322
30900 -1085.538591605378 0 -1085.538591605378
31000 -1088.107366680633 0 -1088.107366680633
31100 -1120.140827814816 0 -1120.140827814816
31200 -1133.425698971609 0 -1133.425698971609
31300 -1147.955646003364 0 -1147.955646003364
31400 -1160.332274265587 0 -1160.332274265587
31500 -1154.133699436206 0 -1154.133699436206
31600 -1215.379131693626 0 -1215.379131693626
31700 -1188.169919735985 0 -1188.169919735985
31800 -1241.488969294354 0 -1241.488969294354
31900 -1218.83589184325 0 -1218.83589184325
32000 -1251.747485076077 0 -1251.747485076077
32100 -1196.814657554729 0 -1196.814657554729
32200 -1257.880897113588 0 -1257.880897113588
32300 -1213.13656072109 0 -1213.13656072109
32400 -1213.410963874019 0 -1213.410963874019
32500 -1249.199882031651 0 -1249.199882031651
32600 -1237.780779704452 0 -1237.780779704452
32700 -1258.809184228536 0 -1258.809184228536
32800 -1245.661048738752 0 -1245.661048738752
32900 -1231.790634689387 0 -1231.790634689387
33000 -1289.595259476744 0 -1289.595259476744
33100 -1195.785916668829 0 -1195.785916668829
33200 -1303.463682616828 0 -1303.463682616828
33300 -1367.717342340155 0 -1367.717342340155
33400 -1289.271258140216 0 -1289.271258140216
33500 -1322.51198113733 0 -1322.51198113733
33600 -1333.352042521816 0 -1333.352042521816
33700 -1254.625260419911 0 -1254.625260419911
33800 -1252.362784902274 0 -1252.362784902274
33900 -1310.551035973243 0 -1310.551035973243
34000 -1281.092987496115 0 -1281.092987496115
34100 -1282.14820548147 0 -1282.14820548147
34200 -1271.34957644809 0 -1271.34957644809
34300 -1297.059464312624 0 -1297.059464312624
34400 -1319.594300598605 0 -1319.594300598605
34500 -1282.924473987659 0 -1282.924473987659
34600 -1288.26770072605 0 -1288.26770072605
34700 -1279.494740542723 0 -1279.494740542723
34800 -1236.169399574865 0 -1236.169399574865
34900 -1236.246269333409 0 -1236.246269333409
35000 -1229.166725545409 0 -1229.166725545409
35100 -1252.847299789777 0 -1252.847299789777
35200 -1273.828996171011 0 -1273.828996171011
35300 -1275.346214815974 0 -1275.346214815974
35400 -1284.201149375644 0 -1284.201149375644
35500 -1269.44555486436 0 -1269.44555486436
35600 -1242.906031539256 0 -1242.906031539256
35700 -1198.51306645188 0 -1198.51306645188
35800 -1241.948515913449 0 -1241.948515913449
35900 -1227.711244335398 0 -1227.711244335398
36000 -1275.720821789699 0 -1275.720821789699
36100 -1201.231057727942 0 -1201.231057727942
36200 -1175.245903594187 0 -1175.245903594187
36300 -1227.952999059111 0 -1227.952999059111
36400 -1233.774556502467 0 -1233.774556502467
36500 -1304.455670963274 0 -1304.455670963274
36600 -1356.529724611668 0 -1356.529724611668
36700 -1367.376673601568 0 -1367.376673601568
36800 -1375.509960616939 0 -1375.509960616939
36900 -1304.201553946361 0 -1304.201553946361
37000 -1273.975054438459 0 -1273.975054438459
37100 -1280.141692847479 0 -1280.141692847479
37200 -1298.801205792406 0 -1298.801205792406
37300 -1324.447737354087 0 -1324.447737354087
37400 -1302.830461326521 0 -1302.830461326521
37500 -1355.908677288564 0 -1355.908677288564
37600 -1326.43625125126 0 -1326.43625125126
37700 -1295.559206345119 0 -1295.559206345119
37800 -1275.001107928576 0 -1275.001107928576
37900 -1247.279100010812 0 -1247.279100010812
38000 -1275.98932027421 0 -1275.98932027421
38100 -1214.976251733024 0 -1214.976251733024
38200 -1216.54165427736 0 -1216.54165427736
38300 -1218.590124740032 0 -1218.590124740032
38400 -1227.101086803479 0 -1227.101086803479
38500 -1205.503313876572 0 -1205.503313876572
38600 -1250.761502683628 0 -1250.761502683628
38700 -1263.835159846349 0 -1263.835159846349
38800 -1209.537097014487 0 -1209.537097014487
38900 -1249.492666273145 0 -1249.492666273145
39000 -1243.568958838703 0 -1243.568958838703
39100 -1283.468463990605 0 -1283.468463990605
39200 -1290.191977539798 0 -1290.191977539798
39300 -1269.113962212577 0 -1269.113962212577
39400 -1274.563298980938 0 -1274.563298980938
39500 -1260.08956043073 0 -1260.08956043073
39600 -1235.847578700515 0 -1235.847578700515
39700 -1270.948367801029 0 -1270.948367801029
39800 -1265.755909570726 0 -1265.755909570726
39900 -1290.06959314784 0 -1290.06959314784
40000 -1298.067095203325 0 -1298.067095203325
40100 -1319.511121796444 0 -1319.511121796444
40200 -1382.784156284761 0 -1382.784156284761
40300 -1430.945463817799 0 -1430.945463817799
40400 -1381.744937258307 0 -1381.744937258307
40500 -1372.025173788657 0 -1372.025173788657
40600 -1316.180566415424 0 -1316.180566415424
40700 -1311.822894725017 0 -1311.822894725017
40800 -1334.949410047615 0 -1334.949410047615
40900 -1321.907947972068 0 -1321.907947972068
41000 -1298.610287938965 0 -1298.610287938965
41100 -1293.02622617106 0 -1293.02622617106
41200 -1288.848861581413 0 -1288.848861581413
41300 -1273.426214083564 0 -1273.426214083564
41400 -1241.668918660609 0 -1241.668918660609
41500 -1222.463961395202 0 -1222.463961395202
41600 -1241.702986178221 0 -1241.702986178221
41700 -1257.457447125111 0 -1257.457447125111
41800 -1298.847583964234 0 -1298.847583964234
41900 -1303.600082898047 0 -1303.600082898047
42000 -1258.571810072986 0 -1258.571810072986
42100 -1265.129958928097 0 -1265.129958928097
42200 -1221.58122752991 0 -1221.58122752991
42300 -1233.918572099181 0 -1233.918572099181
42400 -1244.996250186116 0 -1244.996250186116
42500 -1200.311816896545 0 -1200.311816896545
42600 -1254.345493856526 0 -1254.345493856526
42700 -1222.433809456881 0 -1222.433809456881
42800 -1230.095550652826 0 -1230.095550652826
42900 -1207.00672092312 0 -1207.00672092312
43000 -1126.225435726577 0 -1126.225435726577
43100 -1218.427319667069 0 -1218.427319667069
43200 -1257.251486334484 0 -1257.251486334484
43300 -1220.015994835412 0 -1220.015994835412
43400 -1147.512362694833 0 -1147.512362694833
43500 -1162.070128567284 0 -1162.070128567284
43600 -1135.990133325569 0 -1135.990133325569
43700 -1228.964975285577 0 -1228.964975285577
43800 -1264.540875606006 0 -1264.540875606006
43900 -1232.909020421328 0 -1232.909020421328
44000 -1172.838764927816 0 -1172.838764927816
44100 -1199.743044084636 0 -1199.743044084636
44200 -1231.628042108146 0 -1231.628042108146
44300 -1256.389946906129 0 -1256.389946906129
44400 -1244.384996997833 0 -1244.384996997833
44500 -1260.306793638505 0 -1260.306793638505
44600 -1308.393210193484 0 -1308.393210193484
44700 -1306.446329565544 0 -1306.446329565544
44800 -1280.615596082527 0 -1280.615596082527
44900 -1329.754711653572 0 -1329.754711653572
45000 -1311.812598302 0 -1311.812598302
45100 -1344.973498153267 0 -1344.973498153267
45200 -1331.389378355583 0 -1331.389378355583
45300 -1281.064158628928 0 -1281.064158628928
45400 -1184.632047782885 0 -1184.632047782885
45500 -1167.943778082845 0 -1167.943778082845
45600 -1228.122688146075 0 -1228.122688146075
45700 -1251.186375587131 0 -1251.186375587131
45800 -1275.902665616246 0 -1275.902665616246
45900 -1264.252810779493 0 -1264.252810779493
46000 -1288.829267474823 0 -1288.829267474823
46100 -1255.777564485325 0 -1255.777564485325
46200 -1262.758720193873 0 -1262.758720193873
46300 -1281.874626721721 0 -1281.874626721721
46400 -1206.59030344605 0 -1206.59030344605
46500 -1282.360790520674 0 -1282.360790520674
46600 -1277.567618594505 0 -1277.567618594505
46700 -1309.441773940111 0 -1309.441773940111
46800 -1338.526310513145 0 -1338.526310513145
46900 -1260.519510261249 0 -1260.519510261249
47000 -1339.088160080602 0 -1339.088160080602
47100 -1272.894415195333 0 -1272.894415195333
47200 -1325.858695168419 0 -1325.858695168419
47300 -1292.433260010555 0 -1292.433260010555
47400 -1259.601528818486 0 -1259.601528818486
47500 -1234.85231771809 0 -1234.85231771809
47600 -1232.948472707183 0 -1232.948472707183
47700 -1230.868741977494 0 -1230.868741977494
47800 -1180.976297599584 0 -1180.976297599584
47900 -1190.145402199356 0 -1190.145402199356
48000 -1183.457406089175 0 -1183.457406089175
48100 -1186.372844719794 0 -1186.372844719794
48200 -1182.992673984962 0 -1182.992673984962
48300 -1171.902646841248 0 -1171.902646841248
48400 -1133.243898457149 0 -1133.243898457149
48500 -1084.98769261688 0 -1084.98769261688
48600 -1149.223049449036 0 -1149.223049449036
48700 -1165.695718961768 0 -1165.695718961768
48800 -1188.409006671747 0 -1188.409006671747
48900 -1223.413861307781 0 -1223.413861307781
49000 -1268.1582327215 0 -1268.1582327215
49100 -1209.575926789781 0 -1209.575926789781
49200 -1280.979131882545 0 -1280.979131882545
49300 -1264.936932371929 0 -1264.936932371929
49400 -1171.146564823226 0 -1171.146564823226
49500 -1204.044795196503 0 -1204.044795196503
49600 -1189.950172679033 0 -1189.950172679033
49700 -1190.698033494642 0 -1190.698033494642
49800 -1188.74925536057 0 -1188.74925536057
49900 -1210.629595549544 0 -1210.629595549544
50000 -1220.513607512228 0 -1220.513607512228
50100 -1268.136491463752 0 -1268.136491463752
50200 -1294.827140817652 0 -1294.827140817652
50300 -1247.922143790405 0 -1247.922143790405
50400 -1227.082425096305 0 -1227.082425096305
50500 -1242.712717256276 0 -1242.712717256276
50600 -1214.024787447182 0 -1214.024787447182
50700 -1251.851892802864 0 -1251.851892802864
50800 -1229.93780341791 0 -1229.93780341791
50900 -1193.236415194813 0 -1193.236415194813
51000 -1220.585757246008 0 -1220.585757246008
51100 -1232.514621484559 0 -1232.514621484559
51200 -1265.465314029483 0 -1265.465314029483
51300 -1219.917800904252 0 -1219.917800904252
51400 -1305.096731135622 0 -1305.096731135622
51500 -1344.642734762747 0 -1344.642734762747
51600 -1259.631029725773 0 -1259.631029725773
51700 -1262.533177632373 0 -1262.533177632373
51800 -1261.144618688151 0 -1261.144618688151
51900 -1223.233210371109 0 -1223.233210371109
52000 -1202.004701188242 0 -1202.004701188242
52100 -1233.549959751079 0 -1233.549959751079
52200 -1191.400681866799 0 -1191.400681866799
52300 -1224.340183081338 0 -1224.340183081338
52400 -1270.042426527711 0 -1270.042426527711
52500 -1249.29358137073 0 -1249.29358137073
52600 -1223.705401106505 0 -1223.705401106505
52700 -1261.634418129455 0 -1261.634418129455
52800 -1230.136114164707 0 -1230.136114164707
52900 -1163.679498499027 0 -1163.679498499027
53000 -1160.427396570565 0 -1160.427396570565
53100 -1127.307852472644 0 -1127.307852472644
53200 -1128.671253006672 0 -1128.671253006672
53300 -1144.492417319794 0 -1144.492417319794
53400 -1169.423824611353 0 -1169.423824611353
53500 -1135.172044764739 0 -1135.172044764739
53600 -1149.592168468749 0 -1149.592168468749
53700 -1133.035683742346 0 -1133.035683742346
53800 -1127.589707707521 0 -1127.589707707521
53900 -1154.96075680689 0 -1154.96075680689
54000 -1163.945037898025 0 -1163.945037898025
54100 -1177.630706779295 0 -1177.630706779295
54200 -1149.895000447286 0 -1149.895000447286
54300 -1131.547519773012 0 -1131.547519773012
54400 -1092.654852014733 0 -1092.654852014733
54500 -1124.901211264194 0 -1124.901211264194
54600 -1168.844624336969 0 -1168.844624336969
54700 -1175.058358908864 0 -1175.058358908864
54800 -1170.548207996413 0 -1170.548207996413
54900 -1220.901883742772 0 -1220.901883742772
55000 -1211.918013341259 0 -1211.918013341259
55100 -1208.390010718489 0 -1208.390010718489
55200 -1197.353238174226 0 -1197.353238174226
55300 -1190.366550597479 0 -1190.366550597479
55400 -1170.077393927611 0 -1170.077393927611
55500 -1139.391975024948 0 -1139.391975024948
55600 -1129.046727626817 0 -1129.046727626817
55700 -1144.426326229237 0 -1144.426326229237
55800 -1180.997263292316 0 -1180.997263292316
55900 -1175.486182640307 0 -1175.486182640307
56000 -1221.793950820575 0 -1221.793950820575
56100 -1198.238594991853 0 -1198.238594991853
56200 -1191.596977050183 0 -1191.596977050183
56300 -1205.352251981618 0 -1205.352251981618
56400 -1179.023787639569 0 -1179.023787639569
56500 -1196.037794211181 0 -1196.037794211181
56600 -1246.498531469144 0 -1246.498531469144
56700 -1205.643041464034 0 -1205.643041464034
56800 -1244.302523890277 0 -1244.302523890277
56900 -1205.857975034742 0 -1205.857975034742
57000 -1178.679132354911 0 -1178.679132354911
57100 -1185.332667448325 0 -1185.332667448325
57200 -1213.891280773445 0 -1213.891280773445
57300 -1200.789806161309 0 -1200.789806161309
57400 -1196.785790107446 0 -1196.785790107446
57500 -1298.535655946936 0 -1298.535655946936
57600 -1308.249736966332 0 -1308.249736966332
57700 -1330.227263747714 0 -1330.227263747714
57800 -1298.539900243457 0 -1298.539900243457
57900 -1279.432746500941 0 -1279.432746500941
58000 -1288.895633563399 0 -1288.895633563399
58100 -1271.730736380443 0 -1271.730736380443
58200 -1324.346412687097 0 -1324.346412687097
58300 -1361.967479228973 0 -1361.967479228973
58400 -1351.252846787851 0 -1351.252846787851
58500 -1339.119468346005 0 -1339.119468346005
58600 -1340.263234661194 0 -1340.263234661194
58700 -1336.366752598435 0 -1336.366752598435
58800 -1401.489325749688 0 -1401.489325749688
58900 -1373.099537158385 0 -1373.099537158385
59000 -1327.663894931291 0 -1327.663894931291
59100 -1355.23878286453 0 -1355.23878286453
59200 -1339.235761011718 0 -1339.235761011718
59300 -1365.751622920208 0 -1365.751622920208
59400 -1341.184154363582 0 -1341.184154363582
59500 -1380.219150124816 0 -1380.219150124816
59600 -1360.902116622077 0 -1360.902116622077
59700 -1322.246239521541 0 -1322.246239521541
59800 -1385.394484557619 0 -1385.394484557619
59900 -1365.170041213511 0 -1365.170041213511
60000 -1429.576711120782 0 -1429.576711120782
60100 -1421.264146737754 0 -1421.264146737754
60200 -1375.942016331013 0 -1375.942016331013
60300 -1432.350783561822 0 -1432.350783561822
60400 -1466.692333675455 0 -1466.692333675455
60500 -1456.325176123297 0 -1456.325176123297
60600 -1398.980541981524 0 -1398.980541981524
60700 -1445.528905673302 0 -1445.528905673302
60800 -1380.838474320219 0 -1380.838474320219
60900 -1391.175345355179 0 -1391.175345355179
61000 -1319.610460351221 0 -1319.610460351221
61100 -1297.289936327143 0 -1297.289936327143
61200 -1305.516041913535 0 -1305.516041913535
61300 -1309.700025922386 0 -1309.700025922386
61400 -1315.238982796029 0 -1315.238982796029
61500 -1277.675622057403 0 -1277.675622057403
61600 -1373.777997329831 0 -1373.777997329831
61700 -1374.671549299033 0 -1374.671549299033
61800 -1373.094051210792 0 -1373.094051210792
61900 -1380.060757729691 0 -1380.060757729691
62000 -1331.516760931117 0 -1331.516760931117
62100 -1315.898256874178 0 -1315.898256874178
62200 -1368.970610817662 0 -1368.970610817662
62300 -1397.076003802678 0 -1397.076003802678
62400 -1355.043542318977 0 -1355.043542318977
62500 -1438.227380952565 0 -1438.227380952565
62600 -1438.319822024612 0 -1438.319822024612
62700 -1419.042604019633 0 -1419.042604019633
62800 -1402.802142684202 0 -1402.802142684202
62900 -1407.404344022507 0 -1407.404344022507
63000 -1420.601608382305 0 -1420.601608382305
63100 -1362.974553803448 0 -1362.974553803448
63200 -1379.60955162067 0 -1379.60955162067
63300 -1396.977338450728 0 -1396.977338450728
63400 -1395.319993982368 0 -1395.319993982368
63500 -1389.288237025263 0 -1389.288237025263
63600 -1442.473824981367 0 -1442.473824981367
63700 -1359.832435116172 0 -1359.832435116172
63800 -1324.645105287898 0 -1324.645105287898
63900 -1328.355073919753 0 -1328.355073919753
64000 -1326.501816900913 0 -1326.501816900913
64100 -1302.243050692254 0 -1302.243050692254
64200 -1343.820971479407 0 -1343.820971479407
64300 -1321.672497182502 0 -1321.672497182502
64400 -1331.019758028211 0 -1331.019758028211
64500 -1291.763875663048 0 -1291.763875663048
64600 -1297.602571440395 0 -1297.602571440395
64700 -1280.067858380266 0 -1280.067858380266
64800 -1270.355307763442 0 -1270.355307763442
64900 -1283.30146063189 0 -1283.30146063189
65000 -1290.548047496821 0 -1290.548047496821
65100 -1282.014363996219 0 -1282.014363996219
65200 -1331.025460096193 0 -1331.025460096193
65300 -1321.995111718657 0 -1321.995111718657
65400 -1402.883576667868 0 -1402.883576667868
65500 -1395.605080778478 0 -1395.605080778478
65600 -1444.601004214492 0 -1444.601004214492
65700 -1403.004531934159 0 -1403.004531934159
65800 -1389.678017200204 0 -1389.678017200204
65900 -1376.253011045977 0 -1376.253011045977
66000 -1338.369887650944 0 -1338.369887650944
66100 -1369.360798289767 0 -1369.360798289767
66200 -1268.881233783672 0 -1268.881233783672
66300 -1256.442416364793 0 -1256.442416364793
66400 -1255.896349806571 0 -1255.896349806571
66500 -1270.789816308767 0 -1270.789816308767
66600 -1326.66616073309 0 -1326.66616073309
66700 -1327.027687794645 0 -1327.027687794645
66800 -1342.083885838045 0 -1342.083885838045
66900 -1390.609455113416 0 -1390.609455113416
67000 -1384.649572432158 0 -1384.649572432158
67100 -1277.709883492673 0 -1277.709883492673
67200 -1294.332278951537 0 -1294.332278951537
67300 -1292.878548586654 0 -1292.878548586654
67400 -1288.572989394423 0 -1288.572989394423
67500 -1322.211862572352 0 -1322.211862572352
67600 -1320.393477281323 0 -1320.393477281323
67700 -1369.531532582128 0 -1369.531532582128
67800 -1345.86789305415 0 -1345.86789305415
67900 -1275.585329986177 0 -1275.585329986177
68000 -1262.116544159595 0 -1262.116544159595
68100 -1271.303762260126 0 -1271.303762260126
68200 -1293.830412945244 0 -1293.830412945244
68300 -1237.336522135418 0 -1237.336522135418
68400 -1255.919289130718 0 -1255.919289130718
68500 -1330.2051788182 0 -1330.2051788182
68600 -1315.513351794332 0 -1315.513351794332
68700 -1315.366959760198 0 -1315.366959760198
68800 -1318.328033729689 0 -1318.328033729689
68900 -1346.205227000872 0 -1346.205227000872
69000 -1344.092344443547 0 -1344.092344443547
69100 -1376.677127090516 0 -1376.677127090516
69200 -1346.410718146188 0 -1346.410718146188
69300 -1324.035021136981 0 -1324.035021136981
69400 -1282.17387904413 0 -1282.17387904413
69500 -1303.441380151315 0 -1303.441380151315
69600 -1329.608016520739 0 -1329.608016520739
69700 -1331.248450646148 0 -1331.248450646148
69800 -1356.862745054532 0 -1356.862745054532
69900 -1346.670789474854 0 -1346.670789474854
70000 -1363.601953539299 0 -1363.601953539299
70100 -1392.991269105114 0 -1392.991269105114
70200 -1377.771743421908 0 -1377.771743421908
70300 -1354.170850360068 0 -1354.170850360068
70400 -1340.565245666308 0 -1340.565245666308
70500 -1352.931630530162 0 -1352.931630530162
70600 -1352.019039142411 0 -1352.019039142411
70700 -1309.755756542785 0 -1309.755756542785
70800 -1306.636477640364 0 -1306.636477640364
70900 -1320.710623321356 0 -1320.710623321356
71000 -1315.371450217324 0 -1315.371450217324
71100 -1289.993410230207 0 -1289.993410230207
71200 -1332.272714931518 0 -1332.272714931518
71300 -1339.101673399098 0 -1339.101673399098
71400 -1315.222224005265 0 -1315.222224005265
71500 -1294.166108961508 0 -1294.166108961508
71600 -1337.118288600352 0 -1337.118288600352
71700 -1359.084255652153 0 -1359.084255652153
71800 -1323.365768737858 0 -1323.365768737858
71900 -1317.243008703692 0 -1317.243008703692
72000 -1307.089944828491 0 -1307.089944828491
72100 -1318.869076145347 0 -1318.869076145347
72200 -1299.675410472788 0 -1299.675410472788
72300 -1274.963851234876 0 -1274.963851234876
72400 -1332.338124006521 0 -1332.338124006521
72500 -1310.726604424184 0 -1310.726604424184
72600 -1336.435586453648 0 -1336.435586453648
72700 -1310.630540480837 0 -1310.630540480837
72800 -1302.95007256791 0 -1302.95007256791
72900 -1265.484385388903 0 -1265.484385388903
73000 -1328.384688172664 0 -1328.384688172664
73100 -1316.289810430957 0 -1316.289810430957
73200 -1333.389551152475 0 -1333.389551152475
73300 -1325.814383430639 0 -1325.814383430639
73400 -1292.060922094272 0 -1292.060922094272
73500 -1328.261798510386 0 -1328.261798510386
73600 -1280.547370690387 0 -1280.547370690387
73700 -1359.320532733109 0 -1359.320532733109
73800 -1358.222587113269 0 -1358.222587113269
73900 -1370.828114662087 0 -1370.828114662087
74000 -1323.019259997876 0 -1323.019259997876
74100 -1281.059235937195 0 -1281.059235937195
74200 -1256.112838285277 0 -1256.112838285277
74300 -1345.396496345522 0 -1345.396496345522
74400 -1278.334213149268 0 -1278.334213149268
74500 -1318.13690452138 0 -1318.13690452138
74600 -1281.059319696855 0 -1281.059319696855
74700 -1276.018515316304 0 -1276.018515316304
74800 -1335.546398988226 0 -1335.546398988226
74900 -1292.435748778284 0 -1292.435748778284
75000 -1365.252995045157 0 -1365.252995045157
75100 -1276.580869563069 0 -1276.580869563069
75200 -1243.288725725841 0 -1243.288725725841
75300 -1252.851188683417 0 -1252.851188683417
75400 -1234.277096774895 0 -1234.277096774895
75500 -1209.057046883972 0 -1209.057046883972
75600 -1230.242253210861 0 -1230.242253210861
75700 -1205.781097873813 0 -1205.781097873813
75800 -1200.198495188961 0 -1200.198495188961
75900 -1179.475148465135 0 -1179.475148465135
76000 -1122.155634191062 0 -1122.155634191062
76100 -1107.718310017372 0 -1107.718310017372
76200 -1112.514304724755 0 -1112.514304724755
76300 -1132.691219623433 0 -1132.691219623433
76400 -1171.499468692578 0 -1171.499468692578
76500 -1203.73515566485 0 -1203.73515566485
76600 -1146.142548708478 0 -1146.142548708478
76700 -1245.643167126924 0 -1245.643167126924
76800 -1260.821616865462 0 -1260.821616865462
76900 -1217.739525739336 0 -1217.739525739336
77000 -1236.837645467371 0 -1236.837645467371
77100 -1230.389145629073 0 -1230.389145629073
77200 -1231.762784830644 0 -1231.762784830644
77300 -1272.200495864963 0 -1272.200495864963
77400 -1308.719673366832 0 -1308.719673366832
77500 -1238.396517362213 0 -1238.396517362213
77600 -1258.107186789159 0 -1258.107186789159
77700 -1250.984598616138 0 -1250.984598616138
77800 -1279.243830100168 0 -1279.243830100168
77900 -1234.401344290469 0 -1234.401344290469
78000 -1248.137664775046 0 -1248.137664775046
78100 -1217.465304581914 0 -1217.465304581914
78200 -1218.610511129256 0 -1218.610511129256
78300 -1221.870538385119 0 -1221.870538385119
78400 -1290.675092832535 0 -1290.675092832535
78500 -1249.442848362844 0 -1249.442848362844
78600 -1294.095313937054 0 -1294.095313937054
78700 -1348.765310109826 0 -1348.765310109826
78800 -1323.240179372951 0 -1323.240179372951
78900 -1286.560117716086 0 -1286.560117716086
79000 -1287.144564852584 0 -1287.144564852584
79100 -1354.240038344637 0 -1354.240038344637
79200 -1394.946971358499 0 -1394.946971358499
79300 -1326.365826458787 0 -1326.365826458787
79400 -1334.969338768627 0 -1334.969338768627
79500 -1377.741026614094 0 -1377.741026614094
79600 -1362.89840976242 0 -1362.89840976242
79700 -1422.153488185373 0 -1422.153488185373
79800 -1417.599546452984 0 -1417.599546452984
79900 -1427.312427194789 0 -1427.312427194789
80000 -1403.236471759854 0 -1403.236471759854
80100 -1407.954503643792 0 -1407.954503643792
80200 -1418.485420808429 0 -1418.485420808429
80300 -1428.310549353948 0 -1428.310549353948
80400 -1417.705454586074 0 -1417.705454586074
80500 -1417.586736878613 0 -1417.586736878613
80600 -1373.634041992947 0 -1373.634041992947
80700 -1419.028520504478 0 -1419.028520504478
80800 -1458.895837314893 0 -1458.895837314893
80900 -1448.384138952242 0 -1448.384138952242
81000 -1464.594535064563 0 -1464.594535064563
81100 -1437.604756333632 0 -1437.604756333632
81200 -1487.350635396084 0 -1487.350635396084
81300 -1418.295094550354 0 -1418.295094550354
81400 -1458.656293873908 0 -1458.656293873908
81500 -1457.041682422394 0 -1457.041682422394
81600 -1467.360668052686 0 -1467.360668052686
81700 -1465.929469387396 0 -1465.929469387396
81800 -1440.340371832019 0 -1440.340371832019
81900 -1428.258242461132 0 -1428.258242461132
82000 -1450.21316582826 0 -1450.21316582826
82100 -1467.258523504948 0 -1467.258523504948
82200 -1468.610679453472 0 -1468.610679453472
82300 -1449.90069974144 0 -1449.90069974144
82400 -1432.228136816411 0 -1432.228136816411
82500 -1421.132004763262 0 -1421.132004763262
82600 -1421.254823425552 0 -1421.254823425552
82700 -1360.279358041007 0 -1360.279358041007
82800 -1405.18998509692 0 -1405.18998509692
82900 -1400.785225075204 0 -1400.785225075204
83000 -1428.398841792019 0 -1428.398841792019
83100 -1416.632487611147 0 -1416.632487611147
83200 -1402.301006612135 0 -1402.301006612135
83300 -1427.336182158208 0 -1427.336182158208
83400 -1380.166820016748 0 -1380.166820016748
83500 -1389.793193479767 0 -1389.793193479767
83600 -1399.437297262717 0 -1399.437297262717
83700 -1383.819713199337 0 -1383.819713199337
83800 -1385.091007545358 0 -1385.091007545358
83900 -1353.793958598282 0 -1353.793958598282
84000 -1419.85086974781 0 -1419.85086974781
84100 -1417.812233509263 0 -1417.812233509263
84200 -1445.113418566296 0 -1445.113418566296
84300 -1401.919440818951 0 -1401.919440818951
84400 -1395.540364484303 0 -1395.540364484303
84500 -1346.092788597802 0 -1346.092788597802
84600 -1366.52463224926 0 -1366.52463224926
84700 -1398.085130486012 0 -1398.085130486012
84800 -1404.106397273485 0 -1404.106397273485
84900 -1410.869370554574 0 -1410.869370554574
85000 -1474.774089719751 0 -1474.774089719751
85100 -1393.315016464971 0 -1393.315016464971
85200 -1410.78186441632 0 -1410.78186441632
85300 -1371.965249161934 0 -1371.965249161934
85400 -1380.620648313081 0 -1380.620648313081
85500 -1398.965801976621 0 -1398.965801976621
85600 -1426.776057623574 0 -1426.776057623574
85700 -1489.494407488382 0 -1489.494407488382
85800 -1448.626516101649 0 -1448.626516101649
85900 -1468.44825995178 0 -1468.44825995178
86000 -1462.521644389955 0 -1462.521644389955
86100 -1408.73814484023 0 -1408.73814484023
86200 -1409.059414661257 0 -1409.059414661257
86300 -1438.133113517426 0 -1438.133113517426
86400 -1425.463651860657 0 -1425.463651860657
86500 -1354.455492909416 0 -1354.455492909416
86600 -1319.363465508213 0 -1319.363465508213
86700 -1316.326427271124 0 -1316.326427271124
86800 -1370.176765168784 0 -1370.176765168784
86900 -1397.551422760123 0 -1397.551422760123
87000 -1403.036250605015 0 -1403.036250605015
87100 -1407.390481030801 0 -1407.390481030801
87200 -1376.428760119481 0 -1376.428760119481
87300 -1355.623466734309 0 -1355.623466734309
87400 -1323.634365760838 0 -1323.634365760838
87500 -1295.180953364586 0 -1295.180953364586
87600 -1375.7595516562 0 -1375.7595516562
87700 -1407.998684851336 0 -1407.998684851336
87800 -1370.558649256418 0 -1370.558649256418
87900 -1373.089046492591 0 -1373.089046492591
88000 -1355.431084509532 0 -1355.431084509532
88100 -1375.22284197947 0 -1375.22284197947
88200 -1382.80995849421 0 -1382.80995849421
88300 -1404.478441424813 0 -1404.478441424813
88400 -1390.470179012162 0 -1390.470179012162
88500 -1467.000514330342 0 -1467.000514330342
88600 -1474.859190093819 0 -1474.859190093819
88700 -1467.909688501619 0 -1467.909688501619
88800 -1393.316133714281 0 -1393.316133714281
88900 -1371.419218473166 0 -1371.419218473166
89000 -1416.292345711263 0 -1416.292345711263
89100 -1402.324921136256 0 -1402.324921136256
89200 -1408.272763352608 0 -1408.272763352608
89300 -1371.932405365165 0 -1371.932405365165
89400 -1298.655508629206 0 -1298.655508629206
89500 -1295.149932231405 0 -1295.149932231405
89600 -1338.333196263295 0 -1338.333196263295
89700 -1325.65624509356 0 -1325.65624509356
89800 -1308.070553098107 0 -1308.070553098107
89900 -1335.794303457602 0 -1335.794303457602
90000 -1289.875412831781 0 -1289.875412831781
90100 -1312.452222909778 0 -1312.452222909778
90200 -1286.989126512315 0 -1286.989126512315
90300 -1286.985606842383 0 -1286.985606842383
90400 -1338.388956728042 0 -1338.388956728042
90500 -1312.022751204437 0 -1312.022751204437
90600 -1304.067068333272 0 -1304.067068333272
90700 -1347.224449940026 0 -1347.224449940026
90800 -1332.68165623094 0 -1332.68165623094
90900 -1325.260481459554 0 -1325.260481459554
91000 -1311.916337951261 0 -1311.916337951261
91100 -1236.559566805838 0 -1236.559566805838
91200 -1301.535822689621 0 -1301.535822689621
91300 -1228.406039156485 0 -1228.406039156485
91400 -1272.70951882645 0 -1272.70951882645
91500 -1256.718731399858 0 -1256.718731399858
91600 -1213.811960098959 0 -1213.811960098959
91700 -1231.788201175164 0 -1231.788201175164
91800 -1241.200653281412 0 -1241.200653281412
91900 -1183.913325546193 0 -1183.913325546193
92000 -1210.063431380142 0 -1210.063431380142
92100 -1206.174973568646 0 -1206.174973568646
92200 -1219.263834290206 0 -1219.263834290206
92300 -1206.695400869008 0 -1206.695400869008
92400 -1210.99783161818 0 -1210.99783161818
92500 -1263.083902594866 0 -1263.083902594866
92600 -1304.870849602652 0 -1304.870849602652
92700 -1260.860236424487 0 -1260.860236424487
92800 -1275.796706991656 0 -1275.796706991656
92900 -1302.36364272621 0 -1302.36364272621
93000 -1303.377461025026 0 -1303.377461025026
93100 -1326.321659375681 0 -1326.321659375681
93200 -1276.879718280863 0 -1276.879718280863
93300 -1246.395650287857 0 -1246.395650287857
93400 -1281.864032546291 0 -1281.864032546291
93500 -1312.250066159759 0 -1312.250066159759
93600 -1359.385907913093 0 -1359.385907913093
93700 -1312.756914821919 0 -1312.756914821919
93800 -1329.23398203461 0 -1329.23398203461
93900 -1317.334264714387 0 -1317.334264714387
94000 -1316.705335631734 0 -1316.705335631734
94100 -1348.779073281679 0 -1348.779073281679
94200 -1368.776459309971 0 -1368.776459309971
94300 -1350.658445472363 0 -1350.658445472363
94400 -1356.187513091718 0 -1356.187513091718
94500 -1330.593458515359 0 -1330.593458515359
94600 -1284.452731093625 0 -1284.452731093625
94700 -1273.859550976136 0 -1273.859550976136
94800 -1274.592810716043 0 -1274.592810716043
94900 -1251.664316357812 0 -1251.664316357812
95000 -1299.246111034183 0 -1299.246111034183
95100 -1370.926465487108 0 -1370.926465487108
95200 -1366.065812217043 0 -1366.065812217043
95300 -1396.346972898813 0 -1396.346972898813
95400 -1406.89964124377 0 -1406.89964124377
95500 -1409.226495484123 0 -1409.226495484123
95600 -1389.198025310179 0 -1389.198025310179
95700 -1357.663977996213 0 -1357.663977996213
95800 -1353.669775424758 0 -1353.669775424758
95900 -1352.41160319309 0 -1352.41160319309
96000 -1410.201504896278 0 -1410.201504896278
96100 -1391.761929311906 0 -1391.761929311906
96200 -1364.533541267738 0 -1364.533541267738
96300 -1356.272750363802 0 -1356.272750363802
96400 -1405.468542687362 0 -1405.468542687362
96500 -1328.294897714164 0 -1328.294897714164
96600 -1349.27445248724 0 -1349.27445248724
96700 -1332.266355936066 0 -1332.266355936066
96800 -1312.847730029956 0 -1312.847730029956
96900 -1331.93029605411 0 -1331.93029605411
97000 -1322.001606364502 0 -1322.001606364502
97100 -1346.157303019078 0 -1346.157303019078
97200 -1295.679715540493 0 -1295.679715540493
97300 -1349.08973052213 0 -1349.08973052213
97400 -1379.598517037462 0 -1379.598517037462
97500 -1390.84033386776 0 -1390.84033386776
97600 -1330.253173476551 0 -1330.253173476551
97700 -1346.926011378295 0 -1346.926011378295
97800 -1340.601715442725 0 -1340.601715442725
97900 -1355.259470497956 0 -1355.259470497956
98000 -1378.224795620888 0 -1378.224795620888
98100 -1409.789701082511 0 -1409.789701082511
98200 -1372.328683436848 0 -1372.328683436848
98300 -1332.434142380953 0 -1332.434142380953
98400 -1361.390706925886 0 -1361.390706925886
98500 -1325.666193788871 0 -1325.666193788871
98600 -1355.903161258204 0 -1355.903161258204
98700 -1319.896064073779 0 -1319.896064073779
98800 -1245.9756121838 0 -1245.9756121838
98900 -1270.710001960862 0 -1270.710001960862
99000 -1239.048536075978 0 -1239.048536075978
99100 -1202.077270331443 0 -1202.077270331443
99200 -1257.639263539342 0 -1257.639263539342
99300 -1280.421327978722 0 -1280.421327978722
99400 -1296.939339715347 0 -1296.939339715347
99500 -1366.724371047691 0 -1366.724371047691
99600 -1405.330552698928 0 -1405.330552698928
99700 -1356.983050964656 0 -1356.983050964656
99800 -1344.337737324648 0 -1344.337737324648
99900 -1424.250044575194 0 -1424.250044575194
100000 -1432.950356866408 0 -1432.950356866408
100100 -1495.505738831125 0 -1495.505738831125
100200 -1415.15065392193 0 -1415.15065392193
100300 -1451.85384884174 0 -1451.85384884174
100400 -1480.356043776264 0 -1480.356043776264
100500 -1448.536644073669 0 -1448.536644073669
100600 -1435.389784127939 0 -1435.389784127939
100700 -1426.90750983078 0 -1426.90750983078
100800 -1412.199294511229 0 -1412.199294511229
100900 -1421.639263041783 0 -1421.639263041783
101000 -1480.121608551402 0 -1480.121608551402
101100 -1470.301442207536 0 -1470.301442207536
101200 -1442.05604580557 0 -1442.05604580557
101300 -1488.490994026535 0 -1488.490994026535
101400 -1588.45738159935 0 -1588.45738159935
101500 -1555.83652111387 0 -1555.83652111387
101600 -1553.341528113233 0 -1553.341528113233
101700 -1562.61462701438 0 -1562.61462701438
101800 -1496.262907456607 0 -1496.262907456607
101900 -1483.078795040259 0 -1483.078795040259
102000 -1491.768756708596 0 -1491.768756708596
102100 -1406.780644926475 0 -1406.780644926475
102200 -1427.189733053092 0 -1427.189733053092
102300 -1425.161021151347 0 -1425.161021151347
102400 -1392.788020540029 0 -1392.788020540029
102500 -1423.960844207904 0 -1423.960844207904
102600 -1404.72860298981 0 -1404.72860298981
102700 -1403.573468055343 0 -1403.573468055343
102800 -1367.820654338939 0 -1367.820654338939
102900 -1371.965076829119 0 -1371.965076829119
103000 -1338.212319935788 0 -1338.212319935788
103100 -1387.732777582249 0 -1387.732777582249
103200 -1399.858406830346 0 -1399.858406830346
103300 -1371.894025461515 0 -1371.894025461515
103400 -1378.916116951965 0 -1378.916116951965
103500 -1327.573762947693 0 -1327.573762947693
103600 -1362.349273654632 0 -1362.349273654632
103700 -1329.27335022841 0 -1329.27335022841
103800 -1349.251319537987 0 -1349.251319537987
103900 -1431.047642604681 0 -1431.047642604681
104000 -1383.460972086526 0 -1383.460972086526
104100 -1347.392791409278 0 -1347.392791409278
104200 -1396.765630320297 0 -1396.765630320297
104300 -1409.618996724254 0 -1409.618996724254
104400 -1450.586104603251 0 -1450.586104603251
104500 -1433.248652538052 0 -1433.248652538052
104600 -1469.76198702585 0 -1469.76198702585
104700 -1462.18708692817 0 -1462.18708692817
104800 -1457.494169121375 0 -1457.494169121375
104900 -1428.72458583687 0 -1428.72458583687
105000 -1491.604742407566 0 -1491.604742407566
105100 -1505.277230855369 0 -1505.277230855369
105200 -1458.628213224059 0 -1458.628213224059
105300 -1463.472366201924 0 -1463.472366201924
105400 -1517.128400703659 0 -1517.128400703659
105500 -1540.013117850991 0 -1540.013117850991
105600 -1564.631861652713 0 -1564.631861652713
105700 -1552.374882079894 0 -1552.374882079894
105800 -1559.033791066846 0 -1559.033791066846
105900 -1552.971413185587 0 -1552.971413185587
106000 -1525.545335290022 0 -1525.545335290022
106100 -1584.82778829406 0 -1584.82778829406
106200 -1571.501711203251 0 -1571.501711203251
106300 -1558.336713621218 0 -1558.336713621218
106400 -1532.143762251362 0 -1532.143762251362
106500 -1530.656155733392 0 -1530.656155733392
106600 -1557.095705153188 0 -1557.095705153188
106700 -1543.313540818868 0 -1543.313540818868
106800 -1569.975524121663 0 -1569.975524121663
106900 -1527.735165393213 0 -1527.735165393213
107000 -1574.366226468992 0 -1574.366226468992
107100 -1542.689358534175 0 -1542.689358534175
107200 -1519.298015371198 0 -1519.298015371198
107300 -1498.447975939212 0 -1498.447975939212
107400 -1527.046085316339 0 -1527.046085316339
107500 -1559.72680233547 0 -1559.72680233547
107600 -1610.698709254852 0 -1610.698709254852
107700 -1546.609234275351 0 -1546.609234275351
107800 -1551.610918948427 0 -1551.610918948427
107900 -1488.239091637079 0 -1488.239091637079
108000 -1557.717737512197 0 -1557.717737512197
108100 -1544.592769336421 0 -1544.592769336421
108200 -1602.539453590522 0 -1602.539453590522
108300 -1558.372421116335 0 -1558.372421116335
108400 -1532.502029112307 0 -1532.502029112307
108500 -1501.339383908082 0 -1501.339383908082
108600 -1507.355541983532 0 -1507.355541983532
108700 -1521.447326589143 0 -1521.447326589143
108800 -1496.547957394505 0 -1496.547957394505
108900 -1540.329153954517 0 -1540.329153954517
109000 -1522.484118846478 0 -1522.484118846478
109100 -1545.768612503074 0 -1545.768612503074
109200 -1521.344423504313 0 -1521.344423504313
109300 -1533.721489344258 0 -1533.721489344258
109400 -1518.672261993401 0 -1518.672261993401
109500 -1482.720416016877 0 -1482.720416016877
109600 -1502.246540124528 0 -1502.246540124528
109700 -1518.657019444276 0 -1518.657019444276
109800 -1536.540303707588 0 -1536.540303707588
109900 -1576.918456194398 0 -1576.918456194398
110000 -1552.252805578988 0 -1552.252805578988
110100 -1554.029662495479 0 -1554.029662495479
110200 -1543.525949182629 0 -1543.525949182629
110300 -1541.383889463847 0 -1541.383889463847
110400 -1549.014968429459 0 -1549.014968429459
110500 -1603.867033978924 0 -1603.867033978924
110600 -1548.438966423855 0 -1548.438966423855
110700 -1560.917374101409 0 -1560.917374101409
110800 -1559.316050458855 0 -1559.316050458855
110900 -1616.132898930693 0 -1616.132898930693
111000 -1605.892987716245 0 -1605.892987716245
111100 -1588.373624499654 0 -1588.373624499654
111200 -1619.435989960795 0 -1619.435989960795
111300 -1574.094580340898 0 -1574.094580340898
111400 -1563.963760852348 0 -1563.963760852348
111500 -1603.065436815174 0 -1603.065436815174
111600 -1537.264219109464 0 -1537.264219109464
111700 -1541.64904825436 0 -1541.64904825436
111800 -1492.016342722345 0 -1492.016342722345
111900 -1493.557697798591 0 -1493.557697798591
112000 -1479.227514517028 0 -1479.227514517028
112100 -1461.720323674381 0 -1461.720323674381
112200 -1435.4302757103 0 -1435.4302757103
112300 -1454.280956082977 0 -1454.280956082977
112400 -1482.738884760533 0 -1482.738884760533
112500 -1529.64803624386 0 -1529.64803624386
112600 -1509.431229410926 0 -1509.431229410926
112700 -1527.720787267433 0 -1527.720787267433
112800 -1519.268785640365 0 -1519.268785640365
112900 -1534.279146654328 0 -1534.279146654328
113000 -1528.314651718363 0 -1528.314651718363
113100 -1546.972997139674 0 -1546.972997139674
113200 -1581.498261919129 0 -1581.498261919129
113300 -1529.095998047153 0 -1529.095998047153
113400 -1469.641774799209 0 -1469.641774799209
113500 -1450.213306683843 0 -1450.213306683843
113600 -1453.534946526168 0 -1453.534946526168
113700 -1450.869582280604 0 -1450.869582280604
113800 -1465.827844350366 0 -1465.827844350366
113900 -1478.7562468244 0 -1478.7562468244
114000 -1475.619986728212 0 -1475.619986728212
114100 -1494.875004987232 0 -1494.875004987232
114200 -1524.187537904247 0 -1524.187537904247
114300 -1543.998741214233 0 -1543.998741214233
114400 -1553.296577218716 0 -1553.296577218716
114500 -1519.330107836984 0 -1519.330107836984
114600 -1428.602562430082 0 -1428.602562430082
114700 -1456.550221532583 0 -1456.550221532583
114800 -1478.274648253806 0 -1478.274648253806
114900 -1497.365713204723 0 -1497.365713204723
115000 -1538.128758382751 0 -1538.128758382751
115100 -1517.553393664071 0 -1517.553393664071
115200 -1539.169792300789 0 -1539.169792300789
115300 -1570.575380149712 0 -1570.575380149712
115400 -1598.963761852072 0 -1598.963761852072
115500 -1576.996071800357 0 -1576.996071800357
115600 -1606.624002831933 0 -1606.624002831933
115700 -1651.224310503225 0 -1651.224310503225
115800 -1626.517492638843 0 -1626.517492638843
115900 -1606.599866467528 0 -1606.599866467528
116000 -1593.065782272839 0 -1593.065782272839
116100 -1580.965829070425 0 -1580.965829070425
116200 -1538.933173440804 0 -1538.933173440804
116300 -1507.894102281425 0 -1507.894102281425
116400 -1498.112481640186 0 -1498.112481640186
116500 -1519.354921114864 0 -1519.354921114864
116600 -1423.371261684748 0 -1423.371261684748
116700 -1418.159004712012 0 -1418.159004712012
116800 -1468.183379677357 0 -1468.183379677357
116900 -1507.860884980299 0 -1507.860884980299
117000 -1508.255493932171 0 -1508.255493932171
117100 -1524.004378081067 0 -1524.004378081067
117200 -1513.300983197056 0 -1513.300983197056
117300 -1538.081627305131 0 -1538.081627305131
117400 -1503.74686925381 0 -1503.74686925381
117500 -1473.576914488105 0 -1473.576914488105
117600 -1534.990494316968 0 -1534.990494316968
117700 -1498.166586128762 0 -1498.166586128762
117800 -1502.076122508384 0 -1502.076122508384
117900 -1456.27053209208 0 -1456.27053209208
118000 -1451.887402731227 0 -1451.887402731227
118100 -1484.353369776858 0 -1484.353369776858
118200 -1444.098861949707 0 -1444.098861949707
118300 -1401.037500778912 0 -1401.037500778912
118400 -1412.819124257308 0 -1412.819124257308
118500 -1443.908407769399 0 -1443.908407769399
118600 -1471.722574752057 0 -1471.722574752057
118700 -1477.865615770686 0 -1477.865615770686
118800 -1504.294371137628 0 -1504.294371137628
118900 -1509.933376384462 0 -1509.933376384462
119000 -1483.932621033862 0 -1483.932621033862
119100 -1487.34883753187 0 -1487.34883753187
119200 -1497.679305340163 0 -1497.679305340163
119300 -1517.393459285377 0 -1517.393459285377
119400 -1437.945901914965 0 -1437.945901914965
119500 -1462.411351267481 0 -1462.411351267481
119600 -1500.629913684446 0 -1500.629913684446
119700 -1462.584520045901 0 -1462.584520045901
119800 -1553.8989395299 0 -1553.8989395299
119900 -1552.343810767081 0 -1552.343810767081
120000 -1492.305216596927 0 -1492.305216596927
120100 -1482.822294487938 0 -1482.822294487938
120200 -1523.615249683149 0 -1523.615249683149
120300 -1481.147275384981 0 -1481.147275384981
120400 -1520.895225332584 0 -1520.895225332584
120500 -1523.729394673835 0 -1523.729394673835
120600 -1467.204443534021 0 -1467.204443534021
120700 -1499.922571852803 0 -1499.922571852803
120800 -1520.866381229251 0 -1520.866381229251
120900 -1501.871176314307 0 -1501.871176314307
121000 -1516.272966240766 0 -1516.272966240766
121100 -1523.755371948355 0 -1523.755371948355
121200 -1519.694430410862 0 -1519.694430410862
121300 -1526.515767348148 0 -1526.515767348148
121400 -1496.283482091734 0 -1496.283482091734
121500 -1492.615061278149 0 -1492.615061278149
121600 -1455.172892483883 0 -1455.172892483883
121700 -1465.909768954851 0 -1465.909768954851
121800 -1467.458956918912 0 -1467.458956918912
121900 -1464.44931298669 0 -1464.44931298669
122000 -1479.914537747158 0 -1479.914537747158
122100 -1559.71772921599 0 -1559.71772921599
122200 -1539.67079184996 0 -1539.67079184996
122300 -1497.398420464247 0 -1497.398420464247
122400 -1530.634715590859 0 -1530.634715590859
122500 -1524.702808246715 0 -1524.702808246715
122600 -1527.637369801989 0 -1527.637369801989
122700 -1516.927065884927 0 -1516.927065884927
122800 -1432.955993782729 0 -1432.955993782729
122900 -1419.139654987724 0 -1419.139654987724
123000 -1444.062629689928 0 -1444.062629689928
123100 -1515.898816208355 0 -1515.898816208355
123200 -1530.24393164838 0 -1530.24393164838
123300 -1541.630332438741 0 -1541.630332438741
123400 -1538.146485917037 0 -1538.146485917037
123500 -1546.294836591725 0 -1546.294836591725
123600 -1597.706773603568 0 -1597.706773603568
123700 -1605.867481529014 0 -1605.867481529014
123800 -1569.29763546132 0 -1569.29763546132
123900 -1550.610643938417 0 -1550.610643938417
124000 -1571.595631575037 0 -1571.595631575037
124100 -1552.797436857596 0 -1552.797436857596
124200 -1555.892926834524 0 -1555.892926834524
124300 -1529.261859889433 0 -1529.261859889433
124400 -1540.984058980815 0 -1540.984058980815
124500 -1523.147133555845 0 -1523.147133555845
124600 -1570.343247468583 0 -1570.343247468583
124700 -1531.852140563773 0 -1531.852140563773
124800 -1541.972337089945 0 -1541.972337089945
124900 -1562.284109118744 0 -1562.284109118744
125000 -1543.446251290385 0 -1543.446251290385
125100 -1538.735082654981 0 -1538.735082654981
125200 -1480.393913512584 0 -1480.393913512584
125300 -1537.973157975823 0 -1537.973157975823
125400 -1565.853578788752 0 -1565.853578788752
125500 -1558.59632798587 0 -1558.59632798587
125600 -1519.176861983724 0 -1519.176861983724
125700 -1512.564579683822 0 -1512.564579683822
125800 -1514.11769339093 0 -1514.11769339093
125900 -1537.347218751675 0 -1537.347218751675
126000 -1574.154360600282 0 -1574.154360600282
126100 -1559.236298864242 0 -1559.236298864242
126200 -1537.333221631474 0 -1537.333221631474
126300 -1522.988259338657 0 -1522.988259338657
126400 -1529.035740505438 0 -1529.035740505438
126500 -1572.238424351206 0 -1572.238424351206
126600 -1549.975747981807 0 -1549.975747981807
126700 -1572.711112212157 0 -1572.711112212157
126800 -1573.194182587322 0 -1573.194182587322
126900 -1573.489602834685 0 -1573.489602834685
127000 -1546.479140751064 0 -1546.479140751064
127100 -1476.048759131227 0 -1476.048759131227
127200 -1522.454461497051 0 -1522.454461497051
127300 -1564.744856800186 0 -1564.744856800186
127400 -1547.960502472008 0 -1547.960502472008
127500 -1507.605901534989 0 -1507.605901534989
127600 -1534.501468475733 0 -1534.501468475733
127700 -1480.6554773401 0 -1480.6554773401
127800 -1446.491568240453 0 -1446.491568240453
127900 -1427.138003411004 0 -1427.138003411004
128000 -1470.242354331072 0 -1470.242354331072
128100 -1436.535761121893 0 -1436.535761121893
128200 -1419.922358038602 0 -1419.922358038602
128300 -1420.242498698179 0 -1420.242498698179
128400 -1449.689622736594 0 -1449.689622736594
128500 -1439.115472497419 0 -1439.115472497419
128600 -1448.529583638068 0 -1448.529583638068
128700 -1491.824207703117 0 -1491.824207703117
128800 -1465.814662687713 0 -1465.814662687713
128900 -1401.635901194066 0 -1401.635901194066
129000 -1362.839329027804 0 -1362.839329027804
129100 -1421.758579215268 0 -1421.758579215268
129200 -1421.812012568465 0 -1421.812012568465
129300 -1441.824238514353 0 -1441.824238514353
129400 -1484.126995738596 0 -1484.126995738596
129500 -1490.816535118269 0 -1490.816535118269
129600 -1523.749704059213 0 -1523.749704059213
129700 -1495.440097417682 0 -1495.440097417682
129800 -1424.48200178938 0 -1424.48200178938
129900 -1445.160649670521 0 -1445.160649670521
130000 -1391.627061962499 0 -1391.627061962499
130100 -1346.090321981115 0 -1346.090321981115
130200 -1370.937068737578 0 -1370.937068737578
130300 -1380.026423043571 0 -1380.026423043571
130400 -1415.474562289193 0 -1415.474562289193
130500 -1407.510256105568 0 -1407.510256105568
130600 -1419.517457291484 0 -1419.517457291484
130700 -1407.589805444703 0 -1407.589805444703
130800 -1436.689502944238 0 -1436.689502944238
130900 -1441.589610577561 0 -1441.589610577561
131000 -1418.47694598278 0 -1418.47694598278
131100 -1379.815701413667 0 -1379.815701413667
131200 -1384.038303837646 0 -1384.038303837646
131300 -1420.689310574206 0 -1420.689310574206
131400 -1374.732813283103 0 -1374.732813283103
131500 -1333.225074580871 0 -1333.225074580871
131600 -1351.17433270812 0 -1351.17433270812
131700 -1328.852969976142 0 -1328.852969976142
131800 -1381.089823008748 0 -1381.089823008748
131900 -1384.429781179992 0 -1384.429781179992
132000 -1419.299883845262 0 -1419.299883845262
132100 -1364.698632568587 0 -1364.698632568587
132200 -1360.096650907071 0 -1360.096650907071
132300 -1334.802728580544 0 -1334.802728580544
132400 -1331.104701837641 0 -1331.104701837641
132500 -1322.215415032813 0 -1322.215415032813
132600 -1325.123274982674 0 -1325.123274982674
132700 -1275.487496332033 0 -1275.487496332033
132800 -1329.520344695309 0 -1329.520344695309
132900 -1302.378643093864 0 -1302.378643093864
133000 -1331.514677379047 0 -1331.514677379047
133100 -1321.475931577617 0 -1321.475931577617
133200 -1361.313764152816 0 -1361.313764152816
133300 -1320.361177330604 0 -1320.361177330604
133400 -1347.06744932197 0 -1347.06744932197
133500 -1320.308728035307 0 -1320.308728035307
133600 -1334.539839455625 0 -1334.539839455625
133700 -1337.946702147368 0 -1337.946702147368
133800 -1337.313310016412 0 -1337.313310016412
133900 -1381.193166428449 0 -1381.193166428449
134000 -1380.592082643183 0 -1380.592082643183
134100 -1392.820229908684 0 -1392.820229908684
134200 -1378.826904286863 0 -1378.826904286863
134300 -1361.835984029109 0 -1361.835984029109
134400 -1363.916352173837 0 -1363.916352173837
134500 -1356.14599673776 0 -1356.14599673776
134600 -1352.455423115985 0 -1352.455423115985
134700 -1349.232373932842 0 -1349.232373932842
134800 -1378.686087345239 0 -1378.686087345239
134900 -1381.547753341845 0 -1381.547753341845
135000 -1404.127244708594 0 -1404.127244708594
135100 -1425.905528163887 0 -1425.905528163887
135200 -1419.971421694616 0 -1419.971421694616
135300 -1418.290466750506 0 -1418.290466750506
135400 -1422.416457781452 0 -1422.416457781452
135500 -1386.682271088241 0 -1386.682271088241
135600 -1356.95562404464 0 -1356.95562404464
135700 -1318.762003680458 0 -1318.762003680458
135800 -1374.043413820444 0 -1374.043413820444
135900 -1355.870337578934 0 -1355.870337578934
136000 -1325.01050648489 0 -1325.01050648489
136100 -1252.88255488401 0 -1252.88255488401
136200 -1245.024973352207 0 -1245.024973352207
136300 -1269.876533834031 0 -1269.876533834031
136400 -1286.695411207154 0 -1286.695411207154
136500 -1281.639046101831 0 -1281.639046101831
136600 -1319.764995367324 0 -1319.764995367324
136700 -1387.673936815758 0 -1387.673936815758
136800 -1332.711722413718 0 -1332.711722413718
136900 -1355.988064714475 0 -1355.988064714475
137000 -1398.802930876613 0 -1398.802930876613
137100 -1438.815374921309 0 -1438.815374921309
137200 -1493.257749614029 0 -1493.257749614029
137300 -1475.988503814209 0 -1475.988503814209
137400 -1465.307081492196 0 -1465.307081492196
137500 -1488.686842929106 0 -1488.686842929106
137600 -1543.551345655142 0 -1543.551345655142
137700 -1518.642956053372 0 -1518.642956053372
137800 -1617.582270613995 0 -1617.582270613995
137900 -1572.880348820239 0 -1572.880348820239
138000 -1548.15018610633 0 -1548.15018610633
138100 -1559.224337019259 0 -1559.224337019259
138200 -1498.814330938738 0 -1498.814330938738
138300 -1527.910453467164 0 -1527.910453467164
138400 -1490.657791532576 0 -1490.657791532576
138500 -1485.01599777001 0 -1485.01599777001
138600 -1470.328656558588 0 -1470.328656558588
138700 -1494.887006743345 0 -1494.887006743345
138800 -1415.653337987256 0 -1415.653337987256
138900 -1437.198743269313 0 -1437.198743269313
139000 -1466.84884740063 0 -1466.84884740063
139100 -1407.360239059897 0 -1407.360239059897
139200 -1414.937821699539 0 -1414.937821699539
139300 -1433.811687474372 0 -1433.811687474372
139400 -1399.491423888132 0 -1399.491423888132
139500 -1457.027206986211 0 -1457.027206986211
139600 -1466.796225405298 0 -1466.796225405298
139700 -1450.34942962951 0 -1450.34942962951
139800 -1459.75524523342 0 -1459.75524523342
139900 -1442.120994660072 0 -1442.120994660072
140000 -1455.056498225662 0 -1455.056498225662
140100 -1522.942181367427 0 -1522.942181367427
140200 -1505.381731917048 0 -1505.381731917048
140300 -1490.283503555227 0 -1490.283503555227
140400 -1471.737909882097 0 -1471.737909882097
140500 -1417.127083840314 0 -1417.127083840314
140600 -1421.369491145946 0 -1421.369491145946
140700 -1392.58338522166 0 -1392.58338522166
140800 -1403.265552691999 0 -1403.265552691999
140900 -1391.889635101892 0 -1391.889635101892
141000 -1412.211440473795 0 -1412.211440473795
141100 -1424.103331810969 0 -1424.103331810969
141200 -1405.08832159033 0 -1405.08832159033
141300 -1410.711165173911 0 -1410.711165173911
141400 -1426.286224759417 0 -1426.286224759417
141500 -1450.038504613243 0 -1450.038504613243
141600 -1472.971884651808 0 -1472.971884651808
141700 -1497.207040167181 0 -1497.207040167181
141800 -1480.583837368293 0 -1480.583837368293
141900 -1430.348798191408 0 -1430.348798191408
142000 -1513.052016751541 0 -1513.052016751541
142100 -1428.960648725508 0 -1428.960648725508
142200 -1430.761538735358 0 -1430.761538735358
142300 -1375.288949308451 0 -1375.288949308451
142400 -1439.166121262126 0 -1439.166121262126
142500 -1404.984413629165 0 -1404.984413629165
142600 -1374.372947609925 0 -1374.372947609925
142700 -1406.433647960657 0 -1406.433647960657
142800 -1402.578492755303 0 -1402.578492755303
142900 -1440.909046183573 0 -1440.909046183573
143000 -1421.439943960635 0 -1421.439943960635
143100 -1331.933184860973 0 -1331.933184860973
143200 -1357.263835045742 0 -1357.263835045742
143300 -1352.392555445898 0 -1352.392555445898
143400 -1323.320890533971 0 -1323.320890533971
143500 -1369.15423123911 0 -1369.15423123911
143600 -1426.403251386248 0 -1426.403251386248
143700 -1367.526722696144 0 -1367.526722696144
143800 -1332.246677070623 0 -1332.246677070623
143900 -1360.771782580763 0 -1360.771782580763
144000 -1414.455687254434 0 -1414.455687254434
144100 -1454.061175934505 0 -1454.061175934505
144200 -1398.041967408266 0 -1398.041967408266
144300 -1392.623627761379 0 -1392.623627761379
144400 -1408.208852849435 0 -1408.208852849435
144500 -1439.445626394125 0 -1439.445626394125
144600 -1526.133812267799 0 -1526.133812267799
144700 -1540.500926620443 0 -1540.500926620443
144800 -1516.398841508199 0 -1516.398841508199
144900 -1496.066386357415 0 -1496.066386357415
145000 -1472.25242265733 0 -1472.25242265733
145100 -1457.611744706286 0 -1457.611744706286
145200 -1457.522657298716 0 -1457.522657298716
145300 -1464.091389564564 0 -1464.091389564564
145400 -1480.619194088969 0 -1480.619194088969
145500 -1464.318693683716 0 -1464.318693683716
145600 -1464.359196566744 0 -1464.359196566744
145700 -1475.403580599464 0 -1475.403580599464
145800 -1474.641154286219 0 -1474.641154286219
145900 -1473.524405836593 0 -1473.524405836593
146000 -1523.181837787852 0 -1523.181837787852
146100 -1515.10696256056 0 -1515.10696256056
146200 -1519.038690743328 0 -1519.038690743328
146300 -1443.824404501356 0 -1443.824404501356
146400 -1477.597545895027 0 -1477.597545895027
146500 -1491.134626213694 0 -1491.134626213694
146600 -1497.586704731239 0 -1497.586704731239
146700 -1499.539062611759 0 -1499.539062611759
146800 -1476.624521922786 0 -1476.624521922786
146900 -1496.572777552763 0 -1496.572777552763
147000 -1506.199940214748 0 -1506.199940214748
147100 -1564.426123529207 0 -1564.426123529207
147200 -1578.661991691682 0 -1578.661991691682
147300 -1558.046523991448 0 -1558.046523991448
147400 -1587.947838484775 0 -1587.947838484775
147500 -1579.481100195553 0 -1579.481100195553
147600 -1525.13232296734 0 -1525.13232296734
147700 -1452.54791514785 0 -1452.54791514785
147800 -1465.86063357722 0 -1465.86063357722
147900 -1399.116384414665 0 -1399.116384414665
148000 -1367.275685304776 0 -1367.275685304776
148100 -1360.891503308143 0 -1360.891503308143
148200 -1347.302666872973 0 -1347.302666872973
148300 -1372.536139814882 0 -1372.536139814882
148400 -1369.390833396697 0 -1369.390833396697
148500 -1335.167360599968 0 -1335.167360599968
148600 -1379.973199068569 0 -1379.973199068569
148700 -1395.509829821298 0 -1395.509829821298
148800 -1442.793864408763 0 -1442.793864408763
148900 -1453.13184196176 0 -1453.13184196176
149000 -1429.886409991421 0 -1429.886409991421
149100 -1451.977092949208 0 -1451.977092949208
149200 -1497.328778956318 0 -1497.328778956318
149300 -1456.265794616425 0 -1456.265794616425
149400 -1444.17462418112 0 -1444.17462418112
149500 -1504.124707280775 0 -1504.124707280775
149600 -1489.932606828632 0 -1489.932606828632
149700 -1494.770581652876 0 -1494.770581652876
149800 -1501.355013763765 0 -1501.355013763765
149900 -1505.902873591054 0 -1505.902873591054
150000 -1492.649192884564 0 -1492.649192884564
150100 -1532.438889017154 0 -1532.438889017154
150200 -1486.610526832286 0 -1486.610526832286
150300 -1502.985002775036 0 -1502.985002775036
150400 -1488.618370606448 0 -1488.618370606448
150500 -1487.361529902846 0 -1487.361529902846
150600 -1453.808185333328 0 -1453.808185333328
150700 -1495.83917758672 0 -1495.83917758672
150800 -1456.218346135458 0 -1456.218346135458
150900 -1525.509948676918 0 -1525.509948676918
151000 -1501.992135015782 0 -1501.992135015782
151100 -1519.335875372402 0 -1519.335875372402
151200 -1508.879379264312 0 -1508.879379264312
151300 -1498.611308233114 0 -1498.611308233114
151400 -1490.950998814544 0 -1490.950998814544
151500 -1461.402508486644 0 -1461.402508486644
151600 -1475.885365375783 0 -1475.885365375783
151700 -1461.964702208526 0 -1461.964702208526
151800 -1486.726364789705 0 -1486.726364789705
151900 -1560.34117018478 0 -1560.34117018478
152000 -1489.300710908043 0 -1489.300710908043
152100 -1496.370172752693 0 -1496.370172752693
152200 -1542.50067993789 0 -1542.50067993789
152300 -1501.135981318308 0 -1501.135981318308
152400 -1529.30058148026 0 -1529.30058148026
152500 -1546.427388680051 0 -1546.427388680051
152600 -1514.735124798259 0 -1514.735124798259
152700 -1527.531824450591 0 -1527.531824450591
152800 -1543.188772651134 0 -1543.188772651134
152900 -1558.872623787727 0 -1558.872623787727
153000 -1566.681580629898 0 -1566.681580629898
153100 -1536.762008028571 0 -1536.762008028571
153200 -1573.285805097781 0 -1573.285805097781
153300 -1530.707147568726 0 -1530.707147568726
153400 -1560.55642551207 0 -1560.55642551207
153500 -1564.997057715897 0 -1564.997057715897
153600 -1578.850180600071 0 -1578.850180600071
153700 -1583.678295407677 0 -1583.678295407677
153800 -1553.894940585247 0 -1553.894940585247
153900 -1499.794757883297 0 -1499.794757883297
154000 -1527.9587281188 0 -1527.9587281188
154100 -1513.169944203924 0 -1513.169944203924
154200 -1535.401030216832 0 -1535.401030216832
154300 -1527.941194423242 0 -1527.941194423242
154400 -1502.323324864148 0 -1502.323324864148
154500 -1533.449683406274 0 -1533.449683406274
154600 -1503.672856453632 0 -1503.672856453632
154700 -1540.619732228399 0 -1540.619732228399
154800 -1522.013780316163 0 -1522.013780316163
154900 -1498.628381073941 0 -1498.628381073941
155000 -1493.532623584033 0 -1493.532623584033
155100 -1537.381624786402 0 -1537.381624786402
155200 -1532.242152104387 0 -1532.242152104387
155300 -1568.171228210442 0 -1568.171228210442
155400 -1568.234546952212 0 -1568.234546952212
155500 -1593.24875419098 0 -1593.24875419098
155600 -1681.193107100349 0 -1681.193107100349
155700 -1670.533044965123 0 -1670.533044965123
155800 -1646.81994577602 0 -1646.81994577602
155900 -1581.319767030509 0 -1581.319767030509
156000 -1620.284029987029 0 -1620.284029987029
156100 -1616.877589306328 0 -1616.877589306328
156200 -1638.9540171267 0 -1638.9540171267
156300 -1681.804855189985 0 -1681.804855189985
156400 -1671.236619206145 0 -1671.236619206145
156500 -1591.024274203693 0 -1591.024274203693
156600 -1592.723338044016 0 -1592.723338044016
156700 -1605.886612448143 0 -1605.886612448143
156800 -1627.180871274089 0 -1627.180871274089
156900 -1659.628921184689 0 -1659.628921184689
157000 -1741.002811896848 0 -1741.002811896848
157100 -1726.610908910632 0 -1726.610908910632
157200 -1795.869481204776 0 -1795.869481204776
157300 -1814.247236863477 0 -1814.247236863477
157400 -1760.356144614343 0 -1760.356144614343
157500 -1728.244708709186 0 -1728.244708709186
157600 -1767.097495715832 0 -1767.097495715832
157700 -1769.634339005686 0 -1769.634339005686
157800 -1775.071183827473 0 -1775.071183827473
157900 -1754.265376411844 0 -1754.265376411844
158000 -1762.125720485812 0 -1762.125720485812
158100 -1769.164241860388 0 -1769.164241860388
158200 -1799.942778475863 0 -1799.942778475863
158300 -1786.340695352992 0 -1786.340695352992
158400 -1756.750561723951 0 -1756.750561723951
158500 -1738.294068766059 0 -1738.294068766059
158600 -1700.964695263363 0 -1700.964695263363
158700 -1725.607556702278 0 -1725.607556702278
158800 -1682.326314463513 0 -1682.326314463513
158900 -1702.419073527446 0 -1702.419073527446
159000 -1657.843292001169 0 -1657.843292001169
159100 -1697.280641193356 0 -1697.280641193356
159200 -1650.653383404249 0 -1650.653383404249
159300 -1660.852700358257 0 -1660.852700358257
159400 -1673.309260627953 0 -1673.309260627953
159500 -1649.821587802289 0 -1649.821587802289
159600 -1656.056292257505 0 -1656.056292257505
159700 -1627.48659280932 0 -1627.48659280932
159800 -1586.344723453163 0 -1586.344723453163
159900 -1582.540091731818 0 -1582.540091731818
160000 -1594.599408776441 0 -1594.599408776441
160100 -1639.063885148134 0 -1639.063885148134
160200 -1663.998220166191 0 -1663.998220166191
160300 -1638.284697148832 0 -1638.284697148832
160400 -1646.661287145223 0 -1646.661287145223
160500 -1643.033711562632 0 -1643.033711562632
160600 -1719.602656052448 0 -1719.602656052448
160700 -1713.316283705877 0 -1713.316283705877
160800 -1639.386646645842 0 -1639.386646645842
160900 -1598.46549600549 0 -1598.46549600549
161000 -1569.67720739264 0 -1569.67720739264
161100 -1613.699090759503 0 -1613.699090759503
161200 -1640.255140573019 0 -1640.255140573019
161300 -1640.627408443484 0 -1640.627408443484
161400 -1614.646530830651 0 -1614.646530830651
161500 -1606.048953698948 0 -1606.048953698948
161600 -1651.127509649377 0 -1651.127509649377
161700 -1615.328369089402 0 -1615.328369089402
161800 -1662.353310624138 0 -1662.353310624138
161900 -1656.339111648682 0 -1656.339111648682
162000 -1687.716660401784 0 -1687.716660401784
162100 -1669.809725405183 0 -1669.809725405183
162200 -1673.266082502436 0 -1673.266082502436
162300 -1718.002394189185 0 -1718.002394189185
162400 -1761.40196084138 0 -1761.40196084138
162500 -1750.07855486474 0 -1750.07855486474
162600 -1682.839600733394 0 -1682.839600733394
162700 -1671.366725496482 0 -1671.366725496482
162800 -1717.059485704056 0 -1717.059485704056
162900 -1703.582300680457 0 -1703.582300680457
163000 -1719.735601927619 0 -1719.735601927619
163100 -1722.32084699953 0 -1722.32084699953
163200 -1705.217977215769 0 -1705.217977215769
163300 -1678.297643867321 0 -1678.297643867321
163400 -1678.033216877608 0 -1678.033216877608
163500 -1664.873814553255 0 -1664.873814553255
163600 -1626.969232391799 0 -1626.969232391799
163700 -1593.453080090461 0 -1593.453080090461
163800 -1605.26272866223 0 -1605.26272866223
163900 -1671.096037737792 0 -1671.096037737792
164000 -1615.007488013944 0 -1615.007488013944
164100 -1696.693172846921 0 -1696.693172846921
164200 -1646.16502325749 0 -1646.16502325749
164300 -1651.279845780227 0 -1651.279845780227
164400 -1638.860023973277 0 -1638.860023973277
164500 -1606.809685865563 0 -1606.809685865563
164600 -1625.924328299472 0 -1625.924328299472
164700 -1631.503999554785 0 -1631.503999554785
164800 -1669.990471779602 0 -1669.990471779602
164900 -1663.852207166346 0 -1663.852207166346
165000 -1587.909246269584 0 -1587.909246269584
165100 -1656.522671997081 0 -1656.522671997081
165200 -1672.634254931123 0 -1672.634254931123
165300 -1691.087053291267 0 -1691.087053291267
165400 -1678.722296526306 0 -1678.722296526306
165500 -1673.671178806806 0 -1673.671178806806
165600 -1641.703979274724 0 -1641.703979274724
165700 -1651.674743956537 0 -1651.674743956537
165800 -1639.787300719647 0 -1639.787300719647
165900 -1657.670332702342 0 -1657.670332702342
166000 -1676.238854486495 0 -1676.238854486495
166100 -1654.166074713925 0 -1654.166074713925
166200 -1668.968480767449 0 -1668.968480767449
166300 -1636.828092843294 0 -1636.828092843294
166400 -1620.672824369976 0 -1620.672824369976
166500 -1599.214957564138 0 -1599.214957564138
166600 -1619.9700643213 0 -1619.9700643213
166700 -1667.352718787733 0 -1667.352718787733
166800 -1661.368876586901 0 -1661.368876586901
166900 -1619.554239155026 0 -1619.554239155026
167000 -1621.098162396112 0 -1621.098162396112
167100 -1608.689725729404 0 -1608.689725729404
167200 -1600.772378460737 0 -1600.772378460737
167300 -1605.060268197209 0 -1605.060268197209
167400 -1601.570095271105 0 -1601.570095271105
167500 -1600.021610212279 0 -1600.021610212279
167600 -1558.428202885203 0 -1558.428202885203
167700 -1607.26973128831 0 -1607.26973128831
167800 -1606.70522468572 0 -1606.70522468572
167900 -1579.258183952887 0 -1579.258183952887
168000 -1613.304909412022 0 -1613.304909412022
168100 -1590.032330742339 0 -1590.032330742339
168200 -1560.521170003369 0 -1560.521170003369
168300 -1567.728833072353 0 -1567.728833072353
168400 -1647.171857873909 0 -1647.171857873909
168500 -1639.890424052719 0 -1639.890424052719
168600 -1619.61483706627 0 -1619.61483706627
168700 -1649.004304212634 0 -1649.004304212634
168800 -1668.787877191091 0 -1668.787877191091
168900 -1655.94888954726 0 -1655.94888954726
169000 -1675.656092145946 0 -1675.656092145946
169100 -1687.735290759942 0 -1687.735290759942
169200 -1713.433967667632 0 -1713.433967667632
169300 -1601.350330114481 0 -1601.350330114481
169400 -1644.765200696362 0 -1644.765200696362
169500 -1609.214986577164 0 -1609.214986577164
169600 -1629.329547849251 0 -1629.329547849251
169700 -1571.644174517365 0 -1571.644174517365
169800 -1549.801706498722 0 -1549.801706498722
169900 -1562.630155569408 0 -1562.630155569408
170000 -1599.696163739078 0 -1599.696163739078
170100 -1570.154522347264 0 -1570.154522347264
170200 -1575.794245361118 0 -1575.794245361118
170300 -1601.07186156488 0 -1601.07186156488
170400 -1588.453958119033 0 -1588.453958119033
170500 -1594.603993426543 0 -1594.603993426543
170600 -1602.902479910612 0 -1602.902479910612
170700 -1585.333642547484 0 -1585.333642547484
170800 -1568.136516106082 0 -1568.136516106082
170900 -1542.961854558671 0 -1542.961854558671
171000 -1605.323109505698 0 -1605.323109505698
171100 -1548.512684433954 0 -1548.512684433954
171200 -1577.560291245813 0 -1577.560291245813
171300 -1569.084421075648 0 -1569.084421075648
171400 -1620.791774239158 0 -1620.791774239158
171500 -1595.848788348958 0 -1595.848788348958
171600 -1609.225236869999 0 -1609.225236869999
171700 -1609.0477828898 0 -1609.0477828898
171800 -1585.759477749933 0 -1585.759477749933
171900 -1634.033056489716 0 -1634.033056489716
172000 -1730.545132238651 0 -1730.545132238651
172100 -1715.049591288087 0 -1715.049591288087
172200 -1705.94621117576 0 -1705.94621117576
172300 -1641.168180818195 0 -1641.168180818195
172400 -1602.337755396147 0 -1602.337755396147
172500 -1636.366955257254 0 -1636.366955257254
172600 -1642.186651435215 0 -1642.186651435215
172700 -1655.354014160577 0 -1655.354014160577
172800 -1647.309203175828 0 -1647.309203175828
172900 -1624.542671892006 0 -1624.542671892006
173000 -1637.728443757806 0 -1637.728443757806
173100 -1633.474272214109 0 -1633.474272214109
173200 -1695.27253510477 0 -1695.27253510477
173300 -1696.241086965019 0 -1696.241086965019
173400 -1728.713654992636 0 -1728.713654992636
173500 -1714.227256815182 0 -1714.227256815182
173600 -1702.426554829115 0 -1702.426554829115
173700 -1717.573443702422 0 -1717.573443702422
173800 -1728.800439497689 0 -1728.800439497689
173900 -1787.88434355217 0 -1787.88434355217
174000 -1769.601914873114 0 -1769.601914873114
174100 -1768.553903571796 0 -1768.553903571796
174200 -1742.920023745799 0 -1742.920023745799
174300 -1715.156287537655 0 -1715.156287537655
174400 -1697.976492499467 0 -1697.976492499467
174500 -1661.046805075835 0 -1661.046805075835
174600 -1706.140734216198 0 -1706.140734216198
174700 -1676.881008245342 0 -1676.881008245342
174800 -1711.096226833994 0 -1711.096226833994
174900 -1706.307907712879 0 -1706.307907712879
175000 -1715.24362183339 0 -1715.24362183339
175100 -1722.526264051907 0 -1722.526264051907
175200 -1693.583415367175 0 -1693.583415367175
175300 -1706.83466131147 0 -1706.83466131147
175400 -1725.29648324009 0 -1725.29648324009
175500 -1753.891174170189 0 -1753.891174170189
175600 -1776.913938372163 0 -1776.913938372163
175700 -1772.448263607803 0 -1772.448263607803
175800 -1753.632447671378 0 -1753.632447671378
175900 -1719.607910814695 0 -1719.607910814695
176000 -1767.698363891104 0 -1767.698363891104
176100 -1707.550834175898 0 -1707.550834175898
176200 -1736.140223281691 0 -1736.140223281691
176300 -1745.21837985469 0 -1745.21837985469
176400 -1725.508238938346 0 -1725.508238938346
176500 -1743.199259994086 0 -1743.199259994086
176600 -1737.680573145859 0 -1737.680573145859
176700 -1739.349246659549 0 -1739.349246659549
176800 -1739.228292390704 0 -1739.228292390704
176900 -1725.921687159222 0 -1725.921687159222
177000 -1695.588616248686 0 -1695.588616248686
177100 -1691.803360761143 0 -1691.803360761143
177200 -1619.216810476966 0 -1619.216810476966
177300 -1620.052413873607 0 -1620.052413873607
177400 -1690.280190697638 0 -1690.280190697638
177500 -1696.845973738004 0 -1696.845973738004
177600 -1722.680650624679 0 -1722.680650624679
177700 -1760.129424039973 0 -1760.129424039973
177800 -1757.099435609998 0 -1757.099435609998
177900 -1774.579796856502 0 -1774.579796856502
178000 -1777.126528767403 0 -1777.126528767403
178100 -1741.112504126737 0 -1741.112504126737
178200 -1746.363381318864 0 -1746.363381318864
178300 -1755.700682091527 0 -1755.700682091527
178400 -1729.562239957449 0 -1729.562239957449
178500 -1691.031797463307 0 -1691.031797463307
178600 -1725.180395239964 0 -1725.180395239964
178700 -1714.223872003611 0 -1714.223872003611
178800 -1793.976456205128 0 -1793.976456205128
178900 -1767.934708763147 0 -1767.934708763147
179000 -1810.817743995925 0 -1810.817743995925
179100 -1818.850694153574 0 -1818.850694153574
179200 -1792.362839875743 0 -1792.362839875743
179300 -1754.052639353322 0 -1754.052639353322
179400 -1747.963204202475 0 -1747.963204202475
179500 -1772.658978145337 0 -1772.658978145337
179600 -1752.831546599045 0 -1752.831546599045
179700 -1796.387086113682 0 -1796.387086113682
179800 -1771.312253814191 0 -1771.312253814191
179900 -1785.688643370057 0 -1785.688643370057
180000 -1831.477987098857 0 -1831.477987098857
180100 -1820.20016965433 0 -1820.20016965433
180200 -1821.489948264789 0 -1821.489948264789
180300 -1827.779927068041 0 -1827.779927068041
180400 -1835.040647041402 0 -1835.040647041402
180500 -1762.934175007162 0 -1762.934175007162
180600 -1841.24086337327 0 -1841.24086337327
180700 -1881.609964327654 0 -1881.609964327654
180800 -1821.622748010326 0 -1821.622748010326
180900 -1809.253600535681 0 -1809.253600535681
181000 -1815.578740433324 0 -1815.578740433324
181100 -1824.181634930195 0 -1824.181634930195
181200 -1819.33930013061 0 -1819.33930013061
181300 -1848.940091454657 0 -1848.940091454657
181400 -1869.490482255816 0 -1869.490482255816
181500 -1868.94505894254 0 -1868.94505894254
181600 -1878.700960433343 0 -1878.700960433343
181700 -1887.9609198994 0 -1887.9609198994
181800 -1930.188815000234 0 -1930.188815000234
181900 -1926.172243615962 0 -1926.172243615962
182000 -1924.850245111389 0 -1924.850245111389
182100 -1911.713024926372 0 -1911.713024926372
182200 -1947.318886305904 0 -1947.318886305904
182300 -1920.312044691294 0 -1920.312044691294
182400 -1887.285679842811 0 -1887.285679842811
182500 -1759.482778611593 0 -1759.482778611593
182600 -1730.663790361024 0 -1730.663790361024
182700 -1714.985808005207 0 -1714.985808005207
182800 -1699.216435547685 0 -1699.216435547685
182900 -1658.317384379683 0 -1658.317384379683
183000 -1659.341069962364 0 -1659.341069962364
183100 -1604.888920538127 0 -1604.888920538127
183200 -1603.572878619423 0 -1603.572878619423
183300 -1627.560633700807 0 -1627.560633700807
183400 -1708.688349932549 0 -1708.688349932549
183500 -1638.512122234446 0 -1638.512122234446
183600 -1628.578445751686 0 -1628.578445751686
183700 -1602.800406762632 0 -1602.800406762632
183800 -1553.929263279657 0 -1553.929263279657
183900 -1589.466621623491 0 -1589.466621623491
184000 -1618.214587097056 0 -1618.214587097056
184100 -1584.842650118284 0 -1584.842650118284
184200 -1621.737960845931 0 -1621.737960845931
184300 -1573.490989396581 0 -1573.490989396581
184400 -1605.846793848323 0 -1605.846793848323
184500 -1556.5755209825 0 -1556.5755209825
184600 -1663.493655444589 0 -1663.493655444589
184700 -1654.829824480927 0 -1654.829824480927
184800 -1679.30406141479 0 -1679.30406141479
184900 -1651.851800117409 0 -1651.851800117409
185000 -1644.781711187446 0 -1644.781711187446
185100 -1645.389047379955 0 -1645.389047379955
185200 -1636.872321592877 0 -1636.872321592877
185300 -1648.294456416159 0 -1648.294456416159
185400 -1687.692319491878 0 -1687.692319491878
185500 -1741.565597528825 0 -1741.565597528825
185600 -1746.097902454618 0 -1746.097902454618
185700 -1707.379275050014 0 -1707.379275050014
185800 -1715.663477313705 0 -1715.663477313705
185900 -1712.687622793368 0 -1712.687622793368
186000 -1745.174239879707 0 -1745.174239879707
186100 -1739.246749950806 0 -1739.246749950806
186200 -1784.368795622606 0 -1784.368795622606
186300 -1821.935799581697 0 -1821.935799581697
186400 -1802.374088290147 0 -1802.374088290147
186500 -1779.500590653857 0 -1779.500590653857
186600 -1852.306817189557 0 -1852.306817189557
186700 -1780.197134561371 0 -1780.197134561371
186800 -1733.125250041485 0 -1733.125250041485
186900 -1752.96243714774 0 -1752.96243714774
187000 -1754.650427721092 0 -1754.650427721092
187100 -1759.848151544807 0 -1759.848151544807
187200 -1747.63502962621 0 -1747.63502962621
187300 -1717.124527475331 0 -1717.124527475331
187400 -1760.086236494826 0 -1760.086236494826
187500 -1753.271451062523 0 -1753.271451062523
187600 -1818.670477431267 0 -1818.670477431267
187700 -1887.765206058044 0 -1887.765206058044
187800 -1823.396579535649 0 -1823.396579535649
187900 -1879.990877054181 0 -1879.990877054181
188000 -1863.332851749263 0 -1863.332851749263
188100 -1852.788341445848 0 -1852.788341445848
188200 -1872.554648296908 0 -1872.554648296908
188300 -1904.946597242495 0 -1904.946597242495
188400 -1887.2446294232 0 -1887.2446294232
188500 -1910.578099175706 0 -1910.578099175706
188600 -1907.351039685775 0 -1907.351039685775
188700 -1905.136346179061 0 -1905.136346179061
188800 -1998.115740973037 0 -1998.115740973037
188900 -1993.435737392632 0 -1993.435737392632
189000 -1927.401361801894 0 -1927.401361801894
189100 -1893.208722642739 0 -1893.208722642739
189200 -1935.863917974639 0 -1935.863917974639
189300 -1920.555486168014 0 -1920.555486168014
189400 -1906.123540393892 0 -1906.123540393892
189500 -1954.470085800334 0 -1954.470085800334
189600 -1909.013616308337 0 -1909.013616308337
189700 -1888.080038337968 0 -1888.080038337968
189800 -1826.643933249441 0 -1826.643933249441
189900 -1822.991546009551 0 -1822.991546009551
190000 -1859.945020935731 0 -1859.945020935731
190100 -1861.130184596404 0 -1861.130184596404
190200 -1851.852545806672 0 -1851.852545806672
190300 -1815.213566740276 0 -1815.213566740276
190400 -1806.383213843394 0 -1806.383213843394
190500 -1776.868297851179 0 -1776.868297851179
190600 -1841.55136554339 0 -1841.55136554339
190700 -1839.464276114013 0 -1839.464276114013
190800 -1843.39856365032 0 -1843.39856365032
190900 -1864.014772964641 0 -1864.014772964641
191000 -1830.820736730937 0 -1830.820736730937
191100 -1838.684481276665 0 -1838.684481276665
191200 -1818.233986173174 0 -1818.233986173174
191300 -1786.531866668258 0 -1786.531866668258
191400 -1805.4817315049 0 -1805.4817315049
191500 -1837.165867835749 0 -1837.165867835749
191600 -1834.702453042482 0 -1834.702453042482
191700 -1800.252484113909 0 -1800.252484113909
191800 -1810.610114945797 0 -1810.610114945797
191900 -1761.338476641802 0 -1761.338476641802
192000 -1711.440957023297 0 -1711.440957023297
192100 -1719.991813666653 0 -1719.991813666653
192200 -1689.219050120853 0 -1689.219050120853
192300 -1760.414010490989 0 -1760.414010490989
192400 -1774.618229126558 0 -1774.618229126558
192500 -1751.96979060513 0 -1751.96979060513
192600 -1749.239588382858 0 -1749.239588382858
192700 -1733.06025062874 0 -1733.06025062874
192800 -1696.891638282133 0 -1696.891638282133
192900 -1702.075130170851 0 -1702.075130170851
193000 -1769.591424040089 0 -1769.591424040089
193100 -1759.211080483161 0 -1759.211080483161
193200 -1798.356262208836 0 -1798.356262208836
193300 -1793.505545335705 0 -1793.505545335705
193400 -1817.79620477662 0 -1817.79620477662
193500 -1878.072020859225 0 -1878.072020859225
193600 -1841.199826211203 0 -1841.199826211203
193700 -1811.20895681018 0 -1811.20895681018
193800 -1827.197173628636 0 -1827.197173628636
193900 -1863.989630219992 0 -1863.989630219992
194000 -1846.395477460173 0 -1846.395477460173
194100 -1834.64465056709 0 -1834.64465056709
194200 -1795.711101975292 0 -1795.711101975292
194300 -1898.387199369841 0 -1898.387199369841
194400 -1912.129645517329 0 -1912.129645517329
194500 -1857.39446718237 0 -1857.39446718237
194600 -1836.706478052598 0 -1836.706478052598
194700 -1784.891648035729 0 -1784.891648035729
194800 -1783.936306709656 0 -1783.936306709656
194900 -1735.436137940444 0 -1735.436137940444
195000 -1744.256059150444 0 -1744.256059150444
195100 -1759.742329826113 0 -1759.742329826113
195200 -1815.817239854718 0 -1815.817239854718
195300 -1747.338552899077 0 -1747.338552899077
195400 -1798.907680703793 0 -1798.907680703793
195500 -1816.933567481115 0 -1816.933567481115
195600 -1757.300418864703 0 -1757.300418864703
195700 -1758.781081414316 0 -1758.781081414316
195800 -1758.537790793926 0 -1758.537790793926
195900 -1796.19498645165 0 -1796.19498645165
196000 -1866.262175234966 0 -1866.262175234966
196100 -1797.321717546089 0 -1797.321717546089
196200 -1797.598403413314 0 -1797.598403413314
196300 -1755.150655051693 0 -1755.150655051693
196400 -1708.922682757489 0 -1708.922682757489
196500 -1741.723398777889 0 -1741.723398777889
196600 -1783.821892447304 0 -1783.821892447304
196700 -1781.551113956142 0 -1781.551113956142
196800 -1739.780263646622 0 -1739.780263646622
196900 -1733.636866421904 0 -1733.636866421904
197000 -1678.64617523225 0 -1678.64617523225
197100 -1662.925768927904 0 -1662.925768927904
197200 -1653.416680147871 0 -1653.416680147871
197300 -1654.302163685963 0 -1654.302163685963
197400 -1587.367679940187 0 -1587.367679940187
197500 -1607.891600774135 0 -1607.891600774135
197600 -1638.4336992756 0 -1638.4336992756
197700 -1590.20996554126 0 -1590.20996554126
197800 -1609.478235344635 0 -1609.478235344635
197900 -1645.68087210739 0 -1645.68087210739
198000 -1661.323540438432 0 -1661.323540438432
198100 -1689.420497308951 0 -1689.420497308951
198200 -1644.88796110265 0 -1644.88796110265
198300 -1622.454654933419 0 -1622.454654933419
198400 -1592.936388899339 0 -1592.936388899339
198500 -1631.74888739665 0 -1631.74888739665
198600 -1599.432159639546 0 -1599.432159639546
198700 -1614.575328635518 0 -1614.575328635518
198800 -1597.637778903823 0 -1597.637778903823
198900 -1587.944310355699 0 -1587.944310355699
199000 -1586.570122169098 0 -1586.570122169098
199100 -1607.37740815524 0 -1607.37740815524
199200 -1559.145991995931 0 -1559.145991995931
199300 -1554.419756934745 0 -1554.419756934745
199400 -1538.499996630242 0 -1538.499996630242
199500 -1538.38390800904 0 -1538.38390800904
199600 -1541.685838778154 0 -1541.685838778154
199700 -1517.631331350422 0 -1517.631331350422
199800 -1489.564089109132 0 -1489.564089109132
199900 -1541.249340875307 0 -1541.249340875307
200000 -1521.551972875604 0 -1521.551972875604
