34.2 4
35.4 3
35.6 12
35.8 248
36 779
36.2 1458
36.4 773
36.6 3116
36.8 1572
37 4595
37.2 8020
37.4 5156
37.6 5796
37.8 5190
38 14426
38.2 10983
38.4 20861
38.6 23049
38.8 31458
39 39618
39.2 63004
39.4 105069
39.6 207417
39.8 226101
40 348790
40.2 464404
40.4 579596
40.6 633099
40.8 806794
41 877263
41.2 931138
41.4 1036018
41.6 1031789
41.8 1106372
42 1119100
42.2 1156621
42.4 1183911
42.6 1304021
42.8 1415709
43 1521749
43.2 1789952
43.4 1617234
43.6 1572728
43.8 1410854
44 1214569
44.2 1006739
44.4 789446
44.6 731157
44.8 660412
45 537969
45.2 512810
45.4 442998
45.6 416275
45.8 383370
46 369938
46.2 312106
46.4 280438
46.6 257280
46.8 236212
47 207153
47.2 182417
47.4 166093
47.6 152471
47.8 139540
48 129731
48.2 117829
48.4 108686
48.6 104212
48.8 95786
49 89276
49.2 82601
49.4 78015
49.6 74573
49.8 70344
50 65259
50.2 62163
50.4 58116
50.6 54794
50.8 51762
51 51308
51.2 49480
51.4 47197
51.6 45628
51.8 43535
52 40963
52.2 38523
52.4 38431
52.6 37745
52.8 36298
53 34062
53.2 32983
53.4 33048
53.6 32076
53.8 30589
54 29685
54.2 28692
54.4 28389
54.6 27804
54.8 27514
55 26264
55.2 25930
55.4 25451
55.6 24655
55.8 24393
56 24217
56.2 23873
56.4 23428
56.6 22651
56.8 22320
57 21966
57.2 21868
57.4 21779
57.6 21325
57.8 21018
58 21045
58.2 20703
58.4 20821
58.6 20160
58.8 20180
59 20070
59.2 19812
59.4 19829
59.6 19800
59.8 19265
60 19341
60.2 19043
60.4 18807
60.6 18765
60.8 19053
61 18596
61.2 18660
61.4 18720
61.6 18183
61.8 18474
62 18625
62.2 18351
62.4 18038
62.6 18254
62.8 18358
63 17867
63.2 17861
63.4 17918
63.6 17751
63.8 17862
64 17760
64.2 17791
64.4 17762
64.6 17592
64.8 17811
65 17528
65.2 17374
65.4 17388
65.6 17634
65.8 17603
66 17629
66.2 17423
66.4 17229
66.6 17142
66.8 17663
67 17362
67.2 17512
67.4 17617
67.6 17010
67.8 17271
68 17419
68.2 17275
68.4 17137
68.6 16840
68.8 17436
69 17354
69.2 17005
69.4 17294
69.6 16874
69.8 17425
70 17232
70.2 17006
70.4 16913
70.6 17080
70.8 16897
71 17176
71.2 17081
71.4 16901
71.6 16791
71.8 16904
72 17038
72.2 16767
72.4 16772
72.6 17073
72.8 16821
73 16819
73.2 16857
73.4 16958
73.6 16912
73.8 16572
74 16683
74.2 17054
74.4 16975
74.6 16887
74.8 16641
75 17031
75.2 16908
75.4 16801
75.6 16627
75.8 16858
76 16872
76.2 16909
76.4 16684
76.6 16650
76.8 16779
77 16591
77.2 16609
77.4 16669
77.6 16716
77.8 16662
78 16624
78.2 16754
78.4 16491
78.6 16718
78.8 16787
79 16667
79.2 16814
79.4 16797
79.6 16645
79.8 16607
80 16597
80.2 16637
80.4 16443
80.6 16560
80.8 16728
81 16602
81.2 16588
81.4 16618
81.6 16533
81.8 16636
82 16613
82.2 16851
82.4 16529
82.6 16642
82.8 16600
83 16748
83.2 16437
83.4 16427
83.6 16426
83.8 16552
84 16649
84.2 16672
84.4 16844
84.6 16676
84.8 16624
85 16825
85.2 16459
85.4 16715
85.6 16658
85.8 16773
86 16504
86.2 16746
86.4 16532
86.6 16905
86.8 16531
87 16620
87.2 16344
87.4 16456
87.6 16803
87.8 16468
88 16612
88.2 16325
88.4 16439
88.6 16338
88.8 16676
89 16629
89.2 16587
89.4 16547
89.6 16692
89.8 16447
90 16464
90.2 16537
90.4 16173
90.6 16603
90.8 16482
91 16633
91.2 16328
91.4 16447
91.6 16452
91.8 16349
92 16444
92.2 16655
92.4 16475
92.6 16375
92.8 16387
93 16603
93.2 16599
93.4 16742
93.6 16655
93.8 16617
94 16656
94.2 16535
94.4 16586
94.6 16564
94.8 16605
95 16722
95.2 16391
95.4 16524
95.6 16700
95.8 16680
96 16452
96.2 16487
96.4 16572
96.6 16350
96.8 16440
97 16530
97.2 16385
97.4 16623
97.6 16486
97.8 16383
98 16332
98.2 16743
98.4 16617
98.6 16298
98.8 16586
99 16496
99.2 16706
99.4 16513
99.6 16496
99.8 16385
100 16489
100.2 16639
100.4 16652
100.6 16384
100.8 16509
101 16576
101.2 16655
101.4 16489
101.6 16586
101.8 16605
102 16388
102.2 16590
102.4 16666
102.6 16523
102.8 16790
103 16659
103.2 16671
103.4 16637
103.6 16426
103.8 16528
104 16753
104.2 16421
104.4 16582
104.6 16494
104.8 16759
105 16467
105.2 16646
105.4 16407
105.6 16477
105.8 16618
106 16594
106.2 16416
106.4 16162
106.6 16358
106.8 16436
107 16738
107.2 16475
107.4 16585
107.6 16503
107.8 16348
108 16372
108.2 16386
108.4 16658
108.6 16395
108.8 16217
109 16592
109.2 16543
109.4 16541
109.6 16483
109.8 16568
110 16575
110.2 16392
110.4 16558
110.6 16468
110.8 16304
111 16405
111.2 16218
111.4 16640
111.6 16666
111.8 16242
112 16493
112.2 16439
112.4 16536
112.6 16505
112.8 16460
113 16542
113.2 16458
113.4 16519
113.6 16475
113.8 16468
114 16437
114.2 16219
114.4 16548
114.6 16532
114.8 16327
115 16587
115.2 16412
115.4 16492
115.6 16346
115.8 16386
116 16268
116.2 16416
116.4 16487
116.6 16755
116.8 16649
117 16669
117.2 16770
117.4 16334
117.6 16411
117.8 16636
118 16553
118.2 16709
118.4 16522
118.6 16607
118.8 16411
119 16462
119.2 16558
119.4 16126
119.6 16472
119.8 16653
120 16480
120.2 16491
120.4 16597
120.6 16634
120.8 16437
121 16520
121.2 16453
121.4 16563
121.6 16605
121.8 16585
122 16475
122.2 16627
122.4 16707
122.6 16563
122.8 16248
123 16557
123.2 16238
123.4 16395
123.6 16457
123.8 16510
124 16246
124.2 16463
124.4 16403
124.6 16403
124.8 16636
125 16528
125.2 16480
125.4 16505
125.6 16391
125.8 16498
126 16384
126.2 16527
126.4 16434
126.6 16713
126.8 16325
127 16483
127.2 16375
127.4 16217
127.6 16400
127.8 16456
128 16424
128.2 16595
128.4 16655
128.6 16655
128.8 16482
129 16401
129.2 16386
129.4 16630
129.6 16471
129.8 16711
130 16449
130.2 16506
130.4 16388
130.6 16250
130.8 16363
131 16617
131.2 16599
131.4 16482
131.6 16700
131.8 16700
132 16669
132.2 16398
132.4 16589
132.6 16415
132.8 16535
133 16613
133.2 16328
133.4 16544
133.6 16460
133.8 16396
134 16458
134.2 16320
134.4 16497
134.6 16646
134.8 16849
135 16475
135.2 16380
135.4 16549
135.6 16413
135.8 16439
136 16568
136.2 16670
136.4 16453
136.6 16645
136.8 16552
137 16280
137.2 16614
137.4 16538
137.6 16436
137.8 16590
138 16504
138.2 16462
138.4 16693
138.6 16655
138.8 16692
139 16375
139.2 16323
139.4 16372
139.6 16503
139.8 16387
140 16396
140.2 16549
140.4 16711
140.6 16389
140.8 16446
141 16537
141.2 16561
141.4 16528
141.6 16308
141.8 16476
142 16461
142.2 16447
142.4 16708
142.6 16435
142.8 16326
143 16465
143.2 16746
143.4 16631
143.6 16513
143.8 16522
144 16516
144.2 16651
144.4 16299
144.6 16494
144.8 16454
145 16589
145.2 16526
145.4 16491
145.6 16544
145.8 16636
146 16501
146.2 16467
146.4 16309
146.6 16474
146.8 16575
147 16668
147.2 16572
147.4 16620
147.6 16413
147.8 16444
148 16509
148.2 16431
148.4 16486
148.6 16484
148.8 16802
149 16682
149.2 16496
149.4 16590
149.6 16285
149.8 16454
150 16695
150.2 16536
150.4 16460
150.6 16581
150.8 16637
151 16461
151.2 16570
151.4 16505
151.6 16690
151.8 16517
152 16614
152.2 16569
152.4 16584
152.6 16388
152.8 16460
153 16443
153.2 16331
153.4 16529
153.6 16589
153.8 16536
154 16830
154.2 16677
154.4 16605
154.6 16443
154.8 16559
155 16489
155.2 16381
155.4 16266
155.6 16565
155.8 16325
156 16506
156.2 16575
156.4 16489
156.6 16577
156.8 16294
157 16595
157.2 16521
157.4 16670
157.6 16613
157.8 16606
158 16308
158.2 16506
158.4 16561
158.6 16592
158.8 16604
159 16497
159.2 16295
159.4 16424
159.6 16325
159.8 16551
160 16444
160.2 16745
160.4 16634
160.6 16529
160.8 16537
161 16563
161.2 16553
161.4 16608
161.6 16422
161.8 16421
162 16452
162.2 16506
162.4 16425
162.6 16429
162.8 16583
163 16393
163.2 16544
163.4 16495
163.6 16501
163.8 16494
164 16342
164.2 16597
164.4 16504
164.6 16426
164.8 16610
165 16485
165.2 16440
165.4 16506
165.6 16475
165.8 16581
166 16405
166.2 16313
166.4 16862
166.6 16870
166.8 16553
167 16537
167.2 16616
167.4 16810
167.6 16489
167.8 16338
168 16522
168.2 16675
168.4 16460
168.6 16401
168.8 16364
169 16839
169.2 16562
169.4 16643
169.6 16264
169.8 16616
170 16420
170.2 16716
170.4 16661
170.6 16346
170.8 16409
171 16272
171.2 16463
171.4 16549
171.6 16505
171.8 16736
172 16659
172.2 16482
172.4 16426
172.6 16679
172.8 16439
173 16429
173.2 16600
173.4 16420
173.6 16364
173.8 16579
174 16495
174.2 16526
174.4 16523
174.6 16591
174.8 16543
175 16372
175.2 16385
175.4 16494
175.6 16522
175.8 16636
176 16712
176.2 16760
176.4 16319
176.6 16690
176.8 16839
177 16530
177.2 16539
177.4 16382
177.6 16407
177.8 16457
178 16360
178.2 16263
178.4 16446
178.6 16619
178.8 16561
179 16462
179.2 16365
179.4 16496
179.6 16564
179.8 16712
180 16597
180.2 16598
180.4 16497
180.6 16689
180.8 16502
181 16398
181.2 16572
181.4 16757
181.6 16574
181.8 16458
182 16586
182.2 16617
182.4 16573
182.6 16389
182.8 16541
183 16779
183.2 16449
183.4 16528
183.6 16537
183.8 16498
184 16795
184.2 16454
184.4 16459
184.6 16578
184.8 16516
185 16660
185.2 16715
185.4 16615
185.6 16679
185.8 16438
186 16630
186.2 16500
186.4 16616
186.6 16634
186.8 16789
187 16574
187.2 16625
187.4 16434
187.6 16497
187.8 16499
188 16379
188.2 16609
188.4 16722
188.6 16550
188.8 16536
189 16735
189.2 16558
189.4 16453
189.6 16369
189.8 16362
190 16528
190.2 16303
190.4 16523
190.6 16583
190.8 16470
191 16417
191.2 16504
191.4 16569
191.6 16424
191.8 16401
192 16591
192.2 16541
192.4 16669
192.6 16468
192.8 16475
193 16760
193.2 16420
193.4 16346
193.6 16797
193.8 16477
194 16584
194.2 16538
194.4 16714
194.6 16650
194.8 16650
195 16749
195.2 16576
195.4 16317
195.6 16588
195.8 16618
196 16662
196.2 16561
196.4 16601
196.6 16644
196.8 16520
197 16416
197.2 16324
197.4 16444
197.6 16618
197.8 16620
198 16485
198.2 16711
198.4 16448
198.6 16461
198.8 16485
199 16419
199.2 16426
199.4 16556
199.6 16359
199.8 16714
200 16603
200.2 16526
200.4 16421
200.6 16450
200.8 16782
201 16604
201.2 16513
201.4 16522
201.6 16581
201.8 16368
202 16666
202.2 16656
202.4 16529
202.6 16326
202.8 16571
203 16641
203.2 16487
203.4 16660
203.6 16515
203.8 16492
204 16673
204.2 16571
204.4 16551
204.6 16631
204.8 16576
205 16544
205.2 16524
205.4 16385
205.6 16521
205.8 16548
206 16650
206.2 16515
206.4 16444
206.6 16513
206.8 16549
207 16435
207.2 16532
207.4 16539
207.6 16579
207.8 16485
208 16665
208.2 16465
208.4 16582
208.6 16385
208.8 16358
209 16609
209.2 16385
209.4 16327
209.6 16636
209.8 16866
210 16634
210.2 16452
210.4 16488
210.6 16910
210.8 16455
211 16578
211.2 16662
211.4 16737
211.6 16351
211.8 16598
212 16388
212.2 16575
212.4 16221
212.6 16531
212.8 16591
213 16657
213.2 16793
213.4 16466
213.6 16431
213.8 16560
214 16627
214.2 16420
214.4 16740
214.6 16644
214.8 16393
215 16482
215.2 16670
215.4 16594
215.6 16733
215.8 16998
216 16514
216.2 16820
216.4 16508
216.6 16595
216.8 16461
217 16560
217.2 16566
217.4 16449
217.6 16560
217.8 16467
218 16429
218.2 16522
218.4 16359
218.6 16803
218.8 16361
219 16433
219.2 16359
219.4 16457
219.6 16636
219.8 16399
220 16604
220.2 16735
220.4 16441
220.6 16326
220.8 16543
221 16539
221.2 16404
221.4 16342
221.6 16696
221.8 16455
222 16631
222.2 16646
222.4 16429
222.6 16414
222.8 16533
223 16378
223.2 16462
223.4 16677
223.6 16514
223.8 16446
224 16498
224.2 16525
224.4 16507
224.6 16449
224.8 16614
225 16692
225.2 16249
225.4 16760
225.6 16609
225.8 16525
226 16375
226.2 16477
226.4 16506
226.6 16424
226.8 16359
227 16656
227.2 16295
227.4 16564
227.6 16646
227.8 16370
228 16629
228.2 16504
228.4 16436
228.6 16374
228.8 16612
229 16468
229.2 16288
229.4 16596
229.6 16724
229.8 16427
230 16417
230.2 16557
230.4 16464
230.6 16509
230.8 16719
231 16423
231.2 16489
231.4 16617
231.6 16509
231.8 16362
232 16503
232.2 16372
232.4 16515
232.6 16529
232.8 16622
233 16377
233.2 16596
233.4 16573
233.6 16617
233.8 16564
234 16676
234.2 16456
234.4 16449
234.6 16869
234.8 16535
235 16414
235.2 16746
235.4 16484
235.6 16595
235.8 16286
236 16657
236.2 16219
236.4 16597
236.6 16795
236.8 16543
237 16445
237.2 16542
237.4 16473
237.6 16336
237.8 16396
238 16622
238.2 16391
238.4 16493
238.6 16495
238.8 16245
239 16612
239.2 16718
239.4 16268
239.6 16353
239.8 16466
240 16326
240.2 16446
240.4 16574
240.6 16413
240.8 16582
241 16558
241.2 16537
241.4 16652
241.6 16312
241.8 16623
242 16302
242.2 16584
242.4 16523
242.6 16532
242.8 16725
243 16427
243.2 16395
243.4 16475
243.6 16600
243.8 16389
244 16380
244.2 16518
244.4 16373
244.6 16334
244.8 16642
245 16568
245.2 16474
245.4 16573
245.6 16490
245.8 16437
246 16209
246.2 16287
246.4 16365
246.6 16664
246.8 16540
247 16448
247.2 16539
247.4 16460
247.6 16404
247.8 16520
248 16617
248.2 16742
248.4 16377
248.6 16434
248.8 16398
249 16618
249.2 16573
249.4 16573
249.6 16738
249.8 16436
250 16644
