### Datafile rebinned by Will It Rebin...? 
### Original datafile = S_A_02883_A1-T1_lipase_s1_000_c.dat
### Number of datapoints = 115
   1.1098578700e-02   3.9851344293e-01   1.2046106543e-02   0.0
   1.2331748000e-02   4.0329323793e-01   7.8654468755e-03   0.0
   1.3564915400e-02   3.8939087284e-01   5.1712755130e-03   0.0
   1.4798080700e-02   3.8924741872e-01   3.8717052842e-03   0.0
   1.6031243700e-02   3.8212478275e-01   3.1778462309e-03   0.0
   1.7264404200e-02   3.7501855229e-01   3.0760634980e-03   0.0
   1.8497562100e-02   3.6837885793e-01   2.8683978574e-03   0.0
   1.9730717000e-02   3.6045282245e-01   2.7976119730e-03   0.0
   2.0963868900e-02   3.5415300190e-01   2.4314006057e-03   0.0
   2.2197017500e-02   3.4535442932e-01   2.3673167061e-03   0.0
   2.3430162600e-02   3.4122676536e-01   2.2979985163e-03   0.0
   2.4663304100e-02   3.3377615078e-01   2.2078567266e-03   0.0
   2.5896441800e-02   3.2568326487e-01   2.0706687835e-03   0.0
   2.7129575400e-02   3.1799230688e-01   2.0585494924e-03   0.0
   2.8362704900e-02   3.1280529681e-01   1.9053758203e-03   0.0
   2.9595829900e-02   3.0369729132e-01   1.8985213126e-03   0.0
   3.0828950300e-02   2.9608943769e-01   1.7314315895e-03   0.0
   3.2062065900e-02   2.8600466477e-01   1.7083002024e-03   0.0
   3.3295176500e-02   2.8127508175e-01   1.7282454764e-03   0.0
   3.4528281900e-02   2.7405569232e-01   1.6503899337e-03   0.0
   3.5761382000e-02   2.6582076163e-01   1.5674291558e-03   0.0
   3.6994476400e-02   2.5974331894e-01   1.5354589076e-03   0.0
   3.8227565200e-02   2.4992484124e-01   1.4605532223e-03   0.0
   3.9460648000e-02   2.4060694031e-01   1.3896220599e-03   0.0
   4.0693724600e-02   2.3801836407e-01   1.3999245122e-03   0.0
   4.1926794900e-02   2.3054005157e-01   1.3164387056e-03   0.0
   4.3159858700e-02   2.2281761832e-01   1.3100848108e-03   0.0
   4.4392915800e-02   2.1575264006e-01   1.2318832228e-03   0.0
   4.5625965900e-02   2.0820317499e-01   1.2786557435e-03   0.0
   4.6859009000e-02   2.0114479983e-01   1.1766076698e-03   0.0
   4.8092044800e-02   1.9739973560e-01   1.1753606020e-03   0.0
   4.9325073100e-02   1.8987246340e-01   1.1654487322e-03   0.0
   5.0558093700e-02   1.8446877933e-01   1.1038494452e-03   0.0
   5.1791106500e-02   1.7687908228e-01   1.0829556118e-03   0.0
   5.3024111100e-02   1.7203886535e-01   1.0322009768e-03   0.0
   5.4873601600e-02   1.6343190322e-01   7.2775928344e-04   0.0
   5.7339560250e-02   1.5170901629e-01   6.9139535126e-04   0.0
   5.9805483150e-02   1.4100926739e-01   6.4401798965e-04   0.0
   6.2271368950e-02   1.3090513373e-01   6.1645960678e-04   0.0
   6.4737215900e-02   1.2272170445e-01   6.0790532964e-04   0.0
   6.7203022600e-02   1.1522144035e-01   5.6871931139e-04   0.0
   6.9668787450e-02   1.0695199215e-01   5.4315302541e-04   0.0
   7.2134509000e-02   9.9546718770e-02   5.1408237024e-04   0.0
   7.4600185650e-02   9.3283681499e-02   4.9405347617e-04   0.0
   7.7065815850e-02   8.6334366398e-02   4.7209947366e-04   0.0
   7.9531398150e-02   8.1303971709e-02   4.4964433763e-04   0.0
   8.1996930900e-02   7.6164222990e-02   4.4282982947e-04   0.0
   8.4462412650e-02   7.0649621174e-02   4.2311531025e-04   0.0
   8.6927841900e-02   6.6048529914e-02   4.1160316071e-04   0.0
   8.9393217100e-02   6.1074579576e-02   3.8403506830e-04   0.0
   9.1858536600e-02   5.7513457247e-02   3.7738223836e-04   0.0
   9.4323798950e-02   5.3374112149e-02   3.6279413877e-04   0.0
   9.6789002700e-02   4.9934695527e-02   3.5983311570e-04   0.0
   9.9254146200e-02   4.6471868190e-02   3.4152399939e-04   0.0
   1.0171922800e-01   4.3003179251e-02   3.4408228682e-04   0.0
   1.0480048767e-01   4.0231384073e-02   2.7238650495e-04   0.0
   1.0849786833e-01   3.6235950642e-02   2.6597419757e-04   0.0
   1.1219509733e-01   3.2666788861e-02   2.6201437442e-04   0.0
   1.1589216967e-01   2.9516974853e-02   2.5324876387e-04   0.0
   1.1958907967e-01   2.6648015210e-02   2.4251480921e-04   0.0
   1.2328582200e-01   2.3657655595e-02   2.3409681689e-04   0.0
   1.2698239233e-01   2.1441656593e-02   2.3621153609e-04   0.0
   1.3067878467e-01   1.8469106804e-02   2.3397787103e-04   0.0
   1.3437499433e-01   1.6978493402e-02   2.2708319823e-04   0.0
   1.3807101600e-01   1.5147871608e-02   2.1464038451e-04   0.0
   1.4176684467e-01   1.3573151596e-02   2.1129226272e-04   0.0
   1.4546247533e-01   1.1841791226e-02   2.0324472587e-04   0.0
   1.4915790233e-01   9.6743739846e-03   1.9782650681e-04   0.0
   1.5285312100e-01   8.9061367132e-03   1.9276021954e-04   0.0
   1.5654812600e-01   7.7275965567e-03   1.8955237625e-04   0.0
   1.6085868050e-01   6.5794813039e-03   1.5776829533e-04   0.0
   1.6578466150e-01   5.0868073993e-03   1.4747355006e-04   0.0
   1.7071023100e-01   4.2141639468e-03   1.4086405410e-04   0.0
   1.7563537625e-01   3.5421536838e-03   1.3614934271e-04   0.0
   1.8056008525e-01   3.0357185935e-03   1.3128910209e-04   0.0
   1.8548434575e-01   2.4304095043e-03   1.2878963046e-04   0.0
   1.9040814575e-01   2.2150789503e-03   1.2582781758e-04   0.0
   1.9533147300e-01   1.9698183481e-03   1.2393708306e-04   0.0
   2.0025431525e-01   1.7996589275e-03   1.2012566452e-04   0.0
   2.0517666075e-01   1.8531728885e-03   1.1907429875e-04   0.0
   2.1009849700e-01   1.9680006603e-03   1.1683669494e-04   0.0
   2.1563492640e-01   2.0066239789e-03   1.0337934830e-04   0.0
   2.2178573360e-01   1.7339581328e-03   1.0075472776e-04   0.0
   2.2793568140e-01   1.9379733012e-03   9.9855515376e-05   0.0
   2.3408474580e-01   1.8871238598e-03   9.8256978131e-05   0.0
   2.4023290380e-01   1.8676612734e-03   9.6506505561e-05   0.0
   2.4638013100e-01   1.7751515449e-03   9.4964021121e-05   0.0
   2.5252640460e-01   1.6438715508e-03   9.2870200093e-05   0.0
   2.5867170100e-01   1.7191742383e-03   9.2156085782e-05   0.0
   2.6481599600e-01   1.8005085784e-03   9.0862235109e-05   0.0
   2.7157351767e-01   1.6658061405e-03   8.1614480708e-05   0.0
   2.7894392900e-01   1.4135526283e-03   7.9724663066e-05   0.0
   2.8631278750e-01   1.3588388163e-03   7.9238129828e-05   0.0
   2.9368005250e-01   1.3055959863e-03   7.9033700569e-05   0.0
   3.0104568367e-01   1.1455898416e-03   7.9931665054e-05   0.0
   3.0840964017e-01   1.0602299572e-03   8.3172052764e-05   0.0
   3.1577188250e-01   1.2904200830e-03   8.4597550571e-05   0.0
   3.2313236967e-01   1.0793300634e-03   8.4474209665e-05   0.0
   3.3110417614e-01   1.0181687240e-03   7.7712163191e-05   0.0
   3.3968681300e-01   1.0381917249e-03   7.7918671005e-05   0.0
   3.4826688357e-01   1.2561174123e-03   7.8347913381e-05   0.0
   3.5684432429e-01   1.1093705387e-03   7.9077451301e-05   0.0
   3.6541907157e-01   1.1255667520e-03   7.9509019721e-05   0.0
   3.7399106300e-01   1.2318296832e-03   8.3475843045e-05   0.0
   3.8256023386e-01   1.2573369310e-03   8.7156309701e-05   0.0
   3.9173825013e-01   1.1846354008e-03   8.8040464845e-05   0.0
   4.0152443838e-01   8.6457977136e-04   9.7324712477e-05   0.0
   4.1130667925e-01   1.0570764487e-03   1.0604691596e-04   0.0
   4.2108487937e-01   1.1648066114e-03   1.1770512233e-04   0.0
   4.3085894538e-01   1.0307533822e-03   1.3108602378e-04   0.0
   4.4123920833e-01   6.6218124960e-04   1.3980431834e-04   0.0
   4.5222479922e-01   1.0706562781e-03   1.6573287065e-04   0.0
   4.6320478356e-01   5.6723521569e-04   2.1447657697e-04   0.0
   4.7417902933e-01   9.2068976895e-04   3.2497988057e-04   0.0
   4.8331989417e-01   1.8755727244e-03   6.8366014653e-04   0.0
