35 2
35.6 18
35.8 8
36 14
36.2 7
36.4 20
36.6 9
36.8 9
37 32
37.2 10
37.4 39
37.6 125
37.8 217
38 336
38.2 70
38.4 401
38.6 1617
38.8 974
39 22337
39.2 2686
39.4 7910
39.6 1796
39.8 4355
40 2296
40.2 1248
40.4 1490
40.6 1852
40.8 1365
41 1656
41.2 1092
41.4 4547
41.6 2440
41.8 1744
42 2330
42.2 2326
42.4 606
42.6 2268
42.8 1258
43 1351
43.2 1578
43.4 1638
43.6 1531
43.8 2392
44 1774
44.2 2039
44.4 1679
44.6 1961
44.8 1508
45 2099
45.2 1865
45.4 2177
45.6 1404
45.8 1683
46 1324
46.2 1244
46.4 1631
46.6 1821
46.8 1919
47 1393
47.2 1555
47.4 1342
47.6 1365
47.8 1363
48 1220
48.2 1201
48.4 1281
48.6 1236
48.8 1129
49 1169
49.2 1326
49.4 1208
49.6 1043
49.8 1182
50 1009
50.2 1078
50.4 1089
50.6 980
50.8 1039
51 957
51.2 986
51.4 1019
51.6 1009
51.8 974
52 925
52.2 1075
52.4 1042
52.6 896
52.8 1021
53 905
53.2 923
53.4 917
53.6 944
53.8 880
54 869
54.2 903
54.4 851
54.6 783
54.8 894
55 859
55.2 824
55.4 838
55.6 874
55.8 868
56 848
56.2 852
56.4 836
56.6 856
56.8 920
57 886
57.2 900
57.4 826
57.6 920
57.8 879
58 851
58.2 886
58.4 896
58.6 901
58.8 880
59 857
59.2 854
59.4 853
59.6 808
59.8 815
60 879
60.2 856
60.4 868
60.6 929
60.8 875
61 844
61.2 882
61.4 851
61.6 843
61.8 865
62 903
62.2 872
62.4 902
62.6 897
62.8 885
63 835
63.2 855
63.4 864
63.6 888
63.8 923
64 882
64.2 845
64.4 871
64.6 871
64.8 911
65 832
65.2 864
65.4 852
65.6 873
65.8 868
66 891
66.2 905
66.4 851
66.6 901
66.8 840
67 861
67.2 863
67.4 875
67.6 920
67.8 872
68 818
68.2 890
68.4 881
68.6 919
68.8 882
69 857
69.2 909
69.4 866
69.6 852
69.8 907
70 862
70.2 908
70.4 836
70.6 928
70.8 894
71 929
71.2 933
71.4 854
71.6 873
71.8 849
72 863
72.2 848
72.4 923
72.6 933
72.8 846
73 826
73.2 868
73.4 863
73.6 946
73.8 927
74 835
74.2 846
74.4 934
74.6 871
74.8 914
75 825
75.2 869
75.4 897
75.6 889
75.8 915
76 897
76.2 856
76.4 868
76.6 917
76.8 859
77 875
77.2 892
77.4 921
77.6 890
77.8 915
78 902
78.2 872
78.4 855
78.6 830
78.8 897
79 877
79.2 911
79.4 857
79.6 851
79.8 904
80 873
80.2 877
80.4 917
80.6 882
80.8 901
81 891
81.2 883
81.4 856
81.6 853
81.8 898
82 851
82.2 920
82.4 875
82.6 847
82.8 830
83 870
83.2 860
83.4 864
83.6 893
83.8 886
84 868
84.2 889
84.4 909
84.6 932
84.8 869
85 783
85.2 900
85.4 909
85.6 818
85.8 877
86 823
86.2 927
86.4 884
86.6 877
86.8 852
87 850
87.2 833
87.4 853
87.6 848
87.8 861
88 903
88.2 852
88.4 861
88.6 933
88.8 854
89 887
89.2 898
89.4 867
89.6 848
89.8 892
90 882
90.2 888
90.4 929
90.6 844
90.8 851
91 889
91.2 882
91.4 829
91.6 849
91.8 837
92 870
92.2 864
92.4 911
92.6 856
92.8 834
93 897
93.2 893
93.4 882
93.6 861
93.8 907
94 914
94.2 896
94.4 889
94.6 889
94.8 861
95 906
95.2 906
95.4 866
95.6 829
95.8 880
96 841
96.2 902
96.4 919
96.6 907
96.8 921
97 867
97.2 849
97.4 853
97.6 849
97.8 867
98 898
98.2 891
98.4 884
98.6 840
98.8 944
99 874
99.2 817
99.4 834
99.6 890
99.8 861
100 835
100.2 937
100.4 820
100.6 840
100.8 855
101 885
101.2 855
101.4 835
101.6 910
101.8 840
102 857
102.2 879
102.4 888
102.6 836
102.8 875
103 883
103.2 833
103.4 856
103.6 840
103.8 880
104 850
104.2 919
104.4 876
104.6 904
104.8 848
105 868
105.2 861
105.4 882
105.6 877
105.8 872
106 927
106.2 887
106.4 807
106.6 899
106.8 903
107 855
107.2 862
107.4 881
107.6 875
107.8 856
108 891
108.2 871
108.4 847
108.6 881
108.8 845
109 889
109.2 915
109.4 861
109.6 875
109.8 822
110 858
110.2 861
110.4 852
110.6 898
110.8 847
111 903
111.2 810
111.4 833
111.6 834
111.8 926
112 876
112.2 849
112.4 906
112.6 910
112.8 790
113 893
113.2 868
113.4 847
113.6 847
113.8 880
114 859
114.2 884
114.4 867
114.6 886
114.8 873
115 857
115.2 911
115.4 831
115.6 861
115.8 900
116 860
116.2 844
116.4 861
116.6 850
116.8 865
117 875
117.2 901
117.4 906
117.6 885
117.8 866
118 959
118.2 843
118.4 876
118.6 899
118.8 867
119 854
119.2 865
119.4 901
119.6 824
119.8 905
120 890
120.2 870
120.4 874
120.6 901
120.8 891
121 902
121.2 865
121.4 908
121.6 895
121.8 872
122 877
122.2 847
122.4 852
122.6 893
122.8 848
123 853
123.2 882
123.4 872
123.6 851
123.8 827
124 861
124.2 845
124.4 866
124.6 892
124.8 840
125 935
125.2 890
125.4 847
125.6 931
125.8 876
126 873
126.2 871
126.4 882
126.6 869
126.8 858
127 906
127.2 930
127.4 902
127.6 855
127.8 829
128 881
128.2 825
128.4 887
128.6 876
128.8 874
129 856
129.2 871
129.4 888
129.6 885
129.8 915
130 929
130.2 929
130.4 925
130.6 871
130.8 804
131 833
131.2 895
131.4 838
131.6 909
131.8 866
132 807
132.2 862
132.4 881
132.6 921
132.8 879
133 908
133.2 856
133.4 901
133.6 878
133.8 895
134 921
134.2 841
134.4 904
134.6 902
134.8 869
135 833
135.2 843
135.4 795
135.6 879
135.8 854
136 875
136.2 875
136.4 878
136.6 820
136.8 871
137 890
137.2 928
137.4 869
137.6 869
137.8 861
138 866
138.2 885
138.4 868
138.6 907
138.8 909
139 914
139.2 911
139.4 868
139.6 899
139.8 874
140 907
140.2 884
140.4 842
140.6 897
140.8 902
141 826
141.2 895
141.4 835
141.6 866
141.8 865
142 911
142.2 866
142.4 896
142.6 918
142.8 768
143 872
143.2 845
143.4 858
143.6 837
143.8 876
144 859
144.2 878
144.4 844
144.6 890
144.8 877
145 850
145.2 856
145.4 850
145.6 845
145.8 855
146 916
146.2 858
146.4 880
146.6 827
146.8 855
147 890
147.2 848
147.4 894
147.6 841
147.8 880
148 865
148.2 919
148.4 915
148.6 820
148.8 906
149 904
149.2 871
149.4 916
149.6 866
149.8 919
150 800
150.2 854
150.4 893
150.6 879
150.8 849
151 922
151.2 864
151.4 906
151.6 849
151.8 865
152 830
152.2 857
152.4 843
152.6 889
152.8 891
153 905
153.2 921
153.4 846
153.6 830
153.8 898
154 841
154.2 839
154.4 848
154.6 865
154.8 914
155 880
155.2 851
155.4 852
155.6 874
155.8 815
156 861
156.2 830
156.4 892
156.6 822
156.8 854
157 865
157.2 926
157.4 839
157.6 891
157.8 900
158 816
158.2 874
158.4 877
158.6 858
158.8 890
159 870
159.2 928
159.4 864
159.6 866
159.8 936
160 915
160.2 887
160.4 894
160.6 854
160.8 862
161 856
161.2 899
161.4 836
161.6 871
161.8 935
162 924
162.2 836
162.4 846
162.6 862
162.8 924
163 880
163.2 904
163.4 824
163.6 887
163.8 821
164 911
164.2 863
164.4 928
164.6 879
164.8 897
165 870
165.2 887
165.4 807
165.6 855
165.8 890
166 811
166.2 872
166.4 911
166.6 860
166.8 904
167 926
167.2 858
167.4 860
167.6 880
167.8 885
168 888
168.2 933
168.4 888
168.6 865
168.8 895
169 811
169.2 902
169.4 869
169.6 875
169.8 824
170 876
170.2 865
170.4 914
170.6 858
170.8 918
171 901
171.2 898
171.4 839
171.6 884
171.8 876
172 850
172.2 918
172.4 886
172.6 826
172.8 810
173 890
173.2 870
173.4 868
173.6 870
173.8 912
174 932
174.2 913
174.4 844
174.6 865
174.8 887
175 876
175.2 886
175.4 860
175.6 868
175.8 878
176 864
176.2 888
176.4 894
176.6 810
176.8 835
177 878
177.2 849
177.4 894
177.6 874
177.8 866
178 932
178.2 882
178.4 895
178.6 851
178.8 890
179 901
179.2 868
179.4 858
179.6 836
179.8 880
180 872
180.2 856
180.4 865
180.6 899
180.8 915
181 924
181.2 834
181.4 877
181.6 829
181.8 863
182 858
182.2 865
182.4 838
182.6 899
182.8 924
183 923
183.2 902
183.4 870
183.6 891
183.8 842
184 860
184.2 852
184.4 889
184.6 832
184.8 848
185 878
185.2 878
185.4 870
185.6 861
185.8 921
186 830
186.2 885
186.4 881
186.6 900
186.8 835
187 864
187.2 884
187.4 892
187.6 862
187.8 881
188 879
188.2 883
188.4 894
188.6 849
188.8 888
189 906
189.2 866
189.4 878
189.6 910
189.8 926
190 873
190.2 855
190.4 861
190.6 837
190.8 927
191 844
191.2 864
191.4 891
191.6 926
191.8 889
192 881
192.2 852
192.4 894
192.6 884
192.8 879
193 862
193.2 857
193.4 880
193.6 865
193.8 843
194 898
194.2 839
194.4 863
194.6 838
194.8 821
195 915
195.2 918
195.4 840
195.6 828
195.8 828
196 881
196.2 868
196.4 936
196.6 877
196.8 855
197 845
197.2 867
197.4 865
197.6 821
197.8 895
198 866
198.2 867
198.4 903
198.6 887
198.8 861
199 877
199.2 918
199.4 870
199.6 886
199.8 863
200 872
200.2 898
200.4 866
200.6 920
200.8 854
201 911
201.2 888
201.4 891
201.6 826
201.8 892
202 903
202.2 885
202.4 923
202.6 873
202.8 883
203 866
203.2 884
203.4 897
203.6 888
203.8 878
204 848
204.2 882
204.4 854
204.6 873
204.8 841
205 830
205.2 871
205.4 906
205.6 884
205.8 881
206 883
206.2 889
206.4 872
206.6 890
206.8 873
207 873
207.2 931
207.4 789
207.6 888
207.8 869
208 878
208.2 888
208.4 904
208.6 866
208.8 867
209 839
209.2 818
209.4 900
209.6 873
209.8 919
210 828
210.2 894
210.4 801
210.6 913
210.8 906
211 838
211.2 874
211.4 833
211.6 865
211.8 872
212 932
212.2 878
212.4 881
212.6 872
212.8 869
213 872
213.2 841
213.4 881
213.6 876
213.8 870
214 844
214.2 869
214.4 883
214.6 945
214.8 864
215 827
215.2 827
215.4 844
215.6 831
215.8 890
216 843
216.2 945
216.4 873
216.6 872
216.8 888
217 863
217.2 830
217.4 911
217.6 900
217.8 838
218 846
218.2 897
218.4 870
218.6 906
218.8 872
219 883
219.2 854
219.4 826
219.6 896
219.8 885
220 840
220.2 852
220.4 872
220.6 907
220.8 805
221 833
221.2 890
221.4 858
221.6 863
221.8 895
222 882
222.2 868
222.4 899
222.6 858
222.8 856
223 869
223.2 840
223.4 841
223.6 819
223.8 923
224 895
224.2 837
224.4 912
224.6 850
224.8 861
225 896
225.2 867
225.4 856
225.6 871
225.8 892
226 895
226.2 894
226.4 821
226.6 870
226.8 861
227 834
227.2 890
227.4 844
227.6 881
227.8 927
228 862
228.2 863
228.4 858
228.6 820
228.8 838
229 861
229.2 886
229.4 838
229.6 893
229.8 847
230 894
230.2 894
230.4 875
230.6 825
230.8 828
231 833
231.2 863
231.4 926
231.6 815
231.8 819
232 878
232.2 874
232.4 849
232.6 835
232.8 900
233 948
233.2 872
233.4 862
233.6 853
233.8 840
234 891
234.2 875
234.4 823
234.6 898
234.8 920
235 834
235.2 871
235.4 850
235.6 836
235.8 818
236 835
236.2 824
236.4 843
236.6 889
236.8 859
237 855
237.2 873
237.4 849
237.6 858
237.8 915
238 823
238.2 859
238.4 862
238.6 852
238.8 870
239 859
239.2 856
239.4 875
239.6 895
239.8 870
240 866
240.2 861
240.4 827
240.6 836
240.8 828
241 893
241.2 901
241.4 841
241.6 895
241.8 824
242 876
242.2 872
242.4 861
242.6 897
242.8 881
243 831
243.2 864
243.4 857
243.6 888
243.8 870
244 898
244.2 850
244.4 840
244.6 854
244.8 863
245 810
245.2 892
245.4 851
245.6 852
245.8 864
246 828
246.2 823
246.4 840
246.6 877
246.8 837
247 852
247.2 840
247.4 844
247.6 879
247.8 892
248 878
248.2 866
248.4 893
248.6 886
248.8 853
249 881
249.2 867
249.4 858
249.6 886
249.8 849
250 900
