0.00442983 2.11306
0.00626473 2.11307
0.0076727 2.11241
0.00885967 2.10506
0.0125295 2.0257
0.0132895 2.02266
0.0153454 1.9883
0.0177193 1.9263
0.0187942 1.91001
0.0221492 1.82619
0.0230181 1.80889
0.0250589 1.76078
0.026579 1.72696
0.0306908 1.6217
0.0310088 1.60547
0.0313237 1.60926
0.0354387 1.49191
0.0375884 1.4351
0.0383635 1.44536
0.0398685 1.40712
0.0438531 1.33294
0.0442983 1.31141
0.0460362 1.29428
0.0487282 1.24795
0.0501179 1.22712
0.053158 1.17124
0.0537089 1.171
0.0563826 1.13891
0.0575878 1.1103
0.0613816 1.06929
0.0620177 1.07332
0.0626473 1.06942
0.0664475 1.03772
0.0689121 1.00853
0.0690543 0.999593
0.0708774 0.983873
0.0751768 0.958904
0.0753072 0.949477
0.076727 0.944463
0.079737 0.928709
0.0814415 0.911064
0.0841669 0.897704
0.0843997 0.910679
0.0877062 0.90296
0.0885967 0.886335
0.0920724 0.87424
0.0930265 0.890325
0.093971 0.88003
0.0974564 0.862433
0.0997451 0.868813
0.100236 0.877815
0.101886 0.86325
0.106316 0.876645
0.1065 0.872122
0.107418 0.868096
0.110746 0.880861
0.112765 0.880391
0.11509 0.882271
0.115176 0.876182
0.11903 0.894171
0.119606 0.893222
0.122763 0.903975
0.124035 0.911518
0.125295 0.900547
0.128465 0.914244
0.130436 0.939142
0.131559 0.920205
0.132895 0.935075
0.137325 0.948148
0.137824 0.958814
0.138109 0.957802
0.141755 0.969514
0.144089 0.981544
0.145781 0.988968
0.146185 0.985501
0.150354 1.00988
0.150614 1.00165
0.153454 1.0228
0.155044 1.01667
0.156618 1.03221
0.159474 1.03089
0.161127 1.05278
0.162883 1.04357
0.163904 1.05239
0.168334 1.05131
0.168799 1.07385
0.169148 1.05938
0.172764 1.06296
0.175412 1.06703
0.176472 1.0605
0.177193 1.0685
0.181623 1.0741
0.181677 1.06383
0.184145 1.05805
0.186053 1.05972
0.187942 1.06278
0.190483 1.06112
0.191817 1.04538
0.194207 1.0559
0.194913 1.05324
0.199343 1.04707
0.19949 1.03375
0.200471 1.03965
0.203772 1.00877
0.206736 1.02245
0.207163 1.0331
0.208202 1.03303
0.212632 1.01578
0.213001 1.01891
0.214836 1.02065
0.217062 1.00293
0.219266 1.00563
0.221492 1.01348
0.222508 1.00057
0.22553 0.997192
0.225922 0.997257
0.230181 0.977637
0.230351 0.994734
0.231795 0.984732
0.234781 0.984146
0.237854 0.979748
0.23806 0.96658
0.239211 0.966712
0.243641 0.976825
0.244325 0.967386
0.245526 0.97072
0.248071 0.97127
0.250589 0.972189
0.252501 0.972294
0.253199 0.973401
0.256854 0.968569
0.25693 0.955023
0.260872 0.962344
0.26136 0.972126
0.263119 0.977635
0.26579 0.962075
0.268544 0.983062
0.269383 0.973515
0.27022 0.974446
0.27465 0.980286
0.275648 0.967075
0.276217 0.970906
0.27908 0.981035
0.281913 0.984266
0.283509 0.979065
0.28389 0.988572
0.287939 0.995987
0.288178 0.978429
0.291563 1.00258
0.292369 1.00115
0.294442 0.991306
0.296799 1.01872
0.299235 1.00272
0.300707 0.998741
0.301229 0.993223
0.305659 1.00695
0.306908 1.01836
0.306972 1.00934
0.310088 1.00354
0.313237 1.00829
0.314518 1.01247
0.314581 1.00222
0.318948 1.01264
0.319501 1.00802
0.322253 1.01195
0.323378 1.02257
0.325766 1.02602
0.327808 1.02186
0.329926 1.01991
0.332031 1.01253
0.332238 1.02125
0.336667 1.00554
0.337599 1.00938
0.338296 1.01163
0.341097 1.00304
0.34456 1.01656
0.345271 1.01578
0.345527 0.999469
0.349957 1.01282
0.350825 1.0232
0.352944 1.01176
0.354387 1.01311
0.35709 1.01294
0.358817 1.00319
0.360617 1.01301
0.363246 1.01129
0.363354 1.01208
0.367676 1.00488
0.36829 1.0156
0.369619 1.00669
0.372106 0.99734
0.375884 1.00499
0.375962 0.995175
0.376536 1.00141
0.380966 1.00942
0.382149 0.992996
0.383635 1.00241
0.385396 1.00696
0.388413 0.993288
0.389825 1.00388
0.391308 0.994994
0.394255 0.99735
0.394678 0.991188
0.398685 0.994708
0.39898 0.997066
0.400943 1.00186
0.403115 0.98882
0.406653 1.00729
0.407208 0.989712
0.407545 0.999077
0.411975 1.00936
0.413472 0.990532
0.414326 0.995013
0.416404 0.989319
0.419737 0.996805
0.420834 0.989946
0.421998 0.995921
0.425264 0.996019
0.426002 1.00557
0.429671 1.00037
0.429694 0.989506
0.432267 1.0076
0.434124 0.995308
0.437344 0.992006
0.438531 0.998301
0.438554 1.0009
0.442983 0.974629
0.444796 1.00093
0.445017 1.00761
0.447413 0.995663
0.451061 0.996134
0.451843 1.01986
0.452689 1.01396
0.456273 0.989103
0.457325 1.01082
0.460362 1.00644
0.460703 1.00434
0.46359 0.991382
0.465133 1.00344
0.468035 1.00159
0.469562 1.01211
0.469855 0.989225
0.473992 1.00256
0.475707 0.998884
0.47612 0.996923
0.478422 1.0058
0.482384 0.988505
0.482852 0.991568
0.48338 1.00377
0.487282 0.992863
0.488649 0.988442
0.491053 1.0097
0.491712 1.00911
0.494914 1.00108
0.496141 0.997495
0.498725 0.997476
0.500571 1.0018
0.501179 0.995779
0.505001 1.00138
0.506398 1.00081
0.507443 0.995082
0.509431 0.987943
0.513708 0.993032
0.513861 0.980699
0.514071 1.01291
0.518291 1.01111
0.519973 0.993213
0.521744 0.991425
0.52272 1.00387
0.526237 0.99949
0.52715 0.991415
0.529416 0.995202
0.53158 1.01433
0.532502 1.00744
0.53601 0.989612
0.537089 1.0001
0.538767 1.00622
0.54044 1.00153
0.544762 0.998843
0.54487 1.00757
0.545032 1.00186
0.549299 1.00988
0.551296 1.00596
0.552434 1.00552
0.553729 0.997868
0.557561 1.00655
0.558159 1.00179
0.560107 1.00223
0.562589 1.0089
0.563826 1.00152
0.567019 0.991941
0.56778 1.0063
0.570091 0.99538
0.571449 0.996861
0.575452 1.00742
0.575878 0.993654
0.576355 1.00161
0.580308 0.983566
0.58262 1.00867
0.583125 1.0012
0.584738 1.00685
0.588885 0.99637
0.589168 1.00264
0.590798 0.998761
0.593598 1.00464
0.59515 0.994055
0.598028 0.99745
0.59847 1.00098
0.601414 1.00823
0.602458 0.993714
0.606143 0.993492
0.606887 0.988101
0.607679 0.98839
0.611317 1.00586
0.613816 1.00849
0.613944 0.999366
0.615747 0.993303
0.620177 1.00221
0.620208 0.992265
0.621489 1.00356
0.624607 1.0006
0.626473 0.989994
0.629037 1.00274
0.629161 0.995377
0.632738 0.98598
0.633466 1.00536
0.636834 0.991217
0.637896 0.986497
0.639003 0.995786
0.642326 1.00286
0.644507 0.995124
0.645267 0.98738
0.646756 1.00106
0.651186 0.984567
0.651532 0.990322
0.652179 0.983768
0.655616 1.01268
0.657797 0.992401
0.659852 0.993435
0.660045 0.980524
0.664062 0.981414
0.664475 0.999579
0.667525 0.998165
0.668905 1.00689
0.670326 0.999364
0.673335 1.00331
0.675197 1.01152
0.676591 1.01608
0.677765 0.994858
0.682195 1.01078
0.682856 1.0129
0.68287 1.00689
0.686624 1.00564
0.689121 0.995924
0.690543 1.00551
0.691054 1.00542
0.695385 0.989356
0.695484 1.02403
0.698216 1.00412
0.699914 1.00852
0.70165 1.00351
0.704344 1.01479
0.705888 1.01035
0.707915 1.01329
0.708774 1.00579
0.713203 1.01076
0.713561 1.00634
0.714179 1.0036
0.717633 1.01591
0.720444 1.0038
0.721234 1.00182
0.722063 1.00437
0.726493 1.0048
0.726709 1.01478
0.728906 1.00819
0.730923 1.00801
0.732974 1.01192
0.735353 1.00948
0.736579 1.00503
0.739238 1.00315
0.739782 1.00278
0.744212 1.02242
0.744252 0.999323
0.745503 1.00496
0.748642 0.986573
0.751768 1.01074
0.751924 0.995256
0.753072 1.00978
0.757502 1.00779
0.758033 1.00509
0.759597 0.996416
0.761932 0.994544
0.764297 1.00552
0.766361 0.992508
0.76727 0.994199
0.770562 1.00229
0.770791 1.01101
0.774943 1.00084
0.775221 1.0011
0.776827 0.99938
0.779651 1.00204
0.782615 0.991714
0.783092 0.996446
0.784081 1.00711
0.788511 0.996841
0.789356 0.995401
0.790288 1.00246
0.79294 0.993714
0.795621 0.996018
0.79737 1.0153
0.797961 0.990119
0.8018 1.00959
0.801886 0.990433
0.805633 0.998802
0.80623 0.999463
0.80815 0.991875
0.81066 1.00328
0.813306 1.01077
0.814415 0.982288
0.81509 0.9892
0.819519 0.992377
0.82068 1.00126
0.820979 0.991313
0.823949 1.00163
0.826945 0.986319
0.828379 1.01079
0.828651 0.995952
0.832809 0.994261
0.833209 1.00102
0.836324 0.993062
0.837239 1.00432
0.839474 0.992957
0.841669 1.01389
0.843997 1.00329
0.845739 0.991819
0.846098 0.987938
0.850528 0.992908
0.85167 0.99093
0.852004 1.00009
0.854958 0.995577
0.858268 0.996548
0.859342 1.00008
0.859388 0.99808
0.863818 0.982203
0.864533 1.00592
0.867015 0.998126
0.868248 1.0081
0.870798 1.00062
0.872677 1.00393
0.874688 1.01204
0.877062 1.00766
0.877107 1.01181
0.881537 1.02182
0.88236 0.99261
0.883327 1.00308
0.885967 1.00642
0.889592 1.00789
0.890033 1.00239
0.895857 1.00061
0.897706 0.991925
0.902121 1.00099
0.905378 0.998767
0.908386 0.99366
0.913051 0.992531
0.914651 0.992154
0.920724 0.99984
0.920916 0.995073
0.92718 0.996804
0.928397 1.00105
0.933445 0.995012
0.936069 1.00473
0.93971 0.992051
0.943742 0.998779
0.945975 1.0101
0.951415 0.994077
0.952239 0.996612
0.958504 1.00015
0.959087 0.997202
0.964769 0.99619
0.96676 0.999363
0.971033 0.986225
0.974433 1.00922
0.977298 1.00111
0.982105 1.0033
0.983563 0.997997
0.989778 1.00663
0.989828 1.00158
0.996092 1.00561
0.997451 0.995606
1.00236 0.991171
1.00512 0.985293
1.00862 0.999459
1.0128 1.00705
1.01489 0.994736
1.02047 0.989816
1.02115 0.998046
1.02742 0.995344
1.02814 0.995231
1.03368 1.01445
1.03581 0.99847
1.03995 0.998602
1.04349 1.0017
1.04621 1.00063
1.05116 0.997618
1.05247 1.00835
1.05874 1.01436
1.05883 1.00243
1.065 1.00039
1.06651 1.01073
1.07127 0.989301
1.07418 1.00055
1.07753 1.00792
1.08185 1.00447
1.0838 0.996917
1.08952 1.00167
1.09006 1.00321
1.09633 1.01416
1.0972 1.01019
1.10259 0.989897
1.10487 0.993265
1.10886 1.00344
1.11254 1.00072
1.11512 0.997423
1.12021 1.00278
1.12139 0.995676
1.12765 0.997853
1.12789 0.994381
1.13392 0.999623
1.13556 0.992589
1.14018 1.00129
1.14323 0.995955
1.14645 1.00605
1.1509 1.00049
1.15271 0.999831
1.15858 0.997535
1.15898 0.993892
1.16524 0.996085
1.16625 1.00011
1.1715 1.00491
1.17392 0.997559
1.17777 0.997463
1.1816 0.995291
1.18403 0.999029
1.18927 0.992685
1.1903 0.999849
1.19656 0.997859
1.19694 0.999747
1.20283 0.999844
1.20461 0.999708
1.20909 0.998404
1.21229 1.00398
1.21536 0.987193
1.21996 0.990627
1.22162 1.00882
1.22763 0.993824
1.22789 1.00794
1.23415 1.00946
1.2353 1.00803
1.24042 1.00517
1.24298 0.999734
1.24668 0.996597
1.25065 0.998368
1.25295 1.00454
1.25832 1.00412
1.266 1.0022
1.27367 0.995908
1.28134 1.00419
1.28901 1.01275
1.29669 1.00159
1.30436 0.999495
1.31203 0.995091
1.3197 0.998907
1.32738 1.00279
1.33505 0.982898
1.34272 0.996687
1.35039 1.00333
1.35807 1.01602
1.36574 0.997474
1.37341 1.01508
1.38109 0.993445
1.38876 0.991677
1.39643 0.994017
1.4041 0.995558
1.41178 1.00951
1.41945 1.0051
1.42712 0.998884
1.43479 1.00485
1.44247 1.00157
1.45014 1.00256
1.45781 1.00096
1.46549 1.00293
1.47316 1.00557
1.48083 1.00306
1.4885 0.997976
1.49618 0.990896
1.50385 1.01033
1.51152 1.00753
1.51919 1.00437
1.52687 1.00586
1.53454 0.990102
