33.6 340
33.8 4
34 135
34.2 461
34.4 1948
34.6 1303
34.8 998
35 2456
35.2 2189
35.4 3579
35.6 4458
35.8 4031
36 7746
36.2 8403
36.4 9181
36.6 10800
36.8 13639
37 14487
37.2 14058
37.4 18457
37.6 21361
37.8 23771
38 24863
38.2 29331
38.4 35771
38.6 37958
38.8 40092
39 42881
39.2 50058
39.4 52940
39.6 55565
39.8 61632
40 60498
40.2 69918
40.4 74671
40.6 81078
40.8 82769
41 91670
41.2 95191
41.4 103851
41.6 107741
41.8 113736
42 120138
42.2 121042
42.4 129358
42.6 134967
42.8 143263
43 152798
43.2 157276
43.4 162661
43.6 173569
43.8 168584
44 176066
44.2 179046
44.4 185805
44.6 181221
44.8 186982
45 183109
45.2 187751
45.4 180967
45.6 177642
45.8 180083
46 181010
46.2 170874
46.4 173298
46.6 165869
46.8 166562
47 158766
47.2 156207
47.4 153598
47.6 144607
47.8 142612
48 137060
48.2 133998
48.4 128403
48.6 122446
48.8 119140
49 115515
49.2 112026
49.4 109780
49.6 102651
49.8 101042
50 96437
50.2 93230
50.4 89265
50.6 87418
50.8 84363
51 82358
51.2 79479
51.4 77503
51.6 74116
51.8 72231
52 70259
52.2 68893
52.4 66259
52.6 65819
52.8 63608
53 61720
53.2 61694
53.4 60217
53.6 58511
53.8 57753
54 56768
54.2 56108
54.4 54987
54.6 54156
54.8 53893
55 53533
55.2 52000
55.4 51133
55.6 51470
55.8 49928
56 50696
56.2 50012
56.4 49246
56.6 48553
56.8 48939
57 48149
57.2 47515
57.4 48090
57.6 46790
57.8 47068
58 46894
58.2 46324
58.4 46026
58.6 45743
58.8 45851
59 45899
59.2 45726
59.4 45623
59.6 45448
59.8 44974
60 44845
60.2 44513
60.4 44424
60.6 44351
60.8 44453
61 44892
61.2 44205
61.4 43956
61.6 43940
61.8 44110
62 43986
62.2 43901
62.4 43778
62.6 44004
62.8 43820
63 43693
63.2 43265
63.4 43761
63.6 43148
63.8 43179
64 43169
64.2 43250
64.4 42753
64.6 43155
64.8 43345
65 42955
65.2 42815
65.4 42739
65.6 42742
65.8 42792
66 42703
66.2 43160
66.4 42634
66.6 42598
66.8 42860
67 42717
67.2 42519
67.4 42438
67.6 42436
67.8 42324
68 42342
68.2 42377
68.4 42245
68.6 42293
68.8 42395
69 42564
69.2 42447
69.4 42432
69.6 42323
69.8 42269
70 42296
70.2 42137
70.4 42340
70.6 42281
70.8 42394
71 41908
71.2 41993
71.4 42011
71.6 42049
71.8 42138
72 41805
72.2 42036
72.4 42122
72.6 42370
72.8 41995
73 41832
73.2 42011
73.4 42025
73.6 42470
73.8 41687
74 41882
74.2 41934
74.4 41628
74.6 42257
74.8 41940
75 41766
75.2 41847
75.4 41520
75.6 41728
75.8 42129
76 41890
76.2 41666
76.4 41938
76.6 42053
76.8 41875
77 41753
77.2 41502
77.4 41797
77.6 41996
77.8 41925
78 41850
78.2 41453
78.4 41617
78.6 41271
78.8 41563
79 41507
79.2 41628
79.4 41661
79.6 41681
79.8 41491
80 41477
80.2 41661
80.4 41631
80.6 42004
80.8 41802
81 41661
81.2 41469
81.4 41572
81.6 41657
81.8 41262
82 41960
82.2 41472
82.4 41944
82.6 41663
82.8 41791
83 41683
83.2 41732
83.4 41589
83.6 41800
83.8 41504
84 41751
84.2 41874
84.4 41457
84.6 41869
84.8 41952
85 41536
85.2 41870
85.4 41618
85.6 41376
85.8 41524
86 41413
86.2 41702
86.4 41803
86.6 41071
86.8 42206
87 41585
87.2 41813
87.4 41352
87.6 41456
87.8 41551
88 41462
88.2 40964
88.4 41769
88.6 41376
88.8 41487
89 41752
89.2 41269
89.4 41454
89.6 41676
89.8 41660
90 41438
90.2 41855
90.4 41677
90.6 41269
90.8 41779
91 41555
91.2 41453
91.4 41806
91.6 41517
91.8 41391
92 41890
92.2 41423
92.4 41327
92.6 41488
92.8 41633
93 41355
93.2 41669
93.4 41281
93.6 41529
93.8 41337
94 41197
94.2 41378
94.4 41306
94.6 41565
94.8 41621
95 41738
95.2 41732
95.4 41223
95.6 41415
95.8 41215
96 41528
96.2 41557
96.4 41669
96.6 41865
96.8 41305
97 41559
97.2 41333
97.4 41768
97.6 41295
97.8 41465
98 41213
98.2 41426
98.4 41768
98.6 41326
98.8 41637
99 41693
99.2 41248
99.4 41182
99.6 41417
99.8 41417
100 41336
100.2 41529
100.4 41470
100.6 41286
100.8 41782
101 41712
101.2 41421
101.4 41714
101.6 41210
101.8 41383
102 41312
102.2 41358
102.4 41641
102.6 41346
102.8 41366
103 41591
103.2 41325
103.4 41156
103.6 41655
103.8 41584
104 41313
104.2 40953
104.4 41396
104.6 41556
104.8 41323
105 41536
105.2 41081
105.4 41489
105.6 41435
105.8 41330
106 41448
106.2 41372
106.4 41272
106.6 41389
106.8 41506
107 41316
107.2 41480
107.4 41550
107.6 41436
107.8 41444
108 41523
108.2 41603
108.4 41572
108.6 41475
108.8 41095
109 41426
109.2 41276
109.4 41648
109.6 41025
109.8 41611
110 41288
110.2 41354
110.4 41226
110.6 41285
110.8 41226
111 41458
111.2 41282
111.4 41522
111.6 41259
111.8 41023
112 41295
112.2 41511
112.4 41227
112.6 41284
112.8 41445
113 41105
113.2 41298
113.4 40966
113.6 41612
113.8 41578
114 41167
114.2 41568
114.4 41125
114.6 41404
114.8 41550
115 41285
115.2 41805
115.4 41388
115.6 40976
115.8 41433
116 41348
116.2 41183
116.4 41113
116.6 41312
116.8 41432
117 41322
117.2 41444
117.4 41341
117.6 40955
117.8 41393
118 41616
118.2 41302
118.4 41503
118.6 41619
118.8 41025
119 41664
119.2 41226
119.4 41237
119.6 41713
119.8 41555
120 41711
120.2 41242
120.4 41607
120.6 41459
120.8 41634
121 41767
121.2 41562
121.4 41512
121.6 41637
121.8 41329
122 41543
122.2 41298
122.4 41117
122.6 41551
122.8 41712
123 41695
123.2 41249
123.4 41285
123.6 41408
123.8 41269
124 41283
124.2 41512
124.4 41432
124.6 41239
124.8 41709
125 41023
125.2 41609
125.4 41633
125.6 41387
125.8 41530
126 41330
126.2 41450
126.4 41380
126.6 41343
126.8 41656
127 41838
127.2 41522
127.4 41743
127.6 41530
127.8 41560
128 42064
128.2 41202
128.4 41609
128.6 41326
128.8 41684
129 41351
129.2 41406
129.4 41547
129.6 41242
129.8 41526
130 41621
130.2 41008
130.4 41460
130.6 41618
130.8 41379
131 41345
131.2 41443
131.4 41654
131.6 41135
131.8 41191
132 41366
132.2 41716
132.4 41764
132.6 41404
132.8 41671
133 42199
133.2 41518
133.4 41617
133.6 41606
133.8 41473
134 41551
134.2 41541
134.4 41626
134.6 41412
134.8 41515
135 41547
135.2 41640
135.4 41504
135.6 41632
135.8 41639
136 41799
136.2 41494
136.4 41205
136.6 41744
136.8 41455
137 41348
137.2 41038
137.4 41634
137.6 41685
137.8 41616
138 41661
138.2 41229
138.4 41242
138.6 41464
138.8 41581
139 41415
139.2 41395
139.4 41681
139.6 41810
139.8 41353
140 41399
140.2 41474
140.4 41557
140.6 41037
140.8 41688
141 41381
141.2 41587
141.4 41482
141.6 41338
141.8 41921
142 41183
142.2 41311
142.4 41336
142.6 41628
142.8 41499
143 41476
143.2 41367
143.4 41459
143.6 41125
143.8 41440
144 41519
144.2 41501
144.4 41344
144.6 41460
144.8 41369
145 41189
145.2 41331
145.4 41802
145.6 41749
145.8 41482
146 41579
146.2 41394
146.4 41455
146.6 41742
146.8 41151
147 41427
147.2 42041
147.4 41059
147.6 41608
147.8 41447
148 41721
148.2 41656
148.4 41411
148.6 41122
148.8 41159
149 41324
149.2 41539
149.4 41331
149.6 41489
149.8 41434
150 41502
150.2 41591
150.4 41256
150.6 40958
150.8 41018
151 41430
151.2 41295
151.4 41868
151.6 41305
151.8 41832
152 41461
152.2 41108
152.4 41382
152.6 41269
152.8 41494
153 41457
153.2 41473
153.4 41515
153.6 41284
153.8 41174
154 41468
154.2 41435
154.4 41482
154.6 41192
154.8 41163
155 41855
155.2 41681
155.4 41385
155.6 41150
155.8 41265
156 41651
156.2 41128
156.4 41439
156.6 41458
156.8 41188
157 41262
157.2 41174
157.4 41374
157.6 41240
157.8 41519
158 41489
158.2 41565
158.4 41290
158.6 41315
158.8 41391
159 41388
159.2 41266
159.4 40976
159.6 41353
159.8 41234
160 41377
160.2 41214
160.4 41119
160.6 41381
160.8 41424
161 41255
161.2 41705
161.4 41554
161.6 41203
161.8 41579
162 41212
162.2 41600
162.4 41581
162.6 41344
162.8 41319
163 41334
163.2 41340
163.4 41476
163.6 41180
163.8 41472
164 41748
164.2 41354
164.4 41321
164.6 41489
164.8 41636
165 41670
165.2 41169
165.4 41198
165.6 41625
165.8 41400
166 41189
166.2 41426
166.4 41206
166.6 41393
166.8 41291
167 41246
167.2 40947
167.4 41328
167.6 41488
167.8 41334
168 41811
168.2 41227
168.4 41028
168.6 41643
168.8 41555
169 41401
169.2 41475
169.4 41137
169.6 41319
169.8 41172
170 41381
170.2 41209
170.4 41351
170.6 41440
170.8 41245
171 41628
171.2 41369
171.4 41326
171.6 41691
171.8 40772
172 41476
172.2 41303
172.4 41284
172.6 41482
172.8 41481
173 41540
173.2 41472
173.4 41537
173.6 41493
173.8 41233
174 41846
174.2 41036
174.4 41264
174.6 41426
174.8 41646
175 41086
175.2 41392
175.4 41048
175.6 41361
175.8 41507
176 41171
176.2 41530
176.4 41570
176.6 41295
176.8 41686
177 41330
177.2 41514
177.4 41292
177.6 40853
177.8 41308
178 41272
178.2 41444
178.4 41538
178.6 41409
178.8 41210
179 41723
179.2 41474
179.4 41074
179.6 41139
179.8 41468
180 41625
180.2 41129
180.4 41228
180.6 41646
180.8 41166
181 41283
181.2 41393
181.4 41254
181.6 41428
181.8 41359
182 41122
182.2 41383
182.4 41163
182.6 41332
182.8 41193
183 41260
183.2 41177
183.4 40938
183.6 41364
183.8 41861
184 41534
184.2 41534
184.4 41125
184.6 41185
184.8 41382
185 41300
185.2 41325
185.4 41359
185.6 41441
185.8 41705
186 41186
186.2 41475
186.4 41716
186.6 41348
186.8 40953
187 41234
187.2 41396
187.4 41388
187.6 41193
187.8 41293
188 41312
188.2 41362
188.4 41385
188.6 41399
188.8 41365
189 41587
189.2 41392
189.4 41699
189.6 41575
189.8 41281
190 41307
190.2 41819
190.4 41561
190.6 41237
190.8 41197
191 41268
191.2 41397
191.4 41716
191.6 41574
191.8 41292
192 41619
192.2 41241
192.4 41372
192.6 40940
192.8 41061
193 41668
193.2 41189
193.4 41314
193.6 41341
193.8 41333
194 41542
194.2 41625
194.4 41073
194.6 41255
194.8 41397
195 41196
195.2 40765
195.4 41115
195.6 41007
195.8 41174
196 41488
196.2 41293
196.4 41568
196.6 41440
196.8 41381
197 41445
197.2 41236
197.4 41055
197.6 41165
197.8 41564
198 41210
198.2 41401
198.4 41500
198.6 41383
198.8 41509
199 41244
199.2 41369
199.4 41147
199.6 41481
199.8 41430
200 41404
200.2 41760
200.4 41454
200.6 41382
200.8 41394
201 41442
201.2 41511
201.4 41195
201.6 41394
201.8 41385
202 41547
202.2 41762
202.4 41480
202.6 41669
202.8 41242
203 41555
203.2 41475
203.4 41227
203.6 41670
203.8 41883
204 41261
204.2 41117
204.4 41503
204.6 41357
204.8 41260
205 41558
205.2 41636
205.4 41387
205.6 41129
205.8 41531
206 41887
206.2 41679
206.4 41163
206.6 41497
206.8 41655
207 41682
207.2 41304
207.4 41534
207.6 41831
207.8 41111
208 41021
208.2 41624
208.4 41410
208.6 41422
208.8 41434
209 41333
209.2 41444
209.4 40987
209.6 40977
209.8 41574
210 41200
210.2 41091
210.4 41522
210.6 41543
210.8 40940
211 41297
211.2 41532
211.4 41447
211.6 41306
211.8 41411
212 41450
212.2 41105
212.4 41853
212.6 41650
212.8 41762
213 41313
213.2 41489
213.4 41138
213.6 41700
213.8 41908
214 41005
214.2 41483
214.4 41823
214.6 41454
214.8 41416
215 41623
215.2 41708
215.4 41706
215.6 41348
215.8 41400
216 41422
216.2 41519
216.4 41508
216.6 41652
216.8 41245
217 41706
217.2 41902
217.4 41614
217.6 41473
217.8 41518
218 41265
218.2 41755
218.4 41451
218.6 41606
218.8 41476
219 41414
219.2 41548
219.4 41439
219.6 41589
219.8 41311
220 41754
220.2 41700
220.4 41338
220.6 41470
220.8 41645
221 41490
221.2 41287
221.4 41246
221.6 41571
221.8 41580
222 41889
222.2 41367
222.4 41632
222.6 41819
222.8 41289
223 41574
223.2 41628
223.4 41565
223.6 41280
223.8 41465
224 41210
224.2 41343
224.4 41322
224.6 41540
224.8 41795
225 41426
225.2 41248
225.4 41292
225.6 41466
225.8 41308
226 41272
226.2 41545
226.4 41369
226.6 41687
226.8 41102
227 41533
227.2 41114
227.4 41269
227.6 41585
227.8 41494
228 41659
228.2 41518
228.4 41361
228.6 41713
228.8 41190
229 41351
229.2 41532
229.4 41553
229.6 41549
229.8 41463
230 41502
230.2 41379
230.4 41734
230.6 41523
230.8 41423
231 41277
231.2 41279
231.4 41377
231.6 41387
231.8 41473
232 41658
232.2 41599
232.4 41424
232.6 41218
232.8 41456
233 41685
233.2 41629
233.4 41243
233.6 41602
233.8 41448
234 41221
234.2 41339
234.4 41667
234.6 41419
234.8 41537
235 41291
235.2 41570
235.4 41395
235.6 41378
235.8 41418
236 41136
236.2 41516
236.4 42009
236.6 41466
236.8 41686
237 41647
237.2 41324
237.4 41154
237.6 41697
237.8 41462
238 41668
238.2 41467
238.4 41366
238.6 41482
238.8 41593
239 41429
239.2 41139
239.4 41609
239.6 41439
239.8 41657
240 41300
240.2 41180
240.4 41565
240.6 41504
240.8 41683
241 41690
241.2 41304
241.4 41656
241.6 41344
241.8 41330
242 41022
242.2 41184
242.4 41327
242.6 41206
242.8 41509
243 41227
243.2 41472
243.4 41619
243.6 41644
243.8 41277
244 41442
244.2 41454
244.4 40877
244.6 41532
244.8 41445
245 41420
245.2 41626
245.4 41540
245.6 41602
245.8 41539
246 41468
246.2 41393
246.4 41550
246.6 41683
246.8 41513
247 41401
247.2 41519
247.4 41459
247.6 41389
247.8 41059
248 41217
248.2 41653
248.4 41459
248.6 41717
248.8 41795
249 41572
249.2 41326
249.4 41467
249.6 41585
249.8 41421
250 41482
