33.2 3394
33.4 8
33.6 78
33.8 891
34 598
34.2 21
34.4 980
34.6 249
34.8 771
35 1863
35.2 1880
35.4 3209
35.6 4085
35.8 5226
36 5102
36.2 4247
36.4 8700
36.6 8556
36.8 10490
37 9735
37.2 12747
37.4 16821
37.6 15339
37.8 19010
38 20113
38.2 21624
38.4 27482
38.6 32922
38.8 33326
39 35978
39.2 39320
39.4 39593
39.6 41660
39.8 45461
40 50353
40.2 53097
40.4 56534
40.6 57302
40.8 64313
41 66527
41.2 71904
41.4 75138
41.6 80593
41.8 83733
42 88263
42.2 93115
42.4 105586
42.6 105443
42.8 111265
43 120597
43.2 128900
43.4 129960
43.6 138646
43.8 140833
44 148239
44.2 145584
44.4 149770
44.6 151825
44.8 160781
45 155563
45.2 157248
45.4 159483
45.6 160197
45.8 158396
46 156002
46.2 154250
46.4 154611
46.6 152332
46.8 145976
47 144118
47.2 141967
47.4 137808
47.6 133673
47.8 133308
48 128059
48.2 124893
48.4 121125
48.6 116716
48.8 111930
49 109447
49.2 107321
49.4 103407
49.6 100437
49.8 96835
50 92347
50.2 91206
50.4 86762
50.6 85048
50.8 81658
51 80596
51.2 78481
51.4 75018
51.6 73817
51.8 70950
52 69858
52.2 67663
52.4 67108
52.6 64598
52.8 63330
53 62637
53.2 60698
53.4 60454
53.6 58718
53.8 57941
54 57657
54.2 57060
54.4 55395
54.6 54601
54.8 54217
55 53656
55.2 53186
55.4 52562
55.6 52372
55.8 51277
56 50649
56.2 50757
56.4 50136
56.6 49840
56.8 49383
57 49296
57.2 49152
57.4 48607
57.6 48432
57.8 47856
58 47453
58.2 47496
58.4 47326
58.6 47109
58.8 46905
59 46720
59.2 46485
59.4 47001
59.6 46152
59.8 46277
60 45809
60.2 46131
60.4 46003
60.6 45879
60.8 45203
61 45474
61.2 44965
61.4 45547
61.6 45390
61.8 45190
62 44804
62.2 45302
62.4 44841
62.6 45195
62.8 44941
63 44592
63.2 44900
63.4 44368
63.6 44123
63.8 44238
64 44452
64.2 43940
64.4 44570
64.6 44388
64.8 44139
65 44201
65.2 44051
65.4 44125
65.6 43513
65.8 44218
66 43795
66.2 44030
66.4 43761
66.6 43709
66.8 43638
67 43614
67.2 44030
67.4 43818
67.6 43652
67.8 43480
68 43657
68.2 43316
68.4 43675
68.6 43700
68.8 43519
69 43497
69.2 43447
69.4 43452
69.6 43794
69.8 43359
70 43714
70.2 43746
70.4 43224
70.6 43299
70.8 43139
71 43056
71.2 43361
71.4 43564
71.6 43445
71.8 43225
72 43338
72.2 43342
72.4 43454
72.6 43074
72.8 42812
73 43325
73.2 42923
73.4 42982
73.6 43480
73.8 43094
74 43378
74.2 43210
74.4 43209
74.6 43538
74.8 43760
75 43186
75.2 43122
75.4 42944
75.6 43384
75.8 43034
76 43088
76.2 42940
76.4 43099
76.6 42883
76.8 42883
77 43128
77.2 42953
77.4 42974
77.6 42981
77.8 43032
78 43060
78.2 43125
78.4 43124
78.6 43109
78.8 42887
79 42875
79.2 42866
79.4 43378
79.6 42891
79.8 42871
80 42974
80.2 43314
80.4 42813
80.6 42755
80.8 43301
81 42807
81.2 43129
81.4 43085
81.6 42911
81.8 42819
82 43035
82.2 42768
82.4 42678
82.6 43021
82.8 42815
83 43070
83.2 42444
83.4 43222
83.6 43071
83.8 42906
84 43066
84.2 42756
84.4 42881
84.6 43015
84.8 42950
85 42735
85.2 42549
85.4 42570
85.6 42964
85.8 42993
86 42844
86.2 42987
86.4 42605
86.6 42881
86.8 42947
87 42450
87.2 42695
87.4 43147
87.6 42980
87.8 42519
88 42622
88.2 43122
88.4 42844
88.6 42713
88.8 42792
89 42570
89.2 42841
89.4 42622
89.6 42699
89.8 42688
90 42869
90.2 43215
90.4 42637
90.6 42608
90.8 42768
91 42561
91.2 42763
91.4 42630
91.6 42919
91.8 42912
92 42632
92.2 42513
92.4 43029
92.6 42307
92.8 42859
93 42555
93.2 42673
93.4 42927
93.6 43022
93.8 42644
94 42724
94.2 42608
94.4 42513
94.6 42761
94.8 42666
95 42682
95.2 42486
95.4 42711
95.6 42632
95.8 42719
96 42999
96.2 42769
96.4 42709
96.6 42597
96.8 42690
97 42430
97.2 42649
97.4 42499
97.6 42799
97.8 42612
98 42631
98.2 42625
98.4 42554
98.6 42983
98.8 42702
99 42473
99.2 42929
99.4 42539
99.6 42563
99.8 42973
100 42472
100.2 42531
100.4 42621
100.6 42693
100.8 42889
101 42651
101.2 42132
101.4 42740
101.6 42714
101.8 42563
102 42514
102.2 42827
102.4 42902
102.6 42822
102.8 42372
103 42613
103.2 42400
103.4 42638
103.6 42678
103.8 42282
104 42581
104.2 42310
104.4 43108
104.6 42746
104.8 42887
105 42679
105.2 42969
105.4 42632
105.6 42657
105.8 42230
106 42249
106.2 42552
106.4 42599
106.6 42468
106.8 42559
107 42424
107.2 42398
107.4 42706
107.6 42564
107.8 42368
108 42227
108.2 42668
108.4 42482
108.6 42618
108.8 42429
109 42641
109.2 42747
109.4 42461
109.6 42452
109.8 42651
110 42350
110.2 42661
110.4 43028
110.6 42323
110.8 42395
111 42535
111.2 42519
111.4 42639
111.6 42692
111.8 42364
112 42655
112.2 42312
112.4 42541
112.6 42746
112.8 42753
113 42561
113.2 42737
113.4 42299
113.6 42476
113.8 42599
114 42585
114.2 42512
114.4 42463
114.6 42392
114.8 42180
115 42844
115.2 42610
115.4 42647
115.6 42430
115.8 42689
116 42825
116.2 42752
116.4 42364
116.6 42435
116.8 42417
117 42904
117.2 42712
117.4 42788
117.6 42337
117.8 42574
118 42790
118.2 42176
118.4 42337
118.6 42437
118.8 42487
119 42890
119.2 42663
119.4 42878
119.6 42527
119.8 42793
120 42527
120.2 42532
120.4 42530
120.6 42466
120.8 42451
121 42660
121.2 42652
121.4 42413
121.6 42872
121.8 42422
122 42395
122.2 42632
122.4 42532
122.6 42541
122.8 42215
123 42783
123.2 42905
123.4 42881
123.6 42580
123.8 42861
124 42452
124.2 42604
124.4 42664
124.6 43018
124.8 42718
125 42685
125.2 42841
125.4 42613
125.6 42289
125.8 42517
126 42660
126.2 42427
126.4 42585
126.6 42434
126.8 42796
127 42694
127.2 42788
127.4 42550
127.6 42575
127.8 42609
128 42424
128.2 42545
128.4 42538
128.6 42488
128.8 42456
129 42507
129.2 42605
129.4 42581
129.6 42531
129.8 42608
130 42461
130.2 42432
130.4 42943
130.6 42680
130.8 42597
131 42190
131.2 42755
131.4 42262
131.6 42670
131.8 42712
132 42508
132.2 42586
132.4 42297
132.6 42827
132.8 42903
133 42868
133.2 42676
133.4 42507
133.6 42923
133.8 42475
134 42411
134.2 42610
134.4 42865
134.6 42769
134.8 42638
135 42450
135.2 42286
135.4 42465
135.6 42939
135.8 42547
136 42678
136.2 42312
136.4 42559
136.6 42432
136.8 42415
137 42731
137.2 42497
137.4 42379
137.6 42663
137.8 42997
138 42754
138.2 42615
138.4 42285
138.6 42756
138.8 42434
139 42858
139.2 42465
139.4 42685
139.6 42288
139.8 42557
140 42531
140.2 42909
140.4 42660
140.6 42166
140.8 42646
141 42438
141.2 42912
141.4 42664
141.6 42224
141.8 42187
142 42438
142.2 42550
142.4 42581
142.6 42517
142.8 42669
143 42786
143.2 42221
143.4 42812
143.6 42209
143.8 42411
144 42737
144.2 42603
144.4 42508
144.6 42274
144.8 42476
145 42660
145.2 42577
145.4 42813
145.6 42636
145.8 42649
146 42123
146.2 42527
146.4 42526
146.6 42780
146.8 42403
147 42451
147.2 42350
147.4 42624
147.6 42597
147.8 42774
148 42497
148.2 42694
148.4 42450
148.6 42574
148.8 42582
149 42879
149.2 42583
149.4 42393
149.6 42652
149.8 42197
150 42465
150.2 42691
150.4 42824
150.6 42879
150.8 42779
151 42708
151.2 42427
151.4 42844
151.6 42484
151.8 42460
152 42542
152.2 42319
152.4 42623
152.6 42727
152.8 42369
153 42263
153.2 42851
153.4 42312
153.6 42500
153.8 42784
154 42300
154.2 42727
154.4 42275
154.6 42145
154.8 42502
155 42602
155.2 42763
155.4 42488
155.6 42594
155.8 42715
156 42959
156.2 42416
156.4 42351
156.6 42207
156.8 42604
157 42370
157.2 42588
157.4 42694
157.6 42358
157.8 42413
158 42470
158.2 42706
158.4 42656
158.6 42496
158.8 42466
159 42794
159.2 42541
159.4 42473
159.6 42292
159.8 42578
160 42615
160.2 42565
160.4 42681
160.6 42372
160.8 42465
161 42610
161.2 42705
161.4 42706
161.6 42658
161.8 42798
162 42551
162.2 42526
162.4 42475
162.6 42448
162.8 42435
163 42609
163.2 42671
163.4 42496
163.6 42822
163.8 42845
164 42596
164.2 42736
164.4 42628
164.6 42447
164.8 42535
165 42732
165.2 42561
165.4 42623
165.6 42712
165.8 42580
166 42739
166.2 42492
166.4 42648
166.6 42671
166.8 42397
167 42587
167.2 42635
167.4 42748
167.6 42724
167.8 42518
168 42650
168.2 42522
168.4 42954
168.6 42662
168.8 42740
169 42421
169.2 42167
169.4 42387
169.6 42708
169.8 42338
170 42728
170.2 42626
170.4 42876
170.6 42165
170.8 42623
171 42499
171.2 42499
171.4 42577
171.6 42432
171.8 42562
172 42781
172.2 42503
172.4 42602
172.6 42666
172.8 42749
173 42263
173.2 42784
173.4 42182
173.6 42244
173.8 42895
174 42984
174.2 42849
174.4 42446
174.6 42396
174.8 42600
175 43151
175.2 42748
175.4 42825
175.6 42661
175.8 42497
176 42730
176.2 42205
176.4 42780
176.6 42425
176.8 42583
177 42562
177.2 42434
177.4 43120
177.6 42761
177.8 42526
178 42776
178.2 42506
178.4 42644
178.6 42226
178.8 42700
179 42662
179.2 42613
179.4 42522
179.6 42615
179.8 42595
180 42403
180.2 42861
180.4 42824
180.6 42515
180.8 42793
181 42749
181.2 42267
181.4 42815
181.6 42142
181.8 42901
182 42720
182.2 42220
182.4 42254
182.6 42764
182.8 42630
183 42407
183.2 42630
183.4 42232
183.6 42434
183.8 42576
184 42798
184.2 42556
184.4 42679
184.6 42684
184.8 42607
185 42633
185.2 42497
185.4 42760
185.6 42195
185.8 42241
186 42285
186.2 42704
186.4 42660
186.6 42538
186.8 42698
187 42314
187.2 42849
187.4 42076
187.6 42577
187.8 42683
188 42883
188.2 42781
188.4 42402
188.6 42300
188.8 42515
189 42797
189.2 42530
189.4 42758
189.6 42152
189.8 42771
190 42671
190.2 42533
190.4 42755
190.6 42627
190.8 42403
191 42825
191.2 42358
191.4 42501
191.6 42869
191.8 42595
192 42307
192.2 42292
192.4 42340
192.6 42280
192.8 42695
193 42673
193.2 42398
193.4 42501
193.6 42688
193.8 42803
194 42727
194.2 42901
194.4 43065
194.6 42917
194.8 42608
195 42679
195.2 42449
195.4 42817
195.6 42550
195.8 42959
196 42683
196.2 42559
196.4 42839
196.6 42512
196.8 42579
197 42920
197.2 42489
197.4 42644
197.6 42465
197.8 42793
198 42525
198.2 42812
198.4 42540
198.6 42615
198.8 42607
199 42461
199.2 42577
199.4 42702
199.6 42791
199.8 42830
200 42524
200.2 42151
200.4 42548
200.6 42543
200.8 42345
201 42378
201.2 42641
201.4 42281
201.6 42717
201.8 42730
202 42145
202.2 42514
202.4 42663
202.6 42532
202.8 42621
203 42599
203.2 42384
203.4 42775
203.6 42453
203.8 42306
204 42243
204.2 42406
204.4 42797
204.6 42761
204.8 42866
205 42559
205.2 42552
205.4 42587
205.6 42459
205.8 42621
206 42533
206.2 42225
206.4 43060
206.6 42326
206.8 42591
207 42733
207.2 43124
207.4 42699
207.6 42464
207.8 42734
208 42648
208.2 42515
208.4 42896
208.6 42693
208.8 42659
209 42478
209.2 42695
209.4 42395
209.6 42597
209.8 42781
210 42743
210.2 42519
210.4 42427
210.6 42673
210.8 42590
211 42504
211.2 42776
211.4 42862
211.6 42266
211.8 42604
212 42581
212.2 42691
212.4 42471
212.6 42407
212.8 42833
213 42447
213.2 42509
213.4 42563
213.6 42521
213.8 42550
214 42506
214.2 42867
214.4 42389
214.6 42685
214.8 42915
215 42731
215.2 42505
215.4 42599
215.6 42472
215.8 42340
216 42445
216.2 42784
216.4 42720
216.6 42652
216.8 42870
217 42502
217.2 43238
217.4 42911
217.6 42261
217.8 42462
218 42594
218.2 42452
218.4 42832
218.6 42616
218.8 42647
219 42998
219.2 42641
219.4 42679
219.6 43339
219.8 42656
220 42480
220.2 42505
220.4 42744
220.6 42747
220.8 42382
221 42797
221.2 42445
221.4 42374
221.6 42648
221.8 42703
222 42466
222.2 42708
222.4 43160
222.6 42956
222.8 42530
223 42727
223.2 42457
223.4 42790
223.6 42716
223.8 42433
224 42643
224.2 42929
224.4 42959
224.6 42283
224.8 42852
225 42664
225.2 42515
225.4 42393
225.6 42681
225.8 42796
226 42563
226.2 42943
226.4 42793
226.6 42669
226.8 42787
227 42586
227.2 42910
227.4 42730
227.6 42680
227.8 42962
228 42772
228.2 42888
228.4 42953
228.6 42531
228.8 42996
229 42965
229.2 42787
229.4 42305
229.6 42810
229.8 42607
230 42607
230.2 43078
230.4 42588
230.6 42855
230.8 42514
231 42560
231.2 42431
231.4 43037
231.6 42894
231.8 42419
232 42619
232.2 42612
232.4 42980
232.6 42604
232.8 42854
233 42601
233.2 42636
233.4 42769
233.6 43066
233.8 42950
234 42875
234.2 42826
234.4 42379
234.6 42604
234.8 42740
235 42685
235.2 42911
235.4 42677
235.6 42975
235.8 42470
236 42819
236.2 42828
236.4 42717
236.6 42995
236.8 42459
237 42767
237.2 42459
237.4 43067
237.6 42421
237.8 42482
238 42751
238.2 42496
238.4 42757
238.6 42942
238.8 43201
239 42580
239.2 42834
239.4 42708
239.6 42554
239.8 42946
240 42922
240.2 42616
240.4 42451
240.6 42973
240.8 42720
241 42696
241.2 42570
241.4 42568
241.6 43003
241.8 42517
242 42708
242.2 42592
242.4 42888
242.6 42526
242.8 42730
243 42482
243.2 42534
243.4 42772
243.6 42902
243.8 42701
244 42591
244.2 42665
244.4 42851
244.6 42554
244.8 42713
245 42220
245.2 42773
245.4 42738
245.6 42360
245.8 42840
246 42711
246.2 42784
246.4 43261
246.6 42665
246.8 42865
247 42249
247.2 43012
247.4 42849
247.6 42446
247.8 42678
248 42447
248.2 42593
248.4 42825
248.6 42796
248.8 42896
249 42505
249.2 42486
249.4 42796
249.6 42612
249.8 42385
250 42700
