33.6 8
34 13
34.2 1
34.4 42
34.6 12
34.8 15
35 14
35.2 1892
35.4 108
35.6 3053
35.8 1287
36 1895
36.2 8673
36.4 41461
36.6 132429
36.8 211774
37 430134
37.2 674092
37.4 912930
37.6 1295811
37.8 1421923
38 1532472
38.2 1605673
38.4 1471612
38.6 1383018
38.8 1284974
39 1232456
39.2 1100465
39.4 1107766
39.6 1037693
39.8 947854
40 871983
40.2 891129
40.4 908127
40.6 820470
40.8 752362
41 809625
41.2 802946
41.4 706870
41.6 721499
41.8 619356
42 613126
42.2 549211
42.4 451885
42.6 414299
42.8 385113
43 314381
43.2 296105
43.4 238636
43.6 231528
43.8 189766
44 180061
44.2 154491
44.4 137547
44.6 119239
44.8 118593
45 109384
45.2 93646
45.4 88833
45.6 81472
45.8 78275
46 61391
46.2 65328
46.4 56781
46.6 53026
46.8 46901
47 47676
47.2 44441
47.4 40303
47.6 39857
47.8 39713
48 37980
48.2 35480
48.4 34670
48.6 33407
48.8 31645
49 31039
49.2 29825
49.4 28759
49.6 28488
49.8 27428
50 26855
50.2 26291
50.4 26019
50.6 24965
50.8 24633
51 24520
51.2 24004
51.4 23354
51.6 23035
51.8 22118
52 21824
52.2 21908
52.4 21484
52.6 20874
52.8 21211
53 20846
53.2 20125
53.4 20800
53.6 20403
53.8 19786
54 20152
54.2 19499
54.4 19411
54.6 19358
54.8 19590
55 19237
55.2 19197
55.4 18933
55.6 19261
55.8 18894
56 19209
56.2 19133
56.4 18570
56.6 18761
56.8 18717
57 18784
57.2 18815
57.4 18931
57.6 18820
57.8 18587
58 18715
58.2 18530
58.4 18529
58.6 18524
58.8 18352
59 18657
59.2 18569
59.4 18517
59.6 18920
59.8 18372
60 18500
60.2 18487
60.4 18307
60.6 18563
60.8 18507
61 18454
61.2 18313
61.4 18404
61.6 18346
61.8 18412
62 18464
62.2 18237
62.4 18380
62.6 18327
62.8 18412
63 18336
63.2 18657
63.4 18177
63.6 18226
63.8 17970
64 18518
64.2 18405
64.4 18475
64.6 18566
64.8 18636
65 18181
65.2 18274
65.4 18367
65.6 18602
65.8 18363
66 18616
66.2 18248
66.4 18471
66.6 18354
66.8 18455
67 18254
67.2 18454
67.4 18290
67.6 18568
67.8 18363
68 18493
68.2 18410
68.4 18516
68.6 18247
68.8 18496
69 18289
69.2 18355
69.4 18608
69.6 18617
69.8 18344
70 18426
70.2 18208
70.4 18302
70.6 18527
70.8 18565
71 18612
71.2 18322
71.4 18417
71.6 18484
71.8 18133
72 18541
72.2 18541
72.4 18315
72.6 18611
72.8 18520
73 18534
73.2 18395
73.4 18403
73.6 18356
73.8 18714
74 18695
74.2 18365
74.4 18592
74.6 18563
74.8 18612
75 18465
75.2 18471
75.4 18454
75.6 18458
75.8 18436
76 18412
76.2 18628
76.4 18433
76.6 18386
76.8 18632
77 18357
77.2 18295
77.4 18546
77.6 18444
77.8 18523
78 18420
78.2 18431
78.4 18635
78.6 18206
78.8 18623
79 18263
79.2 18368
79.4 18681
79.6 18695
79.8 18158
80 18365
80.2 18509
80.4 18544
80.6 18498
80.8 18187
81 18615
81.2 18675
81.4 18367
81.6 18525
81.8 18578
82 18522
82.2 18411
82.4 18407
82.6 18537
82.8 18286
83 18470
83.2 18311
83.4 18653
83.6 18304
83.8 18563
84 18183
84.2 18338
84.4 18541
84.6 18598
84.8 18622
85 18657
85.2 18298
85.4 18428
85.6 18469
85.8 18342
86 18336
86.2 18535
86.4 18534
86.6 18570
86.8 18492
87 18482
87.2 18656
87.4 18547
87.6 18412
87.8 18446
88 18467
88.2 18767
88.4 18526
88.6 18317
88.8 18523
89 18764
89.2 18515
89.4 18608
89.6 18459
89.8 18387
90 18414
90.2 18385
90.4 18311
90.6 18337
90.8 18519
91 18630
91.2 18523
91.4 18673
91.6 18171
91.8 18366
92 18834
92.2 18610
92.4 17982
92.6 18521
92.8 18402
93 18507
93.2 18358
93.4 18463
93.6 18526
93.8 18560
94 18491
94.2 18386
94.4 18623
94.6 18587
94.8 18573
95 18397
95.2 18334
95.4 18366
95.6 18270
95.8 18552
96 18507
96.2 18380
96.4 18238
96.6 18457
96.8 18471
97 18453
97.2 18936
97.4 18336
97.6 18492
97.8 18606
98 18253
98.2 18825
98.4 18488
98.6 18319
98.8 18400
99 18576
99.2 18343
99.4 18450
99.6 18502
99.8 18473
100 18573
100.2 18466
100.4 18289
100.6 18585
100.8 18667
101 18505
101.2 18387
101.4 18307
101.6 18406
101.8 18155
102 18671
102.2 18379
102.4 18266
102.6 18641
102.8 18354
103 18368
103.2 18277
103.4 18251
103.6 18401
103.8 18491
104 18344
104.2 18427
104.4 18406
104.6 18349
104.8 18368
105 18349
105.2 18326
105.4 18498
105.6 18386
105.8 18410
106 18530
106.2 18462
106.4 18448
106.6 18338
106.8 18658
107 18292
107.2 18327
107.4 18779
107.6 18561
107.8 18253
108 18541
108.2 18467
108.4 18377
108.6 18380
108.8 18488
109 18540
109.2 18505
109.4 18699
109.6 18499
109.8 18442
110 18446
110.2 18353
110.4 18483
110.6 18435
110.8 18375
111 18608
111.2 18536
111.4 18362
111.6 18253
111.8 18226
112 18468
112.2 18666
112.4 18386
112.6 18531
112.8 18510
113 18495
113.2 18579
113.4 18388
113.6 18618
113.8 18404
114 18445
114.2 18486
114.4 18649
114.6 18424
114.8 18237
115 18527
115.2 18385
115.4 18693
115.6 18625
115.8 18681
116 18506
116.2 18444
116.4 18353
116.6 18455
116.8 18562
117 18522
117.2 18435
117.4 18614
117.6 18221
117.8 18437
118 18440
118.2 18327
118.4 18305
118.6 18495
118.8 18482
119 18316
119.2 18814
119.4 18481
119.6 18595
119.8 18443
120 18309
120.2 18450
120.4 18268
120.6 18586
120.8 18618
121 18576
121.2 18328
121.4 18407
121.6 18595
121.8 18439
122 18358
122.2 18537
122.4 18689
122.6 18507
122.8 18604
123 18524
123.2 18530
123.4 18505
123.6 18723
123.8 18698
124 18558
124.2 18392
124.4 18222
124.6 18658
124.8 18597
125 18463
125.2 18494
125.4 18359
125.6 18586
125.8 18386
126 18726
126.2 18380
126.4 18550
126.6 18638
126.8 18392
127 18650
127.2 18445
127.4 18557
127.6 18516
127.8 18441
128 18700
128.2 18640
128.4 18365
128.6 18851
128.8 18460
129 18390
129.2 18503
129.4 18457
129.6 18521
129.8 18477
130 18586
130.2 18628
130.4 18490
130.6 18568
130.8 18582
131 18508
131.2 18541
131.4 18464
131.6 18168
131.8 18657
132 18412
132.2 18485
132.4 18326
132.6 18672
132.8 18622
133 18218
133.2 18390
133.4 18480
133.6 18314
133.8 18461
134 18492
134.2 18546
134.4 18571
134.6 18585
134.8 18580
135 18594
135.2 18556
135.4 18487
135.6 18706
135.8 18136
136 18287
136.2 18546
136.4 18450
136.6 18502
136.8 18484
137 18584
137.2 18480
137.4 18570
137.6 18485
137.8 18433
138 18601
138.2 18507
138.4 18516
138.6 18633
138.8 18546
139 18549
139.2 18476
139.4 18581
139.6 18489
139.8 18410
140 18659
140.2 18613
140.4 18535
140.6 18625
140.8 18577
141 18514
141.2 18554
141.4 18449
141.6 18834
141.8 18539
142 18523
142.2 18660
142.4 18608
142.6 18376
142.8 18564
143 18568
143.2 18523
143.4 18282
143.6 18533
143.8 18713
144 18410
144.2 18492
144.4 18238
144.6 18614
144.8 18674
145 18783
145.2 18559
145.4 18137
145.6 18343
145.8 18622
146 18662
146.2 18464
146.4 18596
146.6 18611
146.8 18377
147 18549
147.2 18578
147.4 18472
147.6 18517
147.8 18137
148 18601
148.2 18568
148.4 18643
148.6 18459
148.8 18558
149 18314
149.2 18472
149.4 18594
149.6 18435
149.8 18520
150 18554
150.2 18428
150.4 18394
150.6 18474
150.8 18730
151 18391
151.2 18590
151.4 18486
151.6 18412
151.8 18662
152 18537
152.2 18319
152.4 18617
152.6 18509
152.8 18175
153 18543
153.2 18868
153.4 18397
153.6 18374
153.8 18596
154 18649
154.2 18525
154.4 18717
154.6 18703
154.8 18565
155 18478
155.2 18573
155.4 18706
155.6 18412
155.8 18444
156 18448
156.2 18656
156.4 18766
156.6 18522
156.8 18761
157 18371
157.2 18508
157.4 18681
157.6 18378
157.8 18733
158 18323
158.2 18638
158.4 18511
158.6 18543
158.8 18379
159 18526
159.2 18493
159.4 18394
159.6 18386
159.8 18492
160 18507
160.2 18320
160.4 18561
160.6 18510
160.8 18598
161 18551
161.2 18421
161.4 18603
161.6 18477
161.8 18494
162 18423
162.2 18313
162.4 18524
162.6 18720
162.8 18641
163 18719
163.2 18660
163.4 18659
163.6 18449
163.8 18538
164 18512
164.2 18339
164.4 18474
164.6 18493
164.8 18661
165 18382
165.2 18607
165.4 18485
165.6 18525
165.8 18593
166 18465
166.2 18703
166.4 18673
166.6 18771
166.8 18619
167 18634
167.2 18645
167.4 18538
167.6 18718
167.8 18428
168 18561
168.2 18760
168.4 18774
168.6 18646
168.8 18423
169 18666
169.2 18310
169.4 18166
169.6 18540
169.8 18789
170 18471
170.2 18645
170.4 18590
170.6 18708
170.8 18632
171 18661
171.2 18573
171.4 18507
171.6 18421
171.8 18686
172 18524
172.2 18571
172.4 18492
172.6 18595
172.8 18757
173 18238
173.2 18450
173.4 18543
173.6 18707
173.8 18643
174 18702
174.2 18632
174.4 18520
174.6 18601
174.8 18455
175 18636
175.2 18525
175.4 18245
175.6 18479
175.8 18790
176 18512
176.2 18679
176.4 18714
176.6 18403
176.8 18590
177 18462
177.2 18499
177.4 18542
177.6 18619
177.8 18535
178 18311
178.2 18428
178.4 18731
178.6 18341
178.8 18557
179 18629
179.2 18698
179.4 18781
179.6 18620
179.8 18471
180 18483
180.2 18712
180.4 18345
180.6 18446
180.8 18503
181 18382
181.2 18319
181.4 18695
181.6 18391
181.8 18667
182 18601
182.2 18317
182.4 18452
182.6 18713
182.8 18473
183 18401
183.2 18377
183.4 18554
183.6 18607
183.8 18462
184 18401
184.2 18499
184.4 18701
184.6 18753
184.8 18380
185 18591
185.2 18272
185.4 18387
185.6 18368
185.8 18327
186 18487
186.2 18643
186.4 18678
186.6 18669
186.8 18555
187 18601
187.2 18316
187.4 18471
187.6 18319
187.8 18407
188 18483
188.2 18507
188.4 18536
188.6 18567
188.8 18649
189 18710
189.2 18336
189.4 18436
189.6 18426
189.8 18558
190 18612
190.2 18577
190.4 18527
190.6 18514
190.8 18422
191 18570
191.2 18434
191.4 18488
191.6 18629
191.8 18397
192 18584
192.2 18454
192.4 18493
192.6 18528
192.8 18556
193 18533
193.2 18441
193.4 18465
193.6 18444
193.8 18575
194 18475
194.2 18518
194.4 18682
194.6 18426
194.8 18688
195 18441
195.2 18322
195.4 18619
195.6 18534
195.8 18476
196 18549
196.2 18549
196.4 18324
196.6 18493
196.8 18351
197 18334
197.2 18574
197.4 18703
197.6 18447
197.8 18606
198 18468
198.2 18636
198.4 18451
198.6 18561
198.8 18514
199 18691
199.2 18447
199.4 18566
199.6 18700
199.8 18252
200 18184
200.2 18497
200.4 18471
200.6 18451
200.8 18608
201 18339
201.2 18450
201.4 18314
201.6 18559
201.8 18595
202 18304
202.2 18721
202.4 18327
202.6 18387
202.8 18270
203 18520
203.2 18395
203.4 18313
203.6 18539
203.8 18460
204 18592
204.2 18378
204.4 18567
204.6 18490
204.8 18586
205 18415
205.2 18639
205.4 18584
205.6 18388
205.8 18408
206 18567
206.2 18370
206.4 18417
206.6 18493
206.8 18355
207 18655
207.2 18340
207.4 18587
207.6 18379
207.8 18537
208 18478
208.2 18544
208.4 18271
208.6 18416
208.8 18417
209 18435
209.2 18561
209.4 18273
209.6 18768
209.8 18570
210 18425
210.2 18525
210.4 18280
210.6 18550
210.8 18435
211 18468
211.2 18679
211.4 18388
211.6 18667
211.8 18266
212 18675
212.2 18434
212.4 18431
212.6 18505
212.8 18712
213 18578
213.2 18536
213.4 18684
213.6 18556
213.8 18328
214 18138
214.2 18408
214.4 18380
214.6 18369
214.8 18432
215 18286
215.2 18859
215.4 18445
215.6 18347
215.8 18472
216 18505
216.2 18467
216.4 18520
216.6 18569
216.8 18316
217 18263
217.2 18585
217.4 18501
217.6 18666
217.8 18460
218 18334
218.2 18472
218.4 18635
218.6 18124
218.8 18368
219 18422
219.2 18644
219.4 18497
219.6 18652
219.8 18314
220 18455
220.2 18469
220.4 18349
220.6 18338
220.8 18324
221 18551
221.2 18483
221.4 18458
221.6 18596
221.8 18341
222 18458
222.2 18378
222.4 18382
222.6 18635
222.8 18525
223 18576
223.2 18252
223.4 18447
223.6 18466
223.8 18580
224 18808
224.2 18735
224.4 18460
224.6 18300
224.8 18575
225 18608
225.2 18676
225.4 18521
225.6 18474
225.8 18579
226 18383
226.2 18370
226.4 18589
226.6 18367
226.8 18796
227 18417
227.2 18569
227.4 18319
227.6 18512
227.8 18428
228 18448
228.2 18576
228.4 18619
228.6 18831
228.8 18280
229 18406
229.2 18509
229.4 18486
229.6 18398
229.8 18530
230 18509
230.2 18431
230.4 18498
230.6 18471
230.8 18468
231 18243
231.2 18476
231.4 18690
231.6 18817
231.8 18643
232 18681
232.2 18426
232.4 18308
232.6 18315
232.8 18564
233 18715
233.2 18310
233.4 18361
233.6 18542
233.8 18431
234 18430
234.2 18309
234.4 18568
234.6 18673
234.8 18541
235 18325
235.2 18510
235.4 18412
235.6 18331
235.8 18556
236 18374
236.2 18552
236.4 18244
236.6 18131
236.8 18542
237 18367
237.2 18330
237.4 18527
237.6 18576
237.8 18326
238 18449
238.2 18602
238.4 18448
238.6 18252
238.8 18475
239 18430
239.2 18639
239.4 18389
239.6 18466
239.8 18630
240 18358
240.2 18404
240.4 18553
240.6 18500
240.8 18444
241 18448
241.2 18562
241.4 18391
241.6 18493
241.8 18609
242 18236
242.2 18475
242.4 18554
242.6 18488
242.8 18588
243 18455
243.2 18587
243.4 18533
243.6 18400
243.8 18651
244 18118
244.2 18484
244.4 18510
244.6 18303
244.8 18441
245 18410
245.2 18339
245.4 18120
245.6 18393
245.8 18699
246 18322
246.2 18220
246.4 18610
246.6 18525
246.8 18405
247 18460
247.2 18186
247.4 18599
247.6 18237
247.8 18299
248 18496
248.2 18319
248.4 18160
248.6 18627
248.8 18303
249 18550
249.2 18498
249.4 18688
249.6 18470
249.8 18519
250 18730
