0.5 0
1 0
1.5 0
2 0
2.5 0
3 0
3.5 0
4 0
4.5 0
5 0
5.5 0
6 0
6.5 0
7 0
7.5 0
8 0
8.5 0
9 0
9.5 0
10 0
10.5 0
11 0
11.5 0
12 0
12.5 0
13 0
13.5 0
14 0
14.5 0
15 0
15.5 0
16 0
16.5 0
17 0
17.5 0
18 0
18.5 0
19 0
19.5 0
20 0
20.5 0
21 0
21.5 0
22 0
22.5 0
23 0
23.5 0
24 0
24.5 0
25 0
25.5 0
26 0
26.5 0
27 0
27.5 0
28 0
28.5 0
29 0
29.5 0
30 0
30.5 0
31 0
31.5 0
32 0
32.5 0
33 0.01795816802224063
33.5 0
34 0.01691733994482703
34.5 0.01643053558178538
35 0.3192888975709395
35.5 12.92641830207601
36 64.99198187699054
36.5 76.18536267711166
37 52.55526739774545
37.5 33.58493483916188
38 24.2288643091812
38.5 21.16278478114822
39 18.11639117126499
39.5 17.24702341757973
40 17.06299824175198
40.5 16.14353086285745
41 15.56604603104248
41.5 15.72691321937277
42 16.1861732796379
42.5 15.92666051765796
43 15.99207398812585
43.5 16.07095887859541
44 15.74819097000364
44.5 14.3889611565977
45 12.70927485862004
45.5 11.81746777695992
46 10.80410405349775
46.5 9.207289159806683
47 8.383863011534801
47.5 7.090159330990801
48 6.29812594286253
48.5 5.246090670632308
49 4.756752963811955
49.5 4.214183429219134
50 4.028627665101329
50.5 3.550488785017108
51 2.9699330125363
51.5 2.322661954004831
52 2.741084558427291
52.5 2.43369093037405
53 2.081657902417156
53.5 1.954107175543343
54 1.703476345665258
54.5 1.797461317568579
55 1.965341908354014
55.5 1.6951776020293
56 1.390652815592178
56.5 1.513177824144835
57 1.396458982604817
57.5 1.543813123264554
58 1.418481740249016
58.5 1.520056794119229
59 1.426985643194453
59.5 1.303670931258507
60 1.461301027389775
60.5 1.442590026249412
61 1.313924010764582
61.5 1.27196390089236
62 1.307493849866949
62.5 1.226580228908521
63 1.138205792266775
63.5 1.299802158503806
64 1.322542787698475
64.5 1.146991785156587
65 1.221988514490436
65.5 1.262661909775177
66 1.288498555595765
66.5 1.189594369066243
67 1.280818628426975
67.5 1.201822681666197
68 1.196901801096512
68.5 1.116975279157541
69 1.133706955143191
69.5 1.218671898523313
70 1.125493363937561
70.5 1.227626544455642
71 1.163843184460626
71.5 1.067288991807011
72 1.078924240586214
72.5 1.190594509848355
73 1.181680480829959
73.5 1.310460101141498
74 1.121388554151405
74.5 1.194474996070194
75 1.154264841263121
75.5 1.073841897733761
76 1.229049433235435
76.5 1.182960659845682
77 1.164348975646091
77.5 1.159141629391773
78 1.141114064194299
78.5 1.171054111116101
79 1.081072507097567
79.5 1.188192693464419
80 1.121439891605118
80.5 1.101516518084999
81 1.132670186094134
81.5 1.068762772609865
82 1.195374611128262
82.5 1.143576139656283
83 1.189454266952562
83.5 1.088300139951003
84 1.103098795427378
84.5 1.111994210335119
85 0.9906794271690708
85.5 1.126262895932237
86 1.11849327000285
86.5 1.126509777774177
87 1.116182352982832
87.5 1.077919318199491
88 1.017723053385418
88.5 0.9712990642215962
89 0.9678230565178965
89.5 1.035165278226934
90 1.050253526500706
90.5 1.110313716179887
91 1.121762029187842
91.5 1.093184776956132
92 1.106750607704324
92.5 1.044534153879627
93 1.037855040361313
93.5 0.9954666149352764
94 0.9959710546965842
94.5 1.000788931343754
95 1.068291121692685
95.5 1.012104057320343
96 1.033418913131419
96.5 1.031137961644505
97 1.053790796359184
97.5 1.063582595945379
98 0.9427982115774551
98.5 1.003799077343666
99 1.001666705240533
99.5 0.9955756943526579
100 0.9915117602943561
100.5 1.001032850939904
101 1.060162148009968
101.5 1.078216966826954
102 1.009401283374679
102.5 0.9735177368293236
103 0.9935831692131778
103.5 1.027821281393907
104 1.028810761045599
104.5 1.024361761534568
105 1.005760027348459
105.5 1.017333989913201
106 0.9903539686248847
106.5 1.131083154083215
107 0.9548478244132242
107.5 1.011985211100451
108 1.032816367056888
108.5 1.036609115943112
109 0.992554189096935
109.5 1.068323968176154
110 0.9762060136890004
110.5 0.9914161823287981
111 1.015836765261004
111.5 1.024050005390758
112 1.000895860549527
112.5 0.9981995816010389
113 0.9756014918828544
113.5 0.933626785722628
114 1.015743333252426
114.5 1.009874964161703
115 1.072092446711496
115.5 1.089217864532636
116 1.043514231043846
116.5 1.021608022851038
117 0.990036990906603
117.5 0.9759631028422351
118 1.026699316117269
118.5 1.013875407622581
119 1.010897374662317
119.5 1.04353992905444
120 1.056591263298555
120.5 0.9845396103797696
121 1.067249473123408
121.5 1.039936954484088
122 0.9775594640088492
122.5 1.069943611860169
123 0.957850864391503
123.5 0.9719080982789289
124 1.016233060353786
124.5 1.047199195513791
125 0.9962835328685539
125.5 0.9920858104474415
126 1.087700989796063
126.5 1.004571092843374
127 1.000314161161978
127.5 0.9720327591409945
128 1.030103272368036
128.5 1.033946098456606
129 0.9977418295060883
129.5 0.9865537156501636
130 0.9847653653706069
130.5 1.013980470868149
131 0.9948590679004776
131.5 1.056295138445808
132 1.021370806264936
132.5 1.003651515760727
133 1.016019725996168
133.5 1.009520648522069
134 1.01180315119784
134.5 1.020510167496398
135 1.031206783108228
135.5 0.9810043884532432
136 0.9812057167999676
136.5 1.001320211317147
137 1.021115460423871
137.5 0.9671550970057912
138 0.9385943451094896
138.5 1.040917010294447
139 0.9970031727952352
139.5 1.018007413106764
140 0.9987755827140951
140.5 0.9441264453255507
141 1.001381267833208
141.5 1.038269975138753
142 0.97374879766539
142.5 1.061308826779661
143 1.022340441076787
143.5 1.01902732627489
144 1.019507958106379
144.5 0.9862399425274938
145 0.9934022941547208
145.5 1.034622565787671
146 0.9908500926213943
146.5 1.006878202365695
147 1.036240894894347
147.5 0.9896763421462
148 0.9446091483218043
148.5 1.015412463479779
149 0.9874678986686486
149.5 1.055248717187565
150 1.032580294744418
150.5 0.9696090642838425
151 1.035245343901477
151.5 1.008826187055497
152 0.960723902701253
152.5 1.042730094942772
153 0.9607378240272139
153.5 1.074007779360152
154 0.9920055366163228
154.5 1.060969040718256
155 0.984944783401717
155.5 0.9794296943250161
156 0.9836081792773395
156.5 0.9972950535495446
157 1.005234118417412
157.5 1.030396516358563
158 1.025452109993272
158.5 0.9987528547200317
159 1.024970910703357
159.5 1.010867626840513
160 0.9617798525414466
160.5 0.989959501518461
161 0.9845746959595367
161.5 1.037721816449445
162 1.003754434650526
162.5 0.9487074467043929
163 0.9892680209281395
163.5 1.032973292798874
164 1.001962417356901
164.5 1.049360523478959
165 0.9740510335263316
165.5 0.9381867160304538
166 1.010610307959694
166.5 0.987619077337087
167 1.030098521641767
167.5 0.9856204302561868
168 1.006092619950096
168.5 1.031815181057423
169 1.006546483492996
169.5 0.9897258462917634
170 0.9575214408772099
170.5 1.026586803818742
171 1.031292984279994
171.5 0.9754202680894799
172 1.001487768353616
172.5 1.020007648917236
173 0.9847159136343882
173.5 1.023875533640269
174 1.07613414355868
174.5 0.9922646772443565
175 1.005121449553317
175.5 1.027974916323739
176 0.9590082618439516
176.5 1.004431845595489
177 1.017491950309256
177.5 1.003077645913798
178 1.020905188444261
178.5 1.02317299548396
179 1.031503136912452
179.5 0.9766007391853896
180 1.005587571925389
180.5 0.9514035431682928
181 0.9819710016752227
181.5 1.006251067692491
182 0.9895121899572755
182.5 0.9964282116613371
183 1.033620221801471
183.5 0.9687546932662661
184 1.013751209040235
184.5 1.028946407632438
185 1.01710656121758
185.5 0.9832142983227575
186 1.049725931345838
186.5 0.9670761770471568
187 0.9563190514265857
187.5 1.007408977121692
188 0.9860113441496184
188.5 1.032523715086683
189 1.011191004481353
189.5 1.008040313029937
190 1.012492954586018
190.5 0.9845516349860919
191 0.9976301115853595
191.5 1.001493054430564
192 0.9920397164043913
192.5 0.9742269502743045
193 1.000161821248871
193.5 1.01223591968737
194 1.003387587657586
194.5 0.9961676031529272
195 1.033238605055255
195.5 0.9870260492573559
196 1.018140617254271
196.5 0.9906805838428583
197 1.010349974936772
197.5 1.016772194501503
198 0.9542770951818421
198.5 1.008042427696462
199 0.9669331396540199
199.5 1.037271256959454
200 0.9939563159163836
200.5 0.9836538763295484
201 1.045566227287327
201.5 1.022562362541858
202 1.013192938920919
202.5 1.021072365653702
203 0.9961168192648659
203.5 0.9964225295612841
204 1.022559214442878
204.5 1.00119795300332
205 1.015399475029438
205.5 0.9836050965715657
206 0.9889747129552316
206.5 1.001618719182608
207 0.9931345951656936
207.5 1.007430859799821
208 1.060452568283381
208.5 1.01938372907118
209 0.980038416083553
209.5 1.019478041378016
210 0.952988667888818
210.5 1.011138854791388
211 0.9918567138272918
211.5 0.9981023507807087
212 0.9899188394646803
212.5 0.9952268081462402
213 0.9879735476976864
213.5 0.9906450745650353
214 0.9877294355401554
214.5 0.9980065920999051
215 0.9768703396450423
215.5 1.00645245219752
216 0.9984450431532095
216.5 1.000931499937636
217 1.014597784554897
217.5 1.04177019611731
218 0.9929656958088326
218.5 0.9814627958050409
219 1.004306081533537
219.5 1.001359473152066
220 1.013783480275539
220.5 0.980632819700114
221 0.9766009970516716
221.5 1.031589044498723
222 1.019408066388874
222.5 0.988364607105215
223 1.027196088356628
223.5 1.004596145498564
224 1.01453735397602
224.5 1.037184883436812
225 1.022536490904779
225.5 1.037621025380242
226 0.9905341677790205
226.5 1.020092622767322
227 0.9928323867684532
227.5 1.002453781367695
228 1.027029370288564
228.5 0.994073325070036
229 0.9755660658223839
229.5 1.001395134841119
230 1.004809403504085
230.5 1.020331458520936
231 0.9737724986753744
231.5 1.012995185945483
232 0.9770228994696734
232.5 0.9970643978163939
233 1.015844366868804
233.5 0.9949988924527949
234 0.9957514901326151
234.5 0.9744392730500938
235 0.9702971341755167
235.5 0.9873386061803927
236 1.001418074407131
236.5 1.006978291263336
237 0.9922887746306168
237.5 1.043934950885736
238 1.025397951757883
238.5 1.011476534772084
239 0.9812288178051267
239.5 0.9982744302957587
240 1.026034318023211
240.5 1.007233709815561
241 0.9862231596451251
241.5 0.9851615008017436
242 0.9607248855369349
242.5 1.008978706478505
243 1.007811513533465
243.5 1.013571848123898
244 1.025517690401756
244.5 1.04193738315348
245 1.013905152286493
245.5 1.002316375517668
246 1.008910390900902
246.5 0.984223078264562
247 0.9770369009083691
247.5 1.01363881725536
248 0.9958829615231721
248.5 1.018481545911666
249 1.007771514959808
249.5 1.018816005684822
250 0.9956577266293147
250.5 1.014749500481232
251 0.9951899587905185
251.5 0.9838165111016947
252 0.9836118237283763
252.5 0.9803336636643349
253 1.011598202069468
253.5 1.013089416038756
254 0.9903110195503578
254.5 0.9985010639353668
255 0.990980179879201
255.5 1.002084220655651
256 1.009811550896128
256.5 0.9862603031678975
257 1.002856653915385
257.5 1.020201612559074
258 1.024771349033344
258.5 1.009982327936209
259 0.9982151070881087
259.5 0.9871118161006519
260 1.014852203795561
260.5 1.000585423092841
261 0.9953200148640637
261.5 1.017828276641484
262 1.008249209994213
262.5 0.9961813604213312
263 0.9584690897567689
263.5 0.999901049808715
264 0.9952753433576171
264.5 1.009685918133609
265 1.000309723810358
265.5 1.048980794579222
266 1.015743333252426
266.5 1.006428357142786
267 1.008423343469327
267.5 1.002470646138878
268 0.9821243181836946
268.5 0.9971875164471197
269 1.002132336090213
269.5 0.9946476535900238
270 1.013501359672967
270.5 1.023388984101415
271 1.026805896274622
271.5 0.969965817527758
272 1.010546728266777
272.5 1.006051609247175
273 0.9965970027731985
273.5 1.019100662310368
274 0.9908987784317363
274.5 0.9935212075470263
275 1.013702668519439
275.5 1.009511186285027
276 1.000208853541185
276.5 1.000687523872388
277 0.9879026277916938
277.5 1.023455541000461
278 0.9932074754368778
278.5 1.008554804752056
279 1.000169672156473
279.5 0.9768177687246341
280 1.001270027226368
280.5 0.9962122828116322
281 0.9691413380269883
281.5 0.9839643134841491
282 1.013185369222204
282.5 0.9934288095681234
283 0.9967587108458118
283.5 0.9956791410305474
284 0.9771433402867334
284.5 1.002705658202355
285 1.037713485349441
285.5 0.995453825823586
286 0.981934563026746
286.5 0.9825605302234216
287 1.008105784567377
287.5 1.006968375879531
288 1.003474992992772
288.5 0.9891914894753702
289 0.9977132941855772
289.5 0.997770066529057
290 0.9766595588599783
290.5 1.022892432775531
291 1.000674012847763
291.5 0.9891888293859906
292 1.00507062635809
292.5 1.009637723251825
293 1.005283598877786
293.5 1.026607085169786
294 1.005470422906218
294.5 0.9781576590271853
295 0.9903505085918036
295.5 1.010293984359053
296 0.9950537767529782
296.5 1.013501114027437
297 1.017629521260302
297.5 0.9903479854068862
298 0.9929734065782642
298.5 0.989210682197405
299 1.0158737650537
299.5 0.9795636832467763
300 0.9869485897999047
300.5 0.977169827688238
301 0.987308962607813
301.5 0.9907062709173127
302 1.001794997246832
302.5 1.030116137262543
303 1.017346678500222
303.5 0.9891570029416193
304 1.017013012418992
304.5 1.015363160857777
305 0.9807128816346842
305.5 0.9986688855613772
306 1.005224162400648
306.5 1.013813135561386
307 1.01445595697291
307.5 0.9677266816707895
308 0.988294792713768
308.5 1.016533005128706
309 0.9917397867099994
309.5 1.006708200236883
310 1.008550898045229
310.5 0.9965829791766857
311 0.9901459977517761
311.5 0.9952332888557627
312 0.9986757065334263
312.5 0.9962835328685539
313 1.012665693886477
313.5 1.004861479360833
314 1.000275386578336
314.5 0.9885954679226896
315 1.007928038381348
315.5 1.009451094284157
316 0.9837368121650504
316.5 1.009134406805092
317 1.002450497790897
317.5 1.0208296952309
318 0.991514313052096
318.5 1.005368675783389
319 1.010291086368931
319.5 0.98299249044732
320 1.03053297941097
320.5 1.00961424557373
321 1.004193965209773
321.5 1.003154161832958
322 1.031351424809722
322.5 0.9997631674881265
323 1.001544014683776
323.5 1.007980852793236
324 1.008225501174581
324.5 0.9941633562855346
325 0.9986978859335471
325.5 0.9939708136313499
326 1.004725333755142
326.5 1.006603646588317
327 1.00462505264593
327.5 0.9959074875367532
328 1.001417082224087
328.5 0.9842353640652571
329 1.025692095693879
329.5 1.01879891393361
330 1.018587290221488
330.5 1.015328624260622
331 1.009943005955158
331.5 1.02220329407586
332 0.9907387569604869
332.5 0.9997899440836285
333 0.9715702673303593
333.5 1.005232279773606
334 0.9869732261475747
334.5 1.004299595660572
335 1.005486188574646
335.5 1.011873512554437
336 1.012155505917426
336.5 0.9899789380118588
337 0.9937592473101452
337.5 0.9901302007384228
338 0.9904554342670877
338.5 1.001185665585261
339 1.018144728054268
339.5 0.9854553709703562
340 1.007427593714449
340.5 1.015772448712135
341 0.9874002498721878
341.5 1.007484604499828
342 0.9828048251617713
342.5 0.9916073075267243
343 1.016644573898306
343.5 1.009046246810512
344 0.9986783142179702
344.5 0.9966054100507776
345 0.994211708053833
345.5 1.011651125202123
346 1.012813315284208
346.5 1.00239969169042
347 1.011044606108927
347.5 0.9921041927380485
348 0.9848952793463968
348.5 1.014919630431836
349 1.01361924068667
349.5 0.9998342113625978
350 0.9869219823917739
350.5 1.002733383979357
351 0.9989262119248441
351.5 1.017929642253145
352 0.9919958732207431
352.5 1.001459961842468
353 1.000351341222757
353.5 1.00816541424958
354 1.020925205356311
354.5 0.9996845118652787
355 1.004474257735151
355.5 1.005828777403355
356 0.9888090156515752
356.5 0.9966547457533973
357 1.0089025862788
357.5 0.9869554117785263
358 1.000832703403665
358.5 0.9925650272998123
359 0.990409108866227
359.5 1.000972092809288
360 0.9990989366323527
360.5 1.013333696032947
361 1.011729130605777
361.5 1.011476398625454
362 0.979732465957118
362.5 1.024804224351971
363 0.9909643626818236
363.5 0.9780276079674873
364 0.9926117955642417
364.5 0.9951894903420979
365 1.00817162016648
365.5 1.021810992449044
366 1.018583091456055
366.5 1.013330680765781
367 1.011442624894006
367.5 0.9988457212899504
368 1.015628526094013
368.5 0.9857990118156683
369 0.9749425202413441
369.5 1.00453451611076
370 0.9796793253974948
370.5 1.00097131317909
371 0.9891817839484159
371.5 0.9961565598910741
372 0.9872624335463147
372.5 1.000399235646754
373 1.003903787277732
373.5 0.9842550939360541
374 1.013782082148271
374.5 0.997830094775807
375 1.027573844830506
375.5 0.9951577582619803
376 0.989469576978426
376.5 0.9847738165726376
377 0.9949598858997608
377.5 1.002618390395254
378 1.001199539493922
378.5 1.011114846645657
379 0.9895241754594249
379.5 1.003756355541797
380 1.011138630141682
380.5 1.004025448970033
381 0.9992363815943955
381.5 1.019864797813076
382 0.9987022557138768
382.5 0.9968949831784294
383 1.00082645894705
383.5 1.006329716041152
384 0.9986709979311585
384.5 0.9923714970152091
385 1.002725463445926
385.5 1.012101240069971
386 1.009480914333998
386.5 1.016296664097617
387 1.00048395467552
387.5 0.99412674799409
388 1.004946449782378
388.5 0.9934209794969534
389 1.000561700001293
389.5 1.024033635770108
390 0.9928656680234791
390.5 1.00507317207911
391 1.012609928190932
391.5 1.003645449081271
392 0.9959960588289908
392.5 1.00818555560803
393 0.9999238970612283
393.5 0.9911957503418795
394 0.9971222009506922
394.5 1.010178041632863
395 0.9924558969505547
395.5 1.006451415712297
396 0.9974265822352816
396.5 1.015064608552804
397 1.016976333998055
397.5 0.9774122604467207
398 0.9968102872275992
398.5 1.010073608497088
399 1.006438110879773
399.5 1.011762614210497
400 0.9968897826628166
400.5 1.012202949762103
401 1.005423664146436
401.5 0.9882417942447358
402 1.008293727518288
402.5 1.00723877555082
403 1.002693922855164
403.5 1.005135249718675
404 1.002888469579954
404.5 1.018100133128035
405 1.006288039014157
405.5 1.019983075596267
406 0.9952863264427063
406.5 1.006804721024459
407 0.9950058150642777
407.5 0.9858526908558874
408 1.032075218161843
408.5 0.9784536320835916
409 0.9886888239781737
409.5 0.9984046504875493
410 0.9942259296060468
410.5 0.9966797239679943
411 1.015789914938667
411.5 0.9919569715795659
412 0.9981916254711239
412.5 0.9979569467975384
413 0.9886627993946464
413.5 1.003315463046031
414 0.9913089801010508
414.5 0.9840243339348047
415 0.9867644467606456
415.5 0.9957188508529974
416 0.9824781147331328
416.5 0.9931979336204989
417 1.003863544317007
417.5 1.003928830132121
418 0.9972752726478367
418.5 1.004719831428613
419 1.018364101210426
419.5 0.997601756739903
420 0.9928997800851853
420.5 1.001047015145424
421 1.012904265275529
421.5 0.9961926466359138
422 0.9958100842544155
422.5 1.016461308718152
423 0.9942769475527933
423.5 0.9940023189183405
424 1.001993673660349
424.5 1.009727589494195
425 0.9980418535130595
425.5 0.9954816240289308
426 0.9903443393697358
426.5 1.013933761516041
427 1.008450085649682
427.5 1.006306534284728
428 0.9971241815764214
428.5 0.9919227723833091
429 1.007782636230355
429.5 0.9939880717733027
430 1.022350444240903
430.5 1.009108244917342
431 1.010979382683346
431.5 0.9759723442787582
432 1.002636668019512
432.5 0.981919242028313
433 0.994360148906366
433.5 1.011528146182045
434 1.002553848512289
434.5 1.010295859309864
435 1.005390919427499
435.5 1.001124506975607
436 0.995126106046295
436.5 0.9853548245596868
437 1.006552360180274
437.5 1.011405055057514
438 1.001247902235323
438.5 1.004661446779937
439 1.0039978341474
439.5 1.005258287711311
440 1.009338833690034
440.5 0.9986835889428322
441 1.010196606512238
441.5 1.003996952000267
442 0.9972221333157802
442.5 1.024433367786212
443 1.008569621268506
443.5 0.9943655950205289
444 0.9882583843291133
444.5 0.9989036996360348
445 1.014831604977337
445.5 1.006642768259041
446 0.9930807511954727
446.5 1.003414014748303
447 1.005183399675589
447.5 1.004598605388724
448 0.9894954696145296
448.5 1.008193218834996
449 1.009247243478918
449.5 0.9987760753060915
450 1.002062583077823
450.5 0.9903961264673956
451 0.9976237731046512
451.5 0.9884122083028031
452 0.9993406176665031
452.5 1.006493414288486
453 1.02028322303316
453.5 0.9945474096791483
454 1.007159383175376
454.5 0.9929212696920093
455 1.003020566392969
455.5 0.9937504865368531
456 1.002670340352233
456.5 1.000287424323743
457 0.9971634173578385
457.5 0.9947981470300805
458 0.9955174360523142
458.5 0.9962312231475994
459 1.000466885735779
459.5 0.9960678235166927
460 0.9961217578152157
460.5 0.9890720791376977
461 1.004871890967588
461.5 1.020509124425672
462 1.001442737158623
462.5 1.007506903785863
463 1.021114473729088
463.5 1.004893800127742
464 1.004636785806488
464.5 1.012898680870359
465 1.00357642944219
465.5 0.9988044065287994
466 1.00782928276851
466.5 0.9982113078779961
467 0.9918603775613162
467.5 1.010320319032288
468 1.012894987810651
468.5 0.9847173641765663
469 0.9942659115437226
469.5 0.9924154851886137
470 1.012083653092564
470.5 1.012495653198467
471 0.9850465701303311
471.5 1.010756504766464
472 1.00071581769296
472.5 1.006395101287386
473 0.9957022322726268
473.5 0.9914198167044131
474 1.001254190752279
474.5 1.005746502078731
475 0.9962627304450888
475.5 0.9850002173336555
476 1.020737051977165
476.5 1.000766714175705
477 0.9844018314704857
477.5 1.00138261603517
478 1.003482786108453
478.5 1.002497113327174
479 0.9996381931786763
479.5 1.002317749740516
480 0.9838487574625281
480.5 1.014243843487084
481 1.010023128447981
481.5 0.994261472767391
482 0.9856339174022507
482.5 0.9950166318272229
483 1.0041069142787
483.5 1.004624576781147
484 1.00029593139586
484.5 1.000648421433388
485 0.9985862923132273
485.5 0.9983558305116379
486 0.9992833681264699
486.5 1.01326011876001
487 0.9941942542165505
487.5 1.000137939738502
488 1.004905507482887
488.5 0.9928512633430973
489 1.012658451978524
489.5 1.010182659008433
490 1.013334993540831
490.5 1.007531001278096
491 0.9983415048151454
491.5 0.9823061354996446
492 0.9937217975721565
492.5 0.9831587107733862
493 1.00820104403654
493.5 1.004231918168646
494 0.9981932117548101
494.5 1.014889923632075
495 0.9971173026748985
495.5 0.9979734832750492
496 0.9992216496125697
496.5 0.9962581413758193
497 0.9899000908374965
497.5 0.9933633039207631
498 0.9920792980993224
498.5 0.9932380573812637
499 0.991484216448134
499.5 0.9954573239826194
500 0.9908077282752124
500.5 0.9964798984291339
501 1.018956846383105
501.5 1.005573295795475
502 1.00271751852248
502.5 0.9888733029633029
503 1.002135533189305
503.5 0.9983719164744101
504 0.995237166980019
504.5 0.994955827668224
505 0.9985845563389369
505.5 1.000513266723312
506 1.00640425177192
506.5 0.995194316587434
507 1.003198936609119
507.5 1.017092695115989
508 0.9903868009262035
508.5 0.9891207869328813
509 0.9928397712384244
509.5 1.009726027908511
510 0.9993260675853155
510.5 0.9975195644411261
511 0.9915990344903449
511.5 0.9930250246637532
512 0.9866103546543505
512.5 1.005161716802743
513 1.001791376356723
513.5 0.9884939113006685
514 1.006631800752534
514.5 0.9964756930993641
515 1.013270494347123
515.5 1.002401168137282
516 1.00229571594818
516.5 1.017216860037089
517 1.003470561260875
517.5 1.004745506976822
518 0.984002786273113
518.5 1.002183036473558
519 0.9964050135455536
519.5 1.000864709483377
520 0.9987239226206456
520.5 0.9988994384175155
521 1.004187761165612
521.5 1.01484712657508
522 0.9981908542493076
522.5 1.003229823097316
523 0.9895870453073043
523.5 0.9780639817555662
524 0.98559992709098
524.5 0.9926788421600368
525 1.004340965581477
525.5 1.007671206405335
526 0.9931040347406049
526.5 0.9976386858646624
527 1.007646762166388
527.5 0.9822632015908046
528 0.9951350451699434
528.5 0.9972439296747712
529 0.9994828350738421
529.5 1.011128057899459
530 1.008455341689382
530.5 0.990294743923625
531 0.9963375505243665
531.5 1.001940506831011
532 0.9986069831404123
532.5 0.9890080749727627
533 0.9936242754445265
533.5 0.9994582244504664
534 1.012332492719719
534.5 1.008180438813606
535 0.9957747544184852
535.5 0.9737295227301195
536 0.9788569237234217
536.5 0.9968728684541099
537 0.9895241466594074
537.5 0.991542432923037
538 0.9967270915589823
538.5 1.012209135724985
539 1.006697053291744
539.5 1.007721122184662
540 0.9970031241992016
540.5 0.9988411918254306
541 0.9986662154857497
541.5 1.008761205076791
542 1.005236581544786
542.5 0.9999291010712793
543 1.00511911917503
543.5 0.9999603744540607
544 0.9978587233081566
544.5 0.9881115040336624
545 1.007829318242573
545.5 1.017417986767368
546 0.9994834079945006
546.5 0.9978518041453757
547 0.9972702607447149
547.5 0.9956453177609943
548 0.9908987784317363
548.5 1.007619034181685
549 1.003383748269802
549.5 0.9970896543682528
550 0.9921097672894967
550.5 1.008958142100857
551 0.9982385690313338
551.5 0.9950147862033083
552 1.010542120059417
552.5 1.012814114793924
553 1.002222320688144
553.5 1.000284769998158
554 0.9972693516233102
554.5 0.9903197082636322
555 0.998123111666765
555.5 0.9986086390502931
556 0.9960542484556459
556.5 1.011125712571869
557 1.013975786827598
557.5 0.994854355467482
558 0.9913136106283351
558.5 0.9945551709048602
559 0.98626801751227
559.5 0.9971255078714258
560 0.9995862771805837
560.5 1.008946422007795
561 1.011684891246019
561.5 1.004735584463801
562 0.9960137722656616
562.5 1.011859154822948
563 0.9989569977189527
563.5 1.015168955414875
564 0.9920978339283198
564.5 1.002001589864894
565 0.9954504641509889
565.5 1.002374805377033
566 1.000604607390599
566.5 0.9951827986580846
567 0.9963482802382292
567.5 0.9978117296256406
568 1.023757684497683
568.5 1.004954290101518
569 0.9963028389391352
569.5 1.007819718735893
570 0.9993108633278089
570.5 0.996177995564117
571 0.995453825823586
571.5 0.9949701708060503
572 1.005843366606652
572.5 0.9972254225131193
573 0.9991192006527445
573.5 0.9941075306034632
574 0.9885182369397728
574.5 0.9875093625097487
575 1.011582070270896
575.5 1.001145151828269
576 0.995281676261922
576.5 1.004265343198812
577 1.000410941642223
577.5 0.9973893220907454
578 0.9875863052220648
578.5 1.013052802064621
579 1.011712246481141
579.5 0.9954666832137294
580 1.002413141275155
580.5 1.019025943916439
581 1.003252619980396
581.5 0.9999086987617442
582 1.001597782995788
582.5 0.9941153838157809
583 0.9950001411454127
583.5 1.015984118351437
584 1.010059281338302
584.5 1.007587789996715
585 0.9890655260381809
585.5 1.014303369508912
586 0.9948617260818061
586.5 0.9949286251946161
587 1.000499209275376
587.5 0.9992502340624476
588 0.9940446226459201
588.5 1.005117832880758
589 1.014009910706605
589.5 1.011390107522373
590 0.9958000206937668
590.5 1.009089178754356
591 0.9992078499707194
591.5 0.9881846609286506
592 0.9962256099355609
592.5 0.9932079473902747
593 0.9930909456314715
593.5 1.011294486228861
594 1.007708187692459
594.5 1.004021851818039
595 1.006146709404341
595.5 0.9940349449766794
596 1.002663100499187
596.5 1.005160068899011
597 1.003751442724491
597.5 1.000867088910954
598 1.000178471633674
598.5 0.986660674549779
599 0.9891020565256649
599.5 0.9920780656286238
600 0.9997689259509822
600.5 0.9934406841770042
601 0.9992601030482116
601.5 1.005815547353568
602 1.007329274431572
602.5 0.9990854760324394
603 0.9982360688504518
603.5 1.005710857898386
604 0.9979889481883703
604.5 0.9978371931539719
605 0.9935170940039935
605.5 0.9988112878839656
606 0.9967377398182927
606.5 0.9951481567571066
607 0.9923416681152885
607.5 0.9805346958355959
608 0.99981944037175
608.5 0.9965925349693259
609 0.9947458469870148
609.5 0.9898505677816993
610 0.9912768306812315
610.5 0.9932218042161951
611 0.9948447757918651
611.5 0.995990418390322
612 0.9902387409063104
612.5 0.9980579972070543
613 1.014489704902366
613.5 1.004939000936075
614 0.9938099418944061
614.5 0.9878429716259585
615 1.015813121826476
615.5 0.9907786947891394
616 0.9892740167991644
616.5 0.9923009148034446
617 0.9957276752784374
617.5 1.013502687603689
618 1.000905494156359
618.5 0.9997990925183698
619 0.9956836123616459
619.5 0.9989179768079299
620 1.000156482277601
620.5 1.00210080621953
621 0.9899904803321422
621.5 0.9918916837695809
622 1.000002974960353
622.5 1.003141128155548
623 1.008585699829172
623.5 0.9951972006967447
624 1.012186255973051
624.5 1.020494760480421
625 1.003442756245449
625.5 1.000889467045274
626 0.9997403826940567
626.5 0.9960526124872275
627 1.002971145884807
627.5 0.9946684618688815
628 0.9963579884254667
628.5 0.9921493759331506
629 0.9954167766513562
629.5 0.9949218512381287
630 0.999502359139893
630.5 0.9898989719939544
631 1.003458829127352
631.5 1.005057996457127
632 0.9986211437845096
632.5 1.00378894503386
633 1.005376264547209
633.5 1.000232580132032
634 1.002547804187499
634.5 1.004514455238929
635 0.9983741579403299
635.5 1.001065063950703
636 0.9901605778870163
636.5 0.9923707525656907
637 1.005224087766738
637.5 0.999509526738495
638 1.002171474727484
638.5 1.00256928037215
639 0.9995640847610392
639.5 0.9983363952084482
640 0.9986391677798301
640.5 1.006471751084721
641 0.990670889466887
641.5 0.9950674631980931
642 1.000445556437728
642.5 1.000831398670986
643 1.007695033180372
643.5 0.9980065920999051
644 1.002587508883701
644.5 0.9994317591055401
645 1.004746000653151
645.5 1.003941025406414
646 1.009463766624706
646.5 0.999200005424363
647 0.9985438796627094
647.5 1.0019001067825
648 0.9970478348644419
648.5 1.008112953002806
649 0.9962527151045544
649.5 1.000421553825862
650 0.9975869872840103
650.5 1.001322666959983
651 1.009614086882094
651.5 1.002167463307739
652 0.9878418998042197
652.5 1.006447388321269
653 0.998577601474732
653.5 1.007353556974161
654 1.008648673828929
654.5 0.9973840466173346
655 1.00634610043706
655.5 1.000351084631747
656 1.010233333537913
656.5 1.013278017792593
657 1.010331827410018
657.5 0.9986625899927045
658 1.001933330398169
658.5 0.9896785244718705
659 1.017087706422583
659.5 0.9906362901940666
660 1.001841298540749
660.5 1.004404380498077
661 1.006421447562162
661.5 0.9936382043748352
662 0.9964217647566591
662.5 1.002314798980579
663 0.9934182343932747
663.5 1.000850585831087
664 1.011763567615898
664.5 0.9889826276685763
665 1.007573163747408
665.5 0.9996570432892699
666 0.9881040688482793
666.5 1.003395246181404
667 1.000572728363076
667.5 1.00938897191574
668 0.9991569986550803
668.5 1.000988767171633
669 1.001371990678443
669.5 1.002232887112707
670 1.00030192269768
670.5 0.9915460526757712
671 0.9855081613301689
671.5 1.013229663941161
672 0.9956991011489585
672.5 1.008445661702691
673 1.000082526266167
673.5 0.9947179461551366
674 0.9982794656851047
674.5 1.01253282400628
675 1.002448883225501
675.5 0.9941508856688115
676 1.009114204114152
676.5 0.9989057363186126
677 1.010060819797745
677.5 0.9938288106432291
678 1.003552398047473
678.5 0.9898819480439141
679 0.9954660229826239
679.5 0.9984489036910014
680 0.995923802551967
680.5 1.012240167087709
681 1.005651833148746
681.5 1.013735104423634
682 1.000770769351806
682.5 0.989942526735724
683 0.9989323883164901
683.5 0.994457412346481
684 0.9918336547906816
684.5 0.9997347507933896
685 0.9893983638776442
685.5 0.9926999507199016
686 1.003429524253944
686.5 1.004956126470065
687 1.008797631605154
687.5 1.00542754469479
688 0.9954970205643716
688.5 0.9987960373461663
689 0.9929389962985241
689.5 0.9994798042053538
690 1.001071456659228
690.5 0.993469673025037
691 1.010954847099757
691.5 0.9957515640776505
692 0.9931287984307006
692.5 0.9881880898513241
693 1.002033198465476
693.5 0.9972544791849677
694 0.9954931971073318
694.5 1.002210014657399
695 0.9967602481643005
695.5 0.9892632200597933
696 1.013114733366036
696.5 1.007387472715361
697 1.005097308131925
697.5 1.003174452181339
698 0.9933484614792109
698.5 1.00407191533614
699 0.9942306569354253
699.5 0.9974061619252619
700 1.015059316490213
700.5 1.010860847078935
701 0.9918687144355265
701.5 0.9976483437802366
702 0.9971404309167154
702.5 0.9927494526042263
703 1.003604866538029
703.5 0.9950660897788913
704 1.006792947701959
704.5 1.004142877051645
705 1.000318898708198
705.5 0.998822932181618
706 1.006472097781855
706.5 1.002775566927816
707 1.003274826047888
707.5 1.002404242789652
708 0.9943955072654259
708.5 1.00748530837123
709 0.999956841861506
709.5 0.9964500845915626
710 1.001060317727399
710.5 0.9817538938390579
711 1.014494379177906
711.5 1.001363722340091
712 0.9932839628197861
712.5 0.9910428630756281
713 0.9946158889707459
713.5 1.001289552533359
714 1.001000155374867
714.5 1.0122794958507
715 0.9998087845830838
715.5 0.9902751798057532
716 1.00056567226615
716.5 1.011131238596961
717 0.9981950910756968
717.5 1.006263367966284
718 0.9943543573464664
718.5 1.008843592638371
719 1.007440960075743
719.5 1.005701257015175
720 1.002909123635821
720.5 1.005925301035796
721 0.9990756966716277
721.5 1.000922297960389
722 0.9898198376558451
722.5 0.9978163202004661
723 0.9981950655320959
723.5 0.997301553666486
724 0.9979019142024004
724.5 0.9973446870494618
725 1.015130643959453
725.5 0.9983126636038575
726 0.9921145759229176
726.5 1.001272375387551
727 1.012624150546543
727.5 1.000369168698915
728 1.006818321262838
728.5 1.002304550824265
729 0.9909944155787863
729.5 0.9939359956176119
730 1.000171423122351
730.5 0.9992791547454288
731 1.00461001943862
731.5 1.000496047595576
732 1.01011558116446
732.5 1.001848367363832
733 0.9920740314278784
733.5 1.000790579813877
734 1.006360728271656
734.5 0.9929923612773274
735 0.9940672479929703
735.5 1.000380241213584
736 1.001656954943779
736.5 0.992762264532013
737 1.000344767870216
737.5 0.9946382071858432
738 0.9966661584538519
738.5 1.000157895268373
739 0.9889930937525661
739.5 1.002890487858854
740 1.001999957446687
740.5 0.9996843249851671
741 1.000258979480557
741.5 1.004565885544615
742 1.003496645300442
742.5 1.0000881601008
743 1.000620134803815
743.5 1.015230046156737
744 0.99411645988857
744.5 1.005906752535443
745 1.007481521021683
745.5 1.000359724596557
746 0.9940643494298681
746.5 1.004910707470425
747 0.9955401722812832
747.5 0.9942087913907121
748 1.001863047187143
748.5 0.9980117318852485
749 0.996365978510415
749.5 1.004924057770455
750 1.004245178912206
750.5 1.000859001632967
751 1.003618332931525
751.5 0.9954961315804829
752 1.004927877723196
752.5 1.002902141326394
753 0.9980181828364332
753.5 0.989254040255476
754 0.9870824894860197
754.5 1.000581035768837
755 0.9879002378672095
755.5 0.9952272476566305
756 0.996751284533765
756.5 0.9837130968145146
757 0.9984196015075387
757.5 1.0025210233864
758 1.014915790583693
758.5 0.9959022528909578
759 0.9974081940670166
759.5 0.9947053722452552
760 1.000608757586965
760.5 0.9910429456520106
761 1.001762913483655
761.5 0.9944110835757158
762 1.001796108067403
762.5 0.9936881440257866
763 0.9971563457932588
763.5 0.9942068685859822
764 0.9979986611295374
764.5 1.001578922558368
765 0.9998356763441475
765.5 0.9956598756046687
766 1.014358347262373
766.5 1.009407207818721
767 1.012745599867656
767.5 1.001300606661582
768 0.9994335953067367
768.5 1.013200060417963
769 0.9996138776419197
769.5 0.9933941932450612
770 1.006353746372868
770.5 0.9977020896613505
771 0.9988758890587847
771.5 1.005631371644597
772 1.006363612069607
772.5 1.007322513470201
773 0.9950556317969805
773.5 1.001941256039189
774 0.9918658470001631
774.5 0.9945630771089428
775 0.9992061326622113
775.5 1.001917817896344
776 0.9978016650437489
776.5 0.9964846453502884
777 0.994489940378765
777.5 0.9910113898020882
778 1.002952605639374
778.5 1.003600787956016
779 1.002151748852689
779.5 1.00311949868993
780 1.001737428071863
780.5 0.999073958988237
781 0.9996547286032462
781.5 1.000425319178496
782 0.9957245680947717
782.5 1.005982459620496
783 0.9918112111709878
783.5 0.9965030979265846
784 1.004300268238471
784.5 1.001368127183138
785 1.002853927134656
785.5 1.002623577052032
786 0.9989109312290783
786.5 0.9958075969056321
787 1.00717259315766
787.5 1.002898252785046
788 0.9943191726536418
788.5 1.002180429577759
789 1.001161960716436
789.5 1.002592527902616
790 0.9944613647898081
790.5 1.004470237704554
791 1.007795434683589
791.5 0.9985622857186838
792 1.006810972121904
792.5 0.9997804102681458
793 1.004180030948837
793.5 1.000399093674339
794 1.000318321206542
794.5 1.00894275439997
795 1.01076829491429
795.5 1.000597840287273
796 1.002211631055467
796.5 0.999597408851874
797 0.9948030491879397
797.5 1.000997253967028
798 1.005178988380504
798.5 1.000086566342309
799 0.9988965521429058
799.5 0.9964237341670852
800 1.000342717478931
800.5 1.001596000742143
801 0.9922076132454823
801.5 1.000985702125251
802 0.986633540025156
802.5 0.9978548840459088
803 1.000070124092374
803.5 1.000370726143543
804 0.9888103753662901
804.5 0.9944709193776834
805 1.005790205883201
805.5 0.9992371099399987
806 0.9909835849186123
806.5 0.9921905968058831
807 1.000961199775113
807.5 0.9928538442700123
808 0.9940218331702865
808.5 1.00096031240334
809 1.010839087919356
809.5 1.001682108320472
810 0.9922488901286222
810.5 1.005523182987034
811 1.00547305516451
811.5 1.005065923157433
812 0.9957608937696546
812.5 1.007125903688033
813 1.002455353033669
813.5 0.9948699539303508
814 0.9994920776381316
814.5 1.002097556559646
815 1.002163836200953
815.5 0.9999649065095872
816 0.9969188710889996
816.5 1.008136073607015
817 1.006756009871133
817.5 0.998765197068509
818 1.004354462196582
818.5 0.9931443657732563
819 0.9977632271050377
819.5 0.9947406291171852
820 1.00644143658108
820.5 1.004779454097637
821 1.010171109379182
821.5 1.001001728595086
822 1.002794426227491
822.5 1.000563813737017
823 0.9953350995826749
823.5 0.9997790184734662
824 1.005709169741899
824.5 1.001411590569759
825 1.006117138346845
825.5 1.008744278711666
826 0.9934209469273935
826.5 0.994738689769711
827 1.00846243019572
827.5 0.9994473098169171
828 0.9993816217150184
828.5 0.9952411774546833
829 0.992959661894768
829.5 1.004439249422012
830 0.9942020844203489
830.5 1.004205066723962
831 1.001297821661246
831.5 1.006571379594964
832 0.9943437924473011
832.5 0.9931779618580986
833 0.9953117203691236
833.5 0.9947935437718313
834 0.9951756148078779
834.5 1.002492457011142
835 1.005808111301624
835.5 0.9996739193879894
836 0.9952325932173289
836.5 1.002287989066108
837 1.003994039152075
837.5 1.002265844594601
838 1.015440008270504
838.5 0.9965944483067064
839 0.9961293023256439
839.5 1.004544261093247
840 0.9961702740012767
840.5 1.005283522373555
841 0.9995539055769269
841.5 0.9929810553474231
842 1.00068431458062
842.5 1.00508992803671
843 0.9980364286062067
843.5 1.001911090146374
844 0.9919390757111902
844.5 1.010755081654982
845 0.9930984746931306
845.5 1.001799998012476
846 0.9924735431739189
846.5 0.9985338361670081
847 1.000081260261001
847.5 0.9998817676306033
848 1.002918323125783
848.5 0.9990474920807553
849 1.011491139938013
849.5 1.001005631927123
850 1.003103521624552
850.5 0.9797820156116823
851 0.9948065198459685
851.5 0.995715443600291
852 0.9968101348389615
852.5 0.9937575534738176
853 1.009525821295263
853.5 0.996047800016701
854 1.002872612297865
854.5 1.002556387842245
855 0.9921546798441541
855.5 0.996018797458467
856 0.9948288743061974
856.5 0.9988661096324134
857 0.9904848944248452
857.5 0.9947823936564638
858 0.9926669593003927
858.5 1.002204379517485
859 0.9917352724425451
859.5 1.00506232057502
860 0.9996632757855261
860.5 0.9924801355864771
861 1.000640093013691
861.5 1.004432706452535
862 1.00237295088762
862.5 0.998187897664625
863 0.9965064158786825
863.5 1.012427148271913
864 1.002400889120782
864.5 1.000142680101205
865 0.9973140044206329
865.5 1.003941903609801
866 0.9915699323970568
866.5 1.003319041869092
867 0.9979734608898422
867.5 1.003605916476832
868 0.9953638263489215
868.5 1.009540870244996
869 1.00187931685432
869.5 1.002874384626873
870 0.9985956426026269
870.5 0.9988166379844921
871 0.9976702201300326
871.5 1.002061743098357
872 0.9964377836904685
872.5 1.00256624709743
873 0.9999811852367447
873.5 1.000605247791411
874 0.9987950765009929
874.5 0.9994944779626556
875 1.003844293963034
875.5 1.009484735235405
876 1.004611899463358
876.5 0.9958038795522588
877 1.007814362840899
877.5 0.9989960558042731
878 1.002374227381041
878.5 0.9924659102445529
879 1.003891484721674
879.5 0.9945841610733789
880 1.000298018476338
880.5 0.9937389090437795
881 1.002387456325378
881.5 0.9969469464472857
882 0.996621398282181
882.5 0.9963461692384451
883 1.003194316283668
883.5 0.9875779571623786
884 0.9974723898238397
884.5 1.00379419883496
885 1.005631614692154
885.5 0.9981113899523056
886 1.001868079224211
886.5 1.001658993039745
887 1.006172505770323
887.5 1.005063938281944
888 0.9995923052696474
888.5 1.006246246576678
889 0.994523845423897
889.5 0.9913298502657887
890 1.002116582678696
890.5 0.9978841897145538
891 1.009352505546348
891.5 0.9942196135612067
892 1.005124350049195
892.5 0.9985972025990304
893 0.9982640259151532
893.5 0.988132442509167
894 1.000999213664282
894.5 0.9951388004725469
895 1.002987263210351
895.5 1.005891403707723
896 1.006547336397645
896.5 0.9935748991184258
897 0.9923460158774161
897.5 0.9999808886405922
898 0.9955209377357165
898.5 1.005241589724546
899 0.9971306451985031
899.5 0.9970134094311557
900 1.002159158114743
900.5 0.9978390201397821
901 0.9990685969268299
901.5 1.000607657972131
902 1.001157184213132
902.5 1.001464776922385
903 1.001339369815838
903.5 0.9943619064677629
904 1.000417493332092
904.5 0.9950090125933924
905 1.006565047431465
905.5 0.9977497552325175
906 0.9967917402685728
906.5 0.9966681878157283
907 1.000870901671085
907.5 1.006607262760701
908 1.008796076473518
908.5 0.9984452892048846
909 1.002672498789862
909.5 0.9985441801515791
910 0.9976597246955871
910.5 1.003546971504124
911 0.9868461686824639
911.5 1.00814880300025
912 0.9945114760781911
912.5 1.004413729444834
913 0.9966274928528142
913.5 1.008426275486085
914 0.9974443348385479
914.5 0.9957225605359081
915 0.9937236491723886
915.5 1.008855035224506
916 0.9963098970193909
916.5 1.000973828436152
917 1.002766403222874
917.5 0.9911963487505637
918 0.9960577024854124
918.5 0.9951821868500572
919 1.006001641079661
919.5 0.9913302159226529
920 0.9997724174397935
920.5 1.005172170922811
921 0.9982019752528148
921.5 1.005248722216548
922 1.006850347529475
922.5 0.9978309763441225
923 1.006161945130053
923.5 0.9981935396897115
924 0.9967928543671497
924.5 0.9997648962790855
925 1.002684218742787
925.5 0.9973087661888693
926 0.9992425720872988
926.5 0.9937445683742582
927 1.008762627603548
927.5 0.9969451985814153
928 1.000844418192797
928.5 1.000197795462823
929 0.9909638727477081
929.5 0.9968018776315527
930 0.992994378050271
930.5 0.9944572384864306
931 1.001827804705244
931.5 0.9984987480716812
932 0.9954013995568167
932.5 1.000631471376328
933 0.9972452679464434
933.5 0.9992518196674158
934 0.9976666301105519
934.5 0.9968008675025359
935 0.9923795499271623
935.5 0.9933525300399664
936 0.9896575124423757
936.5 0.9766267740650192
937 0.9694146852680136
937.5 0.9738768881427328
938 0.9791292065951114
938.5 0.976842797103144
939 0.9724092549087966
939.5 0.9762488778011783
940 0.9696995515426987
940.5 0.9762301126771743
941 0.9688101894076421
941.5 0.9653546110552665
942 0.9655422248966337
942.5 0.9621403820987914
943 0.9668163068438486
943.5 0.9642101130472635
944 0.9622672625921255
944.5 0.9664223822146992
945 0.960560282177923
945.5 0.9554756964522731
946 0.954990414637566
946.5 0.9515586090533804
947 0.9474138957535617
947.5 0.9519908754194342
948 0.9428266609302792
948.5 0.9448979316467365
949 0.9359765843142661
949.5 0.9320409719738268
950 0.9360440483521076
950.5 0.9408607512050653
951 0.9473534536706354
951.5 0.9268308380463774
952 0.9339277935612992
952.5 0.9278819853226339
953 0.9283082411315262
953.5 0.9247106477229157
954 0.9272226366406821
954.5 0.926916894677588
955 0.9293988592465178
955.5 0.9208650127181829
956 0.9174198433046276
956.5 0.923685931662904
957 0.9157170956786767
957.5 0.9170007437042705
958 0.9191974918815774
958.5 0.918345179039786
959 0.9115826462497072
959.5 0.9180463693416379
960 0.9126340988902686
960.5 0.9084620824503181
961 0.9127051089472358
961.5 0.9051983820970405
962 0.8986154388258837
962.5 0.9028540072867114
963 0.8998289862345077
963.5 0.8991902385864289
964 0.8980051781405082
964.5 0.8968431136668725
965 0.8946119353990686
965.5 0.8950282541793112
966 0.8828688424156538
966.5 0.8867708052749543
967 0.8869624511051803
967.5 0.8957191039165454
968 0.8809984112853035
968.5 0.893057233800609
969 0.8980509248889527
969.5 0.8856606043935267
970 0.8797178590907782
970.5 0.8819884370483884
971 0.8827189620020729
971.5 0.8758430214270317
972 0.8705953098854752
972.5 0.8668260700398694
973 0.868910006432379
973.5 0.8734654823848333
974 0.8722184849082787
974.5 0.8658252578569799
975 0.872837183380475
975.5 0.8591598611663406
976 0.8639460972030493
976.5 0.866076415739983
977 0.8557246949247037
977.5 0.8581447007415743
978 0.8570834608400851
978.5 0.859720919016993
979 0.8562516179734566
979.5 0.8547457771376359
980 0.850982290713465
980.5 0.8544474621578159
981 0.8501220634826113
981.5 0.8428817436509778
982 0.8470530586885308
982.5 0.8410655304342793
983 0.8398256015883726
983.5 0.8401041192403641
984 0.8389678054380536
984.5 0.8355937094030098
985 0.83702330292717
985.5 0.8358721372718937
986 0.8327716484850107
986.5 0.8310434987810144
987 0.8361840733943428
987.5 0.8295617717071926
988 0.8246353321499627
988.5 0.8258227405847993
989 0.8270073268556646
989.5 0.8184619104851253
990 0.8208279532565698
990.5 0.8204180627941868
991 0.81891335154847
991.5 0.8163569183131167
992 0.821058919127751
992.5 0.817412720345572
993 0.8164112544114154
993.5 0.809150425307377
994 0.8094648107432268
994.5 0.8128627982080727
995 0.8033545220957985
995.5 0.8049355102279854
996 0.8101008385024134
996.5 0.8026315032929835
997 0.7995247638035773
997.5 0.7994310015266478
998 0.7961169011427844
998.5 0.7989682237641837
999 0.7968557496014413
999.5 0.7999347458254186
1000 0.7922120295416978
1000.5 0.7975745357797933
1001 0.7899663876707771
1001.5 0.7934478430754252
1002 0.7884098737230951
1002.5 0.778166538366343
1003 0.7768854622867766
1003.5 0.7812772698577721
1004 0.7785204044437368
1004.5 0.783404997014494
1005 0.7803022029570235
1005.5 0.7788493538818448
1006 0.779370040967818
1006.5 0.7775920536800349
1007 0.770918694737059
1007.5 0.7771666618975688
1008 0.7724694140089751
1008.5 0.7681079760705909
1009 0.7785650368990035
1009.5 0.7704249907800669
1010 0.7691447627153691
1010.5 0.7700308822812258
1011 0.761443939336565
1011.5 0.7600223384068495
1012 0.7601308069650276
1012.5 0.7579304280203125
1013 0.7631474763199388
1013.5 0.7589295956409715
1014 0.7591893969883396
1014.5 0.754640961096704
1015 0.7533471574911
1015.5 0.7422511450355554
1016 0.7507281998144797
1016.5 0.7444821663793016
1017 0.7472483082196717
1017.5 0.7452484940053336
1018 0.7385911162187465
1018.5 0.7408071013598131
1019 0.7424721978700534
1019.5 0.7416500281082553
1020 0.7372012836624123
1020.5 0.737868686969179
1021 0.7405417754974237
1021.5 0.7337821121070429
1022 0.73250259492695
1022.5 0.726455392821858
1023 0.7290156616895435
1023.5 0.7322613241938576
1024 0.7281333621183459
1024.5 0.7252801027289593
1025 0.726489937872116
1025.5 0.7233828067600989
1026 0.724777222865604
1026.5 0.7187075620832591
1027 0.7120189579805104
1027.5 0.7164757350337401
1028 0.7157974493181116
1028.5 0.7164697408339064
1029 0.7069081902002717
1029.5 0.714026788887401
1030 0.7066053811183586
1030.5 0.7088664062678898
1031 0.7106995581083444
1031.5 0.7032467964265295
1032 0.7049710011483684
1032.5 0.7026923999686777
1033 0.6999047255119709
1033.5 0.6980558837374329
1034 0.7067461820269353
1034.5 0.706008349128822
1035 0.6972754177896783
1035.5 0.7000675292842666
1036 0.7017242297783521
1036.5 0.694621597599421
1037 0.6988075299327313
1037.5 0.6952272187754728
1038 0.6953017861754868
1038.5 0.6884489660976526
1039 0.690286506120667
1039.5 0.6884643099682877
1040 0.6820165537195081
1040.5 0.6842333630716565
1041 0.6855793768153168
1041.5 0.6842181427480877
1042 0.6814362815357047
1042.5 0.6775437873030389
1043 0.6801302228391375
1043.5 0.6735518192393969
1044 0.6773207247098273
1044.5 0.6739298033360079
1045 0.6703122505985816
1045.5 0.6701901111700979
1046 0.668852453496845
1046.5 0.6650884771998994
1047 0.672106786237035
1047.5 0.669308721815885
1048 0.6672991557244827
1048.5 0.6617175161331894
1049 0.6624019945035249
1049.5 0.6685357079810126
1050 0.6617085019436848
1050.5 0.6594661066861944
1051 0.6602020396172422
1051.5 0.6553115863726379
1052 0.6589121574271828
1052.5 0.6589218091005461
1053 0.6488425849584399
1053.5 0.6475748763606139
1054 0.6551464343253721
1054.5 0.6500581460799381
1055 0.6518844276298733
1055.5 0.6508105654806806
1056 0.6473007633797866
1056.5 0.642921278482622
1057 0.6422781631600852
1057.5 0.638540678693067
1058 0.6431261823853867
1058.5 0.6385565647326568
1059 0.6371515759438884
1059.5 0.6344597560256584
1060 0.6426683644552766
1060.5 0.6376805352264751
1061 0.6315726162259383
1061.5 0.6309777750851857
1062 0.6307479070287914
1062.5 0.6334804859928931
1063 0.6261695491112068
1063.5 0.631840172834181
1064 0.6286380210950516
1064.5 0.6205229835056354
1065 0.625147590207243
1065.5 0.6233379683384919
1066 0.6224780040672808
1066.5 0.6211035684601499
1067 0.61304937048695
1067.5 0.6128184489847179
1068 0.6172683829499239
1068.5 0.6140015141318578
1069 0.6150359313980545
1069.5 0.6145464838207009
1070 0.6143139026332236
1070.5 0.6110438458751742
1071 0.6071658454171631
1071.5 0.6085922544205636
1072 0.6112410115837598
1072.5 0.6074408777264977
1073 0.6042590550433906
1073.5 0.5960936697535129
1074 0.5989974659289435
1074.5 0.6051986239276861
1075 0.6019281266493635
1075.5 0.5942506954798203
1076 0.5968403445828546
1076.5 0.5956785213737256
1077 0.5978737451186572
1077.5 0.5877850764758573
1078 0.5912283663698686
1078.5 0.5943791958510783
1079 0.5874957702428414
1079.5 0.5911471754544306
1080 0.5881017352416789
1080.5 0.5844921441328416
1081 0.5853071483630892
1081.5 0.5835622324347739
1082 0.5783791490194468
1082.5 0.5855052907430113
1083 0.5810297803853047
1083.5 0.5787778410041542
1084 0.5755811578831936
1084.5 0.578758511399717
1085 0.5744209937673229
1085.5 0.5771117621298154
1086 0.5723023835160189
1086.5 0.5692742256123285
1087 0.5708691948373777
1087.5 0.5660780813283156
1088 0.5689612015233378
1088.5 0.5660122866545351
1089 0.5661522723044676
1089.5 0.5675603668846197
1090 0.5624144532846447
1090.5 0.5598102939672659
1091 0.556668477644616
1091.5 0.5612472593531865
1092 0.5600282130512636
1092.5 0.5631368084978874
1093 0.5577434349208789
1093.5 0.5554344406893783
1094 0.5520509857002915
1094.5 0.5513834624944415
1095 0.5487596932715525
1095.5 0.5489758837115505
1096 0.5450399136490811
1096.5 0.5530824447030379
1097 0.5447292114342637
1097.5 0.5465060375565229
1098 0.5386601805612281
1098.5 0.5402281605402814
1099 0.5430560233494127
1099.5 0.5438725652513661
1100 0.5431196503974366
1100.5 0.5396389230869184
1101 0.5376807956497821
1101.5 0.5360967227325908
1102 0.5352560746832206
1102.5 0.5354786137040065
1103 0.5314889966240094
1103.5 0.5388768608775081
1104 0.5335591793956144
1104.5 0.5271928632121422
1105 0.5256748064654844
1105.5 0.5272316506988498
1106 0.5284976910252036
1106.5 0.5286111706453208
1107 0.5213992342913178
1107.5 0.5283266550001496
1108 0.5205700137642667
1108.5 0.5158988282036583
1109 0.520871912067948
1109.5 0.5201483642672395
1110 0.5164895053373917
1110.5 0.5186252518597703
1111 0.5070995129378004
1111.5 0.5086854089415516
1112 0.5118023425575288
1112.5 0.508814208047882
1113 0.5078046101453086
1113.5 0.5089890426148296
1114 0.5103760072110132
1114.5 0.5073990430790207
1115 0.505040698511147
1115.5 0.5015705189726737
1116 0.5057690457824664
1116.5 0.5049082595209911
1117 0.5026224652557233
1117.5 0.4968013736523216
1118 0.4980155942225959
1118.5 0.4911456385328772
1119 0.495204850543188
1119.5 0.4981955302940242
1120 0.4944456731671067
1120.5 0.4942692975166385
1121 0.499306469084682
1121.5 0.4876974588195168
1122 0.4968944311067376
1122.5 0.4875739009095998
1123 0.4888766211230676
1123.5 0.4815780516104032
1124 0.4872486247296753
1124.5 0.4840006520606115
1125 0.4812681759836835
1125.5 0.484746551901871
1126 0.4791643371956529
1126.5 0.4776603130829281
1127 0.4823638451015775
1127.5 0.4763057403680217
1128 0.4748999019755411
1128.5 0.476782617223886
1129 0.4749181909211418
1129.5 0.4748503862888856
1130 0.4733734836909774
1130.5 0.4770098823902699
1131 0.4689133923451738
1131.5 0.4710958138749979
1132 0.4701303296117901
1132.5 0.4644242317525722
1133 0.4611807862497326
1133.5 0.4629049696304714
1134 0.4662835737893697
1134.5 0.4660549924572868
1135 0.4579780954744754
1135.5 0.4614880867053804
1136 0.4632792967727316
1136.5 0.4595558975228675
1137 0.4597720336442594
1137.5 0.4541383907840956
1138 0.4536337044035956
1138.5 0.4538841156169416
1139 0.4537118268294977
1139.5 0.4512352931000795
1140 0.4454523577916787
1140.5 0.4502188233299533
1141 0.4497642403821888
1141.5 0.4466537716392091
1142 0.4478822437590213
1142.5 0.442501215613316
1143 0.445497190427858
1143.5 0.4457807079853942
1144 0.4428657573110493
1144.5 0.4376266572024137
1145 0.4404218362906098
1145.5 0.4370566616090044
1146 0.4361541878371123
1146.5 0.4351192206353064
1147 0.4374750975785023
1147.5 0.4378216860212287
1148 0.4362681062511907
1148.5 0.4343908903974585
1149 0.4312132116683485
1149.5 0.4316965823909188
1150 0.42839335422389
1150.5 0.4344037219732491
1151 0.4260402569583558
1151.5 0.4251836337051137
1152 0.4256988016561208
1152.5 0.4225467897271622
1153 0.4230483204387333
1153.5 0.4257829008121329
1154 0.4232846718028217
1154.5 0.4176800548575947
1155 0.4147237333462754
1155.5 0.4223621846820166
1156 0.4189529480454222
1156.5 0.4105195743394804
1157 0.4158039463019618
1157.5 0.4163205863622058
1158 0.4111776376245357
1158.5 0.4087245268327622
1159 0.4109779601094005
1159.5 0.4099399228190567
1160 0.4061712007657711
1160.5 0.4076799806850385
1161 0.4083880384611871
1161.5 0.4056881402927762
1162 0.4044990352083574
1162.5 0.4037749031621629
1163 0.4030807840835199
1163.5 0.4059992879771373
1164 0.4007574712485309
1164.5 0.4003412920184544
1165 0.4012080929233332
1165.5 0.399049935650574
1166 0.3942054424924831
1166.5 0.3931777151541776
1167 0.391835688566481
1167.5 0.391901870906245
1168 0.3907062973726288
1168.5 0.3909305982811532
1169 0.3935871916299233
1169.5 0.388131869481934
1170 0.3896859884698328
1170.5 0.3875688812265842
1171 0.3869812658641003
1171.5 0.3845848020251952
1172 0.3829184000654041
1172.5 0.3805861067325869
1173 0.3784708490240319
1173.5 0.3831046068826683
1174 0.376109492572362
1174.5 0.3802976123909526
1175 0.3783733875634512
1175.5 0.3765089098097802
1176 0.378479633622369
1176.5 0.3723227975920644
1177 0.3728958926340619
1177.5 0.3684324533148291
1178 0.3737850909171571
1178.5 0.3733271788865469
1179 0.3654836998277347
1179.5 0.3661578953732018
1180 0.3709741318277076
1180.5 0.3732280294497201
1181 0.3653265139012441
1181.5 0.365619781899567
1182 0.3620350755301284
1182.5 0.3605821431298795
1183 0.360710598061984
1183.5 0.3596938080820696
1184 0.3584135491299001
1184.5 0.3570377528840504
1185 0.3589091089263948
1185.5 0.3561573634220698
1186 0.3537438109663091
1186.5 0.3552655418278298
1187 0.3547581083382303
1187.5 0.3572469523057664
1188 0.354549108939098
1188.5 0.3490866871396474
1189 0.3525558131087704
1189.5 0.3471039966583138
1190 0.3461771105281461
1190.5 0.3464107307081272
1191 0.3460510002623391
1191.5 0.341586705012603
1192 0.3443419922069058
1192.5 0.3422517541926968
1193 0.3434489271944824
1193.5 0.3369830836885953
1194 0.3365363000103858
1194.5 0.3373648243332941
1195 0.340355614918504
1195.5 0.3380047993320746
1196 0.3366968563196797
1196.5 0.3415108556143615
1197 0.3303336881011199
1197.5 0.3324581155976776
1198 0.3315402289266263
1198.5 0.3320260906268269
1199 0.3328103043495541
1199.5 0.3312280545027054
1200 0.327013637904446
1200.5 0.3259271235096088
1201 0.325832057568263
1201.5 0.3253170806979195
1202 0.3230973485554943
1202.5 0.3214221731786052
1203 0.3199388555882293
1203.5 0.3209962652999209
1204 0.3223081332758972
1204.5 0.3181315244833185
1205 0.3179753168461831
1205.5 0.317684686617022
1206 0.3164800963433875
1206.5 0.313383068892998
1207 0.3144255929598757
1207.5 0.3151309661175897
1208 0.3096435334357348
1208.5 0.3091731171584702
1209 0.309358964603193
1209.5 0.3142634305621906
1210 0.3075254645772242
1210.5 0.3050693320861146
1211 0.3087513718074426
1211.5 0.3052454546530711
1212 0.3078693197801199
1212.5 0.3026404027830254
1213 0.3035473021158617
1213.5 0.3006278562210655
1214 0.3005925840796912
1214.5 0.2996424305950233
1215 0.3009060889700839
1215.5 0.2995996458007452
1216 0.2955575034920829
1216.5 0.2987108395623189
1217 0.2979504816310196
1217.5 0.2945394273916827
1218 0.2952995191936936
1218.5 0.2913428283117902
1219 0.2947757408016606
1219.5 0.2906548169325081
1220 0.2900750038564968
1220.5 0.2875399000981434
1221 0.2874093947167948
1221.5 0.2866629780861413
1222 0.288707191331837
1222.5 0.2843360426818458
1223 0.2863001757967454
1223.5 0.283335810239946
1224 0.2836004071306419
1224.5 0.2797429384515359
1225 0.2754876737041669
1225.5 0.2798334937447783
1226 0.2777837582679106
1226.5 0.2769073023679163
1227 0.2761880595354793
1227.5 0.2771831468508296
1228 0.2746360937923823
1228.5 0.2716006888372209
1229 0.2729334413583308
1229.5 0.2743027474614874
1230 0.2737436944024138
1230.5 0.2695431586607137
1231 0.2740218312204684
1231.5 0.2654949909017367
1232 0.267044715709553
1232.5 0.264845482878464
1233 0.263087092423646
1233.5 0.2672182355897949
1234 0.2681447419405987
1234.5 0.2648734667128992
1235 0.2649154778171629
1235.5 0.2602042191842395
1236 0.2629892371201238
1236.5 0.2571230065373893
1237 0.2629348408546866
1237.5 0.2565032980584713
1238 0.2552625931066066
1238.5 0.2628975564517141
1239 0.2553475479153465
1239.5 0.255307058932334
1240 0.2540709839002156
1240.5 0.2495961353577551
1241 0.2519093186905449
1241.5 0.2481410972948294
1242 0.2471172836112349
1242.5 0.2509087559685617
1243 0.2485298505795483
1243.5 0.2473182424020963
1244 0.2489518602678935
1244.5 0.2451657913756896
1245 0.243202550514745
1245.5 0.2431459987428728
1246 0.2410362112982865
1246.5 0.244278997059221
1247 0.2397694312197776
1247.5 0.2378682475683996
1248 0.2382176059187306
1248.5 0.235806160554415
1249 0.238839199261375
1249.5 0.2393495537346512
1250 0.2345521784667927
1250.5 0.2341520452449282
1251 0.2332026472482883
1251.5 0.2332785549011783
1252 0.2318321743026626
1252.5 0.2305874878427685
1253 0.2313999972759645
1253.5 0.2310536287233712
1254 0.2315161051953127
1254.5 0.2296167374307615
1255 0.2291109809058346
1255.5 0.2259385153508985
1256 0.2243082347405862
1256.5 0.2239687214166617
1257 0.2214636824297887
1257.5 0.2219925377030223
1258 0.220889299863976
1258.5 0.2218251031628032
1259 0.2203904889467596
1259.5 0.2172075026376094
1260 0.2153968234153336
1260.5 0.2148444125654983
1261 0.2142682125295531
1261.5 0.2155484924397639
1262 0.2142971547470698
1262.5 0.2141151785307423
1263 0.2123028705129064
1263.5 0.2111916189302951
1264 0.2110000891909857
1264.5 0.2100015683577488
1265 0.2075380328304887
1265.5 0.2063483103991212
1266 0.2039402262930488
1266.5 0.207497830563316
1267 0.2051412405832029
1267.5 0.2056245889543606
1268 0.2037717577835723
1268.5 0.2033316141148286
1269 0.1997224809088861
1269.5 0.204273402493958
1270 0.199468706245766
1270.5 0.1993844298478759
1271 0.1972664250118114
1271.5 0.199107221652203
1272 0.1964849896744548
1272.5 0.1955335013621238
1273 0.1940524576959859
1273.5 0.1960224001005258
1274 0.1931936882491714
1274.5 0.1942822076588856
1275 0.1880305943734374
1275.5 0.1921986297099544
1276 0.1894896349932977
1276.5 0.1900493286614838
1277 0.1894328271861062
1277.5 0.1877507392434408
1278 0.1858916197402388
1278.5 0.187696436025572
1279 0.1841664531324681
1279.5 0.1845959355872168
1280 0.1821361046704966
1280.5 0.1806342176560659
1281 0.1839612791851437
1281.5 0.1783041756652788
1282 0.1795454147588866
1282.5 0.1790487511200165
1283 0.179491370576398
1283.5 0.1760275894579326
1284 0.1752262480400535
1284.5 0.1751491227719328
1285 0.1731889323909617
1285.5 0.1724861830832257
1286 0.1722456563709316
1286.5 0.1728325711106929
1287 0.1707147609688213
1287.5 0.1713962304395286
1288 0.1709684724078204
1288.5 0.1697167725885209
1289 0.1681609377042215
1289.5 0.1657489055349936
1290 0.1676300289290323
1290.5 0.1645174721761718
1291 0.1623718549506072
1291.5 0.1639345100960214
1292 0.1628469703830302
1292.5 0.1628965991681525
1293 0.1602205862128014
1293.5 0.1598863520598526
1294 0.162016944636955
1294.5 0.159872831399468
1295 0.1587698444276238
1295.5 0.1580763460057168
1296 0.1555092825398156
1296.5 0.155808199459275
1297 0.1536420128567402
1297.5 0.1519553947209488
1298 0.1516410200648494
1298.5 0.1523013678338578
1299 0.1517553269902206
1299.5 0.1523797387944387
1300 0.1511979349463261
1300.5 0.1501682217017172
1301 0.148804978165993
1301.5 0.145227105847384
1302 0.146096174371256
1302.5 0.1447505893753089
1303 0.1461714991192957
1303.5 0.1445976381114623
1304 0.1436932042117301
1304.5 0.1408134623147513
1305 0.1397639446312145
1305.5 0.1411141768548403
1306 0.1380365101749219
1306.5 0.1388016090684414
1307 0.1379283986547038
1307.5 0.1370450435983701
1308 0.1355800308282517
1308.5 0.1348482253402097
1309 0.1335810738500628
1309.5 0.1337756029176519
1310 0.1329783558228027
1310.5 0.1321936734271491
1311 0.1331396792537885
1311.5 0.1299001131248056
1312 0.1284264237776943
1312.5 0.1292822032191238
1313 0.1298190143255837
1313.5 0.1281559390651262
1314 0.1272655651656834
1314.5 0.1274403982685082
1315 0.1219036969733122
1315.5 0.1249300611251964
1316 0.1221250221830336
1316.5 0.1238489365722254
1317 0.1204738770732539
1317.5 0.1201007908840665
1318 0.1197394939952913
1318.5 0.1184787579164907
1319 0.1182765414558593
1319.5 0.1186249831929688
1320 0.1174239711554259
1320.5 0.1189164294461001
1321 0.1167195352013687
1321.5 0.1147722957028413
1322 0.1130741464044435
1322.5 0.1147441516266566
1323 0.1117189358784687
1323.5 0.1108753492931267
1324 0.1116060205856243
1324.5 0.1108529106368947
1325 0.1127743390184417
1325.5 0.1090717305865549
1326 0.1074657058165146
1326.5 0.1099742984755204
1327 0.1075925485522811
1327.5 0.1082328451682745
1328 0.1079739353121
1328.5 0.1041141603479513
1329 0.1050655637477286
1329.5 0.1054512413684
1330 0.1048302398465252
1330.5 0.1034036815139836
1331 0.1031935381495218
1331.5 0.1035352219215811
1332 0.1013852709078853
1332.5 0.09977821600390151
1333 0.100363737823888
1333.5 0.1005524345551181
1334 0.0992022891105075
1334.5 0.09976488029453756
1335 0.100238816567925
1335.5 0.09745545907330226
1336 0.09685660878268829
1336.5 0.09697027536837997
1337 0.09580373605536845
1337.5 0.09686905556637516
1338 0.09475390154846638
1338.5 0.09573103464351121
1339 0.09356529652227596
1339.5 0.09253630728770151
1340 0.09409006914099184
1340.5 0.0924744787496088
1341 0.09300366151710093
1341.5 0.08951125007991233
1342 0.09196382187739874
1342.5 0.09219915481230878
1343 0.09137152617532916
1343.5 0.09207278835015381
1344 0.08803093892921647
1344.5 0.08919878879516124
1345 0.08954328090437147
1345.5 0.08717581995069558
1346 0.0880501809726397
1346.5 0.08719739280201926
1347 0.08777937492943212
1347.5 0.08580788149595799
1348 0.08522764121739126
1348.5 0.08455144775071327
1349 0.08590731686591173
1349.5 0.08378187560552393
1350 0.08339790965990791
1350.5 0.08399024727974876
1351 0.0810994142699952
1351.5 0.08310582185941845
1352 0.08058363216059999
1352.5 0.080727189542437
1353 0.08025089719397477
1353.5 0.08034106864976723
1354 0.08039908329266228
1354.5 0.07980676829362632
1355 0.07797972994425835
1355.5 0.07779448828362681
1356 0.07790730123890095
1356.5 0.07739287653476849
1357 0.07614639910173873
1357.5 0.07555970044636365
1358 0.07540862972376683
1358.5 0.07486568301032111
1359 0.07304225743075264
1359.5 0.07646972726794703
1360 0.07427769569525618
1360.5 0.07328277436269214
1361 0.07452754953765427
1361.5 0.07346001525850514
1362 0.07297385513518555
1362.5 0.07215128242653303
1363 0.07156148743376807
1363.5 0.07202445052103132
1364 0.07116227741903755
1364.5 0.06915644378971662
1365 0.07007142275422722
1365.5 0.06942228154287543
1366 0.06755831558553063
1366.5 0.07028422771453223
1367 0.06980374368949979
1367.5 0.06848732927111956
1368 0.06737137108516862
1368.5 0.06835594755068876
1369 0.06860863379327965
1369.5 0.06565979621776701
1370 0.06652879811026957
1370.5 0.06561607214943574
1371 0.06641097330990998
1371.5 0.06366979749035208
1372 0.06664665367026683
1372.5 0.06470864876322482
1373 0.06504536824848574
1373.5 0.06388880288292478
1374 0.06350046703503241
1374.5 0.06052482130197342
1375 0.06238408973306873
1375.5 0.06184259769137161
1376 0.06259298552210098
1376.5 0.0595852871253845
1377 0.06031556408922325
1377.5 0.05965340220742968
1378 0.06145362601038556
1378.5 0.06044165816867663
1379 0.05916375801120921
1379.5 0.06026157280278774
1380 0.05965311324661953
1380.5 0.05880950133611525
1381 0.05966929552178576
1381.5 0.05811983250835556
1382 0.05863071197274654
1382.5 0.05703304967346311
1383 0.05684867433638371
1383.5 0.05849342807663594
1384 0.05625606216951599
1384.5 0.05617462698786066
1385 0.05577724743703155
1385.5 0.05668445448636686
1386 0.05521831255818205
1386.5 0.0553209164205946
1387 0.0552708726129324
1387.5 0.05412378285310628
1388 0.05402388949509748
1388.5 0.05287932066131217
1389 0.05241552700252256
1389.5 0.05368447097329401
1390 0.05293732582455919
1390.5 0.0524137620382478
1391 0.05152707401063413
1391.5 0.05192435290168892
1392 0.0502520248797519
1392.5 0.05078073441926603
1393 0.05036131098842152
1393.5 0.05095965523444215
1394 0.05008780541665921
1394.5 0.04999155390943334
1395 0.04918191786519746
1395.5 0.04894583632582462
1396 0.05006481062674044
1396.5 0.04846462151495125
1397 0.04895101104208625
1397.5 0.04677309890018212
1398 0.04872090447482474
1398.5 0.04667623485400692
1399 0.04698260642529134
1399.5 0.04593058072499082
1400 0.0452192901184843
1400.5 0.04601457227572776
1401 0.04659947348395539
1401.5 0.04492341851899662
1402 0.0443143206485559
1402.5 0.04654955996131799
1403 0.04457903241059116
1403.5 0.04490468603159679
1404 0.04448578911360838
1404.5 0.04509852729983126
1405 0.04428379024769372
1405.5 0.04356919933788824
1406 0.04251925830356881
1406.5 0.04479241720130738
1407 0.04356525947030528
1407.5 0.04188573445812133
1408 0.0433850223789263
1408.5 0.04194457247628535
1409 0.041944360878256
1409.5 0.04205242006820742
1410 0.0414815796311654
1410.5 0.04042004897547867
1411 0.04069591487380948
1411.5 0.04025482238089475
1412 0.0393533258254795
1412.5 0.03991358769177502
1413 0.0403163264190327
1413.5 0.03984734473901948
1414 0.03945726561125042
1414.5 0.0382564641684164
1415 0.03973360544557336
1415.5 0.03835859693702239
1416 0.03749270568432495
1416.5 0.03898672404010579
1417 0.03739110691064533
1417.5 0.03863974770177198
1418 0.03762044376454408
1418.5 0.03888658286950458
1419 0.03689728519009851
1419.5 0.03634719816035123
1420 0.03618582434352161
1420.5 0.03559822655048497
1421 0.03626081779785961
1421.5 0.03554815872749452
1422 0.03595837879216993
1422.5 0.03537255623152405
1423 0.03493241564469069
1423.5 0.03504299497219941
1424 0.03463261914018421
1424.5 0.03501308685459082
1425 0.03470922878143282
1425.5 0.03535856401318444
1426 0.0342758753460814
1426.5 0.03290638044091672
1427 0.03294094729704029
1427.5 0.032754725548671
1428 0.03327844082117334
1428.5 0.03338931945407592
1429 0.03215926723809507
1429.5 0.0315051402689696
1430 0.03114838930390175
1430.5 0.03245501899766338
1431 0.03117172189644311
1431.5 0.03125492851982074
1432 0.03129032722087421
1432.5 0.03122083702242414
1433 0.03060859549458079
1433.5 0.03027318988314812
1434 0.03018551085246057
1434.5 0.02922361416664144
1435 0.03028591000457246
1435.5 0.02962896053134376
1436 0.02947555835717245
1436.5 0.02959720046087731
1437 0.02896102011084955
1437.5 0.03003869948347399
1438 0.02829656558659665
1438.5 0.02810678309316112
1439 0.02757726382770181
1439.5 0.0275675473340147
1440 0.02793508392147172
1440.5 0.02696380905236202
1441 0.02775505451045324
1441.5 0.02713346510748531
1442 0.02638106082354855
1442.5 0.0275187903200369
1443 0.02641964516160506
1443.5 0.02631687655090189
1444 0.02570777909921422
1444.5 0.02561500527957617
1445 0.0256815757113997
1445.5 0.02627218121351556
1446 0.02497264743610337
1446.5 0.02587135171941526
1447 0.0253864690835535
1447.5 0.02403421816007785
1448 0.02375646030838518
1448.5 0.02449504672385251
1449 0.02387271127897727
1449.5 0.0238003968749413
1450 0.02436998137345851
1450.5 0.02337719683019758
1451 0.02459648603616635
1451.5 0.02304796308139518
1452 0.02369995831447562
1452.5 0.02334067191417116
1453 0.02339871609581611
1453.5 0.02318822834337633
1454 0.02327403773500112
1454.5 0.02334123556755234
1455 0.02245685229848061
1455.5 0.02195216412966383
1456 0.02159576406520344
1456.5 0.02163625155092767
1457 0.02065410664474267
1457.5 0.02109103404488883
1458 0.02155495651412083
1458.5 0.02118163686244396
1459 0.02130492821604283
1459.5 0.02122606752537573
1460 0.02101886631662606
1460.5 0.02017933407772252
1461 0.0203762500472534
1461.5 0.02116801335077608
1462 0.01947003753520385
1462.5 0.01957558854862718
1463 0.01939774528808591
1463.5 0.01958536877665933
1464 0.01942600152026247
1464.5 0.01877446218337787
1465 0.01917168993463731
1465.5 0.01920413916990501
1466 0.01839937712381834
1466.5 0.0188233154849837
1467 0.01821981905828299
1467.5 0.01961496067197468
1468 0.01783201225521033
1468.5 0.01788335176864462
1469 0.01822461612938255
1469.5 0.01742431835167974
1470 0.01768397125435419
1470.5 0.01732827603156194
1471 0.01700017376520267
1471.5 0.01772922195785848
1472 0.01667021441504018
1472.5 0.01705575042158052
1473 0.01739569264369176
1473.5 0.01613188865864988
1474 0.01638197773470157
1474.5 0.01603805504821957
1475 0.01626089466796073
1475.5 0.01653732537177427
1476 0.01642737930945842
1476.5 0.01511551376116365
1477 0.01546386391562046
1477.5 0.01545339945040449
1478 0.01548770776479053
1478.5 0.01526252117548297
1479 0.01521644211182222
1479.5 0.01503640751415148
1480 0.01466019112990929
1480.5 0.01491795731096163
1481 0.01505946151355643
1481.5 0.01447013635780947
1482 0.01382817792277903
1482.5 0.01442392718032024
1483 0.01378285878442581
1483.5 0.01420899210128438
1484 0.01376428976156317
1484.5 0.01317819592834807
1485 0.01369254885251335
1485.5 0.01373650650924428
1486 0.0140460908960459
1486.5 0.01325781323282007
1487 0.01348769749790069
1487.5 0.01284226347877024
1488 0.01262165417923064
1488.5 0.01233955232270862
1489 0.01302809780335715
1489.5 0.0124816542636669
1490 0.01201522046194502
1490.5 0.01234167095244521
1491 0.01223662788801761
1491.5 0.01221963391701297
1492 0.01171947329379458
1492.5 0.01126387668301993
1493 0.01144934933864942
1493.5 0.01146798722548108
1494 0.01153916784213238
1494.5 0.0114351337479953
1495 0.01162873586353461
1495.5 0.01139361371935475
1496 0.01137726064471322
1496.5 0.01037415920888551
1497 0.01082974152066729
1497.5 0.01111029719524944
1498 0.01061484292409283
1498.5 0.01074710706731892
1499 0.0102438475715013
1499.5 0.01010655394072902
1500 0.009708688461527904
1500.5 0.01003228578257282
1501 0.01002560316108788
1501.5 0.009810741713877141
1502 0.009578826854350943
1502.5 0.009243264238859489
1503 0.009557427727710215
1503.5 0.009317485998754921
1504 0.009492849115076819
1504.5 0.00915822673766371
1505 0.009367994966589219
1505.5 0.009189206232599077
1506 0.009355558200662929
1506.5 0.009108075577735813
1507 0.009239811848834659
1507.5 0.009087390419879975
1508 0.008522379744560426
1508.5 0.008087027218152736
1509 0.008596971922033632
1509.5 0.008694269959643206
1510 0.008336855627773291
1510.5 0.008451335957380523
1511 0.008214470775834929
1511.5 0.007772477184635645
1512 0.007998304591821749
1512.5 0.00851448691048542
1513 0.007543497624684896
1513.5 0.008247117576882852
1514 0.007251988150135082
1514.5 0.007664980366906333
1515 0.007472470997024247
1515.5 0.007467541113604368
1516 0.007454106852834826
1516.5 0.007517221480943827
1517 0.006687957138927433
1517.5 0.006921338977440823
1518 0.006925267063397141
1518.5 0.006886782181517695
1519 0.006738162669861774
1519.5 0.006826900031230877
1520 0.006424576582821594
1520.5 0.006454187819348825
1521 0.007151577433737085
1521.5 0.006369676011809658
1522 0.006399260815949858
1522.5 0.00592260024031707
1523 0.006070473955220404
1523.5 0.006176023899319496
1524 0.006121451137750485
1524.5 0.00626048513281977
1525 0.006004107159589835
1525.5 0.005865714340275875
1526 0.005727501581921258
1526.5 0.005874816867657745
1527 0.005510324891690488
1527.5 0.005573770951727368
1528 0.005427729650618896
1528.5 0.005290248863340534
1529 0.00545409295349661
1529.5 0.004957305014415091
1530 0.00520469273364308
1530.5 0.004675319227406333
1531 0.005473225836266195
1531.5 0.005186164556804171
1532 0.004932806577999315
1532.5 0.005071147429625331
1533 0.004868122148177676
1533.5 0.004698625134867781
1534 0.004545969498831511
1534.5 0.00498318918411117
1535 0.004365750324137866
1535.5 0.004387791079445165
1536 0.0043020438904903
1536.5 0.004249542199705583
1537 0.004470292442526474
1537.5 0.004376383112663796
1538 0.003761738795837111
1538.5 0.004048470595141903
1539 0.004235747233316016
1539.5 0.004059715751234704
1540 0.003768466585483453
1540.5 0.003815465193845952
1541 0.003994168401341788
1541.5 0.003909277157767763
1542 0.003627101863142447
1542.5 0.003608312021439273
1543 0.003679900468003883
1543.5 0.003423045703361298
1544 0.003519270187957394
1544.5 0.003435010809683374
1545 0.0034737519171007
1545.5 0.003594317288579056
1546 0.003207428606259385
1546.5 0.003393424245054383
1547 0.003260484790718987
1547.5 0.003103217327844375
1548 0.003052246468355557
1548.5 0.002993184966368447
1549 0.002966801285547558
1549.5 0.0028264169183632
1550 0.002629232768915327
1550.5 0.002920389765755935
1551 0.002967284440071448
1551.5 0.002754140228121671
1552 0.002760485012651955
1552.5 0.002661341072012643
1553 0.002294739727843404
1553.5 0.002366193443630873
1554 0.002542831188551938
1554.5 0.00257356758372588
1555 0.002547649493909002
1555.5 0.002570259656582158
1556 0.002302054415044306
1556.5 0.002235998096090393
1557 0.002218428209503443
1557.5 0.002418549912164672
1558 0.002110844761547774
1558.5 0.002117542061606077
1559 0.002325388512861278
1559.5 0.002026374413008769
1560 0.002217940012095961
1560.5 0.001943469504417728
1561 0.00195827613181718
1561.5 0.001668281248019489
1562 0.001827522355764619
1562.5 0.001858394208044257
1563 0.001713111883495488
1563.5 0.001552014838579728
1564 0.0016949319793494
1564.5 0.0017977168684459
1565 0.001580980148941632
1565.5 0.001739563393813881
1566 0.001467317908013554
1566.5 0.001522167619800516
1567 0.001608804553877638
1567.5 0.001504307481973841
1568 0.001551073596598304
1568.5 0.001573932323903373
1569 0.001453768026485214
1569.5 0.001444902885300113
1570 0.00117422769949311
1570.5 0.001284485019086546
1571 0.001188581043197016
1571.5 0.00119574366032936
1572 0.001100017583350566
1572.5 0.001225858380224135
1573 0.001122330614329479
1573.5 0.001216402031355594
1574 0.001160373465375385
1574.5 0.000907198703320074
1575 0.001024877942820299
1575.5 0.0009611981495444798
1576 0.0009054726240471383
1576.5 0.001030797260985772
1577 0.0007942329445666619
1577.5 0.0008880340494675731
1578 0.0008717639213618595
1578.5 0.0008241192089750946
1579 0.0008235973668422365
1579.5 0.0008544312971677958
1580 0.0008303890271908846
1580.5 0.0007828902961190363
1581 0.0007510993801380018
1581.5 0.0006724344718717712
1582 0.0007032657407927538
1582.5 0.000562257127413168
1583 0.000608727165546903
1583.5 0.0005069523395340877
1584 0.0005533984069353665
1584.5 0.0006309434587746385
1585 0.0006850370320760934
1585.5 0.0005912498042335228
1586 0.0004742565956014172
1586.5 0.0004817275086169728
1587 0.0003960100730959613
1587.5 0.0004190406958758539
1588 0.0003567358419039054
1588.5 0.0004727649890534322
1589 0.0003485416074126287
1589.5 0.0004179868372653079
1590 0.0004022527347666003
1590.5 0.000332422965213809
1591 0.0003013104250664314
1591.5 0.0003706106215418334
1592 0.0002854996023301737
1592.5 0.0002544749093066296
1593 0.0002311956260643617
1593.5 0.0003003657307894045
1594 0.0002539961981864479
1594.5 0.0001923007030008005
1595 0.0003305498703737038
1595.5 0.0002688836145798658
1596 0.0001458739480861383
1596.5 0.0002148375029718886
1597 0.0001686952129940104
1597.5 0.0001302738050095844
1598 0.0001148755541749232
1598.5 0.0001301108609292046
1599 0.0001529758864786117
1599.5 0.000206388353174192
1600 0.0001298670174202112
1600.5 7.634464033262037e-05
1601 0.0001220751394914096
1601.5 0.0001296238587578207
1602 0.0001143026096605603
1602.5 8.376961494483142e-05
1603 4.566401731054034e-05
1603.5 6.845331605198302e-05
1604 3.800591448479029e-05
1604.5 3.038578487909275e-05
1605 2.277514190609956e-05
1605.5 5.310890296757663e-05
1606 3.03290508913803e-05
1606.5 5.304280601944589e-05
1607 2.271848734618191e-05
1607.5 2.270435673707185e-05
1608 3.781706551241778e-05
1608.5 2.26761350409336e-05
1609 1.510802928077424e-05
1609.5 2.264796593180002e-05
1610 7.544633685513692e-06
1610.5 0
1611 0
1611.5 0
1612 0
1612.5 7.521257607584176e-06
