35.4 270
35.6 1038
35.8 388
36 369
36.2 17
36.4 61
36.8 7984
37 20521
37.2 41340
37.4 42423
37.6 37243
37.8 71167
38 73681
38.2 31646
38.4 38583
38.6 34590
38.8 20552
39 26442
39.2 22688
39.4 17214
39.6 29178
39.8 15177
40 14982
40.2 17763
40.4 8240
40.6 13087
40.8 14197
41 15831
41.2 18538
41.4 16496
41.6 11443
41.8 3514
42 6765
42.2 7400
42.4 3573
42.6 1320
42.8 2713
43 1115
43.2 3424
43.4 4528
43.6 1199
43.8 1797
44 1831
44.2 1579
44.4 1251
44.6 1779
44.8 1916
45 1415
45.2 1424
45.4 1414
45.6 1057
45.8 1132
46 879
46.2 556
46.4 943
46.6 719
46.8 993
47 801
47.2 574
47.4 626
47.6 584
47.8 623
48 508
48.2 525
48.4 467
48.6 628
48.8 565
49 537
49.2 423
49.4 544
49.6 497
49.8 387
50 441
50.2 400
50.4 357
50.6 316
50.8 330
51 343
51.2 317
51.4 340
51.6 348
51.8 283
52 368
52.2 367
52.4 358
52.6 360
52.8 293
53 313
53.2 286
53.4 291
53.6 291
53.8 350
54 304
54.2 270
54.4 324
54.6 267
54.8 256
55 290
55.2 255
55.4 288
55.6 296
55.8 290
56 283
56.2 220
56.4 261
56.6 255
56.8 300
57 281
57.2 225
57.4 264
57.6 284
57.8 258
58 264
58.2 299
58.4 264
58.6 269
58.8 278
59 298
59.2 314
59.4 279
59.6 246
59.8 289
60 319
60.2 252
60.4 282
60.6 290
60.8 304
61 246
61.2 299
61.4 281
61.6 257
61.8 270
62 285
62.2 277
62.4 273
62.6 251
62.8 315
63 258
63.2 315
63.4 265
63.6 257
63.8 294
64 265
64.2 297
64.4 235
64.6 256
64.8 284
65 278
65.2 263
65.4 272
65.6 254
65.8 265
66 282
66.2 300
66.4 283
66.6 257
66.8 280
67 262
67.2 276
67.4 280
67.6 273
67.8 268
68 297
68.2 272
68.4 257
68.6 243
68.8 260
69 285
69.2 287
69.4 296
69.6 231
69.8 267
70 264
70.2 260
70.4 261
70.6 291
70.8 253
71 258
71.2 267
71.4 233
71.6 251
71.8 262
72 255
72.2 261
72.4 245
72.6 277
72.8 251
73 244
73.2 262
73.4 274
73.6 248
73.8 241
74 254
74.2 299
74.4 251
74.6 272
74.8 266
75 234
75.2 266
75.4 268
75.6 269
75.8 275
76 261
76.2 267
76.4 266
76.6 267
76.8 256
77 268
77.2 283
77.4 248
77.6 298
77.8 252
78 243
78.2 282
78.4 260
78.6 255
78.8 260
79 284
79.2 254
79.4 283
79.6 284
79.8 297
80 281
80.2 263
80.4 264
80.6 288
80.8 252
81 251
81.2 265
81.4 272
81.6 258
81.8 289
82 258
82.2 280
82.4 253
82.6 249
82.8 261
83 278
83.2 267
83.4 271
83.6 299
83.8 272
84 262
84.2 244
84.4 271
84.6 255
84.8 251
85 275
85.2 238
85.4 242
85.6 257
85.8 261
86 282
86.2 266
86.4 252
86.6 315
86.8 286
87 230
87.2 286
87.4 244
87.6 237
87.8 255
88 276
88.2 272
88.4 285
88.6 262
88.8 257
89 258
89.2 259
89.4 286
89.6 256
89.8 229
90 270
90.2 273
90.4 242
90.6 260
90.8 269
91 245
91.2 276
91.4 282
91.6 244
91.8 245
92 266
92.2 275
92.4 264
92.6 279
92.8 279
93 282
93.2 238
93.4 245
93.6 308
93.8 230
94 270
94.2 275
94.4 264
94.6 232
94.8 266
95 254
95.2 273
95.4 254
95.6 269
95.8 243
96 264
96.2 273
96.4 258
96.6 266
96.8 272
97 259
97.2 285
97.4 271
97.6 255
97.8 270
98 282
98.2 252
98.4 278
98.6 246
98.8 252
99 256
99.2 267
99.4 243
99.6 291
99.8 273
100 284
100.2 275
100.4 270
100.6 280
100.8 271
101 237
101.2 230
101.4 233
101.6 281
101.8 220
102 255
102.2 242
102.4 237
102.6 258
102.8 259
103 260
103.2 266
103.4 243
103.6 229
103.8 260
104 265
104.2 239
104.4 269
104.6 236
104.8 263
105 252
105.2 270
105.4 272
105.6 243
105.8 260
106 254
106.2 256
106.4 277
106.6 236
106.8 254
107 233
107.2 267
107.4 260
107.6 238
107.8 267
108 250
108.2 297
108.4 263
108.6 266
108.8 258
109 257
109.2 275
109.4 266
109.6 251
109.8 254
110 269
110.2 261
110.4 271
110.6 277
110.8 257
111 247
111.2 253
111.4 252
111.6 245
111.8 279
112 274
112.2 281
112.4 284
112.6 243
112.8 276
113 272
113.2 278
113.4 264
113.6 264
113.8 246
114 276
114.2 253
114.4 258
114.6 259
114.8 240
115 283
115.2 242
115.4 247
115.6 268
115.8 243
116 289
116.2 266
116.4 249
116.6 285
116.8 261
117 274
117.2 253
117.4 254
117.6 269
117.8 261
118 261
118.2 234
118.4 268
118.6 270
118.8 258
119 284
119.2 247
119.4 272
119.6 270
119.8 276
120 254
120.2 239
120.4 275
120.6 237
120.8 280
121 276
121.2 244
121.4 288
121.6 282
121.8 271
122 277
122.2 282
122.4 267
122.6 267
122.8 247
123 265
123.2 257
123.4 282
123.6 288
123.8 270
124 236
124.2 268
124.4 250
124.6 256
124.8 275
125 258
125.2 262
125.4 271
125.6 286
125.8 273
126 243
126.2 266
126.4 279
126.6 249
126.8 292
127 273
127.2 229
127.4 285
127.6 299
127.8 261
128 292
128.2 278
128.4 277
128.6 283
128.8 249
129 244
129.2 245
129.4 278
129.6 259
129.8 243
130 254
130.2 259
130.4 277
130.6 276
130.8 269
131 274
131.2 274
131.4 270
131.6 267
131.8 243
132 276
132.2 259
132.4 267
132.6 281
132.8 247
133 243
133.2 265
133.4 282
133.6 288
133.8 263
134 277
134.2 290
134.4 246
134.6 286
134.8 280
135 274
135.2 244
135.4 279
135.6 250
135.8 255
136 282
136.2 278
136.4 256
136.6 254
136.8 262
137 262
137.2 249
137.4 265
137.6 293
137.8 262
138 245
138.2 268
138.4 272
138.6 261
138.8 267
139 273
139.2 261
139.4 267
139.6 265
139.8 224
140 255
140.2 252
140.4 272
140.6 268
140.8 281
141 274
141.2 260
141.4 280
141.6 259
141.8 288
142 267
142.2 285
142.4 237
142.6 246
142.8 276
143 266
143.2 277
143.4 273
143.6 269
143.8 260
144 229
144.2 289
144.4 262
144.6 268
144.8 249
145 259
145.2 264
145.4 268
145.6 296
145.8 260
146 272
146.2 273
146.4 251
146.6 304
146.8 273
147 248
147.2 287
147.4 266
147.6 284
147.8 268
148 270
148.2 278
148.4 265
148.6 270
148.8 263
149 290
149.2 289
149.4 277
149.6 263
149.8 266
150 273
150.2 255
150.4 271
150.6 309
150.8 256
151 265
151.2 244
151.4 275
151.6 286
151.8 296
152 271
152.2 271
152.4 271
152.6 257
152.8 260
153 274
153.2 250
153.4 252
153.6 237
153.8 269
154 262
154.2 267
154.4 272
154.6 277
154.8 284
155 258
155.2 298
155.4 276
155.6 265
155.8 262
156 265
156.2 283
156.4 265
156.6 242
156.8 260
157 267
157.2 264
157.4 269
157.6 276
157.8 300
158 253
158.2 231
158.4 243
158.6 336
158.8 263
159 229
159.2 283
159.4 263
159.6 249
159.8 272
160 265
160.2 292
160.4 295
160.6 258
160.8 268
161 287
161.2 296
161.4 247
161.6 246
161.8 290
162 318
162.2 268
162.4 257
162.6 273
162.8 298
163 262
163.2 267
163.4 283
163.6 299
163.8 268
164 265
164.2 261
164.4 285
164.6 267
164.8 281
165 276
165.2 277
165.4 277
165.6 268
165.8 272
166 290
166.2 274
166.4 269
166.6 282
166.8 265
167 279
167.2 270
167.4 292
167.6 273
167.8 271
168 257
168.2 291
168.4 278
168.6 259
168.8 299
169 259
169.2 268
169.4 297
169.6 281
169.8 288
170 274
170.2 260
170.4 270
170.6 261
170.8 265
171 262
171.2 267
171.4 283
171.6 267
171.8 283
172 272
172.2 266
172.4 270
172.6 288
172.8 266
173 286
173.2 258
173.4 283
173.6 295
173.8 263
174 283
174.2 270
174.4 270
174.6 288
174.8 280
175 248
175.2 298
175.4 278
175.6 277
175.8 268
176 264
176.2 289
176.4 279
176.6 304
176.8 277
177 299
177.2 288
177.4 246
177.6 251
177.8 245
178 283
178.2 252
178.4 286
178.6 261
178.8 315
179 304
179.2 312
179.4 272
179.6 275
179.8 257
180 294
180.2 279
180.4 306
180.6 289
180.8 291
181 263
181.2 265
181.4 267
181.6 225
181.8 275
182 308
182.2 254
182.4 256
182.6 279
182.8 280
183 297
183.2 269
183.4 291
183.6 291
183.8 250
184 270
184.2 305
184.4 265
184.6 325
184.8 290
185 274
185.2 257
185.4 285
185.6 244
185.8 288
186 275
186.2 296
186.4 271
186.6 294
186.8 262
187 286
187.2 276
187.4 293
187.6 260
187.8 268
188 242
188.2 280
188.4 263
188.6 285
188.8 272
189 272
189.2 293
189.4 274
189.6 287
189.8 278
190 283
190.2 283
190.4 292
190.6 279
190.8 277
191 245
191.2 287
191.4 287
191.6 256
191.8 262
192 263
192.2 287
192.4 259
192.6 258
192.8 284
193 276
193.2 270
193.4 262
193.6 277
193.8 268
194 250
194.2 277
194.4 285
194.6 300
194.8 291
195 266
195.2 266
195.4 267
195.6 275
195.8 261
196 294
196.2 275
196.4 273
196.6 303
196.8 268
197 291
197.2 261
197.4 239
197.6 272
197.8 265
198 248
198.2 278
198.4 273
198.6 273
198.8 275
199 277
199.2 282
199.4 320
199.6 269
199.8 265
200 279
200.2 262
200.4 282
200.6 263
200.8 282
201 259
201.2 277
201.4 273
201.6 291
201.8 260
202 296
202.2 261
202.4 300
202.6 301
202.8 259
203 256
203.2 279
203.4 285
203.6 301
203.8 257
204 220
204.2 304
204.4 266
204.6 275
204.8 298
205 274
205.2 304
205.4 281
205.6 264
205.8 278
206 285
206.2 273
206.4 300
206.6 269
206.8 304
207 269
207.2 263
207.4 277
207.6 246
207.8 271
208 295
208.2 246
208.4 279
208.6 289
208.8 272
209 298
209.2 285
209.4 266
209.6 247
209.8 267
210 313
210.2 295
210.4 277
210.6 261
210.8 254
211 294
211.2 296
211.4 259
211.6 229
211.8 271
212 250
212.2 281
212.4 271
212.6 301
212.8 296
213 288
213.2 252
213.4 277
213.6 268
213.8 275
214 275
214.2 258
214.4 278
214.6 276
214.8 291
215 287
215.2 297
215.4 270
215.6 285
215.8 284
216 300
216.2 267
216.4 265
216.6 282
216.8 300
217 295
217.2 269
217.4 283
217.6 265
217.8 296
218 263
218.2 259
218.4 265
218.6 294
218.8 283
219 266
219.2 284
219.4 279
219.6 290
219.8 262
220 270
220.2 264
220.4 252
220.6 274
220.8 288
221 304
221.2 301
221.4 290
221.6 271
221.8 284
222 264
222.2 258
222.4 282
222.6 272
222.8 283
223 282
223.2 245
223.4 272
223.6 283
223.8 285
224 302
224.2 268
224.4 274
224.6 281
224.8 302
225 286
225.2 282
225.4 242
225.6 287
225.8 275
226 273
226.2 270
226.4 271
226.6 256
226.8 258
227 285
227.2 292
227.4 263
227.6 270
227.8 279
228 289
228.2 283
228.4 312
228.6 283
228.8 272
229 274
229.2 266
229.4 258
229.6 280
229.8 268
230 273
230.2 272
230.4 266
230.6 275
230.8 310
231 264
231.2 284
231.4 285
231.6 286
231.8 266
232 273
232.2 283
232.4 285
232.6 246
232.8 296
233 262
233.2 246
233.4 276
233.6 268
233.8 288
234 262
234.2 291
234.4 257
234.6 271
234.8 239
235 301
235.2 275
235.4 272
235.6 268
235.8 261
236 295
236.2 300
236.4 288
236.6 296
236.8 257
237 275
237.2 284
237.4 312
237.6 275
237.8 299
238 277
238.2 280
238.4 298
238.6 300
238.8 289
239 300
239.2 286
239.4 306
239.6 284
239.8 277
240 287
240.2 273
240.4 292
240.6 287
240.8 284
241 288
241.2 263
241.4 277
241.6 249
241.8 284
242 306
242.2 262
242.4 280
242.6 291
242.8 297
243 296
243.2 277
243.4 281
243.6 255
243.8 283
244 284
244.2 295
244.4 278
244.6 296
244.8 272
245 281
245.2 283
245.4 282
245.6 281
245.8 316
246 292
246.2 248
246.4 264
246.6 278
246.8 295
247 292
247.2 251
247.4 279
247.6 296
247.8 288
248 288
248.2 258
248.4 263
248.6 271
248.8 254
249 290
249.2 254
249.4 314
249.6 285
249.8 266
250 268
