34.8 116
35.4 5
35.6 418
35.8 124
36 648
36.2 38
36.4 224
36.6 1156
36.8 322
37 213
37.2 55
37.4 203
37.6 378
37.8 273
38 259
38.2 677
38.4 2194
38.6 504
38.8 547
39 2042
39.2 4646
39.4 1840
39.6 8556
39.8 5307
40 4679
40.2 5312
40.4 5164
40.6 2955
40.8 3594
41 2177
41.2 8462
41.4 6524
41.6 7938
41.8 5396
42 9883
42.2 9905
42.4 9380
42.6 5613
42.8 6717
43 4553
43.2 7696
43.4 4204
43.6 9949
43.8 6059
44 6484
44.2 5937
44.4 5778
44.6 4699
44.8 4406
45 5534
45.2 4737
45.4 4624
45.6 5817
45.8 4722
46 4388
46.2 4860
46.4 3814
46.6 3848
46.8 3273
47 3530
47.2 3546
47.4 3287
47.6 3153
47.8 2985
48 2556
48.2 2763
48.4 2853
48.6 2440
48.8 2617
49 2749
49.2 2192
49.4 2150
49.6 2211
49.8 1889
50 1840
50.2 2023
50.4 1934
50.6 1579
50.8 1680
51 1626
51.2 1474
51.4 1329
51.6 1316
51.8 1379
52 1052
52.2 1179
52.4 1199
52.6 1196
52.8 1059
53 1163
53.2 1159
53.4 1121
53.6 1074
53.8 1061
54 985
54.2 897
54.4 1006
54.6 1067
54.8 924
55 1105
55.2 926
55.4 931
55.6 904
55.8 890
56 877
56.2 896
56.4 840
56.6 858
56.8 766
57 860
57.2 771
57.4 849
57.6 859
57.8 797
58 756
58.2 853
58.4 773
58.6 783
58.8 794
59 804
59.2 786
59.4 790
59.6 758
59.8 756
60 762
60.2 781
60.4 779
60.6 768
60.8 762
61 732
61.2 773
61.4 787
61.6 780
61.8 759
62 735
62.2 731
62.4 677
62.6 745
62.8 769
63 738
63.2 700
63.4 784
63.6 743
63.8 757
64 711
64.2 703
64.4 729
64.6 724
64.8 739
65 701
65.2 711
65.4 704
65.6 679
65.8 748
66 738
66.2 704
66.4 706
66.6 719
66.8 695
67 749
67.2 775
67.4 698
67.6 709
67.8 736
68 713
68.2 753
68.4 701
68.6 701
68.8 744
69 748
69.2 696
69.4 722
69.6 684
69.8 758
70 710
70.2 726
70.4 724
70.6 694
70.8 660
71 734
71.2 693
71.4 673
71.6 722
71.8 693
72 702
72.2 710
72.4 743
72.6 713
72.8 721
73 723
73.2 717
73.4 704
73.6 727
73.8 686
74 758
74.2 725
74.4 725
74.6 738
74.8 649
75 745
75.2 698
75.4 682
75.6 702
75.8 663
76 710
76.2 760
76.4 724
76.6 714
76.8 709
77 680
77.2 678
77.4 681
77.6 684
77.8 731
78 704
78.2 656
78.4 736
78.6 721
78.8 708
79 735
79.2 664
79.4 715
79.6 728
79.8 728
80 682
80.2 706
80.4 673
80.6 661
80.8 705
81 714
81.2 743
81.4 691
81.6 704
81.8 727
82 690
82.2 667
82.4 706
82.6 693
82.8 687
83 717
83.2 709
83.4 699
83.6 739
83.8 727
84 702
84.2 737
84.4 726
84.6 710
84.8 702
85 746
85.2 700
85.4 678
85.6 680
85.8 689
86 735
86.2 667
86.4 733
86.6 671
86.8 687
87 696
87.2 705
87.4 749
87.6 657
87.8 738
88 684
88.2 661
88.4 714
88.6 724
88.8 704
89 645
89.2 688
89.4 666
89.6 681
89.8 746
90 716
90.2 737
90.4 780
90.6 671
90.8 682
91 656
91.2 663
91.4 736
91.6 709
91.8 681
92 731
92.2 696
92.4 677
92.6 696
92.8 656
93 675
93.2 687
93.4 670
93.6 679
93.8 702
94 675
94.2 700
94.4 687
94.6 651
94.8 683
95 669
95.2 695
95.4 710
95.6 701
95.8 707
96 683
96.2 681
96.4 665
96.6 707
96.8 704
97 681
97.2 664
97.4 725
97.6 694
97.8 682
98 675
98.2 695
98.4 639
98.6 708
98.8 679
99 723
99.2 691
99.4 671
99.6 680
99.8 720
100 723
100.2 729
100.4 750
100.6 699
100.8 725
101 699
101.2 667
101.4 691
101.6 701
101.8 711
102 717
102.2 715
102.4 644
102.6 738
102.8 686
103 740
103.2 713
103.4 677
103.6 703
103.8 694
104 681
104.2 663
104.4 710
104.6 705
104.8 684
105 701
105.2 634
105.4 725
105.6 701
105.8 710
106 690
106.2 685
106.4 659
106.6 674
106.8 652
107 647
107.2 709
107.4 727
107.6 698
107.8 708
108 689
108.2 673
108.4 740
108.6 679
108.8 714
109 689
109.2 744
109.4 763
109.6 660
109.8 666
110 680
110.2 710
110.4 653
110.6 719
110.8 686
111 626
111.2 676
111.4 682
111.6 682
111.8 717
112 686
112.2 699
112.4 685
112.6 712
112.8 724
113 714
113.2 713
113.4 689
113.6 688
113.8 695
114 745
114.2 708
114.4 709
114.6 668
114.8 738
115 697
115.2 682
115.4 688
115.6 710
115.8 732
116 705
116.2 678
116.4 706
116.6 696
116.8 732
117 653
117.2 715
117.4 681
117.6 725
117.8 689
118 735
118.2 704
118.4 746
118.6 698
118.8 679
119 671
119.2 679
119.4 743
119.6 712
119.8 706
120 721
120.2 689
120.4 704
120.6 688
120.8 730
121 699
121.2 675
121.4 738
121.6 723
121.8 694
122 764
122.2 710
122.4 705
122.6 732
122.8 692
123 709
123.2 697
123.4 688
123.6 631
123.8 703
124 728
124.2 745
124.4 656
124.6 659
124.8 706
125 739
125.2 663
125.4 762
125.6 724
125.8 690
126 761
126.2 693
126.4 688
126.6 688
126.8 657
127 695
127.2 738
127.4 719
127.6 701
127.8 729
128 694
128.2 710
128.4 714
128.6 711
128.8 703
129 698
129.2 677
129.4 683
129.6 711
129.8 711
130 706
130.2 704
130.4 707
130.6 747
130.8 712
131 716
131.2 668
131.4 642
131.6 721
131.8 726
132 720
132.2 740
132.4 721
132.6 714
132.8 725
133 731
133.2 683
133.4 744
133.6 763
133.8 769
134 673
134.2 701
134.4 739
134.6 748
134.8 700
135 719
135.2 737
135.4 637
135.6 692
135.8 651
136 726
136.2 747
136.4 682
136.6 727
136.8 703
137 701
137.2 681
137.4 726
137.6 730
137.8 734
138 718
138.2 686
138.4 703
138.6 723
138.8 674
139 739
139.2 724
139.4 742
139.6 685
139.8 709
140 732
140.2 706
140.4 710
140.6 701
140.8 745
141 711
141.2 778
141.4 721
141.6 687
141.8 697
142 712
142.2 707
142.4 702
142.6 700
142.8 703
143 736
143.2 722
143.4 684
143.6 690
143.8 709
144 722
144.2 752
144.4 677
144.6 680
144.8 738
145 698
145.2 768
145.4 734
145.6 729
145.8 743
146 685
146.2 733
146.4 754
146.6 746
146.8 714
147 671
147.2 700
147.4 735
147.6 707
147.8 697
148 690
148.2 743
148.4 681
148.6 742
148.8 749
149 717
149.2 687
149.4 709
149.6 687
149.8 713
150 723
150.2 690
150.4 731
150.6 709
150.8 677
151 747
151.2 694
151.4 718
151.6 754
151.8 691
152 753
152.2 700
152.4 683
152.6 710
152.8 726
153 760
153.2 671
153.4 721
153.6 681
153.8 772
154 686
154.2 708
154.4 725
154.6 688
154.8 708
155 671
155.2 707
155.4 768
155.6 696
155.8 723
156 749
156.2 724
156.4 706
156.6 733
156.8 720
157 721
157.2 735
157.4 737
157.6 733
157.8 744
158 679
158.2 715
158.4 706
158.6 748
158.8 726
159 691
159.2 700
159.4 694
159.6 790
159.8 680
160 719
160.2 718
160.4 696
160.6 733
160.8 672
161 709
161.2 691
161.4 714
161.6 724
161.8 693
162 733
162.2 689
162.4 721
162.6 749
162.8 727
163 716
163.2 704
163.4 713
163.6 683
163.8 711
164 752
164.2 731
164.4 712
164.6 733
164.8 767
165 671
165.2 722
165.4 700
165.6 710
165.8 767
166 707
166.2 727
166.4 721
166.6 738
166.8 680
167 771
167.2 764
167.4 682
167.6 689
167.8 740
168 699
168.2 741
168.4 723
168.6 748
168.8 768
169 754
169.2 735
169.4 726
169.6 732
169.8 738
170 717
170.2 755
170.4 713
170.6 699
170.8 733
171 748
171.2 684
171.4 713
171.6 723
171.8 727
172 760
172.2 733
172.4 695
172.6 713
172.8 766
173 710
173.2 691
173.4 713
173.6 719
173.8 710
174 744
174.2 735
174.4 739
174.6 712
174.8 672
175 718
175.2 737
175.4 700
175.6 738
175.8 691
176 728
176.2 718
176.4 759
176.6 762
176.8 720
177 730
177.2 723
177.4 752
177.6 729
177.8 752
178 682
178.2 759
178.4 701
178.6 725
178.8 751
179 727
179.2 751
179.4 740
179.6 695
179.8 722
180 717
180.2 694
180.4 718
180.6 729
180.8 744
181 673
181.2 697
181.4 750
181.6 764
181.8 739
182 746
182.2 722
182.4 725
182.6 726
182.8 740
183 752
183.2 750
183.4 737
183.6 711
183.8 714
184 741
184.2 780
184.4 687
184.6 739
184.8 737
185 687
185.2 668
185.4 676
185.6 722
185.8 765
186 698
186.2 719
186.4 751
186.6 716
186.8 705
187 776
187.2 728
187.4 665
187.6 697
187.8 725
188 712
188.2 721
188.4 767
188.6 754
188.8 761
189 728
189.2 707
189.4 700
189.6 711
189.8 726
190 701
190.2 746
190.4 702
190.6 704
190.8 773
191 767
191.2 750
191.4 722
191.6 706
191.8 723
192 777
192.2 694
192.4 712
192.6 687
192.8 741
193 714
193.2 786
193.4 734
193.6 740
193.8 754
194 711
194.2 734
194.4 783
194.6 730
194.8 752
195 678
195.2 709
195.4 711
195.6 682
195.8 710
196 723
196.2 772
196.4 673
196.6 710
196.8 709
197 733
197.2 766
197.4 753
197.6 762
197.8 747
198 727
198.2 771
198.4 728
198.6 718
198.8 711
199 691
199.2 692
199.4 707
199.6 701
199.8 719
200 732
200.2 724
200.4 755
200.6 728
200.8 711
201 703
201.2 701
201.4 730
201.6 732
201.8 712
202 722
202.2 738
202.4 734
202.6 733
202.8 725
203 702
203.2 715
203.4 755
203.6 716
203.8 696
204 737
204.2 678
204.4 739
204.6 686
204.8 705
205 678
205.2 705
205.4 733
205.6 725
205.8 751
206 763
206.2 712
206.4 722
206.6 771
206.8 723
207 733
207.2 722
207.4 733
207.6 766
207.8 695
208 705
208.2 760
208.4 704
208.6 725
208.8 721
209 764
209.2 737
209.4 712
209.6 753
209.8 718
210 737
210.2 763
210.4 720
210.6 714
210.8 735
211 764
211.2 779
211.4 702
211.6 719
211.8 770
212 705
212.2 699
212.4 700
212.6 713
212.8 688
213 688
213.2 722
213.4 718
213.6 736
213.8 703
214 726
214.2 711
214.4 725
214.6 723
214.8 719
215 703
215.2 734
215.4 738
215.6 682
215.8 701
216 694
216.2 720
216.4 694
216.6 727
216.8 732
217 711
217.2 727
217.4 731
217.6 729
217.8 722
218 752
218.2 744
218.4 718
218.6 707
218.8 693
219 691
219.2 721
219.4 699
219.6 714
219.8 734
220 663
220.2 725
220.4 703
220.6 718
220.8 687
221 724
221.2 697
221.4 698
221.6 665
221.8 722
222 660
222.2 742
222.4 746
222.6 700
222.8 709
223 718
223.2 743
223.4 742
223.6 684
223.8 687
224 694
224.2 719
224.4 702
224.6 755
224.8 747
225 738
225.2 685
225.4 738
225.6 704
225.8 709
226 689
226.2 743
226.4 727
226.6 707
226.8 705
227 715
227.2 704
227.4 684
227.6 709
227.8 743
228 694
228.2 746
228.4 702
228.6 656
228.8 708
229 663
229.2 700
229.4 698
229.6 738
229.8 731
230 670
230.2 685
230.4 705
230.6 700
230.8 778
231 701
231.2 713
231.4 718
231.6 723
231.8 729
232 687
232.2 688
232.4 701
232.6 641
232.8 669
233 661
233.2 648
233.4 670
233.6 763
233.8 716
234 742
234.2 744
234.4 678
234.6 692
234.8 655
235 721
235.2 721
235.4 703
235.6 675
235.8 731
236 670
236.2 669
236.4 701
236.6 677
236.8 673
237 698
237.2 685
237.4 695
237.6 699
237.8 720
238 704
238.2 739
238.4 746
238.6 682
238.8 698
239 635
239.2 690
239.4 637
239.6 684
239.8 660
240 691
240.2 704
240.4 665
240.6 681
240.8 696
241 644
241.2 690
241.4 701
241.6 707
241.8 676
242 662
242.2 702
242.4 663
242.6 692
242.8 670
243 705
243.2 716
243.4 715
243.6 693
243.8 697
244 642
244.2 655
244.4 678
244.6 697
244.8 686
245 697
245.2 663
245.4 689
245.6 673
245.8 670
246 658
246.2 730
246.4 646
246.6 663
246.8 688
247 668
247.2 704
247.4 687
247.6 684
247.8 708
248 654
248.2 730
248.4 718
248.6 658
248.8 708
249 687
249.2 732
249.4 715
249.6 718
249.8 619
250 684
