32.4 8
33.2 1
33.6 13
33.8 3
34 6
34.2 2719
34.4 4349
34.6 39020
34.8 35137
35 90839
35.2 232891
35.4 648060
35.6 1207923
35.8 1962147
36 2206474
36.2 2217399
36.4 2013772
36.6 1658360
36.8 1424056
37 1229956
37.2 1086820
37.4 1057297
37.6 940357
37.8 889649
38 881695
38.2 784420
38.4 681465
38.6 632569
38.8 538270
39 521742
39.2 471917
39.4 426145
39.6 446788
39.8 429487
40 404029
40.2 453981
40.4 406694
40.6 411060
40.8 370229
41 384521
41.2 382690
41.4 368422
41.6 343945
41.8 349945
42 357047
42.2 322407
42.4 301763
42.6 270743
42.8 281726
43 264914
43.2 237786
43.4 228347
43.6 209756
43.8 198189
44 194230
44.2 176527
44.4 165144
44.6 157668
44.8 144355
45 140952
45.2 139602
45.4 133345
45.6 127708
45.8 127902
46 121410
46.2 124146
46.4 121068
46.6 116539
46.8 115083
47 110402
47.2 105483
47.4 105446
47.6 101126
47.8 99510
48 96758
48.2 95643
48.4 94048
48.6 93227
48.8 91241
49 88220
49.2 88505
49.4 87364
49.6 84930
49.8 83688
50 81789
50.2 80448
50.4 80289
50.6 80116
50.8 78294
51 77086
51.2 75667
51.4 74976
51.6 73408
51.8 73147
52 72620
52.2 72346
52.4 71605
52.6 70639
52.8 71214
53 70500
53.2 69771
53.4 68868
53.6 68570
53.8 68079
54 67818
54.2 66599
54.4 66845
54.6 67153
54.8 66601
55 66331
55.2 66255
55.4 65750
55.6 65065
55.8 65626
56 65080
56.2 65268
56.4 64789
56.6 64809
56.8 64964
57 64719
57.2 64524
57.4 64740
57.6 64439
57.8 64461
58 64624
58.2 64648
58.4 64367
58.6 64524
58.8 64232
59 64238
59.2 63889
59.4 64379
59.6 63623
59.8 64389
60 64207
60.2 64107
60.4 64103
60.6 63859
60.8 64783
61 63855
61.2 64516
61.4 64250
61.6 64592
61.8 64184
62 63901
62.2 64218
62.4 63965
62.6 63771
62.8 64094
63 64299
63.2 64024
63.4 64418
63.6 63939
63.8 64300
64 64474
64.2 64476
64.4 64332
64.6 64195
64.8 64082
65 64116
65.2 64115
65.4 64494
65.6 64510
65.8 64626
66 64267
66.2 63703
66.4 64428
66.6 64324
66.8 64233
67 64062
67.2 64543
67.4 64435
67.6 64686
67.8 63805
68 64404
68.2 64841
68.4 64298
68.6 64242
68.8 64220
69 64472
69.2 64185
69.4 64803
69.6 64592
69.8 64483
70 64421
70.2 64610
70.4 64276
70.6 64601
70.8 64596
71 64754
71.2 64623
71.4 64351
71.6 64806
71.8 64672
72 64987
72.2 64826
72.4 64542
72.6 64714
72.8 64310
73 64406
73.2 64896
73.4 64907
73.6 64650
73.8 64255
74 64756
74.2 64592
74.4 64722
74.6 64938
74.8 64947
75 64358
75.2 64603
75.4 64910
75.6 64920
75.8 64825
76 64514
76.2 64313
76.4 64679
76.6 65119
76.8 64522
77 64819
77.2 64986
77.4 64655
77.6 64806
77.8 64595
78 65241
78.2 64461
78.4 64574
78.6 64389
78.8 64678
79 64979
79.2 65261
79.4 64970
79.6 64492
79.8 64951
80 65059
80.2 65086
80.4 64854
80.6 64983
80.8 65191
81 64377
81.2 64744
81.4 64953
81.6 64800
81.8 64912
82 64603
82.2 65096
82.4 65139
82.6 65050
82.8 64808
83 64655
83.2 64524
83.4 64706
83.6 64705
83.8 64582
84 64699
84.2 64901
84.4 65089
84.6 64965
84.8 64424
85 65463
85.2 64727
85.4 64595
85.6 64731
85.8 64810
86 64579
86.2 64932
86.4 64772
86.6 65006
86.8 65248
87 64844
87.2 65040
87.4 64791
87.6 64928
87.8 64686
88 64999
88.2 64780
88.4 64839
88.6 65060
88.8 64943
89 65095
89.2 65528
89.4 64881
89.6 65033
89.8 64420
90 64654
90.2 65052
90.4 64509
90.6 64549
90.8 64894
91 64997
91.2 64172
91.4 64862
91.6 64801
91.8 65093
92 64697
92.2 64886
92.4 65166
92.6 65066
92.8 65069
93 64750
93.2 64737
93.4 64877
93.6 65424
93.8 64757
94 64594
94.2 64992
94.4 64454
94.6 65099
94.8 64935
95 64769
95.2 64962
95.4 64959
95.6 65035
95.8 64819
96 65065
96.2 64940
96.4 65205
96.6 64660
96.8 64707
97 65274
97.2 65018
97.4 64588
97.6 64661
97.8 64882
98 64982
98.2 65065
98.4 65231
98.6 65407
98.8 64924
99 64737
99.2 64961
99.4 64538
99.6 65242
99.8 65116
100 64767
100.2 64584
100.4 65296
100.6 64796
100.8 64634
101 64619
101.2 64773
101.4 64545
101.6 64823
101.8 65585
102 64792
102.2 64860
102.4 64565
102.6 64880
102.8 65304
103 64255
103.2 65360
103.4 65042
103.6 64592
103.8 64653
104 64755
104.2 64741
104.4 64929
104.6 64719
104.8 64910
105 64871
105.2 65091
105.4 65139
105.6 64727
105.8 64499
106 64485
106.2 64989
106.4 65232
106.6 65401
106.8 64813
107 65111
107.2 64500
107.4 65470
107.6 64623
107.8 64415
108 65141
108.2 64902
108.4 64996
108.6 65212
108.8 64669
109 64545
109.2 64923
109.4 64504
109.6 64888
109.8 65264
110 64894
110.2 64462
110.4 64763
110.6 64703
110.8 64838
111 64414
111.2 64703
111.4 64476
111.6 64725
111.8 64589
112 65024
112.2 65470
112.4 65339
112.6 65286
112.8 65090
113 64480
113.2 64943
113.4 64675
113.6 64832
113.8 64776
114 64691
114.2 64982
114.4 65353
114.6 65206
114.8 64807
115 64788
115.2 64944
115.4 65236
115.6 65201
115.8 64470
116 64715
116.2 65143
116.4 64451
116.6 64566
116.8 65059
117 64834
117.2 64607
117.4 64931
117.6 64494
117.8 64955
118 65193
118.2 65038
118.4 64557
118.6 65051
118.8 65063
119 65342
119.2 64845
119.4 65153
119.6 64784
119.8 64752
120 64967
120.2 65218
120.4 65343
120.6 64917
120.8 64559
121 64718
121.2 64844
121.4 64826
121.6 65362
121.8 64698
122 64985
122.2 65092
122.4 65011
122.6 64986
122.8 65188
123 65234
123.2 65127
123.4 64980
123.6 64913
123.8 65399
124 64814
124.2 65346
124.4 65242
124.6 65092
124.8 64641
125 65229
125.2 65243
125.4 64585
125.6 64973
125.8 65050
126 64967
126.2 64986
126.4 65003
126.6 64770
126.8 65469
127 64840
127.2 64929
127.4 65138
127.6 64650
127.8 64808
128 64691
128.2 64858
128.4 65044
128.6 65062
128.8 64945
129 64867
129.2 65097
129.4 64788
129.6 65456
129.8 65318
130 65022
130.2 64794
130.4 65458
130.6 65056
130.8 64969
131 64730
131.2 65033
131.4 65321
131.6 64706
131.8 64808
132 64709
132.2 65183
132.4 65340
132.6 64757
132.8 64941
133 64883
133.2 64687
133.4 64673
133.6 65476
133.8 64545
134 65282
134.2 64716
134.4 64798
134.6 65000
134.8 65183
135 64635
135.2 64721
135.4 64540
135.6 64483
135.8 64965
136 64868
136.2 65185
136.4 65312
136.6 64519
136.8 65071
137 65110
137.2 64720
137.4 64872
137.6 65267
137.8 65217
138 64741
138.2 65502
138.4 65428
138.6 65117
138.8 64803
139 65086
139.2 64943
139.4 65347
139.6 64608
139.8 64675
140 64904
140.2 65106
140.4 65043
140.6 65185
140.8 65004
141 64904
141.2 64946
141.4 65359
141.6 64884
141.8 64930
142 64946
142.2 64928
142.4 64857
142.6 65081
142.8 64859
143 64957
143.2 64866
143.4 64691
143.6 65287
143.8 65002
144 64611
144.2 65118
144.4 65120
144.6 65016
144.8 64580
145 64735
145.2 64947
145.4 64963
145.6 64726
145.8 65116
146 65270
146.2 64696
146.4 64354
146.6 65193
146.8 65357
147 64586
147.2 64931
147.4 65232
147.6 64652
147.8 64700
148 64653
148.2 64850
148.4 65160
148.6 64894
148.8 64856
149 64535
149.2 65191
149.4 65227
149.6 64793
149.8 64897
150 65059
150.2 65213
150.4 65107
150.6 64875
150.8 64872
151 65202
151.2 64587
151.4 65349
151.6 64910
151.8 64734
152 64741
152.2 65108
152.4 65036
152.6 65156
152.8 64696
153 64635
153.2 65001
153.4 65253
153.6 65142
153.8 64801
154 65022
154.2 65063
154.4 65148
154.6 64830
154.8 64764
155 65395
155.2 65025
155.4 64956
155.6 64777
155.8 64787
156 64474
156.2 65549
156.4 64848
156.6 64926
156.8 65360
157 64866
157.2 65078
157.4 64654
157.6 64788
157.8 65421
158 64681
158.2 65237
158.4 65040
158.6 64500
158.8 65202
159 64699
159.2 64675
159.4 64708
159.6 64740
159.8 64872
160 64944
160.2 64543
160.4 65193
160.6 64948
160.8 65306
161 64732
161.2 65094
161.4 64494
161.6 65333
161.8 64895
162 65213
162.2 64745
162.4 65138
162.6 64955
162.8 65324
163 64991
163.2 64790
163.4 65327
163.6 64577
163.8 65402
164 64568
164.2 64708
164.4 65081
164.6 65060
164.8 65175
165 65098
165.2 64971
165.4 64674
165.6 65093
165.8 65126
166 65020
166.2 64934
166.4 65100
166.6 64850
166.8 64928
167 64565
167.2 65122
167.4 65229
167.6 65060
167.8 65705
168 65551
168.2 65060
168.4 64372
168.6 64804
168.8 65006
169 65165
169.2 64895
169.4 65114
169.6 65169
169.8 64997
170 65387
170.2 65266
170.4 64428
170.6 65315
170.8 64763
171 65065
171.2 64918
171.4 64589
171.6 65426
171.8 64748
172 65158
172.2 64883
172.4 65116
172.6 64807
172.8 65028
173 64827
173.2 64704
173.4 64919
173.6 65272
173.8 64752
174 64956
174.2 65304
174.4 65371
174.6 65583
174.8 65566
175 64878
175.2 65216
175.4 65203
175.6 64641
175.8 65297
176 65010
176.2 65075
176.4 65109
176.6 65146
176.8 65139
177 64867
177.2 64997
177.4 65378
177.6 65008
177.8 64685
178 64618
178.2 65085
178.4 65370
178.6 64932
178.8 65046
179 65048
179.2 64359
179.4 64655
179.6 65086
179.8 64633
180 64974
180.2 64679
180.4 64813
180.6 64920
180.8 65324
181 65270
181.2 65396
181.4 64855
181.6 65136
181.8 65463
182 65136
182.2 64805
182.4 64857
182.6 65333
182.8 64972
183 64855
183.2 64526
183.4 64885
183.6 64967
183.8 64672
184 65044
184.2 64743
184.4 65383
184.6 65131
184.8 64533
185 65227
185.2 65236
185.4 64589
185.6 64823
185.8 64968
186 65101
186.2 64947
186.4 65128
186.6 65155
186.8 64905
187 64857
187.2 65147
187.4 65108
187.6 64971
187.8 64939
188 65121
188.2 64869
188.4 64662
188.6 64914
188.8 65264
189 64816
189.2 64777
189.4 64973
189.6 65331
189.8 64895
190 65182
190.2 65432
190.4 64824
190.6 65045
190.8 65133
191 65227
191.2 65052
191.4 65318
191.6 65198
191.8 64944
192 65027
192.2 65212
192.4 65113
192.6 65530
192.8 65516
193 65261
193.2 65203
193.4 65340
193.6 65263
193.8 65441
194 64969
194.2 65063
194.4 65464
194.6 65227
194.8 64609
195 64923
195.2 65351
195.4 64804
195.6 64826
195.8 64870
196 65087
196.2 64504
196.4 65115
196.6 64847
196.8 64728
197 65219
197.2 65134
197.4 64736
197.6 65450
197.8 64971
198 64806
198.2 65073
198.4 64638
198.6 65287
198.8 65295
199 64628
199.2 64790
199.4 64785
199.6 64756
199.8 65354
200 65104
200.2 64756
200.4 64944
200.6 64709
200.8 64726
201 65296
201.2 64857
201.4 64751
201.6 64836
201.8 65455
202 65073
202.2 64925
202.4 64998
202.6 65647
202.8 64809
203 65032
203.2 65164
203.4 64847
203.6 64950
203.8 65552
204 64901
204.2 65148
204.4 65048
204.6 65185
204.8 64968
205 65692
205.2 64900
205.4 64469
205.6 64829
205.8 64596
206 64670
206.2 65473
206.4 64711
206.6 64952
206.8 64766
207 64962
207.2 64898
207.4 65174
207.6 65058
207.8 65140
208 64965
208.2 64930
208.4 65035
208.6 65572
208.8 65223
209 64968
209.2 65245
209.4 65537
209.6 64606
209.8 64889
210 65208
210.2 65201
210.4 64810
210.6 65326
210.8 65108
211 65096
211.2 65054
211.4 65154
211.6 64876
211.8 64801
212 64863
212.2 64551
212.4 64780
212.6 64794
212.8 64634
213 64919
213.2 64682
213.4 65147
213.6 65264
213.8 64896
214 64981
214.2 65100
214.4 65067
214.6 64979
214.8 64940
215 64729
215.2 64590
215.4 65000
215.6 64816
215.8 65234
216 65305
216.2 64723
216.4 65331
216.6 65110
216.8 64882
217 65447
217.2 64645
217.4 65215
217.6 65199
217.8 64985
218 65094
218.2 65158
218.4 64825
218.6 64647
218.8 64991
219 64837
219.2 64894
219.4 65163
219.6 64817
219.8 64981
220 65090
220.2 65002
220.4 64866
220.6 64928
220.8 64956
221 64738
221.2 64974
221.4 64843
221.6 65308
221.8 65290
222 65165
222.2 65020
222.4 64481
222.6 65554
222.8 64990
223 64644
223.2 64854
223.4 65137
223.6 64773
223.8 64832
224 65496
224.2 64782
224.4 65403
224.6 65220
224.8 64947
225 65093
225.2 64911
225.4 65177
225.6 65059
225.8 64830
226 65461
226.2 65280
226.4 65052
226.6 65304
226.8 64480
227 64944
227.2 64605
227.4 64918
227.6 65074
227.8 64990
228 65221
228.2 65623
228.4 65101
228.6 65261
228.8 64921
229 64888
229.2 65322
229.4 65359
229.6 64938
229.8 65268
230 64970
230.2 65093
230.4 65238
230.6 64942
230.8 65247
231 64804
231.2 64859
231.4 65151
231.6 65324
231.8 65251
232 65167
232.2 65088
232.4 64944
232.6 64997
232.8 65730
233 65124
233.2 65538
233.4 64994
233.6 65162
233.8 64662
234 64759
234.2 64722
234.4 65798
234.6 65070
234.8 65061
235 65391
235.2 65024
235.4 64821
235.6 65356
235.8 64773
236 65234
236.2 65136
236.4 64815
236.6 65483
236.8 65433
237 65020
237.2 65331
237.4 65044
237.6 65427
237.8 65024
238 65516
238.2 65245
238.4 65078
238.6 65147
238.8 65137
239 64748
239.2 65080
239.4 65524
239.6 64656
239.8 64826
240 65203
240.2 65295
240.4 65149
240.6 65076
240.8 65622
241 65133
241.2 65519
241.4 64888
241.6 65035
241.8 65238
242 65147
242.2 65778
242.4 65314
242.6 64545
242.8 65741
243 65144
243.2 65362
243.4 65436
243.6 65293
243.8 65491
244 65134
244.2 65462
244.4 65381
244.6 65270
244.8 65134
245 65359
245.2 65754
245.4 64652
245.6 65545
245.8 65835
246 65226
246.2 65425
246.4 64924
246.6 65461
246.8 65206
247 65223
247.2 65400
247.4 65218
247.6 65145
247.8 65116
248 65466
248.2 64823
248.4 65461
248.6 65336
248.8 65478
249 65068
249.2 65222
249.4 65536
249.6 65216
249.8 64934
250 65252
