35.2 2456
35.4 9057
35.6 1671
35.8 4143
36 10013
36.2 8476
36.4 20563
36.6 17702
36.8 9333
37 6330
37.2 18847
37.4 6257
37.6 4334
37.8 16295
38 8182
38.2 5414
38.4 8001
38.6 11354
38.8 12158
39 17854
39.2 10491
39.4 6136
39.6 9431
39.8 18130
40 6638
40.2 4449
40.4 4440
40.6 9646
40.8 4461
41 6940
41.2 3636
41.4 10444
41.6 5459
41.8 3594
42 5371
42.2 6308
42.4 3453
42.6 2744
42.8 4721
43 3668
43.2 1894
43.4 3376
43.6 2474
43.8 1975
44 2715
44.2 2646
44.4 1772
44.6 1043
44.8 1961
45 1868
45.2 1439
45.4 1525
45.6 1379
45.8 1358
46 1265
46.2 1255
46.4 1040
46.6 1335
46.8 1279
47 1116
47.2 858
47.4 1006
47.6 1017
47.8 993
48 1089
48.2 1068
48.4 900
48.6 933
48.8 951
49 910
49.2 954
49.4 928
49.6 854
49.8 780
50 1042
50.2 758
50.4 839
50.6 783
50.8 902
51 851
51.2 805
51.4 739
51.6 667
51.8 709
52 698
52.2 681
52.4 676
52.6 702
52.8 727
53 751
53.2 712
53.4 676
53.6 639
53.8 627
54 586
54.2 702
54.4 688
54.6 599
54.8 671
55 659
55.2 608
55.4 612
55.6 619
55.8 633
56 686
56.2 603
56.4 620
56.6 684
56.8 639
57 672
57.2 619
57.4 671
57.6 617
57.8 638
58 636
58.2 574
58.4 637
58.6 594
58.8 625
59 688
59.2 647
59.4 608
59.6 708
59.8 623
60 623
60.2 642
60.4 642
60.6 580
60.8 596
61 639
61.2 630
61.4 644
61.6 642
61.8 640
62 627
62.2 590
62.4 624
62.6 618
62.8 614
63 655
63.2 600
63.4 656
63.6 641
63.8 587
64 598
64.2 631
64.4 656
64.6 672
64.8 625
65 628
65.2 642
65.4 620
65.6 609
65.8 656
66 669
66.2 626
66.4 643
66.6 591
66.8 609
67 615
67.2 623
67.4 622
67.6 643
67.8 689
68 620
68.2 634
68.4 627
68.6 626
68.8 589
69 588
69.2 634
69.4 607
69.6 622
69.8 612
70 648
70.2 671
70.4 674
70.6 627
70.8 642
71 623
71.2 587
71.4 642
71.6 651
71.8 632
72 621
72.2 612
72.4 638
72.6 659
72.8 617
73 615
73.2 644
73.4 623
73.6 592
73.8 601
74 636
74.2 607
74.4 653
74.6 622
74.8 624
75 643
75.2 641
75.4 640
75.6 659
75.8 629
76 659
76.2 627
76.4 622
76.6 619
76.8 574
77 611
77.2 629
77.4 639
77.6 642
77.8 648
78 647
78.2 599
78.4 607
78.6 612
78.8 626
79 603
79.2 620
79.4 601
79.6 627
79.8 641
80 656
80.2 567
80.4 633
80.6 634
80.8 620
81 594
81.2 622
81.4 621
81.6 636
81.8 574
82 623
82.2 644
82.4 641
82.6 595
82.8 595
83 622
83.2 633
83.4 603
83.6 659
83.8 635
84 653
84.2 620
84.4 619
84.6 662
84.8 593
85 621
85.2 662
85.4 582
85.6 619
85.8 676
86 632
86.2 674
86.4 663
86.6 621
86.8 590
87 631
87.2 634
87.4 642
87.6 664
87.8 625
88 639
88.2 584
88.4 626
88.6 586
88.8 574
89 582
89.2 575
89.4 604
89.6 646
89.8 626
90 652
90.2 619
90.4 585
90.6 581
90.8 645
91 587
91.2 637
91.4 568
91.6 665
91.8 618
92 619
92.2 629
92.4 614
92.6 611
92.8 593
93 618
93.2 619
93.4 621
93.6 619
93.8 625
94 592
94.2 611
94.4 638
94.6 614
94.8 649
95 586
95.2 623
95.4 603
95.6 601
95.8 630
96 646
96.2 656
96.4 615
96.6 600
96.8 607
97 629
97.2 625
97.4 622
97.6 607
97.8 613
98 600
98.2 610
98.4 631
98.6 608
98.8 640
99 613
99.2 618
99.4 593
99.6 652
99.8 660
100 634
100.2 628
100.4 602
100.6 617
100.8 601
101 595
101.2 636
101.4 617
101.6 618
101.8 601
102 603
102.2 641
102.4 602
102.6 634
102.8 662
103 592
103.2 585
103.4 643
103.6 617
103.8 607
104 645
104.2 644
104.4 610
104.6 618
104.8 633
105 624
105.2 586
105.4 605
105.6 644
105.8 589
106 669
106.2 606
106.4 602
106.6 621
106.8 590
107 637
107.2 618
107.4 641
107.6 596
107.8 666
108 616
108.2 679
108.4 591
108.6 637
108.8 604
109 576
109.2 619
109.4 600
109.6 607
109.8 590
110 653
110.2 607
110.4 645
110.6 608
110.8 640
111 646
111.2 620
111.4 618
111.6 646
111.8 653
112 568
112.2 637
112.4 604
112.6 615
112.8 589
113 619
113.2 636
113.4 615
113.6 573
113.8 584
114 620
114.2 617
114.4 599
114.6 645
114.8 643
115 567
115.2 634
115.4 615
115.6 660
115.8 619
116 664
116.2 627
116.4 625
116.6 588
116.8 635
117 619
117.2 634
117.4 583
117.6 650
117.8 634
118 647
118.2 638
118.4 610
118.6 658
118.8 627
119 630
119.2 649
119.4 596
119.6 628
119.8 631
120 614
120.2 605
120.4 617
120.6 583
120.8 649
121 640
121.2 637
121.4 628
121.6 672
121.8 638
122 589
122.2 572
122.4 644
122.6 640
122.8 596
123 592
123.2 682
123.4 621
123.6 635
123.8 671
124 647
124.2 619
124.4 634
124.6 632
124.8 653
125 645
125.2 615
125.4 633
125.6 589
125.8 592
126 612
126.2 638
126.4 632
126.6 623
126.8 617
127 632
127.2 600
127.4 623
127.6 619
127.8 599
128 635
128.2 635
128.4 604
128.6 630
128.8 619
129 610
129.2 661
129.4 581
129.6 630
129.8 613
130 628
130.2 670
130.4 622
130.6 609
130.8 652
131 599
131.2 622
131.4 674
131.6 597
131.8 638
132 603
132.2 634
132.4 607
132.6 598
132.8 638
133 601
133.2 626
133.4 615
133.6 687
133.8 623
134 588
134.2 639
134.4 603
134.6 647
134.8 647
135 606
135.2 625
135.4 630
135.6 648
135.8 611
136 624
136.2 604
136.4 655
136.6 632
136.8 621
137 632
137.2 599
137.4 598
137.6 637
137.8 614
138 620
138.2 609
138.4 622
138.6 635
138.8 653
139 605
139.2 605
139.4 615
139.6 664
139.8 625
140 614
140.2 586
140.4 646
140.6 661
140.8 652
141 621
141.2 630
141.4 609
141.6 661
141.8 612
142 642
142.2 639
142.4 617
142.6 621
142.8 669
143 582
143.2 602
143.4 686
143.6 586
143.8 611
144 635
144.2 608
144.4 640
144.6 637
144.8 575
145 637
145.2 572
145.4 612
145.6 646
145.8 640
146 625
146.2 616
146.4 614
146.6 638
146.8 611
147 597
147.2 581
147.4 605
147.6 614
147.8 614
148 579
148.2 633
148.4 593
148.6 600
148.8 606
149 605
149.2 584
149.4 615
149.6 598
149.8 633
150 597
150.2 604
150.4 636
150.6 619
150.8 642
151 602
151.2 571
151.4 625
151.6 584
151.8 585
152 592
152.2 606
152.4 617
152.6 639
152.8 612
153 593
153.2 612
153.4 607
153.6 603
153.8 631
154 601
154.2 599
154.4 561
154.6 602
154.8 643
155 612
155.2 630
155.4 612
155.6 621
155.8 630
156 627
156.2 597
156.4 591
156.6 630
156.8 656
157 624
157.2 621
157.4 609
157.6 601
157.8 624
158 647
158.2 621
158.4 635
158.6 615
158.8 648
159 585
159.2 605
159.4 597
159.6 581
159.8 597
160 631
160.2 616
160.4 656
160.6 640
160.8 596
161 628
161.2 599
161.4 647
161.6 646
161.8 628
162 603
162.2 591
162.4 626
162.6 625
162.8 609
163 624
163.2 635
163.4 610
163.6 622
163.8 604
164 607
164.2 635
164.4 570
164.6 562
164.8 595
165 600
165.2 577
165.4 605
165.6 610
165.8 614
166 620
166.2 563
166.4 621
166.6 585
166.8 636
167 628
167.2 625
167.4 607
167.6 630
167.8 645
168 642
168.2 600
168.4 644
168.6 611
168.8 596
169 623
169.2 639
169.4 596
169.6 604
169.8 610
170 627
170.2 609
170.4 624
170.6 589
170.8 620
171 596
171.2 642
171.4 602
171.6 591
171.8 628
172 664
172.2 614
172.4 651
172.6 649
172.8 661
173 590
173.2 567
173.4 615
173.6 606
173.8 613
174 599
174.2 596
174.4 627
174.6 661
174.8 622
175 657
175.2 608
175.4 595
175.6 605
175.8 594
176 620
176.2 628
176.4 603
176.6 615
176.8 616
177 620
177.2 651
177.4 633
177.6 639
177.8 592
178 622
178.2 566
178.4 633
178.6 640
178.8 572
179 590
179.2 597
179.4 626
179.6 583
179.8 623
180 575
180.2 642
180.4 653
180.6 625
180.8 629
181 661
181.2 643
181.4 643
181.6 634
181.8 650
182 579
182.2 661
182.4 618
182.6 617
182.8 604
183 633
183.2 628
183.4 655
183.6 640
183.8 629
184 623
184.2 638
184.4 610
184.6 563
184.8 618
185 633
185.2 603
185.4 601
185.6 667
185.8 621
186 652
186.2 582
186.4 629
186.6 628
186.8 583
187 635
187.2 653
187.4 625
187.6 600
187.8 626
188 614
188.2 590
188.4 605
188.6 600
188.8 582
189 565
189.2 627
189.4 603
189.6 581
189.8 614
190 602
190.2 624
190.4 599
190.6 595
190.8 614
191 612
191.2 664
191.4 642
191.6 618
191.8 638
192 626
192.2 637
192.4 641
192.6 592
192.8 603
193 625
193.2 589
193.4 623
193.6 644
193.8 631
194 669
194.2 631
194.4 619
194.6 683
194.8 621
195 614
195.2 650
195.4 621
195.6 636
195.8 597
196 663
196.2 657
196.4 651
196.6 616
196.8 603
197 644
197.2 571
197.4 603
197.6 580
197.8 618
198 627
198.2 663
198.4 622
198.6 693
198.8 654
199 583
199.2 598
199.4 641
199.6 623
199.8 631
200 640
200.2 662
200.4 609
200.6 635
200.8 630
201 594
201.2 686
201.4 636
201.6 612
201.8 662
202 628
202.2 606
202.4 648
202.6 631
202.8 585
203 561
203.2 552
203.4 674
203.6 626
203.8 614
204 633
204.2 607
204.4 648
204.6 655
204.8 626
205 631
205.2 646
205.4 640
205.6 667
205.8 601
206 656
206.2 592
206.4 681
206.6 601
206.8 628
207 591
207.2 616
207.4 638
207.6 593
207.8 633
208 641
208.2 605
208.4 585
208.6 648
208.8 667
209 599
209.2 554
209.4 638
209.6 606
209.8 640
210 599
210.2 674
210.4 644
210.6 620
210.8 624
211 627
211.2 641
211.4 583
211.6 705
211.8 615
212 611
212.2 628
212.4 648
212.6 589
212.8 630
213 606
213.2 618
213.4 631
213.6 607
213.8 648
214 593
214.2 643
214.4 629
214.6 647
214.8 661
215 639
215.2 591
215.4 620
215.6 645
215.8 608
216 652
216.2 615
216.4 662
216.6 606
216.8 614
217 681
217.2 652
217.4 613
217.6 636
217.8 688
218 616
218.2 630
218.4 603
218.6 586
218.8 594
219 684
219.2 629
219.4 629
219.6 611
219.8 670
220 657
220.2 685
220.4 600
220.6 610
220.8 623
221 655
221.2 619
221.4 651
221.6 633
221.8 613
222 635
222.2 637
222.4 633
222.6 610
222.8 670
223 617
223.2 610
223.4 630
223.6 635
223.8 605
224 647
224.2 579
224.4 649
224.6 643
224.8 594
225 665
225.2 620
225.4 628
225.6 646
225.8 592
226 611
226.2 663
226.4 581
226.6 610
226.8 621
227 598
227.2 671
227.4 646
227.6 638
227.8 586
228 573
228.2 636
228.4 603
228.6 618
228.8 585
229 632
229.2 592
229.4 626
229.6 606
229.8 645
230 618
230.2 600
230.4 636
230.6 597
230.8 612
231 605
231.2 608
231.4 665
231.6 622
231.8 594
232 584
232.2 593
232.4 617
232.6 620
232.8 634
233 676
233.2 627
233.4 640
233.6 659
233.8 577
234 613
234.2 595
234.4 660
234.6 623
234.8 615
235 629
235.2 636
235.4 583
235.6 612
235.8 618
236 653
236.2 598
236.4 615
236.6 607
236.8 627
237 589
237.2 576
237.4 654
237.6 615
237.8 644
238 572
238.2 611
238.4 649
238.6 613
238.8 625
239 638
239.2 642
239.4 567
239.6 629
239.8 642
240 552
240.2 606
240.4 638
240.6 579
240.8 619
241 619
241.2 597
241.4 608
241.6 585
241.8 602
242 653
242.2 615
242.4 622
242.6 669
242.8 604
243 581
243.2 640
243.4 640
243.6 621
243.8 595
244 633
244.2 608
244.4 588
244.6 626
244.8 590
245 554
245.2 634
245.4 638
245.6 628
245.8 574
246 617
246.2 594
246.4 608
246.6 628
246.8 596
247 634
247.2 654
247.4 616
247.6 604
247.8 637
248 594
248.2 620
248.4 634
248.6 593
248.8 620
249 596
249.2 619
249.4 592
249.6 643
249.8 632
250 636
