0.00337202 1.12078
0.00476876 1.13295
0.00584051 1.1304
0.00674405 1.1485
0.00953752 1.13568
0.0101161 1.1473
0.011681 1.13752
0.0134881 1.13128
0.0143063 1.13504
0.0168601 1.14119
0.0175215 1.12446
0.019075 1.13509
0.0202321 1.12689
0.0233621 1.13216
0.0236042 1.12812
0.0238438 1.12297
0.0269762 1.11886
0.0286126 1.11935
0.0292026 1.12285
0.0303482 1.10816
0.0333813 1.09506
0.0337202 1.10138
0.0350431 1.10386
0.0370922 1.09565
0.0381501 1.09787
0.0404643 1.10362
0.0408836 1.10128
0.0429188 1.08259
0.0438363 1.08895
0.0467241 1.07426
0.0472083 1.06184
0.0476876 1.08174
0.0505803 1.06502
0.0524564 1.0697
0.0525646 1.05827
0.0539524 1.05805
0.0572251 1.04193
0.0573244 1.04501
0.0584051 1.05041
0.0606964 1.03431
0.0619939 1.03367
0.0640684 1.02514
0.0642457 1.03671
0.0667626 1.03353
0.0674405 1.02171
0.0700862 1.02238
0.0708125 1.02985
0.0715314 1.01691
0.0741845 1.0092
0.0759267 1.00896
0.0763002 1.0147
0.0775565 0.994082
0.0809285 1.0046
0.0810689 1.00593
0.0817672 1.00282
0.0843006 0.985316
0.0858377 0.98658
0.0876077 0.98537
0.0876726 0.989405
0.0906064 0.989233
0.0910446 0.976856
0.0934482 0.966579
0.0944166 0.98495
0.0953752 0.971285
0.0977887 0.987537
0.0992887 0.968856
0.100144 0.982008
0.101161 0.983143
0.104533 0.964905
0.104913 0.968539
0.105129 0.968456
0.107905 0.962046
0.109681 0.97335
0.11097 0.972757
0.111277 0.961828
0.11445 0.968084
0.114649 0.957739
0.11681 0.966356
0.118021 0.965091
0.119219 0.972478
0.121393 0.956913
0.122651 0.966097
0.123988 0.966865
0.124765 0.968341
0.128137 0.963848
0.128491 0.974441
0.128757 0.957352
0.131509 0.97358
0.133525 0.968174
0.134332 0.978375
0.134881 0.967458
0.138253 0.973931
0.138294 0.978302
0.140172 0.975924
0.141625 0.980712
0.143063 0.970947
0.144997 0.980312
0.146013 0.975105
0.147832 0.983981
0.148369 0.983532
0.151741 0.993331
0.151853 0.98699
0.1526 0.987952
0.155113 0.985033
0.157369 0.997978
0.157694 0.988712
0.158485 0.987524
0.161857 1.01371
0.162138 0.993882
0.163534 1.005
0.165229 0.984707
0.166907 1.00367
0.168601 1.00993
0.169375 1.0147
0.171675 1.01356
0.171973 1.00742
0.175215 1.01078
0.175345 0.993372
0.176444 1.00814
0.178717 1.00028
0.181056 1.00057
0.181213 1.01775
0.182089 1.02099
0.185461 1.01852
0.185982 1.01129
0.186896 1.00779
0.188833 1.02364
0.19075 1.02539
0.192205 1.03191
0.192737 1.0066
0.195519 1.024
0.195577 1.01519
0.198577 1.02211
0.198949 1.02379
0.200288 1.01776
0.202321 1.01352
0.204418 1.01653
0.205057 1.0247
0.205693 1.02555
0.209065 1.0004
0.209825 1.01147
0.210259 1.00719
0.212437 1.01275
0.214594 1.01446
0.215809 1.01783
0.216099 1.01183
0.219181 1.01768
0.219363 1.01944
0.22194 1.01211
0.222553 1.02987
0.224132 1.0176
0.225926 1.01082
0.22778 1.01039
0.2289 1.01933
0.229298 1.01266
0.23267 1.00256
0.233621 1.01611
0.233669 1.00785
0.236042 0.988881
0.238438 1.01319
0.239414 0.999855
0.239461 1.00555
0.242786 0.995993
0.243207 0.999642
0.245302 1.01427
0.246158 0.997653
0.247976 0.988811
0.24953 1.00482
0.251142 0.991664
0.252744 1.00096
0.252902 1.00737
0.256274 1.01683
0.256983 1.00083
0.257513 1.00266
0.259646 0.997866
0.262282 0.984072
0.262823 0.986149
0.263018 0.989874
0.26639 0.983329
0.267051 1.00037
0.268664 0.991731
0.269762 0.996971
0.271819 0.989993
0.273134 0.975431
0.274504 0.994137
0.276506 1.00101
0.276588 0.992122
0.279878 0.992162
0.280345 0.988061
0.281357 0.991232
0.28325 0.983568
0.286126 0.988119
0.286185 0.988506
0.286622 1.00868
0.289994 0.990327
0.290894 0.989316
0.292026 0.987354
0.293366 0.983777
0.295663 0.994199
0.296738 0.988188
0.297866 0.992608
0.30011 0.992072
0.300432 0.977581
0.303482 0.99332
0.303707 0.987522
0.305201 0.984412
0.306854 0.983925
0.309547 0.995611
0.309969 1.00199
0.310226 0.99196
0.313598 0.991044
0.314738 0.99088
0.315388 0.988566
0.31697 0.985272
0.319507 0.996277
0.320342 0.988631
0.321228 0.987744
0.323714 1.00677
0.324276 0.995619
0.327069 0.989608
0.327086 0.986204
0.329044 1.00527
0.330458 1.01287
0.332909 0.990245
0.333813 0.997717
0.33383 0.988378
0.337202 0.99344
0.338582 0.99216
0.33875 1.0035
0.340574 0.996811
0.343351 1.00528
0.343946 0.999199
0.34459 1.0059
0.347318 1.011
0.348119 1.00163
0.350431 1.00648
0.35069 1.00109
0.352888 1.00246
0.354062 1.00081
0.356271 1.00207
0.357434 1.0038
0.357657 1.00643
0.360806 1.00231
0.362112 1.00583
0.362426 1.00992
0.364178 1.01922
0.367195 1.01896
0.36755 0.996424
0.367952 1.00704
0.370922 1.01303
0.371963 1.01691
0.373793 1.00048
0.374295 1.01712
0.376732 1.00236
0.377667 1.00384
0.379633 1.00898
0.381039 0.98558
0.381501 1.00302
0.384411 1.01626
0.385474 1.00421
0.38627 1.00108
0.387783 0.999131
0.391038 1.00019
0.391155 1.00896
0.391314 1.00609
0.394527 1.00308
0.395807 1.01736
0.397155 1.00228
0.397899 1.00481
0.400576 1.00308
0.401271 0.994033
0.402996 1.01644
0.404643 1.00828
0.405345 1.00359
0.408015 1.00045
0.408836 1.00317
0.410113 1.00143
0.411387 0.981702
0.414677 0.990842
0.414759 1.00324
0.414882 1.00933
0.418131 0.999471
0.419651 1.0017
0.420517 0.995797
0.421503 1.00104
0.42442 1.00938
0.424875 1.00938
0.426358 0.997406
0.428247 1.00479
0.429188 0.994979
0.431619 0.996867
0.432198 0.994155
0.433957 0.99739
0.434991 0.998778
0.438039 0.999491
0.438363 0.988116
0.438726 0.986773
0.441735 0.986828
0.443495 1.00196
0.443879 1.00054
0.445107 0.998071
0.448263 0.994064
0.448479 0.993161
0.44972 0.985614
0.451851 0.986008
0.453032 0.990396
0.455223 1.00134
0.45556 0.993053
0.457801 0.990394
0.458595 1.0002
0.461401 0.995073
0.461967 0.99923
0.46257 0.991197
0.465339 0.981671
0.467241 0.998995
0.467338 0.990306
0.468711 0.989453
0.472083 0.994861
0.472107 0.984634
0.473082 0.985835
0.475455 1.00872
0.476876 0.997797
0.478827 0.993845
0.478922 0.998601
0.481645 0.998677
0.482199 0.994775
0.484763 0.993595
0.485571 0.987155
0.486414 0.992704
0.488943 0.991264
0.490603 0.993117
0.491182 1.00329
0.492315 1.00334
0.495687 0.999212
0.495951 1.00542
0.496444 0.999359
0.499059 0.982359
0.50072 0.99647
0.502284 1.00442
0.502431 0.994673
0.505489 0.999144
0.505803 0.989715
0.508125 0.99872
0.509175 1.00746
0.510257 1.00993
0.512547 1.00412
0.513965 1.00456
0.515026 1.00639
0.515919 1.00385
0.519291 1.01463
0.519795 0.997917
0.519806 0.996933
0.522664 1.00291
0.524564 1.00611
0.525646 1.00051
0.526036 1.00348
0.529332 0.986297
0.529408 1.0001
0.531487 1.01465
0.53278 1.005
0.534101 1.00737
0.536152 1.00996
0.537327 0.999131
0.53887 1.00475
0.539524 1.01045
0.542896 1.00421
0.543168 1.01138
0.543639 1.00385
0.546268 1.00387
0.548407 1.0043
0.549008 1.00685
0.54964 1.01184
0.553012 1.01041
0.553176 1.00931
0.554849 1.01244
0.556384 1.01255
0.557945 1.00376
0.559756 0.993554
0.560689 0.988567
0.562714 0.994996
0.563128 1.00555
0.5665 1.0015
0.56653 1.01464
0.567482 1.00507
0.569872 0.995953
0.572251 1.00595
0.57237 1.00726
0.573244 1.00515
0.576616 1.01395
0.57702 1.00126
0.578211 1.01412
0.579988 1.00376
0.581789 1.0015
0.58336 1.00149
0.584051 1.01179
0.586558 0.9996
0.586732 1.00203
0.589892 1.00429
0.590104 1.00821
0.591326 0.998956
0.593476 0.991631
0.595732 1.00001
0.596095 0.988826
0.596848 0.997181
0.60022 0.985802
0.600864 1.00587
0.601573 0.997774
0.603592 1.00597
0.605633 0.995219
0.606964 0.998485
0.607414 0.995688
0.610336 1.00738
0.610401 0.994687
0.613254 0.997687
0.613708 0.984953
0.61517 1.00043
0.61708 0.989698
0.619095 0.99026
0.619939 0.981308
0.620452 1.00535
0.623824 0.991001
0.624708 0.988782
0.624935 0.9951
0.627196 0.993689
0.629476 0.993957
0.630568 1.00786
0.630776 0.993846
0.63394 0.995989
0.634245 0.993424
0.636616 0.999674
0.637312 0.991331
0.639014 1.00102
0.640684 0.998173
0.642457 0.997286
0.643783 1.00317
0.644056 0.993557
0.647428 0.999103
0.648297 0.9862
0.648551 0.994815
0.6508 0.990849
0.65332 0.992088
0.654138 1.00004
0.654172 0.985565
0.657544 0.999732
0.658089 1.0073
0.659978 0.991103
0.660916 1.00694
0.662858 0.996941
0.664288 1.0005
0.665819 1.00091
0.667626 0.991369
0.66766 0.987363
0.671033 0.989351
0.671659 1.00357
0.672395 0.998373
0.674405 0.995858
0.677164 0.992206
0.6775 1.00265
0.681933 1.0033
0.68334 0.994494
0.686701 1.01084
0.689181 1.00828
0.69147 1.00277
0.695021 0.996557
0.696239 0.99891
0.700862 0.99877
0.701008 1.00345
0.705777 1.00299
0.706702 1.00541
0.710545 1.01022
0.712543 1.00742
0.715314 0.997634
0.718383 1.00474
0.720083 1.0032
0.724224 0.992303
0.724852 1.00802
0.72962 1.00554
0.730064 1.00076
0.734389 1.01167
0.735905 1.0141
0.739158 0.995415
0.741745 1.00941
0.743927 1.00147
0.747586 1.00828
0.748695 0.98914
0.753426 1.00222
0.753464 1.00117
0.758233 0.995382
0.759267 0.999371
0.763002 0.994656
0.765107 0.996848
0.76777 1.0034
0.770948 0.994747
0.772539 0.998533
0.776788 1.00232
0.777308 0.992767
0.782077 1.00071
0.782629 0.99368
0.786845 1.00704
0.788469 1.002
0.791614 1.00289
0.79431 1.00376
0.796383 0.999019
0.80015 0.992083
0.801152 1.00799
0.80592 0.987845
0.805991 0.998133
0.810689 0.99728
0.811832 1.00565
0.815458 1.00122
0.817672 0.991458
0.820227 0.996248
0.823513 0.991637
0.824996 1.002
0.829353 0.989628
0.829764 1.00032
0.834533 1.00123
0.835194 0.997415
0.839302 0.996805
0.841034 0.992745
0.844071 0.99909
0.846875 1.00047
0.848839 0.99336
0.852715 1.0062
0.853608 1.0125
0.858377 0.994311
0.858556 1.00175
0.863146 0.994642
0.864396 0.99332
0.867914 0.996561
0.870237 0.989469
0.872683 1.01572
0.876077 0.996804
0.877452 0.997928
0.881918 1.00709
0.882221 1.00055
0.886989 1.00149
0.887758 0.995527
0.891758 1.00216
0.893599 1.0105
0.896527 1.00306
0.899439 1.00193
0.901296 0.993216
0.90528 1.00026
0.906064 1.0005
0.910833 0.994519
0.91112 0.996635
0.915602 0.996594
0.916961 0.995423
0.920371 1.00618
0.922801 1.00792
0.925139 0.988901
0.928642 1.00457
0.929908 0.991517
0.934482 1.01708
0.934677 0.998074
0.939446 0.999403
0.940323 1.01357
0.944215 1.00238
0.946163 1.00531
0.948983 0.998449
0.952004 0.982999
0.953752 0.992543
0.957844 1.00177
0.963685 1.00484
0.969525 0.994087
0.975366 1.00445
0.981206 1.00268
0.987047 1.00087
0.992887 1.00308
0.998728 1.00731
1.00457 1.00171
1.01041 1.00698
1.01625 0.989459
1.02209 1.00531
1.02793 0.997283
1.03377 0.992348
1.03961 0.999186
1.04545 0.997262
1.05129 0.995758
1.05713 0.994973
1.06297 1.00815
1.06881 0.999357
1.07465 1.0135
1.0805 1.00686
1.08634 0.996657
1.09218 0.997174
1.09802 1.00016
1.10386 0.996811
1.1097 1.01192
1.11554 0.990647
1.12138 1.0094
1.12722 1.00147
1.13306 1.00682
1.1389 1.00363
1.14474 0.989276
1.15058 1.00461
1.15642 0.995758
1.16226 0.997717
1.1681 1.00059
