0.5 0
1 0
1.5 0
2 0
2.5 0
3 0
3.5 0
4 0
4.5 0
5 0
5.5 0
6 0
6.5 0
7 0
7.5 0
8 0
8.5 0
9 0
9.5 0
10 0
10.5 0
11 0
11.5 0
12 0
12.5 0
13 0
13.5 0
14 0
14.5 0
15 0
15.5 0
16 0
16.5 0
17 0
17.5 0
18 0
18.5 0
19 0
19.5 0
20 0
20.5 0
21 0
21.5 0
22 0
22.5 0
23 0
23.5 0
24 0
24.5 0
25 0
25.5 0
26 0
26.5 0
27 0
27.5 0
28 0
28.5 0
29 0
29.5 0
30 0
30.5 0
31 0
31.5 0
32 0
32.5 0
33 0
33.5 0
34 0.01490051597077461
34.5 0.589723676400151
35 6.740598105366964
35.5 70.8254541104088
36 98.76628228030926
36.5 57.05679068324772
37 32.09240803611269
37.5 22.38024651450695
38 15.58927787504004
38.5 10.13918665089086
39 7.835334929188241
39.5 6.509398198387299
40 5.782485140479672
40.5 5.307168167713539
41 4.880074101802563
41.5 4.76194016000716
42 4.303807931247994
42.5 3.951616835449427
43 3.411928044503196
43.5 3.110922204234182
44 2.848219004373306
44.5 2.653010438568722
45 2.415752590256389
45.5 2.375431223264104
46 2.211124604938219
46.5 1.940774546471147
47 1.909448170522865
47.5 1.864689367710194
48 1.833520131231918
48.5 1.73732826470852
49 1.643763979344071
49.5 1.568544979341627
50 1.473598447342532
50.5 1.301879450286061
51 1.201974954975819
51.5 1.175501690889244
52 1.176892787128071
52.5 1.109274148587117
53 1.083844117015515
53.5 1.044121542910081
54 1.041858282243913
54.5 1.029353378349716
55 1.065529739832088
55.5 0.9856036446604897
56 0.9989783901675496
56.5 0.9860969859722369
57 0.9662221007198418
57.5 0.9683769277623583
58 0.9485524954296707
58.5 0.9022077919065292
59 0.9377008990490744
59.5 0.9207910685613372
60 0.9533557069712302
60.5 0.9529572525370202
61 0.9449213659902524
61.5 0.9728838308522112
62 0.9169263530387192
62.5 0.9491662050539201
63 0.9384997442565107
63.5 0.9232444318671497
64 0.9435689895531231
64.5 0.9419353873334572
65 0.9463555748619554
65.5 0.9118879602542241
66 0.9297583317673113
66.5 0.9406606694838672
67 0.9444201947566891
67.5 0.9418221659587214
68 0.9531673810054884
68.5 0.9471040731528769
69 0.9451859537395058
69.5 0.924948699836889
70 0.9592389611483757
70.5 0.9456809837788926
71 1.007581994008288
71.5 0.9585821298841598
72 0.9806186498671556
72.5 0.9425616375637991
73 0.9591889097696443
73.5 0.970893872505827
74 0.9939917607852597
74.5 0.9783667645085214
75 1.010533125783306
75.5 0.9783066715744488
76 0.9930616035176153
76.5 0.9871131938169946
77 0.9975768527935961
77.5 0.9998026042272402
78 1.007197976895652
78.5 0.974492172768041
79 1.007735432345204
79.5 0.989648643699535
80 1.019033482110363
80.5 0.992126836082237
81 0.9746654376768001
81.5 1.000993433612882
82 0.9507178483104862
82.5 0.9926912561695517
83 0.9645147895630151
83.5 0.9937616733373251
84 0.9966134928712386
84.5 0.9806324795197061
85 0.9914803326953427
85.5 0.9902267040451481
86 1.009313526475476
86.5 0.9703412755285927
87 1.00701029654252
87.5 1.007345915553563
88 0.9978775875337561
88.5 1.021272014062536
89 1.020158624584879
89.5 0.990513903487156
90 0.9819311254849364
90.5 0.9958225725538311
91 0.9968698894477425
91.5 0.9867764254758381
92 0.9961762486122949
92.5 0.9972631260739202
93 0.9922944256328879
93.5 1.002152057604659
94 1.033431558344496
94.5 0.9952798829263654
95 0.9717092879584978
95.5 0.9946124022821975
96 1.002268267454757
96.5 0.9932962603248084
97 0.9835401582873049
97.5 1.011303211095227
98 1.01423734895698
98.5 1.001525535751737
99 0.9637544571949187
99.5 0.9949794047452803
100 0.9760113620402829
100.5 1.01769922911087
101 1.012713619077906
101.5 0.9826971458338839
102 1.008682150577159
102.5 0.9941517886758733
103 1.010907099847949
103.5 1.01664020287388
104 1.027591435581039
104.5 0.9848544828273869
105 0.991511417671971
105.5 1.000706483446469
106 1.009684344511094
106.5 1.018260056683238
107 1.023622759016494
107.5 1.013191246744485
108 1.000139647979717
108.5 0.9940522815534517
109 1.011593408089456
109.5 1.001657912327076
110 0.9982668404238499
110.5 1.021875621901052
111 1.012865022065992
111.5 0.9937564569988563
112 0.9921125593072915
112.5 0.9996452267849679
113 1.014256732322675
113.5 1.0055073717391
114 0.9849434823010047
114.5 0.9936045136096135
115 0.9734239494100773
115.5 0.994227790026866
116 1.002476616711688
116.5 1.012133926107817
117 1.010894260561936
117.5 0.9952913302114893
118 1.008987197608049
118.5 1.009537081906626
119 0.9887556669178295
119.5 1.002964553024782
120 1.022285597327839
120.5 0.999139358502847
121 1.00781111907966
121.5 0.9980749105906986
122 1.013056387940866
122.5 0.9923204958990592
123 0.9935198980660159
123.5 1.001302266112329
124 0.9908629923796545
124.5 1.017091854134139
125 1.010624992431105
125.5 0.9917886171122132
126 0.9861028382209668
126.5 1.00415682636437
127 0.9989355239534241
127.5 0.995751813940298
128 1.015979367442227
128.5 1.014216888091506
129 1.017885397273669
129.5 1.009526894220421
130 1.02343488595397
130.5 0.9981602374391965
131 1.003227315656684
131.5 0.9924998684404817
132 1.020460433776509
132.5 0.9959714935539457
133 1.007242111798525
133.5 0.9943956703032403
134 0.9874682965745728
134.5 1.018822084524566
135 0.9978211256506975
135.5 1.038200008714433
136 1.012769444888587
136.5 0.9976210230803176
137 1.01180449675489
137.5 0.9863516982429622
138 0.9973068538201172
138.5 1.001455893051429
139 1.006299609581579
139.5 0.985268646960012
140 0.9983467337284057
140.5 0.9871089397490522
141 1.002538807471508
141.5 1.014822832186238
142 0.9860123074048892
142.5 1.002644300072079
143 0.9765871325434514
143.5 0.9973973294144229
144 1.008446455687189
144.5 1.009110375709345
145 0.9838319917509146
145.5 0.9937615311126887
146 1.001107970169223
146.5 0.9945870943540635
147 1.002479808218506
147.5 0.9987627940056208
148 1.005492654378206
148.5 1.002638555422295
149 1.004067318889445
149.5 1.01229439729399
150 0.9983799338349655
150.5 1.002213759788178
151 0.9801952944925462
151.5 0.9977511048596734
152 0.9946458797244283
152.5 1.018593985903222
153 0.9938276238532079
153.5 0.9943086213401008
154 1.006746425248288
154.5 0.9908598890744584
155 0.9919160293642071
155.5 1.000239788981018
156 1.019761409144351
156.5 0.9964648761302665
157 1.002269916667309
157.5 1.00937003708291
158 1.010495406141425
158.5 0.9838178028927106
159 1.01051472956067
159.5 1.013160408453048
160 0.9979227686727847
160.5 1.000073187713667
161 1.010816432374811
161.5 1.006548427876204
162 1.001985605248044
162.5 0.995421334015272
163 0.9856770671173479
163.5 1.025567806457506
164 1.015721460033972
164.5 0.995313609195467
165 1.00906212057579
165.5 1.001952359449978
166 1.001785816347004
166.5 1.011700005937552
167 1.005187770886574
167.5 0.9963561107994796
168 1.007446248228534
168.5 1.012851450436957
169 0.9983483953166872
169.5 1.002884166763982
170 1.000718652597223
170.5 1.006338210593826
171 0.993098420393881
171.5 1.004738996693159
172 0.9972320406523633
172.5 0.9999253354814339
173 1.000556528770141
173.5 0.9974444421330403
174 0.9870265470136752
174.5 0.999126443999246
175 0.9976436726483151
175.5 1.005738687599507
176 1.000727474764801
176.5 0.989121670067031
177 0.9887644997522013
177.5 1.000081722785403
178 0.9929081843731455
178.5 1.004652929421797
179 1.003147323694455
179.5 1.017012675097404
180 0.9935606562753982
180.5 1.017472416311527
181 0.9945738510069382
181.5 0.9942651389295717
182 0.9999249810494669
182.5 1.001499888131514
183 1.00194968820794
183.5 1.004425916104805
184 1.000628006618095
184.5 0.9945161220004757
185 1.000849045717259
185.5 1.014545421198485
186 0.9953440008245595
186.5 0.9918093758943711
187 1.011203197471204
187.5 0.9924660183829382
188 0.994991608255167
188.5 0.9988701872353969
189 1.003658268568732
189.5 1.011140065645607
190 1.006063851539648
190.5 0.9952125249109677
191 1.005354121794146
191.5 1.020660507942496
192 1.000224013995496
192.5 0.9982305252854157
193 0.9991922227638872
193.5 1.010424095899644
194 1.004535925975267
194.5 0.9878809404995791
195 0.9977134702966346
195.5 0.9950389927856028
196 0.9955174509379908
196.5 0.985829343199072
197 0.9972535732958938
197.5 0.9890642096137685
198 1.005329686514303
198.5 0.9923479488919814
199 1.009605058290443
199.5 0.9958950002604389
200 1.004594090544772
200.5 1.004838771610948
201 0.9889205538008647
201.5 0.9808900971054535
202 0.9957224881200543
202.5 0.9929642069713654
203 1.004171440120237
203.5 1.004546229214981
204 1.018305400474951
204.5 1.00020326956277
205 1.004552366551631
205.5 0.9938066641847477
206 1.005325902247906
206.5 0.9995040276062909
207 1.009002336581035
207.5 1.003545446374625
208 0.982004756242012
208.5 1.002163962115106
209 1.002550316627939
209.5 0.9914422294854047
210 1.011236186863397
210.5 1.010665425656646
211 1.009750177260721
211.5 1.006906932339322
212 1.000055071724667
212.5 1.003221939280313
213 0.9969513893896711
213.5 1.007355589492639
214 0.9942380343983921
214.5 1.004536418672787
215 1.007229106270814
215.5 1.010117833997147
216 0.9957554994674394
216.5 1.001772698259617
217 0.9945552518891043
217.5 0.981886243042341
218 0.9877171215405876
218.5 0.9992570695068511
219 1.002376204125088
219.5 0.9968763032638893
220 1.000758058920451
220.5 1.003487281106643
221 0.9898262872538531
221.5 1.003882297675857
222 0.9999770311451218
222.5 0.9992716038779503
223 0.9979995788525461
223.5 0.9921168305001602
224 0.9890229354201754
224.5 1.006409855746925
225 1.00232467067909
225.5 1.002669397459358
226 1.005994291776738
226.5 1.011126740951164
227 1.000326067130737
227.5 0.9978475187602941
228 0.9938899832335958
228.5 1.001586586658995
229 0.9804248834910728
229.5 0.9889527636899298
230 1.002525727459425
230.5 1.004584105339846
231 0.9995540103305813
231.5 0.9899377074786669
232 1.012917414675046
232.5 1.00227213777021
233 1.000949687582645
233.5 0.9885719509893653
234 0.9980359120632678
234.5 1.001184663505915
235 0.9944725775503157
235.5 1.002949316413273
236 1.001023543864476
236.5 1.009806746547912
237 0.9958905448030886
237.5 1.012467160473801
238 0.9925188074308567
238.5 1.003124066042508
239 1.009334855545121
239.5 0.9947647352591117
240 1.00374480252476
240.5 1.00821185113879
241 0.9959512468661874
241.5 1.001725443560892
242 1.001450717664193
242.5 1.000657143824738
243 0.9950849156079266
243.5 1.001388255720717
244 0.9965651087426285
244.5 1.008737158002158
245 0.9995304590163132
245.5 1.006180547945085
246 1.006791024050067
246.5 1.006892179095269
247 0.9950908887390115
247.5 0.9912501280092602
248 1.005111198919314
248.5 1.003894793590734
249 0.9958387738715712
249.5 1.002988838220175
250 0.9968105452684081
250.5 1.000418318756407
251 0.9979744799549877
251.5 0.9966654771514178
252 0.9967491142215645
252.5 0.9880775345387701
253 0.9972947068220166
253.5 0.993230464086448
254 0.9995696204038824
254.5 1.002327637551037
255 1.005453705450158
255.5 0.9989826418548902
256 0.9914045204998273
256.5 0.9919284618814342
257 0.988952742801235
257.5 0.9894022381133802
258 0.9897437837097912
258.5 1.000515107520796
259 0.9934461052720412
259.5 0.9956645353881765
260 1.007286451770643
260.5 1.009293248741114
261 1.005335106783677
261.5 0.9928354734718763
262 1.001847188033844
262.5 0.9985654638422118
263 0.9933714653642156
263.5 0.9990012944817984
264 0.9932745176429623
264.5 0.9948470928868794
265 1.000202624760399
265.5 1.002670110172478
266 0.9992998099502042
266.5 0.9929767328608375
267 1.001885954783717
267.5 1.001694702117482
268 0.9893568971417919
268.5 1.004192642151324
269 0.9982016492273837
269.5 0.9993333196933832
270 1.000243021586743
270.5 0.9980494207156622
271 0.9989142295526424
271.5 0.9961146711612915
272 1.001099314216164
272.5 0.9980088430822213
273 1.003890099936811
273.5 1.000481982550132
274 1.001709395199966
274.5 0.9874050728960004
275 0.9888286812052973
275.5 1.002547093012138
276 1.008019338164234
276.5 1.003982712872281
277 0.9962364692645104
277.5 1.001569025684635
278 1.006996107096517
278.5 0.9994971742407992
279 0.9985733695649466
279.5 0.999275910749907
280 1.003702081799407
280.5 1.006010593420783
281 0.9995159720028041
281.5 1.002326559528953
282 0.9963656723277384
282.5 1.001960871820436
283 1.002079745864942
283.5 0.9967533000657104
284 0.9986124213613302
284.5 1.001090761182715
285 1.000444123546435
285.5 0.9987392555536021
286 0.9909332238436181
286.5 0.992749979607354
287 0.9886927138704718
287.5 1.002970190978724
288 1.011379797158891
288.5 1.003660559370068
289 1.003748252315018
289.5 1.00082356749104
290 0.9976570483644644
290.5 1.001803357154543
291 1.001974226193781
291.5 1.005761527407853
292 0.9983302011066006
292.5 1.000230088963041
293 0.9896713421225374
293.5 0.9969501157851194
294 0.9953057155645225
294.5 1.000493747025612
295 1.006976954915497
295.5 0.9979748137105168
296 0.9972601771268449
296.5 1.001638964301371
297 0.9938023698866327
297.5 0.9986873169505947
298 0.993568884882898
298.5 0.9931670561027571
299 0.9990241695411113
299.5 1.002052255026667
300 1.002781877375309
300.5 0.9936296585189994
301 0.9952031115111813
301.5 0.9935630396944953
302 1.004794608000765
302.5 1.002393380625422
303 1.003919037836782
303.5 0.9934845794629394
304 0.9956244032639304
304.5 0.9946098930292331
305 0.9985961399702008
305.5 0.9986752310382282
306 1.001185903344948
306.5 0.9911836753497087
307 0.9994030708980193
307.5 0.9965882677841517
308 0.9976903376012036
308.5 0.9960199720053605
309 0.990093179101119
309.5 0.9899986483251392
310 1.003432221067613
310.5 0.9972998747756243
311 0.9956762450314699
311.5 1.00011570321789
312 0.9997439686776743
312.5 0.9992812987609484
313 1.002223010174072
313.5 1.006893490940486
314 1.006222567332221
314.5 0.9969958092936118
315 0.9998873922681101
315.5 1.000895412031356
316 0.9988948912791832
316.5 0.9960637315418269
317 1.002801655435679
317.5 0.9921914076003402
318 1.000826903982286
318.5 0.9896639591044655
319 1.002348342445206
319.5 0.9951638026011241
320 0.9978176356377371
320.5 1.001896389588438
321 0.9981089821214167
321.5 0.9975065613771579
322 0.9956986255959289
322.5 0.998762038723135
323 0.9979218133668081
323.5 0.9956418206440764
324 1.003072668972725
324.5 1.001660610604614
325 1.001414409707451
325.5 1.002851722173152
326 1.001054212845007
326.5 0.9996467592199382
327 1.001626077841352
327.5 0.9931900238542152
328 0.9992103825487885
328.5 0.9931182209507167
329 0.9949555540958283
329.5 0.997530771608057
330 0.9964478554898237
330.5 0.9973972365618035
331 1.000281914789825
331.5 0.9984815179311571
332 1.003602485891506
332.5 1.003644036049309
333 0.998457655944281
333.5 0.9918459365612642
334 0.9944372027532435
334.5 0.9915434909527145
335 0.9992147925469402
335.5 0.9974629593064878
336 0.9890610789249545
336.5 0.994205427370443
337 1.000736818870073
337.5 1.001459876618024
338 0.9954271538820785
338.5 1.005717547497794
339 0.9878394054070945
339.5 1.002472893027225
340 1.000476519212698
340.5 0.999824650555734
341 0.9967466305340702
341.5 0.9964516945294449
342 0.9931352372701469
342.5 0.9885857631785648
343 0.9962655148084795
343.5 1.003586178787657
344 0.9960311700735599
344.5 0.9951921032931221
345 0.9994007346650042
345.5 1.001452443739818
346 1.004117612187895
346.5 0.9935642541641134
347 1.000806212572642
347.5 1.003437840592204
348 0.9978184829247153
348.5 0.9994071235412826
349 0.9901109718400171
349.5 0.9877736146156368
350 0.9955696424620485
350.5 0.9961488925774874
351 1.001177316266646
351.5 1.000073725870187
352 0.9982598894793839
352.5 0.999623354873784
353 0.992439246767696
353.5 1.001005698189722
354 0.9955512165347501
354.5 1.003573009298412
355 0.9950075074022673
355.5 1.002960848046494
356 0.9982427468584848
356.5 1.007371357848586
357 1.002034358021037
357.5 0.9958640675543468
358 0.9903291061171025
358.5 0.9921924175334524
359 1.002862439605461
359.5 1.001790741725139
360 0.9936603379678878
360.5 0.9980299619343787
361 0.9970020291361247
361.5 1.005317869426606
362 0.9944259760869114
362.5 1.000008332067035
363 1.001438462555493
363.5 0.9979194929190965
364 0.9910359645274285
364.5 0.9976373503493174
365 0.9963120256203752
365.5 1.001533869576998
366 0.9956971466795631
366.5 1.006575281501035
367 0.9981914160525889
367.5 1.006317947788388
368 0.9989108999587152
368.5 1.000673387776564
369 0.9942156735123053
369.5 0.9940815789868461
370 1.004434965360599
370.5 1.000580742478055
371 1.0023907740992
371.5 0.9924555156732789
372 0.9953440008245595
372.5 0.9995168660156605
373 1.005954204404661
373.5 1.003046608644715
374 0.9985654664670659
374.5 0.9964535226969456
375 1.004224949301144
375.5 1.00266709873345
376 0.9962404497398439
376.5 0.9912418005073271
377 0.9985975036729996
377.5 0.9997916458907248
378 0.9997855255649764
378.5 0.9952972308770769
379 1.003705212221743
379.5 0.9970555043978824
380 0.9921073100848055
380.5 0.9982610607508727
381 1.000433623169712
381.5 0.9983159626012577
382 1.004513080568623
382.5 0.9970174380128773
383 1.00034593501635
383.5 1.001179550409346
384 1.004195706430631
384.5 1.000522550487553
385 0.99682149791416
385.5 0.9969322284033091
386 1.003065060836615
386.5 1.000341765393093
387 0.9958465244290076
387.5 0.9984260384329655
388 1.005222436090405
388.5 0.9940202917924869
389 0.9930602436962986
389.5 0.9951815853963474
390 0.9977842501966272
390.5 1.002502413119279
391 1.000334450257258
391.5 0.9966852275886423
392 0.9972409146029126
392.5 0.9991043020795438
393 0.9997700262580554
393.5 1.003057240354225
394 0.995408862235416
394.5 0.9997631761382647
395 0.9978271264167703
395.5 0.9964895600866601
396 1.002020693691987
396.5 1.000782514151624
397 1.005189455939868
397.5 1.002062687271449
398 0.9980105578499004
398.5 1.000076934562492
399 0.99314951320176
399.5 0.9955352426865928
400 0.994205264553498
400.5 1.00012748297916
401 0.9924931963827446
401.5 0.9975292185624726
402 1.001124843886034
402.5 0.9916749631763189
403 0.9971039235200068
403.5 1.002212004849555
404 1.002199697204142
404.5 0.9975917993066958
405 1.000131443725191
405.5 1.002432930656343
406 0.9956809952989902
406.5 1.002054485863751
407 0.9956815155831216
407.5 0.9952234585098024
408 0.9961486436538253
408.5 1.002588731876875
409 0.9961359375868883
409.5 1.00075395652217
410 1.002195585358109
410.5 1.003997770176474
411 0.9956166445140398
411.5 0.9979160403224511
412 0.9971697430278414
412.5 0.9972086657100556
413 0.9946062306536357
413.5 0.9966223796688818
414 0.9986133309491564
414.5 0.9996894777722727
415 0.9995323647485757
415.5 0.9964422529980447
416 1.002496366741842
416.5 1.003231074457118
417 0.9957871404227904
417.5 1.003124897058763
418 1.00234082555927
418.5 0.9933578199552043
419 1.004577244673169
419.5 1.003236183401461
420 1.000714682505099
420.5 0.9968628701882758
421 1.003000034488929
421.5 0.9981737704671725
422 0.9910099026456277
422.5 0.9934663412442936
423 0.9913838439660999
423.5 0.9967635137427094
424 0.995408109235695
424.5 0.9939607330610783
425 0.9940074602039861
425.5 0.9960372560217349
426 0.999763279227408
426.5 0.9951478936955421
427 0.9973533600039834
427.5 1.003433653899218
428 1.003312037360462
428.5 1.000268363240319
429 0.9959258391034314
429.5 1.001872115104417
430 0.9931621810907461
430.5 1.003670926202856
431 0.9971129204048121
431.5 1.00012288644611
432 0.9986974938638359
432.5 1.000441423043507
433 1.000670233808121
433.5 1.000872412631308
434 0.99779026563887
434.5 0.9975024303259504
435 1.003903925797254
435.5 0.9960713892307322
436 0.9973673094626161
436.5 0.9957391322674063
437 0.9958859242279039
437.5 0.9972105870229796
438 0.9972134818268796
438.5 0.9905623192234598
439 0.9975578096800267
439.5 0.9968387541063725
440 0.9970323526866948
440.5 0.9959464321617214
441 0.991851522805197
441.5 0.9997354905669258
442 0.9987754137096734
442.5 0.99921363817872
443 0.9961474668576985
443.5 0.9973398816399651
444 0.993762398234973
444.5 0.9913754051563392
445 0.993998201981615
445.5 1.002106973972022
446 0.9958671936352581
446.5 0.9999236925836118
447 1.001341012701448
447.5 1.000212069467568
448 0.9943761379190329
448.5 0.9990750133256051
449 0.9972463056128847
449.5 0.9984177008800348
450 0.9994432052215221
450.5 1.002201596080594
451 0.9937139676636381
451.5 0.9979255139117781
452 0.996772817953148
452.5 1.002184480224318
453 0.9958498800136647
453.5 0.9931945242609274
454 1.002968950328148
454.5 0.9965211663868407
455 1.001154817924033
455.5 1.000960955177054
456 0.9963854771279875
456.5 0.9893685982998198
457 0.9968854638461192
457.5 1.000941566345061
458 1.003478971689081
458.5 0.9997245056603118
459 1.000552273722048
459.5 0.9984779539931997
460 1.002047481456516
460.5 0.9921256484353624
461 1.006590112569437
461.5 0.9991532747133868
462 0.9962755603330293
462.5 0.9969913511114774
463 0.9951706371214875
463.5 1.001994722804916
464 1.005496847540169
464.5 0.9902305765016823
465 0.9999021821926827
465.5 0.9963046014261249
466 0.998728704045731
466.5 0.9989436930300356
467 1.002275241325854
467.5 0.9939358392115181
468 0.9984487948132251
468.5 0.9965836297100777
469 1.003494788462773
469.5 0.9970607135800921
470 1.000544993120687
470.5 0.9989642418328357
471 1.000522888749116
471.5 1.001055741605888
472 0.992141750429593
472.5 0.9975944873052638
473 1.000923973340916
473.5 0.9985903253279612
474 0.9970788668542392
474.5 0.9939649646678993
475 0.9970839503369081
475.5 1.005244273031501
476 1.000596255501749
476.5 0.9985828165436995
477 0.9966323948857105
477.5 0.9961988716255007
478 0.9991951432494335
478.5 0.9961958795744681
479 1.003848659108502
479.5 1.000772929378545
480 0.9926614443410643
480.5 0.9947558976090408
481 0.9974909453225159
481.5 0.994798158038026
482 0.9951171478914801
482.5 1.002045406155975
483 1.002500715703399
483.5 0.9980613030604857
484 1.005439755546148
484.5 1.005300985480374
485 0.9950094539442056
485.5 1.001511064495944
486 0.9958597618687058
486.5 1.001036931215652
487 0.9999810975067197
487.5 1.002189024932971
488 0.9971527913894954
488.5 0.9999668333376732
489 0.9986252946426729
489.5 1.001088202544327
490 0.9958358012995113
490.5 1.001252442790525
491 1.000134176287364
491.5 0.993741911352737
492 0.9981719080456798
492.5 1.002564121948794
493 0.994755611390179
493.5 0.9969756921271228
494 0.9980818786957654
494.5 0.995844404671632
495 0.9950286957466097
495.5 0.9985727613929436
496 0.9990023241252829
496.5 1.002432748764009
497 0.9962414556081984
497.5 1.00090360998796
498 0.996672227999515
498.5 0.998737494933704
499 1.001856074427786
499.5 1.001715386229364
500 0.9978009825649855
500.5 1.003475376758241
501 0.9958290078038182
501.5 0.998749781202245
502 1.000093394298921
502.5 0.9979421355721199
503 0.9991589279592099
503.5 1.004963730247801
504 1.002233302575376
504.5 0.9997570462964558
505 1.003899337974802
505.5 0.9971283396709646
506 1.004392291250627
506.5 0.9988852610764085
507 0.9974605054469565
507.5 0.998463771244711
508 0.9981846202620921
508.5 1.0045329077346
509 1.003507746039132
509.5 0.9985365754748078
510 1.001745132586321
510.5 0.9959668333843702
511 1.000598798400416
511.5 0.997853509571425
512 0.9983777975901008
512.5 1.001595118497499
513 0.9935074967968343
513.5 0.9954033304938936
514 0.998463471044379
514.5 0.9991835485268659
515 0.9963594546126349
515.5 1.003583262602952
516 0.9946281327306482
516.5 0.9954959303500356
517 0.9955690810158703
517.5 0.9997966977333438
518 1.003845657406323
518.5 0.9993877373894705
519 0.9993015566116961
519.5 1.000386632770516
520 0.995007908619415
520.5 0.9978179721818848
521 0.9988703366942278
521.5 1.000463105602756
522 0.9983024705319284
522.5 0.996053628898377
523 0.9969680897313328
523.5 0.9990164513105929
524 1.000882667024701
524.5 0.9954767852942624
525 0.9979248970803515
525.5 1.003129804263826
526 0.9976282824828092
526.5 0.997404330102428
527 0.9963343967222008
527.5 0.9973559641552857
528 1.001499801927686
528.5 0.996475994913043
529 1.0025719689987
529.5 0.9965785380678314
530 0.9998576955859603
530.5 1.002357660776347
531 1.001486491493103
531.5 0.9898699612736479
532 1.002373267753577
532.5 0.9994135133522331
533 0.9984260693611652
533.5 1.000163915620805
534 1.000149296083606
534.5 0.999251202104272
535 0.9985653464845524
535.5 0.9968816852647033
536 0.9991521389725674
536.5 1.000724196438316
537 1.000183099213192
537.5 0.997123278167941
538 0.9993025959892825
538.5 0.9976927681053874
539 0.996124247256219
539.5 0.9981254300687504
540 1.001889615470091
540.5 0.9964844140245311
541 0.9971224944912749
541.5 0.9986964213308066
542 1.001318284695379
542.5 0.9960202673031324
543 0.9957714552975255
543.5 0.9955656067462989
544 0.9972359480147569
544.5 0.9974605450499519
545 1.002814908503671
545.5 0.9955578822295845
546 0.9997299752025481
546.5 0.9995740211054027
547 1.002532858355894
547.5 0.9971398569175834
548 0.9955648625063795
548.5 1.000220324329787
549 1.000178045478391
549.5 0.9966402083350101
550 1.000081871042803
550.5 0.997036879005882
551 1.000384046809649
551.5 1.003179430967777
552 1.000232294795358
552.5 0.9990363931609957
553 0.9969842078890061
553.5 0.9998785125612702
554 1.002017121415614
554.5 0.9992865143693352
555 1.000828075426948
555.5 0.9946244010672368
556 0.9987913663705539
556.5 0.9973172126973964
557 0.9934246841181724
557.5 0.9996933638210803
558 0.9961876474762239
558.5 0.9990572221786955
559 1.001956283166071
559.5 0.9943817881787613
560 0.997447309885712
560.5 0.9960317767181603
561 0.9992307902403249
561.5 0.995212032013456
562 1.001254319928467
562.5 0.9970389359622405
563 0.9989165461585482
563.5 1.000853733289872
564 1.000081737233363
564.5 0.9942095183833354
565 1.001245917781359
565.5 0.9977457883484742
566 0.9988603690991715
566.5 0.999197906626039
567 1.002238430234454
567.5 0.9982602308417249
568 0.9968505410199635
568.5 0.9994748072717836
569 0.9982045084899103
569.5 0.9988158743002554
570 0.9984493851903533
570.5 0.9989823439186188
571 0.9993930363088444
571.5 1.003604517440489
572 0.9988235740587097
572.5 0.9994051931832814
573 0.9971896280259068
573.5 0.9957461950631773
574 0.9973319794478767
574.5 1.000613403702918
575 0.9965621015576204
575.5 0.9947922022406132
576 1.001723133198954
576.5 1.002240789964029
577 0.9946517241259675
577.5 0.9978302517595606
578 1.004244506523387
578.5 0.9953164076969082
579 0.996674556885762
579.5 0.9923074462679899
580 0.997919468420555
580.5 1.002590608008783
581 0.9990925050802362
581.5 0.9990370343160887
582 0.9969334621076306
582.5 0.9963522516612333
583 1.003791408523545
583.5 0.9957668881019102
584 0.9990498958182801
584.5 0.9971082027353674
585 0.9988459486965173
585.5 0.9941950083904091
586 0.994129377628424
586.5 0.9968980363660777
587 0.9964314697714167
587.5 0.9961896188454628
588 0.9982201907052035
588.5 0.9968106791811552
589 0.99335640670478
589.5 0.9949000809761172
590 0.9997771933950934
590.5 0.9963558377231785
591 0.9999351081707738
591.5 1.002220819117035
592 0.9929227674705307
592.5 1.000901430562005
593 0.9964405910668309
593.5 1.00021483656091
594 1.000655295547233
594.5 0.9941113372796965
595 0.9952328299826764
595.5 0.9987049502532754
596 0.9953388287223389
596.5 1.000157883573068
597 0.9978912448976012
597.5 1.000793372994181
598 0.9981631701905389
598.5 1.000980237374051
599 0.9965614426533292
599.5 0.9938993375333167
600 0.9988404632542678
600.5 0.9985093286760636
601 0.9969380218113663
601.5 0.9995660892044944
602 0.9980311357313938
602.5 0.9963338202625867
603 0.9966896118269403
603.5 0.9967413587528199
604 0.9977889973639472
604.5 1.000811582381225
605 0.9969109351972464
605.5 0.9941728591348521
606 0.9958983797448767
606.5 1.00153863329692
607 1.000660706842713
607.5 1.000373560392088
608 0.9997307074029127
608.5 0.9993095847137434
609 0.9973732788308833
609.5 0.9982240165424613
610 0.9935966784869456
610.5 1.000253963181438
611 0.9970487992937158
611.5 0.9979237254442808
612 0.9972998119883729
612.5 0.9983237766319131
613 0.99679326246856
613.5 0.9955352767465684
614 0.9989975709892611
614.5 0.9979484239450676
615 1.001506767666283
615.5 0.9980388431373388
616 0.9989556932060281
616.5 0.9952625795043973
617 0.9998942376712379
617.5 0.9960282420517123
618 0.9951839078211591
618.5 1.00023400072159
619 1.000214668342935
619.5 0.9966259407372049
620 1.002295165174719
620.5 0.9978116958654052
621 1.000722398194859
621.5 0.9973792795562995
622 0.9956706797339705
622.5 0.9988781032581399
623 0.9982295716749127
623.5 0.997459986683752
624 0.9971284301857578
624.5 0.9917782230465783
625 0.997065475216049
625.5 1.000232342340347
626 1.000745015844126
626.5 0.9920608529002949
627 0.9999597473343268
627.5 0.9979129630869379
628 0.9981480226728229
628.5 1.002125756725997
629 0.9986610970536763
629.5 0.9970209569197684
630 1.003223677486132
630.5 0.995642776451212
631 0.9991325105773329
631.5 0.998814371870319
632 0.999951443748049
632.5 0.9993829439847092
633 0.9982346479416829
633.5 1.000136094030531
634 0.9945792475199181
634.5 0.9956704091103331
635 0.9960253549807949
635.5 0.9961007207961822
636 1.00148163065599
636.5 0.9962576840096843
637 1.00043040436699
637.5 1.001796787708353
638 0.9982329865968197
638.5 0.9983707995722648
639 0.9998937888823242
639.5 1.001737218615015
640 0.998211884519166
640.5 1.000222948865546
641 0.9998369661758045
641.5 0.9990585638039973
642 1.001253800649434
642.5 0.998553769989481
643 0.9956838611282229
643.5 0.9971685495606029
644 0.9929730594699286
644.5 1.00096543072058
645 0.998047823978893
645.5 0.9956858025997541
646 0.9972149675607153
646.5 0.9978779153220083
647 0.9958475615199559
647.5 0.9967957881755403
648 0.9968271802148847
648.5 1.001495788561295
649 0.9930675579251975
649.5 0.9982866648319686
650 0.9972814297870793
650.5 1.002704654801745
651 0.9993461713489066
651.5 0.999253494682256
652 1.000421095843704
652.5 1.00034493774356
653 0.9996164626095322
653.5 0.9990100459568627
654 1.000015196185092
654.5 1.000051057208038
655 0.9951824262770051
655.5 0.9972326284920691
656 0.9998358021505001
656.5 0.9988979043764646
657 1.001872402238982
657.5 0.99475605933449
658 0.9980686442676864
658.5 0.9999697713677401
659 0.9970696863110412
659.5 0.9948158436869863
660 0.9953011041183721
660.5 0.9980293685352619
661 1.001561353762216
661.5 1.002375247540251
662 1.000596351431736
662.5 1.001362813201358
663 0.9989762424916595
663.5 1.001506172471422
664 1.000735859486606
664.5 0.9974652528489404
665 0.9957808529167185
665.5 1.000755822616318
666 0.9954043428409938
666.5 0.9972461271107657
667 1.001384964281388
667.5 0.9990589764475368
668 1.00292957255336
668.5 0.997599559087494
669 0.9957529372361368
669.5 1.000482059209761
670 0.9965335792972246
670.5 0.9992480907793487
671 0.9950910078834556
671.5 1.00146460952879
672 0.9975384728621343
672.5 0.9976934283978371
673 0.9967249304617041
673.5 0.9993752111995811
674 0.9989926152641992
674.5 1.000597771961725
675 0.997613197023993
675.5 1.001398195105039
676 1.001759651443553
676.5 0.9963697807026105
677 0.9969562050990939
677.5 0.9992238249466338
678 1.000176859147456
678.5 1.00034026012246
679 1.000446053639676
679.5 0.9949545328524926
680 0.9993170728137218
680.5 0.9976956723130784
681 0.9957808187332571
681.5 0.9982885555696347
682 0.9990241678841667
682.5 0.9945887543851216
683 0.9978271420067004
683.5 0.9978011480455705
684 0.9990489480203421
684.5 0.9965238199441795
685 0.9970656484847011
685.5 0.9947685839830114
686 1.00025518878442
686.5 0.9962904935184238
687 0.9990606706264963
687.5 0.997207147253067
688 0.9963586802314154
688.5 0.998827393081932
689 0.997269388788101
689.5 0.9960047064555028
690 1.002195590738741
690.5 0.9964049559543028
691 0.9959239919106677
691.5 0.9977668327346827
692 0.9983353479514918
692.5 0.9996869012475189
693 0.9987425239038366
693.5 0.9959240137428108
694 0.9983877048494711
694.5 0.9983657485668691
695 1.001828652733693
695.5 1.00042433613882
696 0.9951960602774691
696.5 0.9999681717841279
697 1.00090958484827
697.5 0.9968373937007351
698 0.9999175074877275
698.5 1.000547381133275
699 0.999380897624031
699.5 0.9977018770380883
700 0.9991596481022602
700.5 1.002687700272901
701 0.9998513479068855
701.5 0.9977221180333746
702 0.9979528986003134
702.5 0.997575566694723
703 0.9976426825196213
703.5 1.001837241177344
704 0.999137446218212
704.5 0.9985179517932552
705 0.9987266257686889
705.5 0.9952047911756325
706 0.9977007160664071
706.5 0.9952667072224052
707 0.9967110708440566
707.5 0.99777182993219
708 1.001216836431068
708.5 1.000005783489024
709 0.9951949094000435
709.5 0.9944214882233348
710 0.9929017934427671
710.5 0.9908692989403247
711 0.992904832409337
711.5 0.9891960538368897
712 0.9878199631490719
712.5 0.9827271358033042
713 0.984085361222793
713.5 0.9779781120710366
714 0.975151766140657
714.5 0.9747827926414361
715 0.9740516912333007
715.5 0.9712692443116471
716 0.9685398162116947
716.5 0.9663539005718074
717 0.9614633513981932
717.5 0.9610564744179582
718 0.959079405761885
718.5 0.9562560718516621
719 0.9550889873058452
719.5 0.9557750566157024
720 0.9525167193927755
720.5 0.9499218304313448
721 0.9471261263094886
721.5 0.9460123983358842
722 0.9444795425900359
722.5 0.9459198138623507
723 0.9383016209402375
723.5 0.9410896995826112
724 0.9362371950563643
724.5 0.9331118079645392
725 0.9334760151730277
725.5 0.927923225193797
726 0.9264167721283569
726.5 0.9251379535835023
727 0.9242935989138432
727.5 0.9211887670004412
728 0.9205251003791213
728.5 0.9157485415727513
729 0.9180783646085379
729.5 0.913187045523575
730 0.9084739173710404
730.5 0.911705372215316
731 0.9063043416015278
731.5 0.9046795096078993
732 0.9024354266717904
732.5 0.9046107706517966
733 0.9003394716730533
733.5 0.8983400618767946
734 0.8939034167816963
734.5 0.8928025480049271
735 0.8956894534569255
735.5 0.8901615249876403
736 0.8893022582016104
736.5 0.8851141861788066
737 0.8848055256124501
737.5 0.880605553119851
738 0.8822827985905288
738.5 0.8811042989642056
739 0.8817417657416206
739.5 0.8716240785028704
740 0.8748385712329001
740.5 0.8706536886913494
741 0.8686242652119476
741.5 0.8665642776228608
742 0.8680639341486727
742.5 0.8625757391281681
743 0.8600228070562617
743.5 0.8582276943736582
744 0.8573001564658449
744.5 0.8581456861076597
745 0.8517532258089611
745.5 0.8501733064689768
746 0.8463876939424388
746.5 0.8463670269333876
747 0.8454929097919232
747.5 0.8452022402499777
748 0.8408324218880087
748.5 0.838906225443009
749 0.8364317485611573
749.5 0.8357722478929617
750 0.8356037172670296
750.5 0.8325831756104386
751 0.8312114982311853
751.5 0.8271510997638517
752 0.8294096956724779
752.5 0.8224521825985893
753 0.8229475983410197
753.5 0.8231944757803791
754 0.8195201486118853
754.5 0.817761090864928
755 0.8188275751244689
755.5 0.8155147132310189
756 0.8116146692472642
756.5 0.8113736331920851
757 0.8101668961050331
757.5 0.8095967849989041
758 0.8023570900119373
758.5 0.8025870265116534
759 0.8009319418350018
759.5 0.7979106474319385
760 0.7963727805145993
760.5 0.7945888386395722
761 0.7969209136972312
761.5 0.7927595041187745
762 0.7861683535768685
762.5 0.7890557476401659
763 0.7856660229814905
763.5 0.7816344226411195
764 0.7823122020517081
764.5 0.779318322247515
765 0.7773028915292505
765.5 0.7757440030114061
766 0.7762544719647214
766.5 0.7713097951637362
767 0.7741218605403105
767.5 0.7662965937720629
768 0.7674054477013178
768.5 0.7652588000423005
769 0.7644751645333957
769.5 0.7656673943492287
770 0.7595347518697976
770.5 0.7598114302168744
771 0.7561386635643216
771.5 0.7549599348084001
772 0.7548493774178965
772.5 0.7493444434490927
773 0.7528003109271142
773.5 0.7450365947101861
774 0.747898422699152
774.5 0.7445102113409434
775 0.7449909552093972
775.5 0.7376256538616024
776 0.7394679344882641
776.5 0.7377874541617823
777 0.7370022795629765
777.5 0.7354064256056257
778 0.7347816261109839
778.5 0.730878732378287
779 0.727758733209028
779.5 0.7293023421868935
780 0.7218594270602137
780.5 0.7243844904555331
781 0.7226630423360255
781.5 0.7212873712649306
782 0.7187210360581878
782.5 0.7174687764847386
783 0.7144701881108562
783.5 0.7131622419545237
784 0.7111879819250178
784.5 0.7104601455146138
785 0.7060159104118175
785.5 0.7042659210303633
786 0.7060224083514509
786.5 0.7054626492628867
787 0.7001863766659269
787.5 0.6980684784451424
788 0.6991697644350401
788.5 0.6961327482320115
789 0.6964785751404096
789.5 0.6916760035662916
790 0.6887583607814486
790.5 0.6876220302249129
791 0.6846366291604197
791.5 0.6868170124501298
792 0.6846079600069828
792.5 0.6812760445329868
793 0.6805918226739127
793.5 0.6793787458555371
794 0.6760814390102214
794.5 0.6764553026412944
795 0.6744600291897896
795.5 0.6726393574244072
796 0.6711183659158781
796.5 0.6694343617227226
797 0.6688285670422065
797.5 0.6649128605564706
798 0.6653545878756661
798.5 0.6621780185601266
799 0.6603849319016641
799.5 0.6589663426896119
800 0.6559224824697699
800.5 0.6549723052119587
801 0.6535944381660108
801.5 0.6516128450291765
802 0.6507403584766331
802.5 0.6482781153165246
803 0.6471003989959031
803.5 0.6454381994220225
804 0.6444524676278478
804.5 0.6446263877089006
805 0.6399317770577323
805.5 0.6419018573570902
806 0.6407842076214385
806.5 0.6343260964121019
807 0.6354446504014347
807.5 0.6323762467729742
808 0.6298558159400912
808.5 0.6312147490671494
809 0.6265790806367096
809.5 0.6281611752687003
810 0.6261487054166111
810.5 0.6235802430639144
811 0.6207459268751028
811.5 0.6193240402943156
812 0.6211609431224017
812.5 0.6165611041358028
813 0.6143859352246749
813.5 0.6138066198445759
814 0.6088089050842164
814.5 0.6115441356591582
815 0.607205599063897
815.5 0.607519936979168
816 0.6084700716624694
816.5 0.6061005634842659
817 0.6007558441268331
817.5 0.5991191055959721
818 0.5969678487607954
818.5 0.5992212230589062
819 0.5954082226730082
819.5 0.594810135989974
820 0.5929898441878658
820.5 0.5908153426500321
821 0.5916356107707673
821.5 0.5880793169090064
822 0.5854872109198153
822.5 0.5848042331377789
823 0.5818305344360383
823.5 0.580292368601431
824 0.5802415977645629
824.5 0.5771879322814625
825 0.5778013551565087
825.5 0.5750320742681579
826 0.573679714455788
826.5 0.5730204888509337
827 0.5698785317251094
827.5 0.5711867374973366
828 0.5664708959592707
828.5 0.5649529879499848
829 0.5644910159929579
829.5 0.5642581802276417
830 0.5616188968443204
830.5 0.5629563490593873
831 0.5585718832610322
831.5 0.5594418435160666
832 0.5572330797562343
832.5 0.5538331339121371
833 0.5531436438946739
833.5 0.5509801616868717
834 0.5504373427382738
834.5 0.5485133779824346
835 0.5464392186876725
835.5 0.5442369992010123
836 0.543897348535181
836.5 0.5420626651795737
837 0.5404225267103424
837.5 0.5378404419963191
838 0.5352763974078162
838.5 0.536059171193787
839 0.5342519894064706
839.5 0.5338815809653266
840 0.5284706300150197
840.5 0.5295488561006439
841 0.5284749203011497
841.5 0.5262720548388208
842 0.5242957486647818
842.5 0.5233005159306103
843 0.5227314468229097
843.5 0.5215581169846626
844 0.5180779143591873
844.5 0.5166645756036501
845 0.5140389818151467
845.5 0.513120964484267
846 0.5127552857917544
846.5 0.5108636755773874
847 0.5090902208328441
847.5 0.5089033857017505
848 0.506887195051918
848.5 0.5063468013013533
849 0.503139823631925
849.5 0.5038217227803717
850 0.4998437684460227
850.5 0.5011850723984554
851 0.4981256597383574
851.5 0.496124328273057
852 0.4961799112197213
852.5 0.4913792387802187
853 0.492904363936933
853.5 0.4900245240014561
854 0.4898583035313265
854.5 0.4879906800056409
855 0.4883125386387541
855.5 0.4869681915855769
856 0.4820916690294989
856.5 0.480231682032439
857 0.4803135063450487
857.5 0.4801107778121884
858 0.4780772774008833
858.5 0.4750987376326112
859 0.4758559896630875
859.5 0.4718720360831634
860 0.4717456313750174
860.5 0.4706538057548107
861 0.4690268754522879
861.5 0.469112135686623
862 0.4649633311302274
862.5 0.4663173039305891
863 0.4637967833718072
863.5 0.4604876827411525
864 0.4592626311268985
864.5 0.4603679307730409
865 0.4598876649090347
865.5 0.455044984552792
866 0.4540919009659078
866.5 0.4539752110009961
867 0.4535118978509809
867.5 0.4491239474871804
868 0.4506071228107854
868.5 0.448301523611604
869 0.4474949662635274
869.5 0.444699260972365
870 0.4437331133815669
870.5 0.4417800860394787
871 0.4412531544844701
871.5 0.4405513785679773
872 0.4385455411491358
872.5 0.4386370146954821
873 0.4350807294714159
873.5 0.4316084886871878
874 0.4321267060408571
874.5 0.4320859950780897
875 0.4301665157311673
875.5 0.4265123466751878
876 0.4296058350669574
876.5 0.4252117774876132
877 0.4256088887781607
877.5 0.4222382798495885
878 0.4213106181269657
878.5 0.4191656163322254
879 0.4186805253792146
879.5 0.4185191569122469
880 0.4177573231599941
880.5 0.4127755736042903
881 0.4123210461754925
881.5 0.4145855599674078
882 0.4100553043849087
882.5 0.4101298903252153
883 0.4074287196629591
883.5 0.4068601197999796
884 0.40609416566208
884.5 0.4026710976111744
885 0.403835420903867
885.5 0.4018609878610573
886 0.3991419558472359
886.5 0.3988041680278765
887 0.3964636479191501
887.5 0.3952243147793806
888 0.3947766371481982
888.5 0.3926741640365723
889 0.393316883147804
889.5 0.3905154583306561
890 0.3902072760932159
890.5 0.3866222970975656
891 0.3883961896316995
891.5 0.3850700266873374
892 0.382064979769613
892.5 0.3802368402011546
893 0.3805671665757415
893.5 0.3787820720268016
894 0.3781510605760878
894.5 0.3764313810329526
895 0.3764544184835365
895.5 0.3753575410737102
896 0.3711732530219829
896.5 0.3704726933929576
897 0.3702230307744985
897.5 0.3689445863538846
898 0.3678449810216867
898.5 0.3683184932340229
899 0.3644269365014668
899.5 0.3626008594034782
900 0.3623947866800551
900.5 0.3604763262662134
901 0.3610338260900288
901.5 0.3580185573685635
902 0.3583574512198165
902.5 0.3557849116949037
903 0.3551058386392072
903.5 0.3520805653355023
904 0.3527108349251062
904.5 0.3515840890113379
905 0.3486272825677238
905.5 0.3476515314315213
906 0.3475695710271899
906.5 0.3456927466072746
907 0.3444689403355957
907.5 0.3446071205950744
908 0.3421567469122487
908.5 0.3404132897828647
909 0.3374852148982776
909.5 0.3374916760832727
910 0.3377319263172551
910.5 0.3350885277899328
911 0.3347337756461796
911.5 0.3325370240265258
912 0.3327316563566943
912.5 0.3320981903765612
913 0.3295363969054336
913.5 0.3278830789134449
914 0.3262409125718176
914.5 0.3259460569665777
915 0.3226041396000524
915.5 0.3214888830156934
916 0.3204425878938194
916.5 0.3202494089844765
917 0.3193651166721
917.5 0.3180963419462446
918 0.3173922319933893
918.5 0.3154312428868093
919 0.3138949835195856
919.5 0.3140044539455666
920 0.3119181483652838
920.5 0.3087917975954133
921 0.3079362499597999
921.5 0.306357199044449
922 0.3065315820034697
922.5 0.3048053075103767
923 0.303532461348835
923.5 0.3025298016245196
924 0.3022882210819813
924.5 0.2996462289251614
925 0.2980062791879332
925.5 0.2975109248239537
926 0.2959367351172021
926.5 0.295725264277141
927 0.2925750224734118
927.5 0.2929304365629877
928 0.2906522138017936
928.5 0.2896499541825759
929 0.2892933446623016
929.5 0.287382246674124
930 0.2866849625084881
930.5 0.2844770518371815
931 0.284015074587239
931.5 0.2830725260631995
932 0.2814154698055948
932.5 0.2796330456584774
933 0.2789351841379527
933.5 0.278344902034857
934 0.2777458510186161
934.5 0.2752741184860779
935 0.2739478332940926
935.5 0.2731482615928066
936 0.2726893952634155
936.5 0.2714702992391186
937 0.2695890509936687
937.5 0.2669473300614675
938 0.2670201001510178
938.5 0.265540268424482
939 0.2653283699726952
939.5 0.2634580084620123
940 0.2620593339085132
940.5 0.2620680021506991
941 0.2587476606698518
941.5 0.2589708548628437
942 0.2578006600336791
942.5 0.2574520645653845
943 0.255355896084031
943.5 0.2518224689199299
944 0.2529813111550603
944.5 0.2513329562563765
945 0.2495022968141208
945.5 0.2490626623421893
946 0.2484241237040116
946.5 0.2469095502060696
947 0.2462863590640518
947.5 0.2453933331041917
948 0.241658226478669
948.5 0.2414011209828331
949 0.240075751462461
949.5 0.2389536517834842
950 0.2389693899770461
950.5 0.2374692321862869
951 0.235745928061496
951.5 0.2357978861587023
952 0.235193906344183
952.5 0.2320896837335593
953 0.2312819763766315
953.5 0.2305208319030964
954 0.2294748975462983
954.5 0.2283034099505309
955 0.2268721985447826
955.5 0.2250665214793898
956 0.2247934637151389
956.5 0.2243867088842883
957 0.2213687643758236
957.5 0.2215345276443064
958 0.2198839779917744
958.5 0.2184734552804433
959 0.2166209326466744
959.5 0.2159765952678954
960 0.2145484890563465
960.5 0.2131839189967008
961 0.213018095522422
961.5 0.2120163884899979
962 0.2103791639606732
962.5 0.2095703060884422
963 0.2093225574237383
963.5 0.206138916800637
964 0.2057281951699857
964.5 0.205376077699999
965 0.2036095483716549
965.5 0.2027866346752538
966 0.2012569564226507
966.5 0.2003434564510751
967 0.1990426003812592
967.5 0.1981836655366626
968 0.1976779671133651
968.5 0.1955227706650278
969 0.1939176721428941
969.5 0.19399259285452
970 0.1915111500858684
970.5 0.1918030745436092
971 0.1899316740259571
971.5 0.1882967167191887
972 0.1881691354706744
972.5 0.1868419399361651
973 0.1857197830769122
973.5 0.1834570456236961
974 0.1821725180720532
974.5 0.182724760363469
975 0.1809473987332534
975.5 0.1799541934269906
976 0.1792025215727361
976.5 0.178226494111771
977 0.1772410918131585
977.5 0.1750362766067084
978 0.1745399460020159
978.5 0.1732552154712793
979 0.1724627518027036
979.5 0.1700290659858507
980 0.1702457024869478
980.5 0.1699198212138598
981 0.1673907401060482
981.5 0.1663843264993185
982 0.1650404925493895
982.5 0.1638688259670937
983 0.1635060804015294
983.5 0.162485098786745
984 0.1609613242676786
984.5 0.1597804434376962
985 0.1588726193318565
985.5 0.156977795165433
986 0.1576203510166512
986.5 0.1563720849764348
987 0.1546444395772564
987.5 0.1542913671249035
988 0.1516802473201582
988.5 0.15104647522021
989 0.1505107635082366
989.5 0.1488633315953455
990 0.1480473595277474
990.5 0.147033247957954
991 0.1469375346705289
991.5 0.1447196360996544
992 0.1432325467914193
992.5 0.1428915472751443
993 0.1412038880960308
993.5 0.140518629915099
994 0.1392571916565988
994.5 0.1375911184724811
995 0.1380661694663374
995.5 0.1362676214373714
996 0.1360375113987927
996.5 0.1342141116605906
997 0.133111280003006
997.5 0.1325191152500392
998 0.1309877031913302
998.5 0.129556473263321
999 0.1295174319234375
999.5 0.1277196959353145
1000 0.1265455896342236
1000.5 0.1257243745963716
1001 0.1240903322077545
1001.5 0.1245138619825981
1002 0.1223930629374435
1002.5 0.1216582793767908
1003 0.1198483471438474
1003.5 0.1191944136949581
1004 0.1178646103813144
1004.5 0.1185347034015926
1005 0.1163425913865833
1005.5 0.116043765409853
1006 0.115058287658872
1006.5 0.1147442127914243
1007 0.1140060459412876
1007.5 0.1123486922056341
1008 0.1116396812379556
1008.5 0.1103075108061642
1009 0.1099042452358838
1009.5 0.1084749079341925
1010 0.1082662200437309
1010.5 0.107026781073918
1011 0.1073654219615629
1011.5 0.1054852571195646
1012 0.1050257487309445
1012.5 0.1041680414005792
1013 0.1033476455567287
1013.5 0.1022667992216775
1014 0.1007985350931073
1014.5 0.1012201137750805
1015 0.09993749919073727
1015.5 0.09963032149685741
1016 0.09798667418807631
1016.5 0.09733392926574817
1017 0.0966657663770685
1017.5 0.09677251723581905
1018 0.09543504100737372
1018.5 0.09518361560086318
1019 0.09442253692398919
1019.5 0.09417043403699611
1020 0.09293162078717138
1020.5 0.09153599295866953
1021 0.09214242306949427
1021.5 0.09132384681677888
1022 0.09010072741307107
1022.5 0.09050277013271324
1023 0.08887539155326597
1023.5 0.08907838745942689
1024 0.08813926555444432
1024.5 0.08700500201766624
1025 0.08696522604094142
1025.5 0.08552098561560766
1026 0.08503266649991105
1026.5 0.08511740717474797
1027 0.08438538225916326
1027.5 0.08239438341828031
1028 0.08223683035090452
1028.5 0.08243371303878162
1029 0.08190219099334223
1029.5 0.08137572538796192
1030 0.08002016689982924
1030.5 0.08003782914955512
1031 0.07865776150544922
1031.5 0.07821524760414014
1032 0.07806063095750225
1032.5 0.0773710538813676
1033 0.07659802927621583
1033.5 0.07669527532989684
1034 0.07538864096575189
1034.5 0.07477458079471143
1035 0.07380590796664464
1035.5 0.07377681806005792
1036 0.07367352471672102
1036.5 0.07352830912012559
1037 0.07197177466883421
1037.5 0.07140034823269334
1038 0.07193708241992529
1038.5 0.07134276532799556
1039 0.07025691260076682
1039.5 0.07008174122782367
1040 0.06931962218094333
1040.5 0.06822681041010198
1041 0.06824473466870974
1041.5 0.06720064228749618
1042 0.0669557082098691
1042.5 0.06668149577319413
1043 0.06574670892764907
1043.5 0.06545829980941414
1044 0.06516646198670878
1044.5 0.06521263310002463
1045 0.06481702956650154
1045.5 0.0638568215666034
1046 0.0633392318699373
1046.5 0.06253162915782852
1047 0.06189642138426562
1047.5 0.06173334495717137
1048 0.0618528503241543
1048.5 0.06113580344335214
1049 0.06024986471574205
1049.5 0.06023156640458596
1050 0.05928757852606992
1050.5 0.05969551361140374
1051 0.05866801038562348
1051.5 0.05871544017708304
1052 0.0579573043706129
1052.5 0.05685266349431587
1053 0.05701811257845493
1053.5 0.05657988433029793
1054 0.05600291479910671
1054.5 0.05593626468429348
1055 0.0559045363717756
1055.5 0.05457603649922235
1056 0.05515960597323678
1056.5 0.05381112676937623
1057 0.0533189084438781
1057.5 0.05305093668660581
1058 0.05290655315130244
1058.5 0.05251644004296414
1059 0.05270300810761354
1059.5 0.05149475486748674
1060 0.05076782565787134
1060.5 0.05091141201528367
1061 0.05005438263745839
1061.5 0.04983144011871576
1062 0.04937789861620963
1062.5 0.04956984449029532
1063 0.04868291017421082
1063.5 0.04798418224000715
1064 0.04797523087257891
1064.5 0.04720623275782051
1065 0.04626590995802365
1065.5 0.04673835752738536
1066 0.04643494075574842
1066.5 0.04626458133034429
1067 0.04605669651225581
1067.5 0.04530880059276654
1068 0.0447491642878459
1068.5 0.04484873669633232
1069 0.04447329937035539
1069.5 0.04387454099300549
1070 0.04351948239279935
1070.5 0.04224818122998575
1071 0.04307972304475654
1071.5 0.04231563814572894
1072 0.04150611941032277
1072.5 0.04143747824496318
1073 0.04144562192861672
1073.5 0.04115479177010672
1074 0.04050795684376371
1074.5 0.04002082456774224
1075 0.04015315292127693
1075.5 0.03969886532289469
1076 0.03972334938201798
1076.5 0.0397236170920588
1077 0.03868622037092704
1077.5 0.03823305506161506
1078 0.03797340623538247
1078.5 0.037569836903356
1079 0.03721878178595389
1079.5 0.03725821868072045
1080 0.03667547900712626
1080.5 0.03612515401244221
1081 0.03588169350008084
1081.5 0.03570309707783178
1082 0.03573263812226281
1082.5 0.03500324633500679
1083 0.0346276489363838
1083.5 0.03467456142113296
1084 0.03409837054206005
1084.5 0.03420606714383082
1085 0.03370267045480305
1085.5 0.03369538442477829
1086 0.03300714264301975
1086.5 0.03286551018160801
1087 0.03314688833742455
1087.5 0.03147606963511618
1088 0.03193461412339964
1088.5 0.0313982727168929
1089 0.03104990651746709
1089.5 0.03132614997453274
1090 0.03039854501485586
1090.5 0.03069476951059119
1091 0.03023792710107881
1091.5 0.03014697610111113
1092 0.02998214896373052
1092.5 0.02983204253000821
1093 0.02948935127752683
1093.5 0.02892579307633282
1094 0.02889216266714698
1094.5 0.02853325755377559
1095 0.02818577015397236
1095.5 0.02793040373701824
1096 0.02775615191370726
1096.5 0.02715957276759422
1097 0.02709545823819985
1097.5 0.02704038703451447
1098 0.02698004709202698
1098.5 0.02654688608611212
1099 0.02609132715374732
1099.5 0.02581647283551858
1100 0.02559015228544633
1100.5 0.0253393427356609
1101 0.02495931473895949
1101.5 0.02484793056140183
1102 0.02475092212028778
1102.5 0.0243901436426432
1103 0.02429724509166009
1103.5 0.02415499604589726
1104 0.02349715604569596
1104.5 0.02392771956181714
1105 0.02335589751868754
1105.5 0.0233365370772168
1106 0.02268001426295152
1106.5 0.02257335056731457
1107 0.02251079549963976
1107.5 0.02229913325005711
1108 0.0219019369123134
1108.5 0.02181734969102742
1109 0.02174866217240759
1109.5 0.02108189751696681
1110 0.0213774634488152
1110.5 0.02079252938301922
1111 0.02111571687744902
1111.5 0.02085273015481099
1112 0.02036384609298271
1112.5 0.02011416832179119
1113 0.01947211660993693
1113.5 0.01980194436393484
1114 0.01935736351375607
1114.5 0.019074782318057
1115 0.01928628773987324
1115.5 0.0189834970968517
1116 0.0183821615720203
1116.5 0.01878887400188594
1117 0.01817151677492635
1117.5 0.01813974223172818
1118 0.01783067794325816
1118.5 0.01750322721122439
1119 0.01774207884380872
1119.5 0.01717991293469223
1120 0.01698778200599353
1120.5 0.01700177823957877
1121 0.01670219115022471
1121.5 0.01680028511749562
1122 0.01635430827738141
1122.5 0.01615348054397773
1123 0.01608275865058903
1123.5 0.01578528749516408
1124 0.0157030762618228
1124.5 0.01562441046742468
1125 0.01503380678879979
1125.5 0.01533150162089798
1126 0.01483219959019945
1126.5 0.01466463558505591
1127 0.01489912578824785
1127.5 0.01454886845299981
1128 0.01412984606646844
1128.5 0.01405984420053514
1129 0.0139291495436194
1129.5 0.01401470705856296
1130 0.01356557840654351
1130.5 0.01365129525820416
1131 0.0135331842078726
1131.5 0.01326896477023897
1132 0.01300184624923358
1132.5 0.01286613870604303
1133 0.01313992546919424
1133.5 0.01271105771303231
1134 0.0124788385676582
1134.5 0.01247955160954401
1135 0.01200558419415218
1135.5 0.01201338265907239
1136 0.01204618945517804
1136.5 0.01159384282897749
1137 0.01155200343815546
1137.5 0.01132885167634467
1138 0.01136545127189741
1138.5 0.0112259026548593
1139 0.01112808638717351
1139.5 0.01067392149926046
1140 0.01073911463797327
1140.5 0.01048471510661647
1141 0.01027375754996831
1141.5 0.01046139586279954
1142 0.01007416709214089
1142.5 0.01016927092679958
1143 0.009840649527448876
1143.5 0.009830399048272334
1144 0.009803710786432661
1144.5 0.009615977233792974
1145 0.009211781350142679
1145.5 0.009313680896165617
1146 0.009472780119053684
1146.5 0.008961645308260158
1147 0.008711617221413509
1147.5 0.008730189823645063
1148 0.008779768005479329
1148.5 0.008439130416332435
1149 0.008289898376974521
1149.5 0.008188177890630496
1150 0.008260834787266655
1150.5 0.008173949956062094
1151 0.008027078927975042
1151.5 0.00760603213926229
1152 0.007756806181528735
1152.5 0.007743593160205646
1153 0.007560341050574139
1153.5 0.007354748802693112
1154 0.007380713009569376
1154.5 0.007027009437962662
1155 0.007174257348489315
1155.5 0.007071293322270041
1156 0.007010396300696404
1156.5 0.00660027053381836
1157 0.006660512795926545
1157.5 0.006609762647499607
1158 0.006443490541400683
1158.5 0.006211727946327004
1159 0.006427567632301428
1159.5 0.006008837760383213
1160 0.005930053218728677
1160.5 0.005846605962561071
1161 0.005697808178365286
1161.5 0.005892402681387611
1162 0.005667275454169183
1162.5 0.005654435189677664
1163 0.005358260659143564
1163.5 0.005267768818654647
1164 0.005314096817177155
1164.5 0.005260313219796077
1165 0.005151095388827715
1165.5 0.00511814568535199
1166 0.005091585380265936
1166.5 0.004762841879677181
1167 0.004803029032855333
1167.5 0.00467412519950071
1168 0.004700111516187738
1168.5 0.004487935603437875
1169 0.004410045096572806
1169.5 0.004392106934973206
1170 0.004262522866225059
1170.5 0.004109585416212545
1171 0.004036987836598009
1171.5 0.003986476731981358
1172 0.003931347766794418
1172.5 0.003871612809052204
1173 0.003741559933430172
1173.5 0.00385563610797812
1174 0.003661765831683297
1174.5 0.003647722773274853
1175 0.003569761602717172
1175.5 0.003512188359518102
1176 0.003344173398601891
1176.5 0.003409775933714686
1177 0.003148876804034322
1177.5 0.003175708526848562
1178 0.003081469103733261
1178.5 0.003058701287686296
1179 0.003045264765995713
1179.5 0.002900299518551408
1180 0.002817432450638874
1180.5 0.002946373939843513
1181 0.002749370564133005
1181.5 0.00274241678961102
1182 0.002539752571150723
1182.5 0.002623834547297411
1183 0.002495459437490528
1183.5 0.002438011853689693
1184 0.002303864902433201
1184.5 0.002298851075405601
1185 0.002339844451685163
1185.5 0.002271994045285488
1186 0.001996077355076453
1186.5 0.002147339817019864
1187 0.002004940789899092
1187.5 0.00201546773009413
1188 0.001948171431118949
1188.5 0.001827637099807485
1189 0.001766702543869151
1189.5 0.001877826317461997
1190 0.001681629659558849
1190.5 0.001706043542163289
1191 0.001587732431689018
1191.5 0.001571233812492215
1192 0.001562339125396953
1192.5 0.001482296457727053
1193 0.001402387400278669
1193.5 0.00141481663161789
1194 0.001369833515640512
1194.5 0.001326434231602479
1195 0.001292153670989535
1195.5 0.001239851947976818
1196 0.001207205383145252
1196.5 0.00115205315633275
1197 0.001143577258705274
1197.5 0.001030011861269764
1198 0.001036653374310453
1198.5 0.0009893205111122421
1199 0.0009840024001509763
1199.5 0.0009472668948123949
1200 0.000919563613217231
1200.5 0.0008291589802084733
1201 0.0008374251521684042
1201.5 0.0007890004958526468
1202 0.0007972857483857037
1202.5 0.0007415293189589684
1203 0.0007334741609429096
1203.5 0.000661510856602279
1204 0.0006787852251244864
1204.5 0.0006515084696840101
1205 0.0006005512617893336
1205.5 0.0006074612530867299
1206 0.0005521834305880735
1206.5 0.0004969970138013299
1207 0.0005261439878591313
1207.5 0.0005212782215331244
1208 0.0004736312161791115
1208.5 0.0004319599331165935
1209 0.0004492792819513725
1209.5 0.0004150558288929021
1210 0.0003779475523179232
1210.5 0.0003453086273555917
1211 0.0003479599134230827
1211.5 0.0002581873650107095
1212 0.0002872896538767159
1212.5 0.0002958400922833475
1213 0.0002575492090486751
1213.5 0.0002661098689159139
1214 0.0002352110155015253
1214.5 0.0001970642680617886
1215 0.0002027362451733262
1215.5 0.0001763374671097587
1216 0.0001703679376811787
1216.5 0.0001396741898137392
1217 0.0001366519557103128
1217.5 0.0001002259785969386
1218 0.0001161086471281587
1218.5 0.0001261645491172579
1219 9.128560382132954e-05
1219.5 8.397181468155056e-05
1220 7.377677536053716e-05
1220.5 6.215299233775054e-05
1221 6.354633427856154e-05
1221.5 4.040547746433105e-05
1222 3.46049307343053e-05
1222.5 1.872900782522663e-05
1223 2.015321211855693e-05
1223.5 3.16434544061726e-05
1224 2.012029548522807e-05
1224.5 1.292391475857923e-05
1225 1.29133667771711e-05
1225.5 7.168239835419448e-06
1226 5.729915341012515e-06
1226.5 2.862622265940148e-06
