33.4 2254
33.6 259
33.8 163
34 33
34.2 345
34.4 164
34.6 1269
34.8 1356
35 1983
35.2 3028
35.4 5422
35.6 6871
35.8 7107
36 10953
36.2 6363
36.4 12614
36.6 17144
36.8 50451
37 149410
37.2 335819
37.4 408070
37.6 483504
37.8 569139
38 557364
38.2 610700
38.4 530753
38.6 519701
38.8 511194
39 483568
39.2 492019
39.4 540540
39.6 480654
39.8 512594
40 444495
40.2 503097
40.4 476243
40.6 448174
40.8 446138
41 471770
41.2 457971
41.4 474876
41.6 491261
41.8 479082
42 451244
42.2 452679
42.4 424634
42.6 426258
42.8 412995
43 391037
43.2 352031
43.4 369302
43.6 358615
43.8 340732
44 329749
44.2 314929
44.4 320744
44.6 306027
44.8 299143
45 282599
45.2 268236
45.4 246972
45.6 252267
45.8 235856
46 219732
46.2 208470
46.4 197477
46.6 188231
46.8 179087
47 170995
47.2 160498
47.4 154123
47.6 143355
47.8 135482
48 127129
48.2 123091
48.4 117548
48.6 110128
48.8 109409
49 101637
49.2 92949
49.4 89305
49.6 85000
49.8 82937
50 77398
50.2 75215
50.4 70836
50.6 67648
50.8 65775
51 62231
51.2 59694
51.4 58335
51.6 56516
51.8 53153
52 52424
52.2 50124
52.4 48290
52.6 46646
52.8 45273
53 44046
53.2 43270
53.4 42938
53.6 41371
53.8 40378
54 39776
54.2 38762
54.4 38002
54.6 37108
54.8 37073
55 36530
55.2 35454
55.4 35081
55.6 34971
55.8 34386
56 34506
56.2 33927
56.4 33871
56.6 33435
56.8 33120
57 32755
57.2 32462
57.4 31971
57.6 31867
57.8 32108
58 32194
58.2 31224
58.4 31081
58.6 30930
58.8 30685
59 30984
59.2 30559
59.4 30387
59.6 30519
59.8 30102
60 30288
60.2 30302
60.4 29777
60.6 30024
60.8 29636
61 29739
61.2 29593
61.4 29457
61.6 29159
61.8 29159
62 28980
62.2 29386
62.4 29250
62.6 28875
62.8 29169
63 28623
63.2 29166
63.4 28696
63.6 28418
63.8 28615
64 29007
64.2 28703
64.4 29067
64.6 28787
64.8 28684
65 28444
65.2 28328
65.4 28552
65.6 28719
65.8 28718
66 28527
66.2 28625
66.4 28290
66.6 28309
66.8 28552
67 28281
67.2 28324
67.4 28074
67.6 28537
67.8 28024
68 28344
68.2 28331
68.4 28180
68.6 28546
68.8 28234
69 28345
69.2 28200
69.4 28184
69.6 27954
69.8 28162
70 28156
70.2 28041
70.4 27959
70.6 28281
70.8 27851
71 28042
71.2 27845
71.4 28261
71.6 28009
71.8 27614
72 27954
72.2 27995
72.4 28036
72.6 27763
72.8 27747
73 27939
73.2 27816
73.4 28047
73.6 27729
73.8 27801
74 27809
74.2 28018
74.4 27774
74.6 28062
74.8 27964
75 27374
75.2 27638
75.4 28110
75.6 27960
75.8 27775
76 27955
76.2 27773
76.4 27507
76.6 27807
76.8 27626
77 27490
77.2 27502
77.4 27719
77.6 27659
77.8 27766
78 27597
78.2 27664
78.4 27949
78.6 27633
78.8 27670
79 27750
79.2 27758
79.4 27926
79.6 27377
79.8 27597
80 27898
80.2 27714
80.4 28115
80.6 27683
80.8 27590
81 27728
81.2 27407
81.4 27577
81.6 27461
81.8 27667
82 27524
82.2 27663
82.4 27778
82.6 27654
82.8 27772
83 27645
83.2 27650
83.4 27581
83.6 27686
83.8 27666
84 27857
84.2 27356
84.4 27644
84.6 27669
84.8 27726
85 27521
85.2 27202
85.4 27521
85.6 27411
85.8 27880
86 27690
86.2 27383
86.4 27456
86.6 27663
86.8 27388
87 27409
87.2 27684
87.4 27425
87.6 27668
87.8 27606
88 27116
88.2 27617
88.4 27475
88.6 27625
88.8 27305
89 27551
89.2 27756
89.4 27510
89.6 27683
89.8 27590
90 27469
90.2 27405
90.4 27704
90.6 27492
90.8 27537
91 27681
91.2 27839
91.4 27748
91.6 27660
91.8 27362
92 27586
92.2 27733
92.4 27383
92.6 27560
92.8 27726
93 27393
93.2 27553
93.4 27489
93.6 27333
93.8 27509
94 27679
94.2 27592
94.4 27179
94.6 27347
94.8 27854
95 27744
95.2 27533
95.4 27616
95.6 27485
95.8 27401
96 27682
96.2 27414
96.4 27541
96.6 27313
96.8 27619
97 27721
97.2 27546
97.4 27364
97.6 27514
97.8 27484
98 27465
98.2 27725
98.4 27472
98.6 27668
98.8 27433
99 27491
99.2 27392
99.4 27210
99.6 27589
99.8 27663
100 27475
100.2 27384
100.4 27240
100.6 27532
100.8 27802
101 27433
101.2 27243
101.4 27522
101.6 27487
101.8 27393
102 27555
102.2 27477
102.4 27365
102.6 27586
102.8 27393
103 27785
103.2 27732
103.4 27394
103.6 27428
103.8 27208
104 27464
104.2 27378
104.4 27405
104.6 27507
104.8 27434
105 27222
105.2 27199
105.4 27713
105.6 27555
105.8 27306
106 27689
106.2 27801
106.4 27345
106.6 27612
106.8 27504
107 27436
107.2 27382
107.4 27087
107.6 27729
107.8 27575
108 27566
108.2 27567
108.4 27241
108.6 27537
108.8 27797
109 27119
109.2 27520
109.4 27555
109.6 27379
109.8 27564
110 27661
110.2 27440
110.4 27584
110.6 27334
110.8 27472
111 27293
111.2 27385
111.4 27260
111.6 27770
111.8 27303
112 27540
112.2 27679
112.4 27530
112.6 27779
112.8 27487
113 27578
113.2 27486
113.4 27497
113.6 27540
113.8 27407
114 27445
114.2 27538
114.4 27696
114.6 27563
114.8 27606
115 27353
115.2 27412
115.4 27308
115.6 27220
115.8 27546
116 27401
116.2 27569
116.4 27501
116.6 27478
116.8 27537
117 27558
117.2 27499
117.4 27479
117.6 27325
117.8 27683
118 27454
118.2 27576
118.4 27238
118.6 27913
118.8 27656
119 27327
119.2 27689
119.4 27424
119.6 27332
119.8 27418
120 27450
120.2 27485
120.4 27699
120.6 27590
120.8 27703
121 27432
121.2 27533
121.4 27423
121.6 27635
121.8 27608
122 27316
122.2 27490
122.4 27486
122.6 28002
122.8 27476
123 27690
123.2 27253
123.4 27797
123.6 27734
123.8 27389
124 27635
124.2 27686
124.4 27550
124.6 27430
124.8 27597
125 27315
125.2 27350
125.4 27590
125.6 27411
125.8 27509
126 27608
126.2 27634
126.4 27629
126.6 27671
126.8 27492
127 27738
127.2 27587
127.4 27425
127.6 27561
127.8 27688
128 27470
128.2 27541
128.4 27554
128.6 27616
128.8 27522
129 27465
129.2 27595
129.4 27515
129.6 27478
129.8 27489
130 28047
130.2 27319
130.4 27377
130.6 27350
130.8 27486
131 27450
131.2 27375
131.4 27643
131.6 27448
131.8 27651
132 27773
132.2 27534
132.4 27580
132.6 27415
132.8 27418
133 27504
133.2 27753
133.4 27339
133.6 27477
133.8 27615
134 27550
134.2 27528
134.4 27921
134.6 27327
134.8 27516
135 27642
135.2 27504
135.4 27615
135.6 27837
135.8 27653
136 27710
136.2 27647
136.4 27521
136.6 27642
136.8 27387
137 27866
137.2 27380
137.4 27359
137.6 27325
137.8 27339
138 27438
138.2 27594
138.4 28001
138.6 27346
138.8 27605
139 27344
139.2 27765
139.4 27780
139.6 27726
139.8 27473
140 27368
140.2 27077
140.4 27319
140.6 27381
140.8 27686
141 27412
141.2 27594
141.4 27550
141.6 27750
141.8 27645
142 27832
142.2 27329
142.4 27454
142.6 27414
142.8 27443
143 27466
143.2 27599
143.4 27439
143.6 27424
143.8 27399
144 27514
144.2 27446
144.4 27583
144.6 27448
144.8 27513
145 27680
145.2 27597
145.4 27704
145.6 27481
145.8 27660
146 27512
146.2 27683
146.4 27556
146.6 27657
146.8 27510
147 27277
147.2 27524
147.4 27437
147.6 27318
147.8 27397
148 27247
148.2 27260
148.4 27540
148.6 27229
148.8 27655
149 27589
149.2 27674
149.4 27464
149.6 27475
149.8 27710
150 27454
150.2 27570
150.4 27497
150.6 27535
150.8 27596
151 27394
151.2 27508
151.4 27462
151.6 27301
151.8 27076
152 27756
152.2 27532
152.4 27437
152.6 27659
152.8 27452
153 27131
153.2 27446
153.4 27448
153.6 27560
153.8 27692
154 27695
154.2 27439
154.4 27631
154.6 27474
154.8 27319
155 27348
155.2 27432
155.4 27191
155.6 27466
155.8 27388
156 27472
156.2 27148
156.4 27525
156.6 27832
156.8 27688
157 27440
157.2 27404
157.4 27765
157.6 27515
157.8 27300
158 27520
158.2 27704
158.4 27723
158.6 27517
158.8 27565
159 27771
159.2 27452
159.4 27629
159.6 27674
159.8 27358
160 27656
160.2 27762
160.4 27251
160.6 27266
160.8 27347
161 27257
161.2 27230
161.4 27508
161.6 27470
161.8 27164
162 27526
162.2 27705
162.4 27432
162.6 27504
162.8 27778
163 27574
163.2 27636
163.4 27483
163.6 27564
163.8 27405
164 27661
164.2 27474
164.4 27487
164.6 27553
164.8 27486
165 27456
165.2 27368
165.4 27520
165.6 27142
165.8 27322
166 27594
166.2 27359
166.4 27526
166.6 27495
166.8 27442
167 27624
167.2 27777
167.4 27188
167.6 27523
167.8 27850
168 27502
168.2 27113
168.4 27547
168.6 27680
168.8 27782
169 27281
169.2 27370
169.4 27366
169.6 27574
169.8 27626
170 27557
170.2 27452
170.4 27540
170.6 27370
170.8 27644
171 27174
171.2 27592
171.4 27314
171.6 27611
171.8 27624
172 27559
172.2 27509
172.4 27444
172.6 27070
172.8 27593
173 27808
173.2 27621
173.4 27434
173.6 27282
173.8 27406
174 27176
174.2 27522
174.4 27550
174.6 27346
174.8 27501
175 27934
175.2 27472
175.4 27271
175.6 27323
175.8 27564
176 27725
176.2 27591
176.4 27450
176.6 27491
176.8 27673
177 27640
177.2 27540
177.4 27506
177.6 27146
177.8 27717
178 27742
178.2 27544
178.4 27321
178.6 27301
178.8 27699
179 27355
179.2 27276
179.4 27381
179.6 27179
179.8 27205
180 27229
180.2 27524
180.4 27660
180.6 27716
180.8 27487
181 27530
181.2 27183
181.4 27388
181.6 27286
181.8 27482
182 27513
182.2 27512
182.4 27363
182.6 27511
182.8 27757
183 27303
183.2 27515
183.4 27370
183.6 27746
183.8 27254
184 27450
184.2 27299
184.4 27592
184.6 27503
184.8 27616
185 27454
185.2 27750
185.4 27603
185.6 27529
185.8 27493
186 27242
186.2 27617
186.4 27563
186.6 27725
186.8 27407
187 27705
187.2 27268
187.4 27539
187.6 27420
187.8 27518
188 27462
188.2 27409
188.4 27400
188.6 27740
188.8 27477
189 27514
189.2 27400
189.4 27593
189.6 27665
189.8 27311
190 27650
190.2 27562
190.4 27754
190.6 27558
190.8 27539
191 27463
191.2 27760
191.4 27950
191.6 27475
191.8 27566
192 27689
192.2 27612
192.4 27567
192.6 27435
192.8 27478
193 27547
193.2 27608
193.4 27458
193.6 27682
193.8 27578
194 27294
194.2 27618
194.4 27509
194.6 27663
194.8 27284
195 27496
195.2 27486
195.4 27806
195.6 27517
195.8 27572
196 27672
196.2 27492
196.4 27695
196.6 27581
196.8 27712
197 27523
197.2 27433
197.4 27492
197.6 27783
197.8 27653
198 27621
198.2 27600
198.4 27699
198.6 27529
198.8 27354
199 27604
199.2 27420
199.4 27204
199.6 27834
199.8 27490
200 27609
200.2 27551
200.4 27526
200.6 27597
200.8 27469
201 27518
201.2 27225
201.4 27285
201.6 27372
201.8 27795
202 27560
202.2 27733
202.4 27744
202.6 27542
202.8 27670
203 27460
203.2 27706
203.4 27719
203.6 27421
203.8 27464
204 27549
204.2 27547
204.4 27422
204.6 27703
204.8 27895
205 27685
205.2 27442
205.4 27555
205.6 27701
205.8 27792
206 27632
206.2 27693
206.4 27506
206.6 27531
206.8 27588
207 27654
207.2 27598
207.4 27388
207.6 27612
207.8 27566
208 27720
208.2 27358
208.4 27696
208.6 27442
208.8 27405
209 27492
209.2 27552
209.4 27646
209.6 27663
209.8 27767
210 27354
210.2 27561
210.4 27633
210.6 27439
210.8 27481
211 27407
211.2 27853
211.4 27466
211.6 27875
211.8 27307
212 27743
212.2 27317
212.4 27736
212.6 27700
212.8 27511
213 28030
213.2 27583
213.4 27949
213.6 27479
213.8 27952
214 27633
214.2 27454
214.4 27588
214.6 27763
214.8 27701
215 27555
215.2 27643
215.4 27432
215.6 27850
215.8 27548
216 27584
216.2 27582
216.4 27414
216.6 28078
216.8 27487
217 27736
217.2 27840
217.4 27383
217.6 27645
217.8 27747
218 27898
218.2 27561
218.4 27711
218.6 27374
218.8 27398
219 27663
219.2 27663
219.4 27695
219.6 27567
219.8 27672
220 27708
220.2 27662
220.4 27823
220.6 27623
220.8 27575
221 27530
221.2 27505
221.4 27632
221.6 27779
221.8 27611
222 27478
222.2 27650
222.4 27516
222.6 27450
222.8 27565
223 27818
223.2 27760
223.4 27647
223.6 27866
223.8 27525
224 27406
224.2 27476
224.4 27623
224.6 27668
224.8 27477
225 27472
225.2 27574
225.4 27594
225.6 27885
225.8 27553
226 27788
226.2 27723
226.4 27797
226.6 27742
226.8 27478
227 27591
227.2 27201
227.4 27687
227.6 27433
227.8 27778
228 27709
228.2 27586
228.4 27606
228.6 27497
228.8 27763
229 27752
229.2 27494
229.4 27336
229.6 27528
229.8 27639
230 27456
230.2 27429
230.4 27606
230.6 27661
230.8 27706
231 27666
231.2 27701
231.4 27761
231.6 27780
231.8 27572
232 27582
232.2 27693
232.4 27601
232.6 27770
232.8 27386
233 27769
233.2 27675
233.4 27582
233.6 27776
233.8 27689
234 27543
234.2 27408
234.4 27419
234.6 27503
234.8 27657
235 27560
235.2 27563
235.4 27669
235.6 27598
235.8 27716
236 27719
236.2 27611
236.4 27253
236.6 27868
236.8 27513
237 27503
237.2 27407
237.4 27625
237.6 27383
237.8 27622
238 27642
238.2 27871
238.4 27619
238.6 27500
238.8 27582
239 27373
239.2 27558
239.4 27716
239.6 27894
239.8 27657
240 27506
240.2 27846
240.4 27225
240.6 27729
240.8 27676
241 27409
241.2 27717
241.4 27435
241.6 27710
241.8 27482
242 27328
242.2 27322
242.4 27611
242.6 27513
242.8 27493
243 27506
243.2 27523
243.4 27774
243.6 27845
243.8 27664
244 27645
244.2 27560
244.4 27456
244.6 27642
244.8 27274
245 27531
245.2 27802
245.4 27406
245.6 27392
245.8 27773
246 27620
246.2 27412
246.4 27835
246.6 27918
246.8 27518
247 27591
247.2 27447
247.4 27423
247.6 27451
247.8 27461
248 27503
248.2 27621
248.4 27579
248.6 27700
248.8 27760
249 27508
249.2 27499
249.4 27594
249.6 27396
249.8 27890
250 27470
