33.6 120
34 773
34.2 584
34.4 972
34.6 1697
34.8 2969
35 2089
35.2 19970
35.4 119977
35.6 545494
35.8 1659674
36 3024648
36.2 4391904
36.4 4889674
36.6 4478797
36.8 3734300
37 3198414
37.2 2493121
37.4 2061994
37.6 1720193
37.8 1701485
38 1269442
38.2 1190719
38.4 1173026
38.6 1024978
38.8 992809
39 855213
39.2 837233
39.4 819994
39.6 790282
39.8 829516
40 802042
40.2 764781
40.4 735065
40.6 691725
40.8 723396
41 670270
41.2 647001
41.4 642367
41.6 671243
41.8 606916
42 595658
42.2 562245
42.4 529084
42.6 524123
42.8 515517
43 477113
43.2 495573
43.4 439936
43.6 441081
43.8 415380
44 373115
44.2 376922
44.4 368930
44.6 351707
44.8 344438
45 328374
45.2 313610
45.4 290918
45.6 293701
45.8 278630
46 268442
46.2 260819
46.4 251222
46.6 233134
46.8 216935
47 214039
47.2 200265
47.4 193379
47.6 187473
47.8 177802
48 167496
48.2 156971
48.4 150280
48.6 142773
48.8 136276
49 131115
49.2 123962
49.4 118613
49.6 110562
49.8 106983
50 100568
50.2 97811
50.4 93133
50.6 89072
50.8 83175
51 81245
51.2 79516
51.4 75772
51.6 72333
51.8 71035
52 68188
52.2 65277
52.4 63756
52.6 62066
52.8 60767
53 58345
53.2 57853
53.4 56350
53.6 54873
53.8 53002
54 53417
54.2 52255
54.4 50636
54.6 50303
54.8 49258
55 47873
55.2 48214
55.4 47024
55.6 46179
55.8 45823
56 45674
56.2 44815
56.4 44243
56.6 43886
56.8 43864
57 43106
57.2 43243
57.4 42477
57.6 42398
57.8 41990
58 41746
58.2 41395
58.4 41028
58.6 41186
58.8 40742
59 40519
59.2 40526
59.4 40232
59.6 39678
59.8 39907
60 39829
60.2 39761
60.4 39566
60.6 39485
60.8 39166
61 39583
61.2 39055
61.4 38767
61.6 39236
61.8 38656
62 38504
62.2 38813
62.4 38404
62.6 38508
62.8 38238
63 38327
63.2 37989
63.4 38080
63.6 38318
63.8 38267
64 37983
64.2 38225
64.4 38131
64.6 37928
64.8 37533
65 37738
65.2 37910
65.4 37719
65.6 37687
65.8 37945
66 37664
66.2 37598
66.4 37503
66.6 37373
66.8 37817
67 37398
67.2 37469
67.4 37521
67.6 37292
67.8 37451
68 37219
68.2 37584
68.4 37697
68.6 37290
68.8 37254
69 37127
69.2 37045
69.4 37530
69.6 36745
69.8 37366
70 36959
70.2 37017
70.4 37351
70.6 37009
70.8 36770
71 36959
71.2 36926
71.4 37371
71.6 37046
71.8 37054
72 37070
72.2 37034
72.4 37013
72.6 37324
72.8 36895
73 37105
73.2 36973
73.4 37017
73.6 36532
73.8 36863
74 36522
74.2 36603
74.4 36966
74.6 36847
74.8 36980
75 36590
75.2 36411
75.4 36901
75.6 36621
75.8 36552
76 36583
76.2 36401
76.4 36804
76.6 36692
76.8 36535
77 36798
77.2 36412
77.4 36532
77.6 36553
77.8 36324
78 36689
78.2 36958
78.4 36513
78.6 36467
78.8 36441
79 36487
79.2 36574
79.4 36499
79.6 36531
79.8 36847
80 36222
80.2 36633
80.4 36797
80.6 36331
80.8 36865
81 36599
81.2 36689
81.4 36695
81.6 36386
81.8 36527
82 36562
82.2 36333
82.4 36646
82.6 36339
82.8 36590
83 36633
83.2 36295
83.4 36475
83.6 36599
83.8 36481
84 36468
84.2 36240
84.4 36455
84.6 36313
84.8 36309
85 36585
85.2 36501
85.4 36224
85.6 36436
85.8 36755
86 36634
86.2 36665
86.4 36198
86.6 36242
86.8 36978
87 36424
87.2 36443
87.4 36390
87.6 36122
87.8 36213
88 36323
88.2 36259
88.4 36688
88.6 36516
88.8 36512
89 36168
89.2 36329
89.4 36627
89.6 36962
89.8 36172
90 36299
90.2 36344
90.4 36328
90.6 36157
90.8 36345
91 36314
91.2 36429
91.4 36136
91.6 36161
91.8 36123
92 36374
92.2 36126
92.4 36427
92.6 36600
92.8 36701
93 36491
93.2 36226
93.4 35942
93.6 36257
93.8 35901
94 36255
94.2 36263
94.4 36418
94.6 36449
94.8 36196
95 36524
95.2 36437
95.4 36581
95.6 36626
95.8 36087
96 36741
96.2 36113
96.4 36187
96.6 36198
96.8 36320
97 36225
97.2 36575
97.4 36295
97.6 36380
97.8 36439
98 36674
98.2 36139
98.4 36438
98.6 36479
98.8 36119
99 36313
99.2 36729
99.4 36312
99.6 36183
99.8 36093
100 35888
100.2 36641
100.4 36424
100.6 36385
100.8 36684
101 36374
101.2 36116
101.4 36177
101.6 36381
101.8 36305
102 36164
102.2 36408
102.4 36265
102.6 36508
102.8 36391
103 36145
103.2 36343
103.4 36308
103.6 36259
103.8 36445
104 35990
104.2 36042
104.4 36372
104.6 36122
104.8 36410
105 35883
105.2 36243
105.4 36094
105.6 36355
105.8 36382
106 35815
106.2 36191
106.4 36273
106.6 36374
106.8 36309
107 36151
107.2 36236
107.4 36415
107.6 36369
107.8 36178
108 36419
108.2 36076
108.4 36368
108.6 36371
108.8 36273
109 36090
109.2 36635
109.4 36100
109.6 36228
109.8 36214
110 36256
110.2 36051
110.4 36434
110.6 36076
110.8 36310
111 35948
111.2 36434
111.4 36120
111.6 36260
111.8 36234
112 36618
112.2 35802
112.4 36617
112.6 36472
112.8 36375
113 36388
113.2 36466
113.4 36173
113.6 36351
113.8 36245
114 36511
114.2 36094
114.4 36477
114.6 36361
114.8 36181
115 36322
115.2 36391
115.4 36400
115.6 36263
115.8 35955
116 36527
116.2 36506
116.4 36522
116.6 36359
116.8 35837
117 36214
117.2 36326
117.4 36300
117.6 36198
117.8 36185
118 36461
118.2 36286
118.4 36737
118.6 36155
118.8 36359
119 36298
119.2 36237
119.4 36636
119.6 36341
119.8 36098
120 36101
120.2 36239
120.4 36121
120.6 36338
120.8 36233
121 36212
121.2 36394
121.4 36229
121.6 36146
121.8 35770
122 36346
122.2 35972
122.4 36303
122.6 36312
122.8 36219
123 36264
123.2 36076
123.4 36412
123.6 36418
123.8 36219
124 35859
124.2 35869
124.4 36473
124.6 36377
124.8 36090
125 36210
125.2 36032
125.4 36216
125.6 35910
125.8 36328
126 36043
126.2 35907
126.4 35914
126.6 36025
126.8 36219
127 36291
127.2 35977
127.4 36269
127.6 36141
127.8 36558
128 36469
128.2 36075
128.4 36327
128.6 36338
128.8 35997
129 36081
129.2 36083
129.4 36489
129.6 36577
129.8 36248
130 36383
130.2 36336
130.4 36155
130.6 36320
130.8 36135
131 36284
131.2 36406
131.4 36239
131.6 36322
131.8 35861
132 36347
132.2 36453
132.4 36193
132.6 36253
132.8 36210
133 36434
133.2 36034
133.4 36090
133.6 36166
133.8 36402
134 36177
134.2 36449
134.4 36549
134.6 36649
134.8 36119
135 36180
135.2 36006
135.4 36216
135.6 36440
135.8 36467
136 35823
136.2 36283
136.4 36375
136.6 36143
136.8 36365
137 36408
137.2 36404
137.4 36339
137.6 36136
137.8 36376
138 36035
138.2 36227
138.4 36242
138.6 36297
138.8 36067
139 36526
139.2 35865
139.4 36313
139.6 36249
139.8 36361
140 35708
140.2 36334
140.4 36389
140.6 36189
140.8 36133
141 36396
141.2 35885
141.4 36261
141.6 35962
141.8 36119
142 36029
142.2 36205
142.4 36262
142.6 36381
142.8 36217
143 36310
143.2 36597
143.4 36369
143.6 35976
143.8 36490
144 36135
144.2 36317
144.4 36340
144.6 36200
144.8 36084
145 36134
145.2 36381
145.4 36288
145.6 36298
145.8 36218
146 36145
146.2 36571
146.4 36165
146.6 36303
146.8 36231
147 36397
147.2 36173
147.4 36276
147.6 36168
147.8 36279
148 36435
148.2 36415
148.4 36270
148.6 36441
148.8 36368
149 36176
149.2 36208
149.4 36165
149.6 36057
149.8 36020
150 36497
150.2 36003
150.4 35960
150.6 36172
150.8 36222
151 36684
151.2 35862
151.4 36007
151.6 36633
151.8 36398
152 35942
152.2 36133
152.4 36515
152.6 36668
152.8 36160
153 36045
153.2 36304
153.4 36127
153.6 36145
153.8 36268
154 36435
154.2 36197
154.4 36316
154.6 35941
154.8 36356
155 36199
155.2 36251
155.4 36056
155.6 36181
155.8 36123
156 36137
156.2 36258
156.4 36185
156.6 36436
156.8 36157
157 36017
157.2 35846
157.4 36285
157.6 36254
157.8 36042
158 36424
158.2 35990
158.4 36095
158.6 36418
158.8 36004
159 36294
159.2 35949
159.4 36257
159.6 36535
159.8 36003
160 35931
160.2 36360
160.4 36331
160.6 36153
160.8 36195
161 36388
161.2 36212
161.4 36361
161.6 36312
161.8 36113
162 36283
162.2 36186
162.4 36408
162.6 36284
162.8 36152
163 36302
163.2 36225
163.4 36068
163.6 36121
163.8 35845
164 36172
164.2 36259
164.4 36105
164.6 36389
164.8 36471
165 36195
165.2 36123
165.4 36303
165.6 36332
165.8 36294
166 35980
166.2 35958
166.4 36117
166.6 36130
166.8 36105
167 36097
167.2 36076
167.4 35658
167.6 36122
167.8 36084
168 36376
168.2 36134
168.4 36297
168.6 36500
168.8 36285
169 36136
169.2 36313
169.4 36231
169.6 36041
169.8 35952
170 35818
170.2 36045
170.4 36267
170.6 36369
170.8 36259
171 35928
171.2 36135
171.4 36484
171.6 36213
171.8 36621
172 36341
172.2 35795
172.4 36101
172.6 36212
172.8 36275
173 36228
173.2 36219
173.4 36467
173.6 36526
173.8 36362
174 36317
174.2 36829
174.4 35842
174.6 36036
174.8 36274
175 36190
175.2 36037
175.4 36289
175.6 35896
175.8 36071
176 36363
176.2 36765
176.4 35947
176.6 36070
176.8 36294
177 36143
177.2 36068
177.4 36381
177.6 36182
177.8 36117
178 36437
178.2 36229
178.4 36126
178.6 36480
178.8 36089
179 36226
179.2 35990
179.4 36769
179.6 36088
179.8 36435
180 35933
180.2 36242
180.4 36142
180.6 36060
180.8 36024
181 36148
181.2 36387
181.4 36278
181.6 36371
181.8 36420
182 36341
182.2 36296
182.4 36052
182.6 35774
182.8 36364
183 35973
183.2 36253
183.4 36494
183.6 36406
183.8 36272
184 36256
184.2 36298
184.4 36326
184.6 36118
184.8 36087
185 36156
185.2 35814
185.4 36325
185.6 36483
185.8 36635
186 35981
186.2 36441
186.4 36259
186.6 35991
186.8 36173
187 36063
187.2 36520
187.4 36007
187.6 36043
187.8 36368
188 36216
188.2 36534
188.4 36211
188.6 36280
188.8 36378
189 36080
189.2 36075
189.4 36368
189.6 36338
189.8 36276
190 36532
190.2 36030
190.4 36082
190.6 36225
190.8 36409
191 36372
191.2 35955
191.4 35951
191.6 35678
191.8 36015
192 36340
192.2 36398
192.4 35962
192.6 36096
192.8 36431
193 36167
193.2 36246
193.4 36499
193.6 35919
193.8 35986
194 35781
194.2 36195
194.4 36400
194.6 35916
194.8 36172
195 36485
195.2 35792
195.4 36420
195.6 36353
195.8 36278
196 36303
196.2 36468
196.4 36103
196.6 36509
196.8 36175
197 35984
197.2 36077
197.4 36183
197.6 36100
197.8 36090
198 35760
198.2 35885
198.4 36304
198.6 36472
198.8 36014
199 36370
199.2 36673
199.4 36157
199.6 35909
199.8 36017
200 36192
200.2 36316
200.4 36237
200.6 36082
200.8 36187
201 36329
201.2 36174
201.4 36203
201.6 35862
201.8 36212
202 36190
202.2 36320
202.4 36326
202.6 36327
202.8 36174
203 36123
203.2 36278
203.4 35955
203.6 35978
203.8 36253
204 36185
204.2 36322
204.4 36072
204.6 36192
204.8 36010
205 36202
205.2 36428
205.4 36280
205.6 36312
205.8 36116
206 36139
206.2 36337
206.4 36143
206.6 36188
206.8 36177
207 36293
207.2 36635
207.4 36212
207.6 36070
207.8 36258
208 35895
208.2 36107
208.4 35831
208.6 36328
208.8 36268
209 36242
209.2 36016
209.4 36065
209.6 36308
209.8 35913
210 36265
210.2 36146
210.4 36034
210.6 35912
210.8 36303
211 36181
211.2 36168
211.4 36369
211.6 36164
211.8 36435
212 36451
212.2 36193
212.4 36157
212.6 36648
212.8 36214
213 36298
213.2 36258
213.4 35876
213.6 36200
213.8 36155
214 36310
214.2 36275
214.4 36677
214.6 36429
214.8 36579
215 36324
215.2 36214
215.4 35876
215.6 36314
215.8 36523
216 36094
216.2 36329
216.4 36262
216.6 36347
216.8 35752
217 36528
217.2 36019
217.4 36138
217.6 36075
217.8 36181
218 36378
218.2 36344
218.4 36174
218.6 36252
218.8 36588
219 35935
219.2 36250
219.4 36274
219.6 36131
219.8 35938
220 36442
220.2 36257
220.4 36056
220.6 35913
220.8 36460
221 36095
221.2 36143
221.4 36315
221.6 36277
221.8 36126
222 36330
222.2 36353
222.4 36064
222.6 36232
222.8 36147
223 35890
223.2 36462
223.4 36514
223.6 36247
223.8 36533
224 35899
224.2 36279
224.4 36821
224.6 36174
224.8 35862
225 36309
225.2 36520
225.4 36141
225.6 36400
225.8 36145
226 36268
226.2 36047
226.4 36154
226.6 36022
226.8 35688
227 36162
227.2 36021
227.4 36520
227.6 36111
227.8 36373
228 36105
228.2 36004
228.4 36415
228.6 36253
228.8 35857
229 36150
229.2 36119
229.4 35893
229.6 36256
229.8 36209
230 36432
230.2 36067
230.4 36215
230.6 36309
230.8 36089
231 36547
231.2 35813
231.4 36294
231.6 36477
231.8 36228
232 36141
232.2 36088
232.4 36187
232.6 36364
232.8 36247
233 36304
233.2 36384
233.4 36013
233.6 36142
233.8 36014
234 36602
234.2 36322
234.4 36140
234.6 36278
234.8 36158
235 36061
235.2 36305
235.4 36474
235.6 36131
235.8 36255
236 36099
236.2 36435
236.4 36181
236.6 36016
236.8 36468
237 36464
237.2 36307
237.4 36364
237.6 36426
237.8 36285
238 36221
238.2 35968
238.4 36326
238.6 36316
238.8 36146
239 36144
239.2 36065
239.4 36067
239.6 36447
239.8 36614
240 36126
240.2 36188
240.4 36281
240.6 36691
240.8 36588
241 35941
241.2 36474
241.4 36477
241.6 36157
241.8 36306
242 36185
242.2 36111
242.4 36072
242.6 36201
242.8 36430
243 36311
243.2 36466
243.4 36442
243.6 36098
243.8 36270
244 36099
244.2 36285
244.4 36024
244.6 35850
244.8 35903
245 36424
245.2 35960
245.4 36540
245.6 36656
245.8 36410
246 36076
246.2 36122
246.4 36093
246.6 36262
246.8 35905
247 36087
247.2 36209
247.4 36230
247.6 36426
247.8 36488
248 36014
248.2 36139
248.4 35919
248.6 36622
248.8 36282
249 36001
249.2 36097
249.4 36236
249.6 36139
249.8 36342
250 36098
