0.00362553 1.61339
0.00512727 1.58632
0.00627959 1.60948
0.00725105 1.57344
0.0102545 1.57626
0.0108766 1.56335
0.0125592 1.56938
0.0145021 1.55027
0.0153818 1.54496
0.0181276 1.52857
0.0188388 1.51825
0.0205091 1.50287
0.0217532 1.48053
0.0251184 1.45233
0.0253787 1.45021
0.0256363 1.4508
0.0290042 1.42876
0.0307636 1.40086
0.031398 1.38836
0.0326297 1.35242
0.0358909 1.33003
0.0362553 1.32684
0.0376776 1.3146
0.0398808 1.27663
0.0410181 1.27045
0.0435063 1.2488
0.0439572 1.25667
0.0461454 1.22022
0.0471318 1.2203
0.0502368 1.18947
0.0507574 1.16608
0.0512727 1.17322
0.0543829 1.13296
0.0563999 1.11104
0.0565163 1.11621
0.0580084 1.10625
0.0615272 1.07803
0.0616339 1.07301
0.0627959 1.07473
0.0652595 1.05617
0.0666545 1.03542
0.068885 1.02421
0.0690755 1.03768
0.0717817 1.00542
0.0725105 1.01495
0.0753551 0.986501
0.076136 0.981407
0.076909 0.96775
0.0797616 0.98441
0.0816347 0.956647
0.0820363 0.956001
0.0833871 0.934776
0.0870126 0.938388
0.0871635 0.9392
0.0879143 0.936059
0.0906381 0.926433
0.0922908 0.910882
0.0941939 0.912166
0.0942637 0.914906
0.0974181 0.904008
0.0978892 0.90308
0.100474 0.906145
0.101515 0.921123
0.102545 0.899094
0.10514 0.898017
0.106753 0.910311
0.107673 0.904616
0.108766 0.907127
0.112391 0.916924
0.1128 0.910675
0.113033 0.911086
0.116017 0.926996
0.117927 0.91086
0.119312 0.925477
0.119642 0.925266
0.123054 0.918865
0.123268 0.927787
0.125592 0.925056
0.126893 0.9349
0.128182 0.926508
0.130519 0.949036
0.131871 0.95952
0.133309 0.957579
0.134144 0.951927
0.13777 0.962583
0.138151 0.966247
0.138436 0.960305
0.141395 0.967866
0.143563 0.982977
0.144431 0.982147
0.145021 0.978282
0.148647 0.995704
0.148691 0.99319
0.15071 0.994787
0.152272 1.00914
0.153818 1.00123
0.155898 1.00409
0.15699 1.01344
0.158945 1.01997
0.159523 1.02148
0.163149 1.02509
0.163269 1.03139
0.164073 1.03076
0.166774 1.01779
0.1692 1.03137
0.169549 1.03942
0.1704 1.02994
0.174025 1.03849
0.174327 1.03227
0.175829 1.03305
0.177651 1.03031
0.179454 1.04538
0.181276 1.04829
0.182108 1.03433
0.184582 1.04056
0.184902 1.06365
0.188388 1.04422
0.188527 1.04483
0.189709 1.0388
0.192153 1.0404
0.194667 1.02845
0.194836 1.04221
0.195778 1.04364
0.199404 1.02525
0.199963 1.03764
0.200947 1.03748
0.203029 1.02298
0.205091 1.03019
0.206655 1.02788
0.207227 1.04462
0.210218 1.01492
0.21028 1.02457
0.213506 1.01488
0.213906 1.01666
0.215345 1.02112
0.217532 1.01776
0.219786 1.01442
0.220472 1.01092
0.221157 1.01313
0.224783 1.00786
0.2256 1.00342
0.226065 1.00874
0.228408 1.00027
0.230727 1.01033
0.232034 0.999573
0.232345 1.00116
0.235659 0.997557
0.235854 0.985872
0.238625 0.998904
0.239285 0.99052
0.240982 0.979562
0.24291 0.990728
0.244904 0.997254
0.246109 0.989905
0.246536 0.986217
0.250161 0.976624
0.251184 0.985975
0.251236 0.977466
0.253787 0.985166
0.256363 0.983376
0.257412 1.00335
0.257463 0.986537
0.261038 0.974675
0.261491 0.985484
0.263743 0.987063
0.264663 0.982008
0.266618 0.978326
0.268289 0.972124
0.270023 0.986381
0.271745 0.984687
0.271914 0.967377
0.27554 0.982126
0.276302 0.984156
0.276872 0.98675
0.279165 0.981566
0.282 0.989138
0.282582 0.977314
0.282791 0.981145
0.286417 1.0066
0.287127 0.981865
0.288861 0.991459
0.290042 0.995332
0.292254 0.988143
0.293668 0.994702
0.295141 0.992606
0.297293 0.986601
0.297382 0.998447
0.300919 0.975419
0.301421 0.985941
0.302509 0.990788
0.304544 0.995362
0.307636 0.993731
0.3077 1.00897
0.30817 1.0099
0.311795 1.00128
0.312763 0.985083
0.31398 0.989248
0.315421 0.990741
0.317891 1.00535
0.319046 1.01904
0.320259 1.00487
0.322672 0.991847
0.323018 1.00663
0.326297 1.00935
0.326539 1.01471
0.328145 1.01037
0.329923 0.997735
0.332818 1.00304
0.333272 0.997431
0.333548 1.00636
0.337174 1.0221
0.3384 1.00837
0.339098 1.01775
0.340799 1.0055
0.343527 1.00747
0.344425 1.0255
0.345378 1.00058
0.34805 1.00217
0.348654 1.00031
0.351657 1.00532
0.351676 1.01989
0.353781 1.00727
0.355301 1.00864
0.357937 0.994465
0.358909 1.01108
0.358927 1.00315
0.362553 1.02359
0.364036 1.01375
0.364216 1.01943
0.366178 1.00782
0.369163 1.00343
0.369804 1.00789
0.370496 1.00309
0.373429 1.0004
0.374291 1.00382
0.376776 0.994916
0.377055 1.00441
0.379418 0.99906
0.38068 0.988522
0.383055 1.01574
0.384306 1.00351
0.384545 1.00429
0.387931 1.00369
0.389335 1.02046
0.389672 1.00368
0.391557 0.990193
0.3948 0.992182
0.395182 1.00867
0.395614 1.00901
0.398808 1.00485
0.399927 1.00653
0.401894 1.01289
0.402433 1.00029
0.405054 1.00468
0.406059 0.999709
0.408174 1.00634
0.409684 1.00727
0.410181 0.99518
0.41331 1.00741
0.414453 1.00277
0.415309 1.00316
0.416935 0.996962
0.420436 0.997542
0.420561 0.992228
0.420733 0.985052
0.424186 0.982678
0.425563 0.983525
0.427012 0.994271
0.427812 0.997402
0.43069 1.00169
0.431438 1.01809
0.433292 0.997037
0.435063 1.0066
0.435818 0.995068
0.438689 0.992855
0.439572 0.994867
0.440945 0.991878
0.442314 0.999106
0.445851 0.999762
0.44594 0.999765
0.446072 1.002
0.449565 1.01181
0.4512 0.998277
0.452131 0.989946
0.453191 1.011
0.456327 0.996365
0.456816 0.986007
0.45841 1.00947
0.460442 1.00989
0.461454 1.00777
0.464067 0.988685
0.46469 0.992293
0.466581 0.988894
0.467693 1.00901
0.47097 1.00009
0.471318 1.00841
0.471709 0.991941
0.474944 1.00425
0.476836 1.00161
0.477249 0.996112
0.478569 0.999577
0.481963 1.00472
0.482195 1.00528
0.483529 0.990544
0.48582 1.0047
0.48709 0.995434
0.489446 1.00226
0.489808 0.991671
0.492218 0.998109
0.493071 1.00774
0.496088 0.989875
0.496697 0.993159
0.497345 1.0005
0.500323 0.982446
0.502368 1.00084
0.502472 0.991613
0.503948 0.996329
0.507574 0.999208
0.507599 0.995981
0.508647 0.998731
0.511199 1.00674
0.512727 0.997128
0.514825 1.00139
0.514927 1.00288
0.517854 1.00159
0.51845 1.007
0.521206 0.999605
0.522076 1.00628
0.522981 1.00359
0.525701 1.00321
0.527486 1.016
0.528109 1.00209
0.529327 1.00192
0.532952 1.01305
0.533236 0.993718
0.533766 1.00862
0.536578 1.00543
0.538363 0.9946
0.540045 1.00475
0.540203 1.00617
0.54349 1.00194
0.543829 1.00689
0.546325 1.01167
0.547454 0.991519
0.548618 0.995468
0.55108 1.01304
0.552604 1.00269
0.553745 1.0124
0.554705 1.01035
0.558331 1.01273
0.558872 1.00834
0.558884 1.0168
0.561956 1.01135
0.563999 1.00445
0.565163 1.01356
0.565582 1.01369
0.569127 1.01124
0.569207 1.01226
0.571443 1.00736
0.572833 1.00444
0.574254 1.0044
0.576459 1.01439
0.577723 0.99562
0.579381 0.994885
0.580084 0.993162
0.58371 1.00567
0.584002 1.00209
0.584508 1.00549
0.587335 1.00102
0.589636 0.99437
0.590282 0.99942
0.590961 1.01718
0.594586 1.00249
0.594763 1.00738
0.596561 1.00522
0.598212 1.00528
0.59989 0.996307
0.601837 0.998606
0.602841 1.00442
0.605018 0.993271
0.605463 1.00584
0.609088 0.98723
0.609121 1.01029
0.610145 0.995505
0.612714 1.0136
0.615272 1.0021
0.6154 0.990775
0.616339 0.983449
0.619965 1.00733
0.620399 0.990102
0.62168 1.00128
0.62359 0.995866
0.625527 0.996585
0.627216 0.986455
0.627959 0.989166
0.630654 0.994208
0.630841 0.994091
0.634239 0.992226
0.634467 0.996131
0.635781 0.992639
0.638092 0.992927
0.640519 1.00715
0.640908 0.999489
0.641718 1.00015
0.645344 0.996312
0.646036 0.989861
0.646798 1.00155
0.648969 0.997333
0.651163 0.996227
0.652595 0.98184
0.653078 0.976233
0.65622 0.997763
0.65629 1.00281
0.659357 0.998595
0.659846 1.00705
0.661417 0.992085
0.663471 0.987865
0.665637 0.990863
0.666545 0.992671
0.667097 1.0035
0.670722 1.00299
0.671672 0.986738
0.671917 0.994059
0.674348 0.992065
0.676799 1.00259
0.677973 0.992095
0.678196 1.00922
0.681599 0.996629
0.681927 1.00434
0.684476 1.00646
0.685224 1.00015
0.687054 0.99562
0.68885 1.00881
0.690755 0.997109
0.692181 1.00703
0.692475 1.00309
0.696101 0.99011
0.697035 1.00689
0.697308 0.996731
0.699726 0.992537
0.702436 1.00399
0.703315 1.00045
0.703352 1.01167
0.706977 0.999244
0.707563 1.00516
0.709594 1.00157
0.710603 1.00818
0.71269 1.00258
0.714229 1.01052
0.715874 1.01834
0.717817 1.00475
0.717854 0.998918
0.72148 1.0104
0.722153 1.00767
0.722945 1.00331
0.725105 1.00532
0.728072 1.00541
0.728433 0.994101
0.733199 1.00528
0.734713 1.00097
0.738326 0.990941
0.740992 0.993002
0.743454 0.994806
0.747272 1.01313
0.748581 1.0037
0.753551 0.995872
0.753708 0.997595
0.758836 0.998786
0.759831 1.00787
0.763963 1.00557
0.766111 1.00211
0.76909 1.00302
0.77239 0.992354
0.774217 1.00763
0.77867 1.0159
0.779345 0.997704
0.784472 0.989013
0.784949 0.99519
0.789599 0.997811
0.791229 0.989013
0.794726 1.00614
0.797508 1.00932
0.799854 1.00004
0.803788 0.997789
0.804981 0.991785
0.810068 0.991666
0.810108 0.993455
0.815235 1.00057
0.816347 0.998531
0.820363 1.00016
0.822627 0.997249
0.82549 0.992517
0.828906 0.99451
0.830617 0.989992
0.835186 1.00181
0.835745 0.993094
0.840872 0.992026
0.841466 0.994073
0.845999 0.991428
0.847745 1.00455
0.851126 0.999174
0.854025 0.994568
0.856254 0.98932
0.860304 0.998876
0.861381 1.00336
0.866508 0.999928
0.866584 1.00257
0.871635 1.00637
0.872864 1.01714
0.876763 0.996011
0.879143 1.00867
0.88189 0.999748
0.885423 1.00396
0.887017 1.01264
0.891702 1.00086
0.892145 0.999657
0.897272 1.00957
0.897982 1.00247
0.902399 1.00748
0.904262 1.00042
0.907526 0.99878
0.910541 1.01033
0.912654 1.00155
0.916821 0.992264
0.917781 1.00781
0.922908 1.00085
0.9231 1.00035
0.928035 1.00411
0.92938 1.00437
0.933163 1.00745
0.93566 1.0044
0.93829 0.996344
0.941939 1.00006
0.943417 0.996724
0.948219 0.9926
0.948544 1.00329
0.953672 0.999787
0.954498 1.00373
0.958799 0.992807
0.960778 0.998864
0.963926 0.997908
0.967058 0.99521
0.969054 0.986069
0.973337 1.00173
0.974181 0.996485
0.979308 0.996174
0.979617 0.98933
0.984435 0.998848
0.985896 1.00882
0.989563 0.999404
0.992176 0.98883
0.99469 0.999951
0.998455 0.994888
0.999817 1.00146
1.00474 1.00427
1.00494 0.999171
1.01007 0.998221
1.01101 0.997844
1.0152 0.998703
1.01729 0.984986
1.02033 1.00021
1.02357 0.9926
1.02545 0.994779
1.02985 1.01687
1.03613 0.99621
1.04241 1.00398
1.04869 0.995292
1.05497 1.01223
1.06125 1.00811
1.06753 0.998963
1.07381 0.999683
1.08009 0.989719
1.08637 1.00396
1.09265 1.00711
1.09893 1.00557
1.10521 0.991273
1.11149 1.00335
1.11777 1.00505
1.12405 1.00925
1.13033 1.00287
1.13661 0.995481
1.14289 1.00448
1.14917 1.01239
1.15545 0.990887
1.16172 0.993479
1.168 0.996974
1.17428 1.0061
1.18056 1.00395
1.18684 1.00301
1.19312 0.993062
1.1994 0.999808
1.20568 1.0048
1.21196 1.00177
1.21824 0.999488
1.22452 1.00686
1.2308 1.01499
1.23708 1.00979
1.24336 1.00706
1.24964 1.00294
1.25592 0.994217
