0.00442983 1.25801
0.00626473 1.26246
0.0076727 1.25383
0.00885967 1.25922
0.0125295 1.23977
0.0132895 1.2386
0.0153454 1.24568
0.0177193 1.2265
0.0187942 1.24581
0.0221492 1.22424
0.0230181 1.2205
0.0250589 1.21883
0.026579 1.21125
0.0306908 1.20131
0.0310088 1.18977
0.0313237 1.20667
0.0354387 1.17867
0.0375884 1.16365
0.0383635 1.17391
0.0398685 1.15802
0.0438531 1.16175
0.0442983 1.15641
0.0460362 1.15408
0.0487282 1.11936
0.0501179 1.11867
0.053158 1.11083
0.0537089 1.10228
0.0563826 1.09871
0.0575878 1.08373
0.0613816 1.07617
0.0620177 1.05401
0.0626473 1.0676
0.0664475 1.07116
0.0689121 1.04307
0.0690543 1.03947
0.0708774 1.03845
0.0751768 1.01992
0.0753072 1.00344
0.076727 1.00901
0.079737 1.00194
0.0814415 0.986958
0.0841669 1.00506
0.0843997 0.990383
0.0877062 0.981664
0.0885967 0.970377
0.0920724 0.970177
0.0930265 0.973345
0.093971 0.959942
0.0974564 0.944897
0.0997451 0.955206
0.100236 0.955218
0.101886 0.94129
0.106316 0.943264
0.1065 0.940189
0.107418 0.939009
0.110746 0.942786
0.112765 0.945531
0.11509 0.935273
0.115176 0.939041
0.11903 0.946275
0.119606 0.951873
0.122763 0.942079
0.124035 0.95537
0.125295 0.943466
0.128465 0.939304
0.130436 0.946537
0.131559 0.939184
0.132895 0.952256
0.137325 0.96253
0.137824 0.964345
0.138109 0.960669
0.141755 0.968265
0.144089 0.963972
0.145781 0.967664
0.146185 0.98292
0.150354 0.982374
0.150614 0.986467
0.153454 0.990574
0.155044 0.993131
0.156618 0.983697
0.159474 1.0054
0.161127 0.997311
0.162883 1.0038
0.163904 1.01089
0.168334 1.00537
0.168799 1.01123
0.169148 1.00682
0.172764 1.00624
0.175412 1.01824
0.176472 1.01356
0.177193 1.01813
0.181623 1.02091
0.181677 1.02846
0.184145 1.03015
0.186053 1.02351
0.187942 1.03315
0.190483 1.01666
0.191817 1.02793
0.194207 1.02959
0.194913 1.02363
0.199343 1.0195
0.19949 1.03158
0.200471 1.02507
0.203772 1.02288
0.206736 1.02306
0.207163 1.01937
0.208202 1.02658
0.212632 1.02509
0.213001 1.029
0.214836 1.02429
0.217062 1.04083
0.219266 1.02286
0.221492 1.02318
0.222508 1.02391
0.22553 1.01957
0.225922 1.0333
0.230181 0.988917
0.230351 1.01553
0.231795 1.02099
0.234781 1.01991
0.237854 1.01111
0.23806 1.01298
0.239211 0.997882
0.243641 1.00746
0.244325 0.998529
0.245526 0.994181
0.248071 0.991133
0.250589 0.991627
0.252501 1.00672
0.253199 0.998585
0.256854 0.998072
0.25693 1.01408
0.260872 0.998546
0.26136 0.989988
0.263119 0.978813
0.26579 0.991775
0.268544 0.992303
0.269383 0.980144
0.27022 0.959679
0.27465 0.993453
0.275648 0.981226
0.276217 0.989438
0.27908 0.990722
0.281913 0.986496
0.283509 0.9774
0.28389 0.977307
0.287939 0.985798
0.288178 0.99137
0.291563 0.971865
0.292369 0.974181
0.294442 0.978818
0.296799 0.971875
0.299235 0.986989
0.300707 0.994984
0.301229 0.993258
0.305659 0.996215
0.306908 0.985509
0.306972 0.984132
0.310088 0.984072
0.313237 0.987816
0.314518 0.979192
0.314581 0.985237
0.318948 0.995361
0.319501 0.994026
0.322253 0.98895
0.323378 0.992634
0.325766 0.991177
0.327808 0.985779
0.329926 0.998316
0.332031 1.00485
0.332238 0.988074
0.336667 1.00374
0.337599 1.00703
0.338296 1.00421
0.341097 0.985051
0.34456 1.00337
0.345271 0.997491
0.345527 1.02187
0.349957 1.00343
0.350825 1.01766
0.352944 1.02238
0.354387 0.998143
0.35709 1.00921
0.358817 1.00635
0.360617 1.01308
0.363246 1.00331
0.363354 1.01299
0.367676 1.00921
0.36829 1.01201
0.369619 1.00997
0.372106 1.01346
0.375884 1.00936
0.375962 1.00731
0.376536 1.01461
0.380966 1.02301
0.382149 1.02103
0.383635 1.02139
0.385396 1.02394
0.388413 1.00526
0.389825 1.00947
0.391308 1.00671
0.394255 1.00844
0.394678 1.00009
0.398685 1.01967
0.39898 1.01554
0.400943 1.00407
0.403115 1.02362
0.406653 1.00474
0.407208 0.997852
0.407545 1.0024
0.411975 1.00472
0.413472 1.00555
0.414326 1.00423
0.416404 1.01158
0.419737 0.999485
0.420834 0.999272
0.421998 1.00649
0.425264 0.995892
0.426002 0.996631
0.429671 0.994602
0.429694 0.990587
0.432267 0.99169
0.434124 1.00354
0.437344 0.996942
0.438531 0.996793
0.438554 1.0085
0.442983 0.996852
0.444796 0.995529
0.445017 1.00567
0.447413 1.00469
0.451061 0.997961
0.451843 0.979834
0.452689 0.978379
0.456273 0.981858
0.457325 0.991038
0.460362 0.98129
0.460703 0.978149
0.46359 0.97594
0.465133 0.995775
0.468035 0.980043
0.469562 0.989911
0.469855 0.985821
0.473992 0.987419
0.475707 0.99357
0.47612 0.994767
0.478422 0.994415
0.482384 0.996357
0.482852 0.993673
0.48338 1.00441
0.487282 0.986671
0.488649 1.00017
0.491053 1.00409
0.491712 1.00453
0.494914 1.00221
0.496141 0.988052
0.498725 1.00471
0.500571 0.989391
0.501179 0.991933
0.505001 0.998981
0.506398 1.00359
0.507443 1.00637
0.509431 1.00467
0.513708 1.00837
0.513861 0.993026
0.514071 1.00678
0.518291 0.999634
0.519973 1.01018
0.521744 1.01759
0.52272 0.995963
0.526237 1.00074
0.52715 1.02124
0.529416 0.993442
0.53158 1.02741
0.532502 1.00688
0.53601 1.00888
0.537089 1.00616
0.538767 1.0076
0.54044 1.01107
0.544762 1.0123
0.54487 1.00369
0.545032 1.00393
0.549299 0.997665
0.551296 1.01483
0.552434 1.00181
0.553729 1.00695
0.557561 1.00167
0.558159 1.01319
0.560107 1.00556
0.562589 1.01018
0.563826 1.00713
0.567019 1.00036
0.56778 1.00698
0.570091 1.0174
0.571449 1.00195
0.575452 1.01756
0.575878 0.99695
0.576355 0.999171
0.580308 1.00427
0.58262 1.01009
0.583125 1.00332
0.584738 1.00182
0.588885 1.00066
0.589168 1.01949
0.590798 1.0065
0.593598 1.00078
0.59515 1.00347
0.598028 1.00485
0.59847 1.00522
0.601414 1.00542
0.602458 1.00545
0.606143 0.984581
0.606887 1.00261
0.607679 0.988086
0.611317 1.00188
0.613816 0.99985
0.613944 0.998323
0.615747 0.992845
0.620177 1.00525
0.620208 0.994936
0.621489 1.00681
0.624607 0.989802
0.626473 0.998352
0.629037 1.00526
0.629161 0.995554
0.632738 0.987882
0.633466 0.989664
0.636834 1.00101
0.637896 0.994389
0.639003 0.986395
0.642326 0.997757
0.644507 1.00382
0.645267 0.988776
0.646756 0.998511
0.651186 0.984776
0.651532 0.99257
0.652179 1.00186
0.655616 0.99553
0.657797 0.998389
0.659852 0.987079
0.660045 1.0001
0.664062 1.00376
0.664475 1.00489
0.667525 0.989914
0.668905 1.0051
0.670326 1.0044
0.673335 0.991965
0.675197 1.00759
0.676591 0.988007
0.677765 1.00633
0.682195 1.02137
0.682856 0.994504
0.68287 1.01262
0.686624 1.00784
0.689121 0.997883
0.690543 0.991789
0.691054 1.00317
0.695385 1.0096
0.695484 1.01049
0.698216 0.99908
0.699914 1.00896
0.70165 0.99947
0.704344 1.00331
0.705888 1.00205
0.707915 1.0123
0.708774 0.996922
0.713203 1.01745
0.713561 1.0002
0.714179 1.00188
0.717633 1.0142
0.720444 1.00725
0.721234 0.99664
0.722063 1.01481
0.726493 0.990713
0.726709 1.00904
0.728906 1.01666
0.730923 1.01032
0.732974 1.00689
0.735353 1.00298
0.736579 1.00921
0.739238 0.993774
0.739782 0.986932
0.744212 0.995171
0.744252 0.990977
0.745503 1.01074
0.748642 1.01237
0.751768 1.00265
0.751924 0.99976
0.753072 1.00337
0.757502 0.998976
0.758033 0.998764
0.759597 1.00956
0.761932 1.0135
0.764297 1.00393
0.766361 1.00413
0.76727 1.00876
0.770562 0.997591
0.770791 1.01568
0.774943 0.983341
0.775221 1.00674
0.776827 0.995975
0.779651 1.00017
0.782615 0.982144
0.783092 1.00078
0.784081 0.986315
0.788511 1.01733
0.789356 0.999555
0.790288 0.99257
0.79294 0.993722
0.795621 1.00052
0.79737 0.988053
0.797961 1.00815
0.8018 0.998553
0.801886 0.996434
0.805633 0.991421
0.80623 0.997301
0.80815 0.991149
0.81066 0.979357
0.813306 0.998775
0.814415 0.999769
0.81509 0.986852
0.819519 0.993496
0.82068 0.999942
0.820979 0.992909
0.823949 1.01006
0.826945 0.998333
0.828379 0.991795
0.828651 1.00049
0.832809 1.00689
0.833209 1.0026
0.836324 0.992494
0.837239 1.0015
0.839474 0.997377
0.841669 0.996528
0.843997 1.00008
0.845739 0.992529
0.846098 0.998751
0.850528 1.00528
0.85167 1.0044
0.852004 0.99904
0.854958 0.996761
0.858268 0.995355
0.859342 1.00138
0.859388 0.980238
0.863818 1.00839
0.864533 1.00829
0.867015 0.996335
0.868248 1.01059
0.870798 1.01347
0.872677 0.993549
0.874688 1.00024
0.877062 0.99726
0.877107 1.01097
0.881537 0.992759
0.88236 1.00103
0.883327 1.00891
0.885967 1.00648
0.889592 1.00014
0.890033 1.00491
0.895857 0.992416
0.897706 1.00668
0.902121 1.00443
0.905378 0.995328
0.908386 1.00166
0.913051 1.0087
0.914651 1.00145
0.920724 1.00122
0.920916 1.01955
0.92718 1.00202
0.928397 0.997658
0.933445 1.00926
0.936069 1.00173
0.93971 1.01053
0.943742 1.00194
0.945975 1.00484
0.951415 1.00207
0.952239 0.995617
0.958504 1.00037
0.959087 0.999954
0.964769 1.00306
0.96676 0.993745
0.971033 0.991892
0.974433 0.993317
0.977298 1.00051
0.982105 0.980188
0.983563 1.00377
0.989778 0.993134
0.989828 1.00185
0.996092 0.999238
0.997451 1.00571
1.00236 0.991873
1.00512 0.99579
1.00862 0.998344
1.0128 0.999179
1.01489 0.994935
1.02047 0.98502
1.02115 0.998909
1.02742 1.00917
1.02814 0.999906
1.03368 0.999266
1.03581 0.991258
1.03995 0.999319
1.04349 0.988834
1.04621 1.00191
1.05116 1.00298
1.05247 1.00672
1.05874 1.00703
1.05883 1.0068
1.065 1.00381
1.06651 1.00231
1.07127 0.999195
1.07418 1.00709
1.07753 1.00362
1.08185 0.999856
1.0838 0.998176
1.08952 0.994661
1.09006 1.00573
1.09633 1.00244
1.0972 1.00726
1.10259 0.996351
1.10487 1.01361
1.10886 0.995865
1.11254 0.995489
1.11512 1.0091
1.12021 1.01415
1.12139 0.997539
1.12765 0.998369
1.12789 1.00242
1.13392 0.994476
1.13556 0.990319
1.14018 0.996081
1.14323 1.00088
1.14645 0.997729
1.1509 1.0002
1.15271 0.99727
1.15858 1.00602
1.15898 0.991907
1.16524 1.00051
1.16625 1.00371
1.1715 0.996981
1.17392 0.990629
1.17777 0.998304
1.1816 1.00535
1.18403 0.999353
1.18927 0.998026
1.1903 1.00341
1.19656 0.997087
1.19694 0.997987
1.20283 0.990883
1.20461 0.99515
1.20909 1.00885
1.21229 0.991924
1.21536 0.992152
1.21996 0.996296
1.22162 1.00473
1.22763 0.997368
1.22789 0.996002
1.23415 0.997536
1.2353 0.994682
1.24042 1.00211
1.24298 1.00848
1.24668 1.00263
1.25065 1.00436
1.25295 1.00691
1.25832 1.01133
1.266 1.00745
1.27367 1.00328
1.28134 0.99891
1.28901 1.00608
1.29669 0.991812
1.30436 1.00337
1.31203 0.990134
1.3197 1.01259
1.32738 0.986494
1.33505 0.984741
1.34272 1.00629
1.35039 0.994541
1.35807 1.0039
1.36574 0.991074
1.37341 1.00921
1.38109 1.01653
1.38876 1.0056
1.39643 1.01134
1.4041 0.998508
1.41178 0.997215
1.41945 0.991931
1.42712 1.0025
1.43479 1.00805
1.44247 1.01273
1.45014 1.00368
1.45781 0.99999
1.46549 0.99171
1.47316 1.00812
1.48083 0.999916
1.4885 1.00444
1.49618 0.999562
1.50385 1.00156
1.51152 0.993102
1.51919 1.00189
1.52687 1.00601
1.53454 0.988229
