33.6 36
34.4 3
34.6 83
34.8 9
35 12
35.2 128
35.4 49
35.6 369
35.8 790
36 2822
36.2 6167
36.4 46748
36.6 148950
36.8 325062
37 645745
37.2 1001129
37.4 1456113
37.6 1631383
37.8 1999114
38 2156596
38.2 2216068
38.4 2000495
38.6 1749458
38.8 1588118
39 1399479
39.2 1266675
39.4 1046891
39.6 1052528
39.8 1011433
40 931317
40.2 881457
40.4 827786
40.6 849417
40.8 822183
41 743119
41.2 787952
41.4 712085
41.6 693734
41.8 597699
42 586618
42.2 490773
42.4 431825
42.6 412999
42.8 338596
43 317256
43.2 275960
43.4 234374
43.6 228387
43.8 174361
44 156685
44.2 134615
44.4 124364
44.6 109115
44.8 92130
45 84037
45.2 82463
45.4 67393
45.6 63117
45.8 60916
46 55823
46.2 52579
46.4 50861
46.6 43797
46.8 39630
47 39146
47.2 41589
47.4 32861
47.6 31562
47.8 29913
48 29210
48.2 28698
48.4 27017
48.6 26320
48.8 25472
49 25080
49.2 23726
49.4 22609
49.6 22551
49.8 21232
50 20762
50.2 20426
50.4 19265
50.6 19172
50.8 19131
51 18846
51.2 18171
51.4 18090
51.6 17546
51.8 17565
52 17409
52.2 16834
52.4 16392
52.6 16685
52.8 15943
53 16308
53.2 15880
53.4 15797
53.6 15680
53.8 15333
54 14981
54.2 15249
54.4 15588
54.6 15177
54.8 15116
55 15071
55.2 14910
55.4 14778
55.6 14730
55.8 14636
56 14671
56.2 14544
56.4 14368
56.6 14606
56.8 14640
57 14549
57.2 14593
57.4 14554
57.6 14332
57.8 14336
58 14295
58.2 14494
58.4 14361
58.6 14326
58.8 14285
59 14101
59.2 14307
59.4 14299
59.6 14306
59.8 14169
60 14087
60.2 14283
60.4 14383
60.6 13908
60.8 14160
61 14299
61.2 14065
61.4 14258
61.6 14210
61.8 14233
62 14029
62.2 14066
62.4 14255
62.6 14439
62.8 14096
63 14237
63.2 13965
63.4 14126
63.6 13942
63.8 13978
64 14147
64.2 14170
64.4 14177
64.6 14201
64.8 14346
65 14064
65.2 14040
65.4 14279
65.6 14372
65.8 14288
66 14264
66.2 14219
66.4 14116
66.6 14093
66.8 14277
67 14519
67.2 14082
67.4 14130
67.6 14052
67.8 14160
68 14030
68.2 14126
68.4 14169
68.6 14003
68.8 14117
69 14174
69.2 14208
69.4 14137
69.6 13989
69.8 14206
70 14244
70.2 13973
70.4 14003
70.6 14073
70.8 14373
71 14022
71.2 14045
71.4 14234
71.6 14131
71.8 14477
72 14175
72.2 14296
72.4 14265
72.6 14404
72.8 14251
73 13970
73.2 14070
73.4 14049
73.6 14178
73.8 14400
74 14304
74.2 14139
74.4 14252
74.6 14200
74.8 14158
75 14111
75.2 14082
75.4 14275
75.6 14168
75.8 14124
76 14387
76.2 13994
76.4 14195
76.6 14397
76.8 14357
77 14255
77.2 14151
77.4 14290
77.6 14137
77.8 14373
78 14376
78.2 14146
78.4 14217
78.6 14042
78.8 14272
79 14134
79.2 14293
79.4 14287
79.6 14197
79.8 14317
80 14119
80.2 14174
80.4 14147
80.6 14158
80.8 14222
81 14339
81.2 14184
81.4 14282
81.6 14040
81.8 14196
82 14283
82.2 14213
82.4 14246
82.6 14292
82.8 14101
83 13903
83.2 14205
83.4 14249
83.6 13967
83.8 14377
84 14245
84.2 14068
84.4 14309
84.6 14168
84.8 14314
85 14292
85.2 14175
85.4 14365
85.6 14056
85.8 14279
86 14308
86.2 14126
86.4 14227
86.6 14269
86.8 14382
87 14459
87.2 14132
87.4 14287
87.6 14398
87.8 14234
88 14213
88.2 14192
88.4 14384
88.6 14082
88.8 14285
89 13942
89.2 14200
89.4 14208
89.6 14337
89.8 14181
90 14246
90.2 14210
90.4 14128
90.6 13947
90.8 14053
91 14244
91.2 14369
91.4 14201
91.6 14285
91.8 14292
92 14227
92.2 14168
92.4 14204
92.6 14076
92.8 14059
93 14167
93.2 14205
93.4 14061
93.6 14361
93.8 14169
94 14137
94.2 14080
94.4 14177
94.6 14148
94.8 14134
95 13975
95.2 14356
95.4 14325
95.6 14321
95.8 14101
96 14366
96.2 14219
96.4 13897
96.6 14379
96.8 14220
97 14051
97.2 14322
97.4 14415
97.6 14425
97.8 14089
98 14228
98.2 14171
98.4 14182
98.6 14102
98.8 14256
99 14089
99.2 14327
99.4 14197
99.6 14050
99.8 14067
100 14470
100.2 14144
100.4 14015
100.6 14114
100.8 14090
101 14155
101.2 14088
101.4 14166
101.6 14101
101.8 14334
102 14353
102.2 14189
102.4 14186
102.6 14210
102.8 14039
103 14256
103.2 14240
103.4 14123
103.6 14266
103.8 14230
104 14343
104.2 14169
104.4 14068
104.6 13977
104.8 14311
105 14026
105.2 14297
105.4 14114
105.6 14235
105.8 14042
106 14027
106.2 14131
106.4 14256
106.6 14366
106.8 14261
107 14305
107.2 14228
107.4 14060
107.6 14123
107.8 14186
108 14313
108.2 14303
108.4 14279
108.6 14252
108.8 14191
109 14287
109.2 14043
109.4 14384
109.6 14187
109.8 14185
110 14038
110.2 14168
110.4 14154
110.6 13998
110.8 14042
111 14105
111.2 14090
111.4 14326
111.6 14192
111.8 14323
112 13890
112.2 14374
112.4 14336
112.6 14147
112.8 14347
113 14159
113.2 14124
113.4 14235
113.6 14250
113.8 14204
114 14131
114.2 13985
114.4 14218
114.6 14330
114.8 14343
115 14285
115.2 14073
115.4 14188
115.6 14153
115.8 14123
116 14055
116.2 14058
116.4 14280
116.6 14436
116.8 14370
117 14102
117.2 14058
117.4 14124
117.6 14370
117.8 14174
118 14185
118.2 14300
118.4 14040
118.6 14278
118.8 14141
119 14056
119.2 14159
119.4 14475
119.6 14351
119.8 14187
120 14314
120.2 13975
120.4 14135
120.6 14147
120.8 14246
121 14174
121.2 14361
121.4 13989
121.6 14312
121.8 14375
122 14146
122.2 14224
122.4 14175
122.6 14093
122.8 14212
123 14268
123.2 14173
123.4 14312
123.6 14447
123.8 14188
124 14121
124.2 14340
124.4 14245
124.6 14193
124.8 14250
125 14328
125.2 14239
125.4 14304
125.6 14123
125.8 14137
126 14158
126.2 14127
126.4 14163
126.6 14202
126.8 14376
127 14088
127.2 14175
127.4 13933
127.6 14245
127.8 14267
128 14258
128.2 14158
128.4 14300
128.6 14153
128.8 14161
129 14070
129.2 14150
129.4 14104
129.6 14040
129.8 14388
130 14264
130.2 14142
130.4 14420
130.6 14262
130.8 14162
131 14141
131.2 14204
131.4 14122
131.6 14171
131.8 14053
132 14054
132.2 14302
132.4 14390
132.6 14195
132.8 14258
133 14274
133.2 14119
133.4 14269
133.6 14156
133.8 14106
134 14190
134.2 14174
134.4 14307
134.6 14148
134.8 14045
135 13991
135.2 14144
135.4 13955
135.6 14080
135.8 14358
136 14065
136.2 14376
136.4 14125
136.6 13923
136.8 14277
137 14028
137.2 14385
137.4 13980
137.6 14113
137.8 14224
138 14152
138.2 14135
138.4 14263
138.6 14158
138.8 14105
139 14208
139.2 14314
139.4 14275
139.6 14293
139.8 14139
140 14107
140.2 14236
140.4 14245
140.6 14122
140.8 14242
141 14430
141.2 14223
141.4 14105
141.6 14203
141.8 14054
142 14248
142.2 14257
142.4 14082
142.6 14046
142.8 14188
143 14284
143.2 14036
143.4 14158
143.6 14087
143.8 14207
144 14122
144.2 14118
144.4 14153
144.6 14334
144.8 14187
145 14127
145.2 14164
145.4 14179
145.6 13973
145.8 14244
146 14379
146.2 14145
146.4 14126
146.6 14129
146.8 14118
147 14209
147.2 14190
147.4 14301
147.6 14085
147.8 14068
148 14360
148.2 14220
148.4 14132
148.6 14264
148.8 14285
149 14101
149.2 14373
149.4 14183
149.6 14094
149.8 14139
150 13969
150.2 14219
150.4 14018
150.6 14183
150.8 14187
151 14121
151.2 14250
151.4 14154
151.6 14083
151.8 14333
152 14137
152.2 14075
152.4 14088
152.6 14229
152.8 14068
153 14181
153.2 14254
153.4 14122
153.6 14151
153.8 14017
154 14324
154.2 14187
154.4 14246
154.6 13923
154.8 14038
155 13940
155.2 14354
155.4 14327
155.6 14199
155.8 14141
156 14194
156.2 14082
156.4 14092
156.6 14228
156.8 13997
157 14209
157.2 14210
157.4 14205
157.6 14160
157.8 14156
158 14036
158.2 14206
158.4 14035
158.6 14064
158.8 14187
159 14183
159.2 14149
159.4 14055
159.6 14033
159.8 13776
160 14144
160.2 14184
160.4 14274
160.6 14159
160.8 14240
161 14250
161.2 14243
161.4 14119
161.6 14258
161.8 13969
162 14167
162.2 14125
162.4 14252
162.6 14204
162.8 14104
163 14124
163.2 13996
163.4 14205
163.6 14082
163.8 14211
164 14230
164.2 14148
164.4 14043
164.6 14243
164.8 14135
165 14137
165.2 14052
165.4 14118
165.6 14284
165.8 14514
166 14300
166.2 14042
166.4 14281
166.6 14418
166.8 14422
167 14255
167.2 14252
167.4 14237
167.6 13986
167.8 13899
168 14189
168.2 14192
168.4 14282
168.6 14303
168.8 14093
169 13908
169.2 14336
169.4 14149
169.6 14034
169.8 14140
170 14341
170.2 14231
170.4 13918
170.6 14168
170.8 14204
171 14079
171.2 14337
171.4 14332
171.6 14173
171.8 14071
172 14200
172.2 14238
172.4 14271
172.6 14122
172.8 14027
173 14246
173.2 14209
173.4 14136
173.6 14192
173.8 13881
174 14115
174.2 14226
174.4 14299
174.6 14221
174.8 14194
175 14106
175.2 14104
175.4 14121
175.6 14260
175.8 14077
176 14190
176.2 14286
176.4 14235
176.6 13964
176.8 14233
177 14398
177.2 14281
177.4 14106
177.6 14249
177.8 14021
178 14137
178.2 14413
178.4 14207
178.6 14030
178.8 14265
179 13995
179.2 14126
179.4 13995
179.6 14131
179.8 14325
180 14220
180.2 14242
180.4 14282
180.6 14152
180.8 14179
181 14401
181.2 14165
181.4 14126
181.6 14174
181.8 14184
182 14112
182.2 14030
182.4 14225
182.6 14044
182.8 14112
183 14057
183.2 14105
183.4 13999
183.6 14176
183.8 14042
184 14155
184.2 14379
184.4 14102
184.6 14039
184.8 14127
185 14013
185.2 14309
185.4 14079
185.6 14009
185.8 14257
186 14289
186.2 14144
186.4 14391
186.6 14303
186.8 14094
187 14039
187.2 14032
187.4 14259
187.6 14186
187.8 14166
188 14466
188.2 13952
188.4 14322
188.6 13991
188.8 14168
189 14142
189.2 13881
189.4 14074
189.6 14241
189.8 14207
190 13945
190.2 14368
190.4 14119
190.6 14203
190.8 14184
191 14131
191.2 14179
191.4 14310
191.6 14072
191.8 13922
192 14154
192.2 14052
192.4 14153
192.6 14080
192.8 14268
193 14042
193.2 14000
193.4 14214
193.6 13853
193.8 14049
194 14004
194.2 14179
194.4 14319
194.6 14089
194.8 14123
195 13963
195.2 14181
195.4 13923
195.6 14288
195.8 13964
196 14132
196.2 14029
196.4 14223
196.6 14105
196.8 14196
197 14313
197.2 14205
197.4 14441
197.6 14328
197.8 14190
198 14180
198.2 14161
198.4 14164
198.6 14257
198.8 14114
199 14163
199.2 13996
199.4 14268
199.6 14157
199.8 14132
200 14241
200.2 13904
200.4 14136
200.6 14316
200.8 14182
201 14191
201.2 14059
201.4 14302
201.6 14106
201.8 14225
202 14349
202.2 14040
202.4 14171
202.6 14059
202.8 14015
203 14106
203.2 13971
203.4 13907
203.6 14320
203.8 14220
204 14319
204.2 14136
204.4 14220
204.6 14054
204.8 14343
205 14217
205.2 14247
205.4 14175
205.6 14310
205.8 14032
206 14357
206.2 14155
206.4 14175
206.6 14256
206.8 14132
207 14050
207.2 14180
207.4 13855
207.6 14188
207.8 13932
208 14131
208.2 14243
208.4 14069
208.6 14161
208.8 14056
209 14289
209.2 14023
209.4 14140
209.6 14143
209.8 14062
210 14385
210.2 14322
210.4 14127
210.6 13945
210.8 14181
211 14054
211.2 14228
211.4 14209
211.6 14171
211.8 14182
212 14284
212.2 14324
212.4 13992
212.6 14042
212.8 13977
213 14056
213.2 14153
213.4 14087
213.6 14060
213.8 14126
214 14189
214.2 14146
214.4 14063
214.6 14117
214.8 14114
215 14226
215.2 14133
215.4 13990
215.6 14238
215.8 14028
216 14234
216.2 14070
216.4 14250
216.6 14150
216.8 13899
217 14267
217.2 14080
217.4 14095
217.6 14260
217.8 14076
218 14053
218.2 14411
218.4 14104
218.6 14194
218.8 14084
219 14226
219.2 14351
219.4 14256
219.6 14173
219.8 14205
220 14192
220.2 14277
220.4 14241
220.6 14224
220.8 14208
221 14265
221.2 14175
221.4 14031
221.6 14255
221.8 13961
222 14089
222.2 14230
222.4 14258
222.6 14174
222.8 14198
223 14021
223.2 13941
223.4 14192
223.6 14164
223.8 14083
224 14188
224.2 14016
224.4 13957
224.6 14121
224.8 14223
225 14128
225.2 14060
225.4 14345
225.6 14147
225.8 13923
226 14154
226.2 14189
226.4 14194
226.6 14346
226.8 14202
227 14197
227.2 14381
227.4 14390
227.6 14135
227.8 14398
228 14118
228.2 14091
228.4 14224
228.6 14134
228.8 14255
229 14191
229.2 14134
229.4 14161
229.6 14171
229.8 14136
230 14129
230.2 14339
230.4 14332
230.6 14231
230.8 14405
231 14108
231.2 14284
231.4 14243
231.6 14290
231.8 14358
232 14227
232.2 14341
232.4 14058
232.6 13951
232.8 14210
233 14309
233.2 14100
233.4 14173
233.6 14392
233.8 14219
234 14130
234.2 14104
234.4 14256
234.6 14109
234.8 14445
235 14431
235.2 13965
235.4 14193
235.6 14222
235.8 14137
236 14017
236.2 14207
236.4 14330
236.6 14097
236.8 14132
237 14217
237.2 14167
237.4 14230
237.6 14145
237.8 14155
238 14272
238.2 14261
238.4 13997
238.6 14096
238.8 14409
239 14208
239.2 13921
239.4 14184
239.6 14147
239.8 14180
240 14049
240.2 14048
240.4 14178
240.6 14147
240.8 14181
241 14139
241.2 14209
241.4 14169
241.6 13929
241.8 14194
242 14339
242.2 14276
242.4 14038
242.6 14036
242.8 14116
243 14192
243.2 14126
243.4 14137
243.6 14042
243.8 14408
244 14128
244.2 14261
244.4 14164
244.6 13937
244.8 14275
245 14280
245.2 14170
245.4 14211
245.6 14268
245.8 14175
246 14517
246.2 14250
246.4 14376
246.6 14152
246.8 13969
247 14215
247.2 14180
247.4 14358
247.6 14197
247.8 14314
248 14070
248.2 14193
248.4 14344
248.6 14203
248.8 14237
249 14426
249.2 14123
249.4 14155
249.6 14242
249.8 14055
250 14254
