#total particle-self-energy nonbondedEM
100 -426.5298727434129 0 -426.5298727434129
200 -454.0879315161146 0 -454.0879315161146
300 -447.9494500067085 0 -447.9494500067085
400 -444.6430755693 0 -444.6430755693
500 -443.1475088440347 0 -443.1475088440347
600 -474.4513848051429 0 -474.4513848051429
700 -447.285864102887 0 -447.285864102887
800 -454.3551817035768 0 -454.3551817035768
900 -463.7556452518329 0 -463.7556452518329
1000 -493.2788492627442 0 -493.2788492627442
1100 -465.5218105257954 0 -465.5218105257954
1200 -465.6664324575104 0 -465.6664324575104
1300 -458.3079824196175 0 -458.3079824196175
1400 -448.7935220631771 0 -448.7935220631771
1500 -437.4215908176266 0 -437.4215908176266
1600 -441.2930554533377 0 -441.2930554533377
1700 -445.4056670875289 0 -445.4056670875289
1800 -445.6931110572768 0 -445.6931110572768
1900 -471.7174275119323 0 -471.7174275119323
2000 -450.3377821701579 0 -450.3377821701579
2100 -466.4825840306003 0 -466.4825840306003
2200 -477.805300494656 0 -477.805300494656
2300 -482.3387258613948 0 -482.3387258613948
2400 -436.7250891455915 0 -436.7250891455915
2500 -479.9002887343522 0 -479.9002887343522
2600 -472.7565234573558 0 -472.7565234573558
2700 -475.668677585898 0 -475.668677585898
2800 -483.4492039713077 0 -483.4492039713077
2900 -473.911781686591 0 -473.911781686591
3000 -514.8109730817378 0 -514.8109730817378
3100 -479.1204038979486 0 -479.1204038979486
3200 -489.7302092539612 0 -489.7302092539612
3300 -465.0164121103007 0 -465.0164121103007
3400 -477.4552871894557 0 -477.4552871894557
3500 -450.3500869935378 0 -450.3500869935378
3600 -468.2276007391047 0 -468.2276007391047
3700 -548.3157276411075 0 -548.3157276411075
3800 -533.4074955715332 0 -533.4074955715332
3900 -510.4129386779387 0 -510.4129386779387
4000 -471.0617803451605 0 -471.0617803451605
4100 -457.3586396398023 0 -457.3586396398023
4200 -481.2442973246798 0 -481.2442973246798
4300 -465.8367440730799 0 -465.8367440730799
4400 -424.0468455140945 0 -424.0468455140945
4500 -462.344201372005 0 -462.344201372005
4600 -457.9624809471425 0 -457.9624809471425
4700 -463.9787689042278 0 -463.9787689042278
4800 -491.8858819601592 0 -491.8858819601592
4900 -471.6752592984121 0 -471.6752592984121
5000 -457.5117228112649 0 -457.5117228112649
5100 -440.6352850224357 0 -440.6352850224357
5200 -470.5428626467474 0 -470.5428626467474
5300 -433.1734426287003 0 -433.1734426287003
5400 -441.8675833423622 0 -441.8675833423622
5500 -400.0415206493344 0 -400.0415206493344
5600 -412.2119379930664 0 -412.2119379930664
5700 -423.3862351372372 0 -423.3862351372372
5800 -410.3061180124059 0 -410.3061180124059
5900 -439.7265316643752 0 -439.7265316643752
6000 -453.2359506874345 0 -453.2359506874345
6100 -469.8731284702662 0 -469.8731284702662
6200 -476.1185702554649 0 -476.1185702554649
6300 -470.9993177172728 0 -470.9993177172728
6400 -473.0723183937371 0 -473.0723183937371
6500 -468.0753588573425 0 -468.0753588573425
6600 -458.50962491869 0 -458.50962491869
6700 -502.6078968751244 0 -502.6078968751244
6800 -523.5178863068577 0 -523.5178863068577
6900 -522.1814617565833 0 -522.1814617565833
7000 -515.7420436642133 0 -515.7420436642133
7100 -537.0257086066995 0 -537.0257086066995
7200 -537.6350422641262 0 -537.6350422641262
7300 -491.1739995756652 0 -491.1739995756652
7400 -534.0938384779729 0 -534.0938384779729
7500 -545.089416629402 0 -545.089416629402
7600 -558.1030480624177 0 -558.1030480624177
7700 -554.5747051744256 0 -554.5747051744256
7800 -571.7151317158714 0 -571.7151317158714
7900 -565.8709531191271 0 -565.8709531191271
8000 -557.6764608385274 0 -557.6764608385274
8100 -551.5166334690293 0 -551.5166334690293
8200 -523.8137221569195 0 -523.8137221569195
8300 -545.1672509859782 0 -545.1672509859782
8400 -551.2976585486904 0 -551.2976585486904
8500 -557.1799281365238 0 -557.1799281365238
8600 -559.7903434927575 0 -559.7903434927575
8700 -528.9669071836397 0 -528.9669071836397
8800 -531.969999844674 0 -531.969999844674
8900 -538.4678291312885 0 -538.4678291312885
9000 -528.8209450065624 0 -528.8209450065624
9100 -531.4581521642394 0 -531.4581521642394
9200 -547.3509411069099 0 -547.3509411069099
9300 -546.4989061350934 0 -546.4989061350934
9400 -524.7470891140401 0 -524.7470891140401
9500 -576.0131544149481 0 -576.0131544149481
9600 -578.6497215254931 0 -578.6497215254931
9700 -619.0189012878109 0 -619.0189012878109
9800 -608.5907141282223 0 -608.5907141282223
9900 -654.9422402058262 0 -654.9422402058262
10000 -659.5028480743058 0 -659.5028480743058
10100 -614.5589055549353 0 -614.5589055549353
10200 -640.3799617360346 0 -640.3799617360346
10300 -633.3934231037274 0 -633.3934231037274
10400 -607.0067586193327 0 -607.0067586193327
10500 -585.5071909110993 0 -585.5071909110993
10600 -614.8610368545633 0 -614.8610368545633
10700 -606.5480940497946 0 -606.5480940497946
10800 -569.1129904245026 0 -569.1129904245026
10900 -560.6398034947924 0 -560.6398034947924
11000 -533.0720390796196 0 -533.0720390796196
11100 -524.9371482669376 0 -524.9371482669376
11200 -511.8826031778008 0 -511.8826031778008
11300 -525.1099353667814 0 -525.1099353667814
11400 -541.1660529016517 0 -541.1660529016517
11500 -509.8464477690868 0 -509.8464477690868
11600 -565.9822402549908 0 -565.9822402549908
11700 -593.1054269000888 0 -593.1054269000888
11800 -578.9407322423067 0 -578.9407322423067
11900 -601.0954102375545 0 -601.0954102375545
12000 -620.7572591062635 0 -620.7572591062635
12100 -611.2779423517641 0 -611.2779423517641
12200 -599.9876953642815 0 -599.9876953642815
12300 -611.3584307751153 0 -611.3584307751153
12400 -619.1545410483959 0 -619.1545410483959
12500 -619.7373868324794 0 -619.7373868324794
12600 -621.3619990523439 0 -621.3619990523439
12700 -663.644510629354 0 -663.644510629354
12800 -609.7225817714352 0 -609.7225817714352
12900 -608.2799152585212 0 -608.2799152585212
13000 -594.7993971576798 0 -594.7993971576798
13100 -617.8997488070745 0 -617.8997488070745
13200 -580.114148107823 0 -580.114148107823
13300 -561.9062789341551 0 -561.9062789341551
13400 -580.8397476209793 0 -580.8397476209793
13500 -564.8510691146366 0 -564.8510691146366
13600 -586.3822870093863 0 -586.3822870093863
13700 -547.853503040038 0 -547.853503040038
13800 -562.7618465418927 0 -562.7618465418927
13900 -564.451394330943 0 -564.451394330943
14000 -567.9065165515058 0 -567.9065165515058
14100 -551.8581195990555 0 -551.8581195990555
14200 -543.4516485235654 0 -543.4516485235654
14300 -536.6147148273885 0 -536.6147148273885
14400 -513.2982285928447 0 -513.2982285928447
14500 -513.2870246728417 0 -513.2870246728417
14600 -523.3160198854748 0 -523.3160198854748
14700 -498.7898862911388 0 -498.7898862911388
14800 -528.6593685857952 0 -528.6593685857952
14900 -537.523014575243 0 -537.523014575243
15000 -483.7116870847531 0 -483.7116870847531
15100 -473.0173185747117 0 -473.0173185747117
15200 -463.3507287814282 0 -463.3507287814282
15300 -463.648618214298 0 -463.648618214298
15400 -449.2597969663329 0 -449.2597969663329
15500 -454.7447246627416 0 -454.7447246627416
15600 -443.1761334007024 0 -443.1761334007024
15700 -443.7709168473957 0 -443.7709168473957
15800 -424.413986226311 0 -424.413986226311
15900 -476.0273586506955 0 -476.0273586506955
16000 -497.8922727210447 0 -497.8922727210447
16100 -513.4812088275794 0 -513.4812088275794
16200 -494.4767182201613 0 -494.4767182201613
16300 -490.4385126896668 0 -490.4385126896668
16400 -449.2191255211364 0 -449.2191255211364
16500 -456.2949468474835 0 -456.2949468474835
16600 -441.017861899687 0 -441.017861899687
16700 -429.1740089678606 0 -429.1740089678606
16800 -435.0161049908493 0 -435.0161049908493
16900 -419.9302705388982 0 -419.9302705388982
17000 -426.1505752862431 0 -426.1505752862431
17100 -399.9727048571222 0 -399.9727048571222
17200 -432.1086643831804 0 -432.1086643831804
17300 -399.388993804343 0 -399.388993804343
17400 -395.2003112863749 0 -395.2003112863749
17500 -382.8303451796528 0 -382.8303451796528
17600 -398.0679662639741 0 -398.0679662639741
17700 -392.8697533591185 0 -392.8697533591185
17800 -414.5631746018771 0 -414.5631746018771
17900 -460.3208821269218 0 -460.3208821269218
18000 -417.2625926625915 0 -417.2625926625915
18100 -419.8951177457348 0 -419.8951177457348
18200 -438.8487269829493 0 -438.8487269829493
18300 -406.4934446191182 0 -406.4934446191182
18400 -406.5823433238547 0 -406.5823433238547
18500 -386.3456937256269 0 -386.3456937256269
18600 -414.9842327248771 0 -414.9842327248771
18700 -389.6991136362776 0 -389.6991136362776
18800 -420.954486585455 0 -420.954486585455
18900 -406.7461532438174 0 -406.7461532438174
19000 -392.7085383427329 0 -392.7085383427329
19100 -440.5309572429396 0 -440.5309572429396
19200 -423.0153252292657 0 -423.0153252292657
19300 -405.4536070690956 0 -405.4536070690956
19400 -419.0265512594488 0 -419.0265512594488
19500 -422.6987744157668 0 -422.6987744157668
19600 -415.1253597526811 0 -415.1253597526811
19700 -424.637270296691 0 -424.637270296691
19800 -390.5656334550586 0 -390.5656334550586
19900 -422.0237566225696 0 -422.0237566225696
20000 -412.1955710377079 0 -412.1955710377079
20100 -414.8134202752262 0 -414.8134202752262
20200 -470.705675160978 0 -470.705675160978
20300 -499.756311210338 0 -499.756311210338
20400 -422.6713719088584 0 -422.6713719088584
20500 -419.1231626628432 0 -419.1231626628432
20600 -433.3605890844483 0 -433.3605890844483
20700 -465.3221408522222 0 -465.3221408522222
20800 -433.0756108539645 0 -433.0756108539645
20900 -428.7390578023624 0 -428.7390578023624
21000 -435.1859977173153 0 -435.1859977173153
21100 -442.7053380764555 0 -442.7053380764555
21200 -454.3560483248439 0 -454.3560483248439
21300 -445.5269222958013 0 -445.5269222958013
21400 -429.8457546811551 0 -429.8457546811551
21500 -402.3131559330504 0 -402.3131559330504
21600 -419.8327775262296 0 -419.8327775262296
21700 -394.7026862113271 0 -394.7026862113271
21800 -387.8721233881079 0 -387.8721233881079
21900 -408.4938197254669 0 -408.4938197254669
22000 -384.4557367295492 0 -384.4557367295492
22100 -403.6906929642428 0 -403.6906929642428
22200 -392.3903223529924 0 -392.3903223529924
22300 -407.5590606622864 0 -407.5590606622864
22400 -388.8003105830867 0 -388.8003105830867
22500 -375.4007496971171 0 -375.4007496971171
22600 -380.1525602438487 0 -380.1525602438487
22700 -398.9738211971708 0 -398.9738211971708
22800 -375.9281071566511 0 -375.9281071566511
22900 -390.6493029880803 0 -390.6493029880803
23000 -385.4468576796353 0 -385.4468576796353
23100 -395.6349832189735 0 -395.6349832189735
23200 -372.5271038839128 0 -372.5271038839128
23300 -387.3902960822452 0 -387.3902960822452
23400 -414.1045295884833 0 -414.1045295884833
23500 -426.2970655306708 0 -426.2970655306708
23600 -435.1844303022954 0 -435.1844303022954
23700 -431.0262625052128 0 -431.0262625052128
23800 -422.4410080388188 0 -422.4410080388188
23900 -433.5432312060148 0 -433.5432312060148
24000 -434.0324828196317 0 -434.0324828196317
24100 -449.8213090358768 0 -449.8213090358768
24200 -503.8647265327163 0 -503.8647265327163
24300 -512.6900636965875 0 -512.6900636965875
24400 -455.8069897189271 0 -455.8069897189271
24500 -443.523758137133 0 -443.523758137133
24600 -461.0919236035552 0 -461.0919236035552
24700 -444.7723207601812 0 -444.7723207601812
24800 -430.4176293232013 0 -430.4176293232013
24900 -428.4835720555857 0 -428.4835720555857
25000 -408.8295617189724 0 -408.8295617189724
25100 -420.7949570226483 0 -420.7949570226483
25200 -443.0727297540288 0 -443.0727297540288
25300 -434.9380953758955 0 -434.9380953758955
25400 -432.3158743411768 0 -432.3158743411768
25500 -438.8064490584657 0 -438.8064490584657
25600 -444.988223207416 0 -444.988223207416
25700 -495.4686079684179 0 -495.4686079684179
25800 -504.312313239323 0 -504.312313239323
25900 -493.8068630585913 0 -493.8068630585913
26000 -518.9087313383352 0 -518.9087313383352
26100 -519.5286651470233 0 -519.5286651470233
26200 -498.8037479650229 0 -498.8037479650229
26300 -482.8226258184295 0 -482.8226258184295
26400 -483.6302149691619 0 -483.6302149691619
26500 -498.5096270781942 0 -498.5096270781942
26600 -508.2238433295861 0 -508.2238433295861
26700 -495.5801146095619 0 -495.5801146095619
26800 -559.5928516148124 0 -559.5928516148124
26900 -590.1251401684713 0 -590.1251401684713
27000 -518.1976039130241 0 -518.1976039130241
27100 -477.193587951595 0 -477.193587951595
27200 -489.5272481853608 0 -489.5272481853608
27300 -480.1545775586274 0 -480.1545775586274
27400 -443.6610211255029 0 -443.6610211255029
27500 -435.0951806996018 0 -435.0951806996018
27600 -428.2723733994644 0 -428.2723733994644
27700 -432.8406251785345 0 -432.8406251785345
27800 -460.6561291862745 0 -460.6561291862745
27900 -458.1777258981019 0 -458.1777258981019
28000 -470.7080323253758 0 -470.7080323253758
28100 -439.4248619348182 0 -439.4248619348182
28200 -470.3164746623952 0 -470.3164746623952
28300 -470.3047096228693 0 -470.3047096228693
28400 -433.8559724842198 0 -433.8559724842198
28500 -441.9574097804725 0 -441.9574097804725
28600 -440.7593870316632 0 -440.7593870316632
28700 -449.2576138433069 0 -449.2576138433069
28800 -454.2671209417749 0 -454.2671209417749
28900 -479.3996663927101 0 -479.3996663927101
29000 -440.1692000010516 0 -440.1692000010516
29100 -432.4547057682648 0 -432.4547057682648
29200 -474.8819599035196 0 -474.8819599035196
29300 -447.6395996553474 0 -447.6395996553474
29400 -424.1614118658472 0 -424.1614118658472
29500 -433.9792817938142 0 -433.9792817938142
29600 -438.7125391825102 0 -438.7125391825102
29700 -440.2884778333828 0 -440.2884778333828
29800 -399.211523581529 0 -399.211523581529
29900 -440.9147110877093 0 -440.9147110877093
30000 -415.3319524992257 0 -415.3319524992257
30100 -396.5199394559022 0 -396.5199394559022
30200 -403.6678741022479 0 -403.6678741022479
30300 -376.8204070182983 0 -376.8204070182983
30400 -415.2838951067533 0 -415.2838951067533
30500 -407.2484121990856 0 -407.2484121990856
30600 -407.7644689236768 0 -407.7644689236768
30700 -377.3448235453106 0 -377.3448235453106
30800 -412.365333205089 0 -412.365333205089
30900 -425.7567500632722 0 -425.7567500632722
31000 -394.7734962927643 0 -394.7734962927643
31100 -421.2534489831887 0 -421.2534489831887
31200 -368.6403777501546 0 -368.6403777501546
31300 -356.8391609780956 0 -356.8391609780956
31400 -353.7435748786665 0 -353.7435748786665
31500 -366.9946814777795 0 -366.9946814777795
31600 -377.4975143144839 0 -377.4975143144839
31700 -373.9902125480585 0 -373.9902125480585
31800 -352.3006419634912 0 -352.3006419634912
31900 -320.1617425940931 0 -320.1617425940931
32000 -331.516229681205 0 -331.516229681205
32100 -347.2772500626743 0 -347.2772500626743
32200 -324.2004902127665 0 -324.2004902127665
32300 -326.3448712669779 0 -326.3448712669779
32400 -389.3832604396157 0 -389.3832604396157
32500 -373.0547730049584 0 -373.0547730049584
32600 -390.9672545180656 0 -390.9672545180656
32700 -393.9760586405173 0 -393.9760586405173
32800 -376.0293889394961 0 -376.0293889394961
32900 -368.4023487581871 0 -368.4023487581871
33000 -415.8435930148698 0 -415.8435930148698
33100 -404.8506903396919 0 -404.8506903396919
33200 -400.5826088178437 0 -400.5826088178437
33300 -444.3951055854559 0 -444.3951055854559
33400 -462.6955993531737 0 -462.6955993531737
33500 -439.6110350207891 0 -439.6110350207891
33600 -458.8147608584259 0 -458.8147608584259
33700 -444.0796645774972 0 -444.0796645774972
33800 -428.0589570677839 0 -428.0589570677839
33900 -453.6517008903902 0 -453.6517008903902
34000 -443.2055070458446 0 -443.2055070458446
34100 -403.6510713371681 0 -403.6510713371681
34200 -424.6356272103731 0 -424.6356272103731
34300 -457.6946971341968 0 -457.6946971341968
34400 -440.4827061071992 0 -440.4827061071992
34500 -435.2935514270794 0 -435.2935514270794
34600 -425.0014206414344 0 -425.0014206414344
34700 -402.4853356112726 0 -402.4853356112726
34800 -416.4324480562937 0 -416.4324480562937
34900 -386.5984387120698 0 -386.5984387120698
35000 -372.4064129118342 0 -372.4064129118342
35100 -400.3658303089906 0 -400.3658303089906
35200 -391.0316228712909 0 -391.0316228712909
35300 -357.7739140142221 0 -357.7739140142221
35400 -381.4627724110615 0 -381.4627724110615
35500 -338.9034347734414 0 -338.9034347734414
35600 -360.7929884348996 0 -360.7929884348996
35700 -344.4371528127231 0 -344.4371528127231
35800 -375.2639563377015 0 -375.2639563377015
35900 -351.8882590860594 0 -351.8882590860594
36000 -312.7814798192121 0 -312.7814798192121
36100 -345.6449094219133 0 -345.6449094219133
36200 -301.2310540296603 0 -301.2310540296603
36300 -308.58717965713 0 -308.58717965713
36400 -358.5724825849757 0 -358.5724825849757
36500 -319.3909967169166 0 -319.3909967169166
36600 -352.4001396852545 0 -352.4001396852545
36700 -338.6658748851623 0 -338.6658748851623
36800 -292.2472332180478 0 -292.2472332180478
36900 -324.9496525083669 0 -324.9496525083669
37000 -321.7894663456827 0 -321.7894663456827
37100 -337.2504856325686 0 -337.2504856325686
37200 -340.7680984479375 0 -340.7680984479375
37300 -338.1987182567827 0 -338.1987182567827
37400 -350.1894850749522 0 -350.1894850749522
37500 -346.593672105344 0 -346.593672105344
37600 -360.1379963881336 0 -360.1379963881336
37700 -339.7148868374061 0 -339.7148868374061
37800 -340.0584805114195 0 -340.0584805114195
37900 -345.1847880361602 0 -345.1847880361602
38000 -341.2858800138347 0 -341.2858800138347
38100 -359.2047983168159 0 -359.2047983168159
38200 -383.8214997472242 0 -383.8214997472242
38300 -417.4223692773376 0 -417.4223692773376
38400 -459.7527728597634 0 -459.7527728597634
38500 -444.9617265784182 0 -444.9617265784182
38600 -424.7694518803619 0 -424.7694518803619
38700 -472.9669058821164 0 -472.9669058821164
38800 -461.2834304445423 0 -461.2834304445423
38900 -475.02605666616 0 -475.02605666616
39000 -495.6194588982034 0 -495.6194588982034
39100 -490.0272361459211 0 -490.0272361459211
39200 -462.2709685987793 0 -462.2709685987793
39300 -431.7453135286923 0 -431.7453135286923
39400 -433.7389943567105 0 -433.7389943567105
39500 -401.3049529353157 0 -401.3049529353157
39600 -423.8546936663333 0 -423.8546936663333
39700 -439.3073446019553 0 -439.3073446019553
39800 -436.5645177785773 0 -436.5645177785773
39900 -434.8538718856871 0 -434.8538718856871
40000 -432.4106066329405 0 -432.4106066329405
40100 -404.7671118578874 0 -404.7671118578874
40200 -444.4893709614407 0 -444.4893709614407
40300 -479.7606438039802 0 -479.7606438039802
40400 -499.3707622908987 0 -499.3707622908987
40500 -470.340403897455 0 -470.340403897455
40600 -434.9827162886504 0 -434.9827162886504
40700 -406.4373203711584 0 -406.4373203711584
40800 -398.6772838234901 0 -398.6772838234901
40900 -369.3170735277236 0 -369.3170735277236
41000 -365.6629940015264 0 -365.6629940015264
41100 -398.4479158855975 0 -398.4479158855975
41200 -379.4338792916387 0 -379.4338792916387
41300 -356.0065312860534 0 -356.0065312860534
41400 -378.5582038909197 0 -378.5582038909197
41500 -351.942394645419 0 -351.942394645419
41600 -381.1344168302603 0 -381.1344168302603
41700 -363.9081474840641 0 -363.9081474840641
41800 -347.4503122416791 0 -347.4503122416791
41900 -356.3247694938909 0 -356.3247694938909
42000 -324.1472713793628 0 -324.1472713793628
42100 -341.7669880199246 0 -341.7669880199246
42200 -353.565469020512 0 -353.565469020512
42300 -320.7713244117331 0 -320.7713244117331
42400 -331.8993284956086 0 -331.8993284956086
42500 -317.6003977223299 0 -317.6003977223299
42600 -345.3481495827436 0 -345.3481495827436
42700 -336.7285685515963 0 -336.7285685515963
42800 -359.0457963142544 0 -359.0457963142544
42900 -343.6422337563708 0 -343.6422337563708
43000 -326.7300721469801 0 -326.7300721469801
43100 -355.8358476357535 0 -355.8358476357535
43200 -362.1576716350392 0 -362.1576716350392
43300 -314.7726021197159 0 -314.7726021197159
43400 -324.5671632885933 0 -324.5671632885933
43500 -319.7745884361211 0 -319.7745884361211
43600 -335.3276668551844 0 -335.3276668551844
43700 -345.3785404257942 0 -345.3785404257942
43800 -350.295563163003 0 -350.295563163003
43900 -335.1639093782287 0 -335.1639093782287
44000 -363.1750891844276 0 -363.1750891844276
44100 -333.570882886881 0 -333.570882886881
44200 -333.7301661109086 0 -333.7301661109086
44300 -348.8273571846075 0 -348.8273571846075
44400 -368.8368589365855 0 -368.8368589365855
44500 -336.9335309170419 0 -336.9335309170419
44600 -369.8985778251663 0 -369.8985778251663
44700 -359.6138155760709 0 -359.6138155760709
44800 -357.1416301061399 0 -357.1416301061399
44900 -354.6015460961498 0 -354.6015460961498
45000 -371.9196030311286 0 -371.9196030311286
45100 -382.1993737302255 0 -382.1993737302255
45200 -389.0214021361899 0 -389.0214021361899
45300 -373.7397409100085 0 -373.7397409100085
45400 -356.8484853061382 0 -356.8484853061382
45500 -372.8666000005323 0 -372.8666000005323
45600 -397.5393213648349 0 -397.5393213648349
45700 -359.8786505938042 0 -359.8786505938042
45800 -361.6828404422849 0 -361.6828404422849
45900 -363.4415992079303 0 -363.4415992079303
46000 -376.1977587831207 0 -376.1977587831207
46100 -360.9391513485461 0 -360.9391513485461
46200 -373.2545248728711 0 -373.2545248728711
46300 -381.0959670280572 0 -381.0959670280572
46400 -379.899100009352 0 -379.899100009352
46500 -353.6710064623039 0 -353.6710064623039
46600 -340.9096996574663 0 -340.9096996574663
46700 -333.117352026049 0 -333.117352026049
46800 -374.704061815748 0 -374.704061815748
46900 -366.3578178379685 0 -366.3578178379685
47000 -377.6216410077177 0 -377.6216410077177
47100 -344.4800219454337 0 -344.4800219454337
47200 -356.9904480992118 0 -356.9904480992118
47300 -352.7852668743581 0 -352.7852668743581
47400 -354.9209098871797 0 -354.9209098871797
47500 -354.4091794586275 0 -354.4091794586275
47600 -350.4373212831561 0 -350.4373212831561
47700 -346.234444178408 0 -346.234444178408
47800 -319.7733987420797 0 -319.7733987420797
47900 -290.2856297602411 0 -290.2856297602411
48000 -318.519660766935 0 -318.519660766935
48100 -302.7812395151705 0 -302.7812395151705
48200 -310.9612584954593 0 -310.9612584954593
48300 -294.4440916317981 0 -294.4440916317981
48400 -294.3873252440244 0 -294.3873252440244
48500 -280.906384031754 0 -280.906384031754
48600 -282.5133837163448 0 -282.5133837163448
48700 -271.6048258792143 0 -271.6048258792143
48800 -262.3135495784227 0 -262.3135495784227
48900 -279.9267550723162 0 -279.9267550723162
49000 -274.750207450008 0 -274.750207450008
49100 -283.5875096237287 0 -283.5875096237287
49200 -312.5662459372543 0 -312.5662459372543
49300 -307.9833749919198 0 -307.9833749919198
49400 -257.0006727427244 0 -257.0006727427244
49500 -273.3635241824668 0 -273.3635241824668
49600 -277.7628937347326 0 -277.7628937347326
49700 -294.5012769403402 0 -294.5012769403402
49800 -299.5538688332308 0 -299.5538688332308
49900 -329.0137276601599 0 -329.0137276601599
50000 -345.2998580788262 0 -345.2998580788262
50100 -318.0139319528826 0 -318.0139319528826
50200 -323.6669870160986 0 -323.6669870160986
50300 -329.7439784754533 0 -329.7439784754533
50400 -352.8890303971712 0 -352.8890303971712
50500 -355.051709381165 0 -355.051709381165
50600 -397.9810201581568 0 -397.9810201581568
50700 -401.6907551172189 0 -401.6907551172189
50800 -367.9054693293292 0 -367.9054693293292
50900 -375.2968627803493 0 -375.2968627803493
51000 -379.546068405034 0 -379.546068405034
51100 -407.5813919724897 0 -407.5813919724897
51200 -443.0332983478438 0 -443.0332983478438
51300 -409.8081786676776 0 -409.8081786676776
51400 -419.7491489599925 0 -419.7491489599925
51500 -386.235868933145 0 -386.235868933145
51600 -413.9118031151302 0 -413.9118031151302
51700 -407.400234982837 0 -407.400234982837
51800 -382.9688819013536 0 -382.9688819013536
51900 -384.0000077679288 0 -384.0000077679288
52000 -366.2846964830533 0 -366.2846964830533
52100 -362.2391465022229 0 -362.2391465022229
52200 -383.4337513626087 0 -383.4337513626087
52300 -347.2949312941637 0 -347.2949312941637
52400 -327.899179750355 0 -327.899179750355
52500 -375.4557636813261 0 -375.4557636813261
52600 -349.5200145158451 0 -349.5200145158451
52700 -402.1780169303529 0 -402.1780169303529
52800 -394.2174042747356 0 -394.2174042747356
52900 -412.3403584442567 0 -412.3403584442567
53000 -373.171660618973 0 -373.171660618973
53100 -361.1562195350416 0 -361.1562195350416
53200 -367.7753028876614 0 -367.7753028876614
53300 -351.7645506702829 0 -351.7645506702829
53400 -360.6404750209767 0 -360.6404750209767
53500 -355.6102202394977 0 -355.6102202394977
53600 -358.359040745534 0 -358.359040745534
53700 -361.6140436055139 0 -361.6140436055139
53800 -340.3518806961365 0 -340.3518806961365
53900 -356.1422085000668 0 -356.1422085000668
54000 -374.4855050051119 0 -374.4855050051119
54100 -364.4441161791328 0 -364.4441161791328
54200 -381.5104322242551 0 -381.5104322242551
54300 -335.3795541652944 0 -335.3795541652944
54400 -334.6940626963042 0 -334.6940626963042
54500 -345.8389171555173 0 -345.8389171555173
54600 -333.1807891055942 0 -333.1807891055942
54700 -362.9258509157225 0 -362.9258509157225
54800 -367.8472572334576 0 -367.8472572334576
54900 -340.9816299502272 0 -340.9816299502272
55000 -337.4784622783773 0 -337.4784622783773
55100 -330.7625247596297 0 -330.7625247596297
55200 -343.1602130595129 0 -343.1602130595129
55300 -371.1042161670048 0 -371.1042161670048
55400 -323.28660332039 0 -323.28660332039
55500 -320.1842719325796 0 -320.1842719325796
55600 -335.4576301195193 0 -335.4576301195193
55700 -317.2887956474442 0 -317.2887956474442
55800 -300.8391438114922 0 -300.8391438114922
55900 -311.698560633231 0 -311.698560633231
56000 -329.1397102079354 0 -329.1397102079354
56100 -312.8916147048585 0 -312.8916147048585
56200 -298.0194211103953 0 -298.0194211103953
56300 -291.640698493924 0 -291.640698493924
56400 -316.1007059549447 0 -316.1007059549447
56500 -292.5455276579596 0 -292.5455276579596
56600 -293.6261530416086 0 -293.6261530416086
56700 -311.7210644127335 0 -311.7210644127335
56800 -304.6016066847369 0 -304.6016066847369
56900 -284.5960359589662 0 -284.5960359589662
57000 -333.4426081231795 0 -333.4426081231795
57100 -280.3629216467962 0 -280.3629216467962
57200 -287.4434957474004 0 -287.4434957474004
57300 -297.7058737494517 0 -297.7058737494517
57400 -310.3873279017862 0 -310.3873279017862
57500 -315.5328848622739 0 -315.5328848622739
57600 -317.7550459709018 0 -317.7550459709018
57700 -313.4569763196632 0 -313.4569763196632
57800 -335.4133908334188 0 -335.4133908334188
57900 -375.8140426436439 0 -375.8140426436439
58000 -386.5833722876851 0 -386.5833722876851
58100 -417.1061543768737 0 -417.1061543768737
58200 -380.1094163726084 0 -380.1094163726084
58300 -371.964811737882 0 -371.964811737882
58400 -353.8619431797415 0 -353.8619431797415
58500 -345.0866608675569 0 -345.0866608675569
58600 -338.5888933138776 0 -338.5888933138776
58700 -330.6058742061723 0 -330.6058742061723
58800 -350.0213087615557 0 -350.0213087615557
58900 -349.1289489776827 0 -349.1289489776827
59000 -353.5405912850983 0 -353.5405912850983
59100 -345.7504352284595 0 -345.7504352284595
59200 -372.0800523760263 0 -372.0800523760263
59300 -358.5869508712422 0 -358.5869508712422
59400 -351.9508058612701 0 -351.9508058612701
59500 -295.9174025850371 0 -295.9174025850371
59600 -300.3620468811132 0 -300.3620468811132
59700 -300.635339017259 0 -300.635339017259
59800 -306.1971781475004 0 -306.1971781475004
59900 -294.2776820349973 0 -294.2776820349973
60000 -318.0796216295566 0 -318.0796216295566
60100 -305.8477278531063 0 -305.8477278531063
60200 -259.0523943384178 0 -259.0523943384178
60300 -251.7058061934076 0 -251.7058061934076
60400 -276.2616633631987 0 -276.2616633631987
60500 -259.1056252780836 0 -259.1056252780836
60600 -255.0286759347655 0 -255.0286759347655
60700 -243.7452882009093 0 -243.7452882009093
60800 -252.9544313999359 0 -252.9544313999359
60900 -263.8897973475978 0 -263.8897973475978
61000 -226.6482149732765 0 -226.6482149732765
61100 -285.3765531680547 0 -285.3765531680547
61200 -271.9477987911087 0 -271.9477987911087
61300 -307.2983205378987 0 -307.2983205378987
61400 -336.5965328733437 0 -336.5965328733437
61500 -345.556146124145 0 -345.556146124145
61600 -299.6883671730757 0 -299.6883671730757
61700 -292.2423792362679 0 -292.2423792362679
61800 -313.5919660178479 0 -313.5919660178479
61900 -312.360180268297 0 -312.360180268297
62000 -316.940865512006 0 -316.940865512006
62100 -324.5096293345559 0 -324.5096293345559
62200 -317.8491076526698 0 -317.8491076526698
62300 -294.1799833499826 0 -294.1799833499826
62400 -280.8866843008436 0 -280.8866843008436
62500 -281.4428443331271 0 -281.4428443331271
62600 -281.7845607993659 0 -281.7845607993659
62700 -296.9214575777296 0 -296.9214575777296
62800 -326.4029156938195 0 -326.4029156938195
62900 -293.8833848612849 0 -293.8833848612849
63000 -270.1773267334793 0 -270.1773267334793
63100 -300.974461726204 0 -300.974461726204
63200 -320.6340194989461 0 -320.6340194989461
63300 -298.1222137450241 0 -298.1222137450241
63400 -297.3308844505809 0 -297.3308844505809
63500 -331.3437121217139 0 -331.3437121217139
63600 -348.9011393191759 0 -348.9011393191759
63700 -310.5744457751571 0 -310.5744457751571
63800 -313.9403338369448 0 -313.9403338369448
63900 -279.3272073254921 0 -279.3272073254921
64000 -278.1906632774044 0 -278.1906632774044
64100 -305.3289659705479 0 -305.3289659705479
64200 -320.5233881827444 0 -320.5233881827444
64300 -275.4548529903404 0 -275.4548529903404
64400 -290.7818213002756 0 -290.7818213002756
64500 -279.4805988844018 0 -279.4805988844018
64600 -286.0124567144085 0 -286.0124567144085
64700 -336.8115184050985 0 -336.8115184050985
64800 -363.3456578622572 0 -363.3456578622572
64900 -370.5953213765752 0 -370.5953213765752
65000 -322.1835270349402 0 -322.1835270349402
65100 -303.6424610386603 0 -303.6424610386603
65200 -334.6491126604378 0 -334.6491126604378
65300 -288.5036577079445 0 -288.5036577079445
65400 -306.939687758917 0 -306.939687758917
65500 -299.6768427966163 0 -299.6768427966163
65600 -328.9982917851303 0 -328.9982917851303
65700 -349.8749663580675 0 -349.8749663580675
65800 -344.3975053180475 0 -344.3975053180475
65900 -336.457101414795 0 -336.457101414795
66000 -383.347109825816 0 -383.347109825816
66100 -341.9879343486391 0 -341.9879343486391
66200 -371.7387247313745 0 -371.7387247313745
66300 -358.4318694232497 0 -358.4318694232497
66400 -352.0374295343645 0 -352.0374295343645
66500 -387.2923575849272 0 -387.2923575849272
66600 -399.2374137176666 0 -399.2374137176666
66700 -357.4622585461475 0 -357.4622585461475
66800 -322.6047468883917 0 -322.6047468883917
66900 -331.7738125766627 0 -331.7738125766627
67000 -318.4372268961743 0 -318.4372268961743
67100 -316.5416239388287 0 -316.5416239388287
67200 -294.8172371715773 0 -294.8172371715773
67300 -325.8636761773378 0 -325.8636761773378
67400 -323.1853869243059 0 -323.1853869243059
67500 -341.4509909352055 0 -341.4509909352055
67600 -341.8972037842032 0 -341.8972037842032
67700 -323.4130093352869 0 -323.4130093352869
67800 -341.1838136732113 0 -341.1838136732113
67900 -323.1064379336312 0 -323.1064379336312
68000 -346.4728796961717 0 -346.4728796961717
68100 -338.4431739775464 0 -338.4431739775464
68200 -315.0406713916454 0 -315.0406713916454
68300 -281.9940945284907 0 -281.9940945284907
68400 -312.1816923024599 0 -312.1816923024599
68500 -353.6293265940621 0 -353.6293265940621
68600 -323.8431166154041 0 -323.8431166154041
68700 -365.8679208134999 0 -365.8679208134999
68800 -364.2710151865613 0 -364.2710151865613
68900 -357.8807961482089 0 -357.8807961482089
69000 -328.6294876837637 0 -328.6294876837637
69100 -342.5480515092786 0 -342.5480515092786
69200 -396.1080219314899 0 -396.1080219314899
69300 -406.5987011042889 0 -406.5987011042889
69400 -421.7166125094518 0 -421.7166125094518
69500 -427.5687229130417 0 -427.5687229130417
69600 -414.8766093712766 0 -414.8766093712766
69700 -388.8970014941879 0 -388.8970014941879
69800 -374.8500194491353 0 -374.8500194491353
69900 -413.6431315555237 0 -413.6431315555237
70000 -411.7638698951341 0 -411.7638698951341
70100 -409.6052859381307 0 -409.6052859381307
70200 -440.6123316057492 0 -440.6123316057492
70300 -413.9743350357749 0 -413.9743350357749
70400 -389.9300623938907 0 -389.9300623938907
70500 -387.3380672724452 0 -387.3380672724452
70600 -353.8489389943425 0 -353.8489389943425
70700 -364.357553001726 0 -364.357553001726
70800 -363.9952035031747 0 -363.9952035031747
70900 -349.6394880414009 0 -349.6394880414009
71000 -359.4981426813174 0 -359.4981426813174
71100 -395.1094919596799 0 -395.1094919596799
71200 -355.5814398860093 0 -355.5814398860093
71300 -338.6451193073299 0 -338.6451193073299
71400 -352.7336712323595 0 -352.7336712323595
71500 -372.669764673803 0 -372.669764673803
71600 -381.6076000137255 0 -381.6076000137255
71700 -371.3498558055144 0 -371.3498558055144
71800 -383.3638240876608 0 -383.3638240876608
71900 -344.1109931615647 0 -344.1109931615647
72000 -362.8632926680148 0 -362.8632926680148
72100 -327.7328040404245 0 -327.7328040404245
72200 -339.4138904905412 0 -339.4138904905412
72300 -342.7453653579578 0 -342.7453653579578
72400 -345.7370560073759 0 -345.7370560073759
72500 -319.2419647420757 0 -319.2419647420757
72600 -353.1907596375095 0 -353.1907596375095
72700 -330.2734218572732 0 -330.2734218572732
72800 -360.7895548059605 0 -360.7895548059605
72900 -328.5271576405503 0 -328.5271576405503
73000 -343.6433640224859 0 -343.6433640224859
73100 -345.6120617790148 0 -345.6120617790148
73200 -349.4536370066926 0 -349.4536370066926
73300 -346.9434663082939 0 -346.9434663082939
73400 -330.2557943020947 0 -330.2557943020947
73500 -332.2085385078099 0 -332.2085385078099
73600 -316.5082197682932 0 -316.5082197682932
73700 -295.6415275938343 0 -295.6415275938343
73800 -305.2988825098146 0 -305.2988825098146
73900 -348.1370155112818 0 -348.1370155112818
74000 -363.3072628295049 0 -363.3072628295049
74100 -328.8270257029217 0 -328.8270257029217
74200 -341.0587985543534 0 -341.0587985543534
74300 -334.643109932309 0 -334.643109932309
74400 -378.4982319688424 0 -378.4982319688424
74500 -357.6176268258132 0 -357.6176268258132
74600 -356.4512522914447 0 -356.4512522914447
74700 -383.5620121292304 0 -383.5620121292304
74800 -347.3300809354987 0 -347.3300809354987
74900 -334.7072551946621 0 -334.7072551946621
75000 -327.4545001049992 0 -327.4545001049992
75100 -335.6986953171327 0 -335.6986953171327
75200 -337.2808307197411 0 -337.2808307197411
75300 -335.4814533260651 0 -335.4814533260651
75400 -381.3731007426977 0 -381.3731007426977
75500 -370.3774981172755 0 -370.3774981172755
75600 -347.0803158911876 0 -347.0803158911876
75700 -384.7941282759421 0 -384.7941282759421
75800 -356.2122990894131 0 -356.2122990894131
75900 -312.2335695319343 0 -312.2335695319343
76000 -347.4116616121028 0 -347.4116616121028
76100 -336.7760598253226 0 -336.7760598253226
76200 -328.8277362147346 0 -328.8277362147346
76300 -293.8766259201802 0 -293.8766259201802
76400 -308.9932568084914 0 -308.9932568084914
76500 -299.0603816797957 0 -299.0603816797957
76600 -315.1581866778433 0 -315.1581866778433
76700 -294.9117302780505 0 -294.9117302780505
76800 -305.3534706365317 0 -305.3534706365317
76900 -305.1932354909368 0 -305.1932354909368
77000 -293.4939007768407 0 -293.4939007768407
77100 -293.2744653791888 0 -293.2744653791888
77200 -311.0320968553424 0 -311.0320968553424
77300 -293.3428172066342 0 -293.3428172066342
77400 -263.8512320341542 0 -263.8512320341542
77500 -275.9511533807963 0 -275.9511533807963
77600 -305.5860099205747 0 -305.5860099205747
77700 -288.6193321198225 0 -288.6193321198225
77800 -269.4607309240382 0 -269.4607309240382
77900 -269.6806135145016 0 -269.6806135145016
78000 -289.804880821961 0 -289.804880821961
78100 -328.4872430746909 0 -328.4872430746909
78200 -307.628100367263 0 -307.628100367263
78300 -366.4787640629802 0 -366.4787640629802
78400 -315.4724487925414 0 -315.4724487925414
78500 -319.7285722508095 0 -319.7285722508095
78600 -338.7219883394428 0 -338.7219883394428
78700 -326.4289754454512 0 -326.4289754454512
78800 -309.74377988372 0 -309.74377988372
78900 -326.4690298517235 0 -326.4690298517235
79000 -311.413489892846 0 -311.413489892846
79100 -358.3378203692846 0 -358.3378203692846
79200 -338.3859966471791 0 -338.3859966471791
79300 -375.9336438076862 0 -375.9336438076862
79400 -358.7596442329232 0 -358.7596442329232
79500 -357.367088961415 0 -357.367088961415
79600 -354.1930036174599 0 -354.1930036174599
79700 -346.3912412768696 0 -346.3912412768696
79800 -312.2800723218825 0 -312.2800723218825
79900 -279.1460955145303 0 -279.1460955145303
80000 -264.4605095721781 0 -264.4605095721781
80100 -263.3772161160596 0 -263.3772161160596
80200 -306.8488576014061 0 -306.8488576014061
80300 -304.6974748491775 0 -304.6974748491775
80400 -298.2137519444805 0 -298.2137519444805
80500 -275.2033625313779 0 -275.2033625313779
80600 -260.5406245540362 0 -260.5406245540362
80700 -277.4753876209725 0 -277.4753876209725
80800 -287.4413608533796 0 -287.4413608533796
80900 -299.1284383111633 0 -299.1284383111633
81000 -303.0291695552878 0 -303.0291695552878
81100 -299.7826300591696 0 -299.7826300591696
81200 -325.4324410394765 0 -325.4324410394765
81300 -313.2647910511587 0 -313.2647910511587
81400 -331.942695167847 0 -331.942695167847
81500 -334.8311875723302 0 -334.8311875723302
81600 -324.7938290783204 0 -324.7938290783204
81700 -270.5324105635518 0 -270.5324105635518
81800 -306.5027910091449 0 -306.5027910091449
81900 -322.9824499143288 0 -322.9824499143288
82000 -353.002083061263 0 -353.002083061263
82100 -331.856758187525 0 -331.856758187525
82200 -339.7151442593895 0 -339.7151442593895
82300 -297.7607518306468 0 -297.7607518306468
82400 -340.4176902140025 0 -340.4176902140025
82500 -291.0831612688489 0 -291.0831612688489
82600 -312.945524088107 0 -312.945524088107
82700 -301.9318228720222 0 -301.9318228720222
82800 -312.5435590457637 0 -312.5435590457637
82900 -344.0390708264895 0 -344.0390708264895
83000 -324.1750309295021 0 -324.1750309295021
83100 -320.3822768554091 0 -320.3822768554091
83200 -302.8910693218932 0 -302.8910693218932
83300 -323.9851897254121 0 -323.9851897254121
83400 -308.4568756511435 0 -308.4568756511435
83500 -321.7808575124945 0 -321.7808575124945
83600 -314.6644223562907 0 -314.6644223562907
83700 -311.9467123758513 0 -311.9467123758513
83800 -331.6278770435601 0 -331.6278770435601
83900 -346.2494307223242 0 -346.2494307223242
84000 -390.0379349656869 0 -390.0379349656869
84100 -364.0407967728679 0 -364.0407967728679
84200 -309.2288670660928 0 -309.2288670660928
84300 -256.8190598327201 0 -256.8190598327201
84400 -330.3957428187132 0 -330.3957428187132
84500 -301.2220412606839 0 -301.2220412606839
84600 -318.4202334597212 0 -318.4202334597212
84700 -302.7720929901116 0 -302.7720929901116
84800 -321.7949507615995 0 -321.7949507615995
84900 -321.0507569466718 0 -321.0507569466718
85000 -322.1621427421924 0 -322.1621427421924
85100 -298.5359039721079 0 -298.5359039721079
85200 -325.3309338166146 0 -325.3309338166146
85300 -316.8420018083416 0 -316.8420018083416
85400 -330.9594160446431 0 -330.9594160446431
85500 -328.7482001229655 0 -328.7482001229655
85600 -341.8326905993745 0 -341.8326905993745
85700 -328.8607684704475 0 -328.8607684704475
85800 -310.3300745174056 0 -310.3300745174056
85900 -316.0405278878752 0 -316.0405278878752
86000 -331.6361263517756 0 -331.6361263517756
86100 -324.7009006021544 0 -324.7009006021544
86200 -301.8110599862412 0 -301.8110599862412
86300 -273.8594398451969 0 -273.8594398451969
86400 -292.4112834006082 0 -292.4112834006082
86500 -255.8610218637623 0 -255.8610218637623
86600 -280.3416981763439 0 -280.3416981763439
86700 -267.8315100369509 0 -267.8315100369509
86800 -253.2769799572416 0 -253.2769799572416
86900 -253.5540805524797 0 -253.5540805524797
87000 -255.7349837676156 0 -255.7349837676156
87100 -307.5137931164354 0 -307.5137931164354
87200 -308.7632228762377 0 -308.7632228762377
87300 -315.8781674334314 0 -315.8781674334314
87400 -318.4119304504711 0 -318.4119304504711
87500 -297.1806859588251 0 -297.1806859588251
87600 -287.2398789741565 0 -287.2398789741565
87700 -280.6207757638767 0 -280.6207757638767
87800 -274.3703459096141 0 -274.3703459096141
87900 -293.2329443816561 0 -293.2329443816561
88000 -289.9703744386788 0 -289.9703744386788
88100 -283.1819717821199 0 -283.1819717821199
88200 -258.5165528643411 0 -258.5165528643411
88300 -258.5396077355836 0 -258.5396077355836
88400 -268.6615145436954 0 -268.6615145436954
88500 -301.5207121670246 0 -301.5207121670246
88600 -276.20596584538 0 -276.20596584538
88700 -266.3440154986456 0 -266.3440154986456
88800 -233.352623909479 0 -233.352623909479
88900 -248.680498091504 0 -248.680498091504
89000 -238.9872671309859 0 -238.9872671309859
89100 -262.4077239981852 0 -262.4077239981852
89200 -238.7466432699002 0 -238.7466432699002
89300 -253.1038959349971 0 -253.1038959349971
89400 -260.2393976219464 0 -260.2393976219464
89500 -254.8407679524971 0 -254.8407679524971
89600 -273.7690032389946 0 -273.7690032389946
89700 -237.697174873203 0 -237.697174873203
89800 -235.2037846669555 0 -235.2037846669555
89900 -267.3904377585277 0 -267.3904377585277
90000 -239.6038077049889 0 -239.6038077049889
90100 -250.8397186655784 0 -250.8397186655784
90200 -234.4383180467412 0 -234.4383180467412
90300 -253.0069225239567 0 -253.0069225239567
90400 -252.5225370230619 0 -252.5225370230619
90500 -242.5742509681149 0 -242.5742509681149
90600 -260.4198052380234 0 -260.4198052380234
90700 -254.2554359163623 0 -254.2554359163623
90800 -261.0391268383246 0 -261.0391268383246
90900 -277.4024856875185 0 -277.4024856875185
91000 -258.6096485015005 0 -258.6096485015005
91100 -302.1652022413909 0 -302.1652022413909
91200 -308.521801645169 0 -308.521801645169
91300 -291.2493129980285 0 -291.2493129980285
91400 -308.2825261217076 0 -308.2825261217076
91500 -310.8139486536384 0 -310.8139486536384
91600 -319.3176800196525 0 -319.3176800196525
91700 -303.7146701666061 0 -303.7146701666061
91800 -316.6646937774494 0 -316.6646937774494
91900 -321.5342349053826 0 -321.5342349053826
92000 -312.4032973125577 0 -312.4032973125577
92100 -310.215962903676 0 -310.215962903676
92200 -288.6909818367567 0 -288.6909818367567
92300 -315.1994485736359 0 -315.1994485736359
92400 -354.7992379008792 0 -354.7992379008792
92500 -336.2223798632622 0 -336.2223798632622
92600 -348.3919557617046 0 -348.3919557617046
92700 -321.3732767044567 0 -321.3732767044567
92800 -325.842227587942 0 -325.842227587942
92900 -306.8540697172284 0 -306.8540697172284
93000 -313.1978244418278 0 -313.1978244418278
93100 -320.3362626538146 0 -320.3362626538146
93200 -347.6612724559382 0 -347.6612724559382
93300 -392.1130418176763 0 -392.1130418176763
93400 -382.2523585127201 0 -382.2523585127201
93500 -374.7715511561837 0 -374.7715511561837
93600 -362.8625304936431 0 -362.8625304936431
93700 -347.55797765241 0 -347.55797765241
93800 -343.1827911979053 0 -343.1827911979053
93900 -383.3953405539505 0 -383.3953405539505
94000 -393.7037386922166 0 -393.7037386922166
94100 -359.9808796527795 0 -359.9808796527795
94200 -338.3650552895851 0 -338.3650552895851
94300 -354.7377696130425 0 -354.7377696130425
94400 -367.9060187463183 0 -367.9060187463183
94500 -379.1677212002687 0 -379.1677212002687
94600 -344.855815482093 0 -344.855815482093
94700 -328.5353372714017 0 -328.5353372714017
94800 -334.5161205444019 0 -334.5161205444019
94900 -311.9383622449823 0 -311.9383622449823
95000 -326.1877971538343 0 -326.1877971538343
95100 -305.4014312685467 0 -305.4014312685467
95200 -304.3460799285676 0 -304.3460799285676
95300 -293.096906166058 0 -293.096906166058
95400 -270.5294991564006 0 -270.5294991564006
95500 -284.5539928458165 0 -284.5539928458165
95600 -296.5595906043891 0 -296.5595906043891
95700 -283.3128312951885 0 -283.3128312951885
95800 -281.7037108314689 0 -281.7037108314689
95900 -330.1310025270795 0 -330.1310025270795
96000 -280.7407135888934 0 -280.7407135888934
96100 -286.3900325172581 0 -286.3900325172581
96200 -255.0662970994599 0 -255.0662970994599
96300 -258.6659574250807 0 -258.6659574250807
96400 -279.129361347761 0 -279.129361347761
96500 -273.4881873270497 0 -273.4881873270497
96600 -298.7155302648898 0 -298.7155302648898
96700 -287.4717006986029 0 -287.4717006986029
96800 -296.5652043516748 0 -296.5652043516748
96900 -275.8536045232322 0 -275.8536045232322
97000 -297.3854604591615 0 -297.3854604591615
97100 -296.5985977631062 0 -296.5985977631062
97200 -280.3443204825744 0 -280.3443204825744
97300 -265.9663200729992 0 -265.9663200729992
97400 -297.9409703121055 0 -297.9409703121055
97500 -290.414908363251 0 -290.414908363251
97600 -342.4805628999602 0 -342.4805628999602
97700 -317.3192309888545 0 -317.3192309888545
97800 -343.7144961877493 0 -343.7144961877493
97900 -354.7017658210825 0 -354.7017658210825
98000 -334.1059187140781 0 -334.1059187140781
98100 -301.6441677520052 0 -301.6441677520052
98200 -329.1775885960087 0 -329.1775885960087
98300 -306.0928187237587 0 -306.0928187237587
98400 -309.4978627036471 0 -309.4978627036471
98500 -323.4036421861965 0 -323.4036421861965
98600 -291.7400337904692 0 -291.7400337904692
98700 -280.5080641666427 0 -280.5080641666427
98800 -317.4740270758048 0 -317.4740270758048
98900 -307.1179053797387 0 -307.1179053797387
99000 -336.8229596572928 0 -336.8229596572928
99100 -323.9877735383343 0 -323.9877735383343
99200 -355.1011646771803 0 -355.1011646771803
99300 -352.9528962140903 0 -352.9528962140903
99400 -362.9589001713321 0 -362.9589001713321
99500 -342.3868785717059 0 -342.3868785717059
99600 -377.9663459584117 0 -377.9663459584117
99700 -418.1058170790784 0 -418.1058170790784
99800 -383.4034189854283 0 -383.4034189854283
99900 -407.7302183685824 0 -407.7302183685824
100000 -389.5421817065217 0 -389.5421817065217
