34.4 2474
34.6 663
34.8 2960
35 1372
35.2 730
35.4 315
35.6 272
35.8 1605
36 635
36.2 3092
36.4 2659
36.6 50115
36.8 344842
37 1129106
37.2 2160040
37.4 3118361
37.6 3788854
37.8 3853344
38 3497349
38.2 3117645
38.4 2847822
38.6 2315584
38.8 2139995
39 1835910
39.2 1475553
39.4 1267818
39.6 1155321
39.8 1020749
40 1077597
40.2 950727
40.4 879553
40.6 891773
40.8 774119
41 784086
41.2 713970
41.4 579610
41.6 598603
41.8 547626
42 552351
42.2 461609
42.4 395959
42.6 361230
42.8 332010
43 278782
43.2 248323
43.4 222584
43.6 203195
43.8 159379
44 153547
44.2 127009
44.4 118716
44.6 89803
44.8 84841
45 66415
45.2 62564
45.4 63510
45.6 45929
45.8 48205
46 43148
46.2 31200
46.4 33200
46.6 30504
46.8 27557
47 27539
47.2 23935
47.4 22324
47.6 20719
47.8 17103
48 17127
48.2 16590
48.4 14929
48.6 13335
48.8 12530
49 11084
49.2 10454
49.4 11175
49.6 9249
49.8 9015
50 9014
50.2 7779
50.4 8101
50.6 6881
50.8 6873
51 6428
51.2 6501
51.4 6004
51.6 5587
51.8 5463
52 5473
52.2 5093
52.4 5123
52.6 4528
52.8 4521
53 4525
53.2 4207
53.4 4031
53.6 3733
53.8 3945
54 3911
54.2 3727
54.4 3844
54.6 3534
54.8 3542
55 3574
55.2 3460
55.4 3430
55.6 3320
55.8 3415
56 3142
56.2 3300
56.4 3094
56.6 3101
56.8 3024
57 2900
57.2 3052
57.4 2952
57.6 3070
57.8 2948
58 2888
58.2 2819
58.4 2976
58.6 2900
58.8 2928
59 2891
59.2 2897
59.4 2875
59.6 2975
59.8 2787
60 2867
60.2 2723
60.4 2767
60.6 2736
60.8 2796
61 2797
61.2 2758
61.4 2781
61.6 2696
61.8 2733
62 2748
62.2 2677
62.4 2751
62.6 2717
62.8 2768
63 2689
63.2 2612
63.4 2641
63.6 2687
63.8 2657
64 2768
64.2 2597
64.4 2630
64.6 2686
64.8 2636
65 2610
65.2 2714
65.4 2661
65.6 2625
65.8 2615
66 2574
66.2 2575
66.4 2613
66.6 2664
66.8 2714
67 2613
67.2 2513
67.4 2586
67.6 2597
67.8 2663
68 2597
68.2 2674
68.4 2698
68.6 2625
68.8 2590
69 2619
69.2 2532
69.4 2546
69.6 2729
69.8 2578
70 2559
70.2 2584
70.4 2588
70.6 2567
70.8 2580
71 2606
71.2 2666
71.4 2540
71.6 2716
71.8 2647
72 2564
72.2 2466
72.4 2632
72.6 2684
72.8 2458
73 2556
73.2 2540
73.4 2525
73.6 2526
73.8 2565
74 2656
74.2 2555
74.4 2507
74.6 2524
74.8 2606
75 2493
75.2 2611
75.4 2596
75.6 2574
75.8 2556
76 2527
76.2 2567
76.4 2606
76.6 2497
76.8 2575
77 2540
77.2 2536
77.4 2592
77.6 2558
77.8 2653
78 2583
78.2 2647
78.4 2558
78.6 2510
78.8 2527
79 2568
79.2 2636
79.4 2517
79.6 2634
79.8 2608
80 2568
80.2 2577
80.4 2478
80.6 2557
80.8 2552
81 2531
81.2 2605
81.4 2517
81.6 2487
81.8 2547
82 2569
82.2 2581
82.4 2535
82.6 2519
82.8 2621
83 2541
83.2 2575
83.4 2529
83.6 2586
83.8 2589
84 2465
84.2 2601
84.4 2544
84.6 2556
84.8 2508
85 2569
85.2 2602
85.4 2435
85.6 2578
85.8 2535
86 2651
86.2 2581
86.4 2627
86.6 2574
86.8 2560
87 2528
87.2 2445
87.4 2444
87.6 2527
87.8 2469
88 2571
88.2 2539
88.4 2471
88.6 2510
88.8 2619
89 2490
89.2 2552
89.4 2480
89.6 2564
89.8 2572
90 2525
90.2 2511
90.4 2515
90.6 2536
90.8 2540
91 2603
91.2 2532
91.4 2533
91.6 2529
91.8 2557
92 2528
92.2 2573
92.4 2507
92.6 2489
92.8 2508
93 2470
93.2 2437
93.4 2532
93.6 2597
93.8 2513
94 2524
94.2 2499
94.4 2534
94.6 2579
94.8 2607
95 2538
95.2 2487
95.4 2500
95.6 2433
95.8 2423
96 2592
96.2 2503
96.4 2535
96.6 2517
96.8 2439
97 2529
97.2 2530
97.4 2509
97.6 2406
97.8 2542
98 2515
98.2 2474
98.4 2519
98.6 2574
98.8 2558
99 2502
99.2 2515
99.4 2520
99.6 2583
99.8 2526
100 2595
100.2 2556
100.4 2488
100.6 2541
100.8 2509
101 2477
101.2 2504
101.4 2549
101.6 2540
101.8 2474
102 2545
102.2 2464
102.4 2484
102.6 2403
102.8 2525
103 2557
103.2 2667
103.4 2616
103.6 2464
103.8 2423
104 2513
104.2 2518
104.4 2490
104.6 2578
104.8 2593
105 2530
105.2 2422
105.4 2526
105.6 2447
105.8 2498
106 2565
106.2 2399
106.4 2476
106.6 2501
106.8 2481
107 2473
107.2 2525
107.4 2493
107.6 2414
107.8 2572
108 2478
108.2 2508
108.4 2509
108.6 2461
108.8 2578
109 2459
109.2 2591
109.4 2503
109.6 2459
109.8 2528
110 2515
110.2 2445
110.4 2517
110.6 2449
110.8 2541
111 2552
111.2 2487
111.4 2492
111.6 2614
111.8 2472
112 2531
112.2 2567
112.4 2554
112.6 2490
112.8 2498
113 2552
113.2 2478
113.4 2548
113.6 2500
113.8 2483
114 2503
114.2 2463
114.4 2443
114.6 2515
114.8 2530
115 2564
115.2 2471
115.4 2458
115.6 2504
115.8 2545
116 2441
116.2 2498
116.4 2455
116.6 2603
116.8 2440
117 2505
117.2 2522
117.4 2480
117.6 2521
117.8 2468
118 2529
118.2 2483
118.4 2598
118.6 2468
118.8 2516
119 2378
119.2 2549
119.4 2454
119.6 2542
119.8 2502
120 2511
120.2 2454
120.4 2540
120.6 2475
120.8 2524
121 2535
121.2 2522
121.4 2413
121.6 2559
121.8 2465
122 2534
122.2 2451
122.4 2491
122.6 2550
122.8 2450
123 2441
123.2 2430
123.4 2544
123.6 2564
123.8 2539
124 2552
124.2 2505
124.4 2527
124.6 2512
124.8 2586
125 2514
125.2 2466
125.4 2554
125.6 2534
125.8 2428
126 2563
126.2 2436
126.4 2490
126.6 2565
126.8 2544
127 2502
127.2 2550
127.4 2455
127.6 2405
127.8 2506
128 2436
128.2 2592
128.4 2615
128.6 2551
128.8 2473
129 2410
129.2 2475
129.4 2403
129.6 2441
129.8 2480
130 2508
130.2 2497
130.4 2555
130.6 2505
130.8 2532
131 2489
131.2 2490
131.4 2418
131.6 2410
131.8 2617
132 2527
132.2 2519
132.4 2600
132.6 2485
132.8 2498
133 2499
133.2 2465
133.4 2480
133.6 2447
133.8 2503
134 2521
134.2 2468
134.4 2499
134.6 2521
134.8 2439
135 2613
135.2 2499
135.4 2519
135.6 2559
135.8 2645
136 2353
136.2 2460
136.4 2495
136.6 2418
136.8 2474
137 2421
137.2 2542
137.4 2423
137.6 2454
137.8 2394
138 2484
138.2 2515
138.4 2414
138.6 2515
138.8 2558
139 2480
139.2 2481
139.4 2422
139.6 2501
139.8 2524
140 2448
140.2 2467
140.4 2492
140.6 2496
140.8 2517
141 2499
141.2 2479
141.4 2540
141.6 2458
141.8 2511
142 2566
142.2 2458
142.4 2422
142.6 2454
142.8 2455
143 2560
143.2 2445
143.4 2556
143.6 2491
143.8 2465
144 2447
144.2 2412
144.4 2513
144.6 2489
144.8 2479
145 2611
145.2 2455
145.4 2504
145.6 2490
145.8 2481
146 2376
146.2 2446
146.4 2447
146.6 2459
146.8 2512
147 2443
147.2 2489
147.4 2490
147.6 2490
147.8 2453
148 2404
148.2 2424
148.4 2459
148.6 2422
148.8 2461
149 2455
149.2 2490
149.4 2387
149.6 2536
149.8 2489
150 2474
150.2 2483
150.4 2477
150.6 2537
150.8 2457
151 2467
151.2 2472
151.4 2515
151.6 2473
151.8 2481
152 2449
152.2 2557
152.4 2495
152.6 2523
152.8 2386
153 2558
153.2 2552
153.4 2587
153.6 2542
153.8 2496
154 2406
154.2 2463
154.4 2483
154.6 2500
154.8 2539
155 2502
155.2 2518
155.4 2605
155.6 2486
155.8 2414
156 2563
156.2 2573
156.4 2553
156.6 2380
156.8 2585
157 2575
157.2 2468
157.4 2459
157.6 2447
157.8 2435
158 2481
158.2 2531
158.4 2417
158.6 2482
158.8 2441
159 2438
159.2 2548
159.4 2575
159.6 2507
159.8 2367
160 2441
160.2 2484
160.4 2419
160.6 2484
160.8 2472
161 2493
161.2 2478
161.4 2524
161.6 2485
161.8 2355
162 2479
162.2 2500
162.4 2494
162.6 2448
162.8 2570
163 2484
163.2 2530
163.4 2422
163.6 2459
163.8 2406
164 2472
164.2 2443
164.4 2529
164.6 2503
164.8 2437
165 2479
165.2 2482
165.4 2504
165.6 2453
165.8 2476
166 2449
166.2 2487
166.4 2507
166.6 2552
166.8 2477
167 2423
167.2 2476
167.4 2428
167.6 2526
167.8 2481
168 2427
168.2 2480
168.4 2435
168.6 2536
168.8 2566
169 2468
169.2 2523
169.4 2546
169.6 2491
169.8 2399
170 2440
170.2 2548
170.4 2477
170.6 2437
170.8 2542
171 2516
171.2 2509
171.4 2462
171.6 2559
171.8 2497
172 2548
172.2 2592
172.4 2521
172.6 2513
172.8 2546
173 2501
173.2 2533
173.4 2494
173.6 2479
173.8 2412
174 2527
174.2 2522
174.4 2453
174.6 2473
174.8 2500
175 2394
175.2 2470
175.4 2410
175.6 2446
175.8 2492
176 2548
176.2 2538
176.4 2566
176.6 2487
176.8 2467
177 2473
177.2 2583
177.4 2554
177.6 2438
177.8 2471
178 2504
178.2 2378
178.4 2485
178.6 2502
178.8 2508
179 2460
179.2 2443
179.4 2434
179.6 2558
179.8 2467
180 2465
180.2 2482
180.4 2597
180.6 2544
180.8 2502
181 2492
181.2 2544
181.4 2433
181.6 2442
181.8 2410
182 2506
182.2 2465
182.4 2505
182.6 2554
182.8 2487
183 2532
183.2 2441
183.4 2482
183.6 2484
183.8 2516
184 2520
184.2 2470
184.4 2518
184.6 2457
184.8 2485
185 2489
185.2 2566
185.4 2469
185.6 2551
185.8 2446
186 2341
186.2 2503
186.4 2421
186.6 2445
186.8 2451
187 2468
187.2 2464
187.4 2406
187.6 2541
187.8 2536
188 2514
188.2 2522
188.4 2523
188.6 2487
188.8 2533
189 2475
189.2 2488
189.4 2473
189.6 2550
189.8 2497
190 2457
190.2 2501
190.4 2396
190.6 2467
190.8 2542
191 2503
191.2 2450
191.4 2437
191.6 2425
191.8 2477
192 2428
192.2 2420
192.4 2527
192.6 2459
192.8 2455
193 2415
193.2 2470
193.4 2463
193.6 2413
193.8 2372
194 2462
194.2 2465
194.4 2407
194.6 2425
194.8 2555
195 2452
195.2 2422
195.4 2409
195.6 2564
195.8 2400
196 2486
196.2 2441
196.4 2481
196.6 2430
196.8 2534
197 2439
197.2 2532
197.4 2362
197.6 2422
197.8 2401
198 2456
198.2 2430
198.4 2439
198.6 2490
198.8 2459
199 2518
199.2 2460
199.4 2508
199.6 2422
199.8 2425
200 2457
200.2 2476
200.4 2454
200.6 2486
200.8 2532
201 2459
201.2 2493
201.4 2613
201.6 2464
201.8 2496
202 2485
202.2 2489
202.4 2533
202.6 2450
202.8 2474
203 2504
203.2 2404
203.4 2449
203.6 2567
203.8 2429
204 2463
204.2 2538
204.4 2519
204.6 2578
204.8 2509
205 2522
205.2 2413
205.4 2514
205.6 2552
205.8 2402
206 2431
206.2 2442
206.4 2517
206.6 2498
206.8 2438
207 2505
207.2 2489
207.4 2493
207.6 2426
207.8 2520
208 2427
208.2 2438
208.4 2467
208.6 2569
208.8 2532
209 2521
209.2 2507
209.4 2527
209.6 2448
209.8 2477
210 2449
210.2 2629
210.4 2596
210.6 2452
210.8 2557
211 2512
211.2 2384
211.4 2421
211.6 2450
211.8 2367
212 2448
212.2 2463
212.4 2450
212.6 2490
212.8 2442
213 2497
213.2 2488
213.4 2476
213.6 2437
213.8 2445
214 2493
214.2 2480
214.4 2496
214.6 2457
214.8 2508
215 2404
215.2 2508
215.4 2454
215.6 2457
215.8 2496
216 2455
216.2 2515
216.4 2462
216.6 2595
216.8 2532
217 2543
217.2 2445
217.4 2527
217.6 2506
217.8 2502
218 2407
218.2 2368
218.4 2437
218.6 2505
218.8 2505
219 2408
219.2 2582
219.4 2371
219.6 2568
219.8 2473
220 2493
220.2 2461
220.4 2462
220.6 2465
220.8 2471
221 2401
221.2 2417
221.4 2440
221.6 2413
221.8 2538
222 2529
222.2 2440
222.4 2371
222.6 2487
222.8 2447
223 2471
223.2 2469
223.4 2439
223.6 2481
223.8 2535
224 2478
224.2 2441
224.4 2448
224.6 2420
224.8 2582
225 2444
225.2 2507
225.4 2481
225.6 2471
225.8 2425
226 2367
226.2 2492
226.4 2549
226.6 2583
226.8 2545
227 2478
227.2 2514
227.4 2485
227.6 2556
227.8 2400
228 2463
228.2 2464
228.4 2400
228.6 2491
228.8 2524
229 2497
229.2 2501
229.4 2533
229.6 2456
229.8 2424
230 2470
230.2 2475
230.4 2530
230.6 2490
230.8 2460
231 2450
231.2 2518
231.4 2537
231.6 2516
231.8 2420
232 2506
232.2 2395
232.4 2442
232.6 2465
232.8 2530
233 2424
233.2 2480
233.4 2507
233.6 2453
233.8 2406
234 2394
234.2 2458
234.4 2511
234.6 2528
234.8 2504
235 2452
235.2 2437
235.4 2461
235.6 2425
235.8 2374
236 2523
236.2 2434
236.4 2441
236.6 2550
236.8 2480
237 2538
237.2 2424
237.4 2494
237.6 2393
237.8 2443
238 2484
238.2 2384
238.4 2478
238.6 2550
238.8 2511
239 2521
239.2 2473
239.4 2420
239.6 2378
239.8 2443
240 2500
240.2 2469
240.4 2475
240.6 2531
240.8 2485
241 2532
241.2 2447
241.4 2445
241.6 2488
241.8 2539
242 2492
242.2 2490
242.4 2413
242.6 2479
242.8 2476
243 2544
243.2 2554
243.4 2390
243.6 2453
243.8 2533
244 2456
244.2 2562
244.4 2514
244.6 2498
244.8 2557
245 2393
245.2 2422
245.4 2466
245.6 2459
245.8 2424
246 2517
246.2 2506
246.4 2393
246.6 2447
246.8 2487
247 2517
247.2 2484
247.4 2398
247.6 2456
247.8 2574
248 2553
248.2 2371
248.4 2467
248.6 2511
248.8 2457
249 2449
249.2 2447
249.4 2470
249.6 2438
249.8 2417
250 2556
