34 2
34.2 3
34.4 5
34.6 16
34.8 58
35 44
35.2 72
35.4 41
35.6 108
35.8 130
36 188
36.2 155
36.4 207
36.6 278
36.8 405
37 465
37.2 661
37.4 564
37.6 745
37.8 783
38 1339
38.2 1556
38.4 1644
38.6 2022
38.8 3045
39 2378
39.2 3225
39.4 3977
39.6 4324
39.8 4356
40 5554
40.2 6762
40.4 9017
40.6 9309
40.8 10049
41 13156
41.2 13085
41.4 16592
41.6 16898
41.8 18997
42 20214
42.2 22568
42.4 25767
42.6 26158
42.8 28671
43 30667
43.2 31039
43.4 35134
43.6 34166
43.8 37041
44 39942
44.2 40638
44.4 42059
44.6 43382
44.8 43477
45 45639
45.2 46558
45.4 48465
45.6 48987
45.8 50343
46 51548
46.2 50046
46.4 51554
46.6 51362
46.8 51973
47 52789
47.2 52484
47.4 51744
47.6 54212
47.8 53906
48 54524
48.2 53890
48.4 53823
48.6 54550
48.8 53675
49 53325
49.2 53252
49.4 53600
49.6 52608
49.8 52070
50 52902
50.2 52571
50.4 51283
50.6 51626
50.8 51047
51 51086
51.2 50839
51.4 51044
51.6 49728
51.8 49995
52 49702
52.2 49310
52.4 49426
52.6 49259
52.8 49254
53 48508
53.2 49078
53.4 48177
53.6 48395
53.8 48328
54 48519
54.2 48232
54.4 48580
54.6 47970
54.8 47931
55 47071
55.2 47544
55.4 47341
55.6 47708
55.8 47651
56 47387
56.2 47810
56.4 47377
56.6 47204
56.8 47413
57 46892
57.2 47087
57.4 47139
57.6 46973
57.8 47293
58 47003
58.2 46596
58.4 47456
58.6 47285
58.8 47182
59 47150
59.2 47190
59.4 47246
59.6 46973
59.8 47323
60 46895
60.2 47351
60.4 47137
60.6 47201
60.8 46982
61 47124
61.2 46738
61.4 47259
61.6 46884
61.8 46983
62 46628
62.2 47376
62.4 47031
62.6 47278
62.8 47314
63 47314
63.2 46850
63.4 47117
63.6 47541
63.8 47708
64 47680
64.2 47639
64.4 47361
64.6 47662
64.8 47281
65 47559
65.2 47557
65.4 47210
65.6 47468
65.8 47692
66 47408
66.2 47375
66.4 47727
66.6 47668
66.8 47372
67 47475
67.2 47383
67.4 47652
67.6 47788
67.8 47542
68 47365
68.2 47521
68.4 47517
68.6 47460
68.8 47504
69 47743
69.2 47143
69.4 48000
69.6 47419
69.8 47617
70 47403
70.2 47471
70.4 47337
70.6 47794
70.8 47844
71 47784
71.2 48088
71.4 47937
71.6 47603
71.8 47684
72 48097
72.2 47718
72.4 47711
72.6 48001
72.8 48024
73 47854
73.2 48072
73.4 47714
73.6 47589
73.8 48035
74 47909
74.2 47865
74.4 47702
74.6 47627
74.8 47876
75 48054
75.2 47724
75.4 47911
75.6 48052
75.8 48095
76 47621
76.2 47686
76.4 47971
76.6 48333
76.8 47919
77 47825
77.2 48241
77.4 47984
77.6 48328
77.8 48208
78 47680
78.2 47933
78.4 48034
78.6 47913
78.8 48005
79 47814
79.2 47971
79.4 47901
79.6 47688
79.8 48311
80 47948
80.2 48045
80.4 47591
80.6 48141
80.8 47982
81 48208
81.2 47960
81.4 48065
81.6 47858
81.8 47771
82 47957
82.2 47897
82.4 48008
82.6 48235
82.8 48199
83 47819
83.2 48229
83.4 48054
83.6 48004
83.8 48259
84 47522
84.2 48087
84.4 48262
84.6 47739
84.8 48204
85 48000
85.2 48444
85.4 47723
85.6 47899
85.8 48186
86 48139
86.2 48174
86.4 47765
86.6 47848
86.8 48234
87 47945
87.2 47888
87.4 47916
87.6 47956
87.8 48028
88 47866
88.2 48168
88.4 48588
88.6 48032
88.8 48357
89 47588
89.2 48492
89.4 48264
89.6 47886
89.8 48065
90 48138
90.2 47978
90.4 47761
90.6 47858
90.8 47754
91 48422
91.2 47968
91.4 47869
91.6 47959
91.8 48173
92 47914
92.2 48058
92.4 48200
92.6 48435
92.8 48038
93 47915
93.2 48074
93.4 47973
93.6 48087
93.8 47898
94 47835
94.2 47968
94.4 47865
94.6 47701
94.8 47871
95 47859
95.2 47918
95.4 48397
95.6 48017
95.8 48048
96 47935
96.2 48101
96.4 47876
96.6 48021
96.8 48202
97 48083
97.2 47653
97.4 47871
97.6 47804
97.8 47761
98 48083
98.2 47900
98.4 48047
98.6 48135
98.8 48113
99 47896
99.2 48369
99.4 48059
99.6 48233
99.8 48289
100 47971
100.2 47789
100.4 47628
100.6 48297
100.8 47932
101 47713
101.2 48144
101.4 48134
101.6 47888
101.8 48164
102 48066
102.2 48016
102.4 48134
102.6 47729
102.8 48094
103 48070
103.2 48037
103.4 47978
103.6 47828
103.8 48279
104 47809
104.2 47764
104.4 48138
104.6 48395
104.8 47558
105 47534
105.2 47901
105.4 47698
105.6 48178
105.8 47968
106 47729
106.2 48134
106.4 47985
106.6 47568
106.8 48087
107 48015
107.2 47895
107.4 48139
107.6 48483
107.8 48137
108 47807
108.2 48190
108.4 47684
108.6 47673
108.8 47839
109 48226
109.2 48031
109.4 48069
109.6 47827
109.8 48173
110 47975
110.2 47889
110.4 47659
110.6 48180
110.8 48179
111 47929
111.2 47931
111.4 48045
111.6 48075
111.8 47594
112 48104
112.2 48094
112.4 48107
112.6 47862
112.8 48192
113 48179
113.2 48092
113.4 48292
113.6 47954
113.8 47715
114 47872
114.2 48042
114.4 48408
114.6 47856
114.8 47884
115 47833
115.2 48180
115.4 47905
115.6 47885
115.8 48104
116 47742
116.2 48002
116.4 48120
116.6 48002
116.8 48044
117 47573
117.2 48511
117.4 48043
117.6 47873
117.8 48041
118 47955
118.2 48066
118.4 48074
118.6 48136
118.8 48005
119 48242
119.2 47619
119.4 48185
119.6 47815
119.8 47993
120 47867
120.2 47861
120.4 48087
120.6 48387
120.8 48045
121 48001
121.2 47895
121.4 47831
121.6 47989
121.8 48518
122 47959
122.2 47997
122.4 47642
122.6 48265
122.8 48104
123 48177
123.2 47779
123.4 48058
123.6 48217
123.8 47778
124 47755
124.2 47775
124.4 47996
124.6 48276
124.8 48015
125 48400
125.2 48253
125.4 48418
125.6 48130
125.8 48022
126 48150
126.2 48140
126.4 47800
126.6 48385
126.8 48010
127 48125
127.2 47929
127.4 47869
127.6 47941
127.8 48521
128 48002
128.2 48808
128.4 48197
128.6 48107
128.8 47923
129 48141
129.2 48217
129.4 48285
129.6 47906
129.8 48455
130 48362
130.2 48374
130.4 48034
130.6 48245
130.8 48474
131 48171
131.2 47884
131.4 48156
131.6 48045
131.8 48327
132 47752
132.2 48112
132.4 48161
132.6 48339
132.8 48033
133 48232
133.2 47978
133.4 48151
133.6 47676
133.8 48049
134 47941
134.2 48088
134.4 48453
134.6 48247
134.8 48376
135 48189
135.2 48230
135.4 47658
135.6 47997
135.8 48336
136 48238
136.2 48132
136.4 47992
136.6 47853
136.8 47807
137 48403
137.2 48334
137.4 48442
137.6 48065
137.8 48480
138 48277
138.2 47853
138.4 48172
138.6 48382
138.8 48234
139 47993
139.2 48135
139.4 48195
139.6 47895
139.8 47833
140 48002
140.2 48273
140.4 47900
140.6 47932
140.8 47964
141 48316
141.2 48253
141.4 47968
141.6 48123
141.8 47803
142 47981
142.2 47991
142.4 48221
142.6 48040
142.8 48628
143 47986
143.2 48137
143.4 48377
143.6 48314
143.8 47970
144 48222
144.2 47830
144.4 48002
144.6 48065
144.8 48442
145 47800
145.2 48231
145.4 47703
145.6 48601
145.8 48177
146 48107
146.2 48253
146.4 48078
146.6 48512
146.8 47941
147 47586
147.2 48203
147.4 48168
147.6 48195
147.8 48088
148 48103
148.2 48111
148.4 47834
148.6 48274
148.8 47985
149 47821
149.2 48111
149.4 48046
149.6 48125
149.8 48137
150 48237
150.2 47548
150.4 47910
150.6 47891
150.8 48064
151 48045
151.2 48192
151.4 48461
151.6 47614
151.8 47716
152 48420
152.2 48148
152.4 47959
152.6 48109
152.8 48070
153 48142
153.2 48131
153.4 48353
153.6 48221
153.8 48135
154 47955
154.2 48065
154.4 48088
154.6 47914
154.8 48058
155 48353
155.2 47962
155.4 48230
155.6 48570
155.8 48023
156 47715
156.2 47683
156.4 47996
156.6 48282
156.8 48002
157 48217
157.2 47966
157.4 48103
157.6 48289
157.8 48161
158 47707
158.2 47798
158.4 47765
158.6 48057
158.8 47998
159 48199
159.2 48197
159.4 48173
159.6 47961
159.8 48125
160 48074
160.2 47580
160.4 47983
160.6 48182
160.8 47619
161 47764
161.2 48015
161.4 47977
161.6 48347
161.8 47959
162 47878
162.2 47909
162.4 48025
162.6 48206
162.8 48328
163 47889
163.2 48221
163.4 48252
163.6 47539
163.8 48171
164 48052
164.2 48299
164.4 48040
164.6 48511
164.8 47988
165 47924
165.2 47842
165.4 48034
165.6 48351
165.8 48203
166 48157
166.2 48410
166.4 47982
166.6 47828
166.8 47568
167 47774
167.2 47887
167.4 47925
167.6 48513
167.8 47840
168 48098
168.2 48219
168.4 48166
168.6 48066
168.8 47989
169 48489
169.2 48049
169.4 47975
169.6 48090
169.8 47801
170 48157
170.2 47823
170.4 48219
170.6 48195
170.8 47812
171 48248
171.2 48400
171.4 48157
171.6 48211
171.8 47788
172 48050
172.2 47708
172.4 47840
172.6 48122
172.8 48040
173 48268
173.2 47867
173.4 48075
173.6 48066
173.8 48116
174 48065
174.2 48221
174.4 47864
174.6 47941
174.8 48023
175 48047
175.2 47812
175.4 48316
175.6 47959
175.8 48083
176 48306
176.2 47779
176.4 48029
176.6 48206
176.8 47998
177 48346
177.2 47854
177.4 48204
177.6 47821
177.8 47754
178 47934
178.2 48064
178.4 47897
178.6 47791
178.8 47817
179 47941
179.2 48157
179.4 47893
179.6 48291
179.8 47922
180 48262
180.2 48002
180.4 48395
180.6 48278
180.8 48421
181 48195
181.2 48115
181.4 48079
181.6 47746
181.8 47959
182 48110
182.2 48245
182.4 48052
182.6 47881
182.8 47181
183 47863
183.2 48019
183.4 48300
183.6 48024
183.8 48227
184 47958
184.2 48122
184.4 47838
184.6 48428
184.8 47915
185 48225
185.2 48271
185.4 47588
185.6 47691
185.8 48102
186 47791
186.2 48253
186.4 48165
186.6 48314
186.8 47926
187 47975
187.2 48013
187.4 48021
187.6 47878
187.8 48233
188 47696
188.2 48133
188.4 47759
188.6 48253
188.8 47670
189 47719
189.2 47886
189.4 47694
189.6 48410
189.8 47863
190 48344
190.2 47801
190.4 47548
190.6 48131
190.8 48028
191 48692
191.2 48520
191.4 48315
191.6 47949
191.8 47755
192 48033
192.2 47926
192.4 48327
192.6 47869
192.8 48072
193 48240
193.2 47877
193.4 47640
193.6 48148
193.8 48053
194 48129
194.2 47931
194.4 48399
194.6 47993
194.8 48141
195 48081
195.2 48349
195.4 47784
195.6 48033
195.8 48073
196 47934
196.2 48041
196.4 48188
196.6 48027
196.8 47871
197 48184
197.2 47932
197.4 48107
197.6 47837
197.8 48332
198 48374
198.2 47891
198.4 48091
198.6 47955
198.8 47923
199 47977
199.2 47671
199.4 48137
199.6 48510
199.8 47980
200 47799
200.2 48086
200.4 47814
200.6 48269
200.8 48374
201 47592
201.2 48128
201.4 47607
201.6 47882
201.8 48226
202 48002
202.2 48039
202.4 48033
202.6 47835
202.8 47906
203 48469
203.2 47878
203.4 47872
203.6 48210
203.8 48037
204 47902
204.2 48158
204.4 48151
204.6 48200
204.8 47850
205 47799
205.2 48089
205.4 47965
205.6 47947
205.8 47926
206 48168
206.2 47441
206.4 47979
206.6 47800
206.8 47935
207 48074
207.2 47952
207.4 47864
207.6 47799
207.8 48027
208 47806
208.2 47952
208.4 48311
208.6 48145
208.8 47830
209 48106
209.2 48003
209.4 47938
209.6 48072
209.8 47683
210 48203
210.2 48280
210.4 47783
210.6 47982
210.8 48202
211 48215
211.2 47879
211.4 48205
211.6 47757
211.8 48059
212 47931
212.2 47802
212.4 48170
212.6 47870
212.8 48395
213 48080
213.2 47702
213.4 47965
213.6 47972
213.8 47821
214 48046
214.2 48074
214.4 47954
214.6 48026
214.8 48545
215 47992
215.2 48287
215.4 47819
215.6 47805
215.8 48083
216 47820
216.2 47912
216.4 48035
216.6 47925
216.8 48053
217 48017
217.2 48169
217.4 48091
217.6 47955
217.8 48091
218 47947
218.2 47820
218.4 48277
218.6 48020
218.8 48259
219 48108
219.2 47813
219.4 48050
219.6 47870
219.8 48033
220 48192
220.2 47811
220.4 48078
220.6 48187
220.8 48285
221 48190
221.2 47634
221.4 48611
221.6 48229
221.8 48248
222 48185
222.2 48539
222.4 47963
222.6 47747
222.8 48465
223 48166
223.2 47871
223.4 48077
223.6 48040
223.8 48018
224 48066
224.2 48170
224.4 47757
224.6 48282
224.8 48084
225 48466
225.2 47880
225.4 48171
225.6 48048
225.8 48476
226 48036
226.2 47843
226.4 48327
226.6 48191
226.8 47983
227 47879
227.2 48371
227.4 48046
227.6 47800
227.8 48007
228 47943
228.2 48045
228.4 48364
228.6 47948
228.8 47868
229 47828
229.2 48057
229.4 47950
229.6 47884
229.8 48009
230 47742
230.2 48143
230.4 48265
230.6 47996
230.8 48323
231 47997
231.2 48018
231.4 48327
231.6 48089
231.8 48100
232 47799
232.2 48244
232.4 47913
232.6 48358
232.8 47897
233 47672
233.2 48221
233.4 47972
233.6 48247
233.8 47904
234 47731
234.2 47976
234.4 48110
234.6 48237
234.8 48153
235 47975
235.2 48100
235.4 48257
235.6 48246
235.8 47786
236 48343
236.2 47791
236.4 47814
236.6 48269
236.8 48149
237 48443
237.2 48485
237.4 48271
237.6 47795
237.8 48000
238 48015
238.2 48273
238.4 48156
238.6 47849
238.8 48224
239 48422
239.2 47940
239.4 47918
239.6 47805
239.8 48419
240 48052
240.2 47997
240.4 47974
240.6 48010
240.8 48093
241 47852
241.2 48404
241.4 48065
241.6 47861
241.8 47676
242 48105
242.2 48142
242.4 47836
242.6 48211
242.8 48030
243 48235
243.2 47564
243.4 47689
243.6 48108
243.8 48202
244 47833
244.2 48333
244.4 48013
244.6 48232
244.8 48531
245 48081
245.2 47735
245.4 48418
245.6 48074
245.8 48020
246 48284
246.2 47917
246.4 48031
246.6 48070
246.8 47845
247 48097
247.2 48202
247.4 48000
247.6 48426
247.8 48184
248 48131
248.2 47946
248.4 47907
248.6 48449
248.8 48103
249 47945
249.2 47953
249.4 47982
249.6 48396
249.8 48276
250 47934
