0.00442983 1.52985
0.00626473 1.51476
0.0076727 1.50297
0.00885967 1.531
0.0125295 1.49372
0.0132895 1.49826
0.0153454 1.47237
0.0177193 1.48435
0.0187942 1.45005
0.0221492 1.44801
0.0230181 1.42966
0.0250589 1.42116
0.026579 1.4126
0.0306908 1.39132
0.0310088 1.38088
0.0313237 1.37853
0.0354387 1.34793
0.0375884 1.30718
0.0383635 1.30669
0.0398685 1.30466
0.0438531 1.26762
0.0442983 1.27074
0.0460362 1.24153
0.0487282 1.21246
0.0501179 1.20662
0.053158 1.18324
0.0537089 1.17424
0.0563826 1.15049
0.0575878 1.13103
0.0613816 1.10399
0.0620177 1.09536
0.0626473 1.08795
0.0664475 1.04161
0.0689121 1.03315
0.0690543 1.03926
0.0708774 1.0131
0.0751768 0.988795
0.0753072 0.980759
0.076727 0.977019
0.079737 0.963042
0.0814415 0.946334
0.0841669 0.945401
0.0843997 0.94112
0.0877062 0.919671
0.0885967 0.901983
0.0920724 0.905264
0.0930265 0.911366
0.093971 0.896685
0.0974564 0.890772
0.0997451 0.894021
0.100236 0.886043
0.101886 0.891695
0.106316 0.884123
0.1065 0.878338
0.107418 0.893694
0.110746 0.881033
0.112765 0.885215
0.11509 0.890037
0.115176 0.890892
0.11903 0.900205
0.119606 0.897017
0.122763 0.913996
0.124035 0.905518
0.125295 0.920335
0.128465 0.928767
0.130436 0.9329
0.131559 0.941723
0.132895 0.935994
0.137325 0.958613
0.137824 0.963721
0.138109 0.967887
0.141755 0.971103
0.144089 0.981439
0.145781 0.986463
0.146185 0.993919
0.150354 1.01767
0.150614 1.00673
0.153454 1.02165
0.155044 1.00648
0.156618 1.03203
0.159474 1.02835
0.161127 1.05114
0.162883 1.03959
0.163904 1.0422
0.168334 1.04711
0.168799 1.06164
0.169148 1.05707
0.172764 1.07044
0.175412 1.0531
0.176472 1.0745
0.177193 1.05716
0.181623 1.06794
0.181677 1.07088
0.184145 1.05578
0.186053 1.07429
0.187942 1.06431
0.190483 1.05812
0.191817 1.06254
0.194207 1.05446
0.194913 1.061
0.199343 1.03974
0.19949 1.0554
0.200471 1.0431
0.203772 1.03881
0.206736 1.04256
0.207163 1.02424
0.208202 1.03463
0.212632 1.0226
0.213001 1.01554
0.214836 1.01918
0.217062 1.01308
0.219266 1.01686
0.221492 1.00087
0.222508 1.00457
0.22553 1.00002
0.225922 0.988574
0.230181 1.00204
0.230351 0.994457
0.231795 0.988456
0.234781 0.965318
0.237854 0.967884
0.23806 0.975131
0.239211 0.964827
0.243641 0.960019
0.244325 0.968573
0.245526 0.968286
0.248071 0.963722
0.250589 0.964937
0.252501 0.956626
0.253199 0.956409
0.256854 0.963318
0.25693 0.942526
0.260872 0.962216
0.26136 0.961882
0.263119 0.949972
0.26579 0.976657
0.268544 0.965214
0.269383 0.962739
0.27022 0.971918
0.27465 0.967964
0.275648 0.963688
0.276217 0.955907
0.27908 0.982684
0.281913 0.983788
0.283509 0.970499
0.28389 0.983413
0.287939 0.982232
0.288178 0.983346
0.291563 1.00042
0.292369 0.99408
0.294442 0.995114
0.296799 0.996077
0.299235 0.998491
0.300707 0.998442
0.301229 1.01367
0.305659 0.999971
0.306908 1.00062
0.306972 1.00941
0.310088 1.02199
0.313237 1.0246
0.314518 1.01035
0.314581 1.02487
0.318948 1.01564
0.319501 1.02056
0.322253 1.02519
0.323378 1.03242
0.325766 1.01838
0.327808 1.02144
0.329926 1.03067
0.332031 1.0246
0.332238 1.03341
0.336667 1.02338
0.337599 1.04811
0.338296 1.02504
0.341097 1.01125
0.34456 1.03289
0.345271 1.02945
0.345527 1.02185
0.349957 1.02816
0.350825 1.02275
0.352944 1.01164
0.354387 1.01735
0.35709 1.01684
0.358817 1.01673
0.360617 1.01762
0.363246 1.02355
0.363354 1.01855
0.367676 1.01257
0.36829 1.00385
0.369619 0.99834
0.372106 1.00222
0.375884 1.01679
0.375962 1.00473
0.376536 0.988905
0.380966 0.987709
0.382149 1.00131
0.383635 0.993272
0.385396 0.984335
0.388413 0.987509
0.389825 0.980109
0.391308 0.980518
0.394255 0.977475
0.394678 0.985107
0.398685 0.990202
0.39898 0.969263
0.400943 0.996277
0.403115 1.00712
0.406653 0.982583
0.407208 0.978643
0.407545 0.977704
0.411975 0.970418
0.413472 0.971152
0.414326 0.977645
0.416404 0.979617
0.419737 0.972612
0.420834 0.981716
0.421998 0.977492
0.425264 0.996067
0.426002 0.980656
0.429671 0.990417
0.429694 0.983814
0.432267 1.00048
0.434124 0.997233
0.437344 1.00066
0.438531 1.00066
0.438554 1.00263
0.442983 1.00556
0.444796 1.00333
0.445017 0.986676
0.447413 1.00005
0.451061 1.00095
0.451843 0.998325
0.452689 1.00164
0.456273 1.00472
0.457325 0.998124
0.460362 1.00537
0.460703 1.00394
0.46359 1.00929
0.465133 1.01802
0.468035 1.01093
0.469562 1.01637
0.469855 1.00604
0.473992 1.02848
0.475707 1.0161
0.47612 1.00949
0.478422 1.00695
0.482384 1.02566
0.482852 1.02148
0.48338 1.00907
0.487282 1.01032
0.488649 1.01975
0.491053 1.0075
0.491712 1.02162
0.494914 1.01959
0.496141 1.0148
0.498725 1.01589
0.500571 1.0062
0.501179 1.0086
0.505001 1.00643
0.506398 1.0195
0.507443 0.991128
0.509431 1.00541
0.513708 1.00741
0.513861 1.01082
0.514071 1.01617
0.518291 1.01068
0.519973 0.99339
0.521744 1.00432
0.52272 1.00671
0.526237 0.994938
0.52715 1.00019
0.529416 0.996492
0.53158 1.00473
0.532502 1.00423
0.53601 0.996879
0.537089 0.994474
0.538767 0.994677
0.54044 1.00391
0.544762 0.995923
0.54487 0.997413
0.545032 0.996434
0.549299 0.981249
0.551296 0.99458
0.552434 0.99971
0.553729 0.992598
0.557561 0.995051
0.558159 1.00055
0.560107 1.00158
0.562589 1.00363
0.563826 0.991685
0.567019 0.991874
0.56778 0.99875
0.570091 0.994383
0.571449 0.992563
0.575452 0.997099
0.575878 0.982319
0.576355 0.996113
0.580308 1.0014
0.58262 0.998013
0.583125 0.998906
0.584738 0.980315
0.588885 1.0009
0.589168 0.980514
0.590798 0.990438
0.593598 0.989182
0.59515 1.00847
0.598028 1.02204
0.59847 1.00117
0.601414 1.00129
0.602458 0.995181
0.606143 1.0061
0.606887 1.01212
0.607679 1.00563
0.611317 0.997193
0.613816 1.00782
0.613944 1.00044
0.615747 0.990447
0.620177 1.01014
0.620208 0.996391
0.621489 1.00679
0.624607 0.996333
0.626473 1.00172
0.629037 1.00688
0.629161 1.01548
0.632738 1.00773
0.633466 1.00271
0.636834 1.00517
0.637896 1.00131
0.639003 1.00554
0.642326 1.00335
0.644507 1.00591
0.645267 0.996138
0.646756 1.02067
0.651186 1.00381
0.651532 0.999063
0.652179 1.01626
0.655616 1.00357
0.657797 1.00506
0.659852 0.991033
0.660045 1.00105
0.664062 1.00898
0.664475 1.01126
0.667525 1.00644
0.668905 0.99624
0.670326 0.99917
0.673335 0.997937
0.675197 0.993043
0.676591 0.994584
0.677765 0.995634
0.682195 0.993899
0.682856 0.996343
0.68287 0.99491
0.686624 0.996014
0.689121 1.01748
0.690543 0.999869
0.691054 0.999538
0.695385 0.996556
0.695484 1.01953
0.698216 0.993876
0.699914 0.99609
0.70165 1.00385
0.704344 0.975709
0.705888 0.997587
0.707915 0.991684
0.708774 0.997837
0.713203 1.00299
0.713561 1.00144
0.714179 0.987987
0.717633 0.991314
0.720444 0.987951
0.721234 1.01045
0.722063 0.992034
0.726493 0.987733
0.726709 0.999686
0.728906 1.00605
0.730923 0.984171
0.732974 0.990013
0.735353 0.9999
0.736579 0.989276
0.739238 0.988268
0.739782 1.00963
0.744212 1.00155
0.744252 0.99603
0.745503 0.9953
0.748642 0.994839
0.751768 0.995871
0.751924 1.0064
0.753072 1.00315
0.757502 0.992292
0.758033 0.992867
0.759597 0.99499
0.761932 0.985947
0.764297 1.00561
0.766361 1.00814
0.76727 1.00061
0.770562 0.995481
0.770791 1.00326
0.774943 0.998988
0.775221 1.00613
0.776827 1.00258
0.779651 1.00813
0.782615 0.998363
0.783092 1.00791
0.784081 0.99854
0.788511 1.00041
0.789356 0.989683
0.790288 1.01279
0.79294 1.00063
0.795621 1.00012
0.79737 0.995284
0.797961 1.0042
0.8018 1.00284
0.801886 0.999759
0.805633 1.01025
0.80623 1.00959
0.80815 1.01118
0.81066 0.992742
0.813306 1.00973
0.814415 1.00749
0.81509 1.0114
0.819519 1.01877
0.82068 0.996554
0.820979 0.993728
0.823949 1.00163
0.826945 1.00281
0.828379 1.00035
0.828651 1.00669
0.832809 1.02244
0.833209 0.999316
0.836324 0.999463
0.837239 1.00081
0.839474 1.00324
0.841669 1.0038
0.843997 0.991684
0.845739 0.988035
0.846098 0.994732
0.850528 0.997465
0.85167 0.99624
0.852004 0.99039
0.854958 1.00012
0.858268 0.995111
0.859342 0.989038
0.859388 0.979875
0.863818 0.988946
0.864533 0.999193
0.867015 0.998553
0.868248 1.00767
0.870798 0.992138
0.872677 1.01433
0.874688 0.991523
0.877062 1.00774
0.877107 1.00009
0.881537 0.990409
0.88236 1.00408
0.883327 1.00234
0.885967 0.9983
0.889592 0.990131
0.890033 1.00423
0.895857 0.996518
0.897706 0.991809
0.902121 1.00938
0.905378 0.997133
0.908386 1.00704
0.913051 1.01076
0.914651 0.997859
0.920724 0.995208
0.920916 1.00773
0.92718 0.998169
0.928397 0.996941
0.933445 1.00025
0.936069 1.00892
0.93971 1.01362
0.943742 0.982944
0.945975 0.995627
0.951415 1.00511
0.952239 0.997924
0.958504 1.00571
0.959087 1.00155
0.964769 1.00132
0.96676 1.00701
0.971033 1.00173
0.974433 1.0023
0.977298 0.99992
0.982105 1.00262
0.983563 0.980195
0.989778 1.00954
0.989828 0.991343
0.996092 0.997313
0.997451 1.00985
1.00236 1.00059
1.00512 0.99923
1.00862 1.00433
1.0128 1.0034
1.01489 1.00541
1.02047 1.00067
1.02115 1.0015
1.02742 1.00225
1.02814 1.00014
1.03368 1.00378
1.03581 1.00024
1.03995 1.00499
1.04349 1.00272
1.04621 0.996119
1.05116 0.987119
1.05247 0.998244
1.05874 0.991678
1.05883 0.997811
1.065 0.989663
1.06651 1.00913
1.07127 1.00302
1.07418 1.0044
1.07753 1.00147
1.08185 0.988643
1.0838 0.995338
1.08952 0.995783
1.09006 0.997926
1.09633 0.998491
1.0972 1.0014
1.10259 0.996618
1.10487 1.00267
1.10886 1.00145
1.11254 1.00885
1.11512 0.996501
1.12021 1.00089
1.12139 0.997088
1.12765 1.0025
1.12789 0.994779
1.13392 0.997505
1.13556 0.994051
1.14018 0.997805
1.14323 0.999366
1.14645 0.99567
1.1509 0.994469
1.15271 1.00155
1.15858 1.00479
1.15898 1.00994
1.16524 0.990439
1.16625 0.985051
1.1715 1.00241
1.17392 0.990889
1.17777 1.01206
1.1816 1.0036
1.18403 1.0006
1.18927 0.999064
1.1903 0.989149
1.19656 0.99503
1.19694 1.00799
1.20283 0.992816
1.20461 1.00258
1.20909 0.996882
1.21229 0.995813
1.21536 1.00559
1.21996 1.00468
1.22162 1.00138
1.22763 1.0007
1.22789 1.01069
1.23415 1.0012
1.2353 1.00407
1.24042 1.00396
1.24298 0.998256
1.24668 1.00585
1.25065 0.999475
1.25295 1.00303
1.25832 0.988825
1.266 0.994444
1.27367 0.986902
1.28134 1.01138
1.28901 0.998378
1.29669 1.0093
1.30436 0.999984
1.31203 1.00758
1.3197 1.00364
1.32738 0.993949
1.33505 0.992958
1.34272 0.997265
1.35039 0.995668
1.35807 0.998093
1.36574 0.996649
1.37341 1.01333
1.38109 1.0065
1.38876 0.997069
1.39643 0.998171
1.4041 0.981646
1.41178 0.995644
1.41945 1.00758
1.42712 1.00397
1.43479 0.994546
1.44247 1.00428
1.45014 0.999898
1.45781 1.00334
1.46549 1.00737
1.47316 1.00562
1.48083 1.00438
1.4885 0.990621
1.49618 0.998489
1.50385 0.986079
1.51152 1.00411
1.51919 1.0027
1.52687 1.00942
1.53454 1.01489
