10053096.49148734
544
 4.088324064528744 -9.553144687354017   182.581445769536 1 2 14 43 0
 2.358342215966762 -10.39383274499199  181.6152178476144 -1 3.08 122.06 19 0
  5.53414165497958 -7.453271437405638  178.9361810541549 0 2.78 90.06 57 0
 9.309911555670721 -6.422621564794192  178.9469285949103 0 2.7 82.04000000000001 50 0
 9.826746209842762 -1.960201632153687  180.9552707731305 0 3.06 120.07 18 0
12.50691108611024 -2.61671579266633 176.0499043832815 -1 2.97 110.05 4 0
 8.305588363828674 -4.717895256053209  174.4123399521908 0 2.9 102.07 7 0
 5.565655584365017 -0.974731355091202   178.207377027654 0 3.21 138.1 45 0
9.239497368404317 1.303617909598667 176.8998598420965 0 2.95 108.05 3 0
  9.316819474567879 -0.8679282933063992   171.9357786174961 0 3.06 120.07 18 0
 4.384182179503179 -2.157316259434507  172.8380274801233 0 3.21 138.1 45 0
4.235472590433453 4.000994205719216 175.0860114009838 0 2.95 108.05 3 0
7.300369434559191 5.181590775351822 171.3307386951913 0 2.9 102.07 34 0
6.380137698714314  2.70895378888304 168.2278223413066 0 3.21 138.1 45 0
1.384985115266821 4.809441189230855 170.1772626137775 0 2.51 66.04000000000001 1 0
 3.20924183165294 8.418488963535173 171.6224098763803 0 3.06 120.07 18 0
6.190020492800595 7.805716813046419 166.5884394858682 0 3.33 154.1 56 0
0.3096231399452183  6.166425508617581  165.8615460804086 0 2.7 82.04000000000001 50 0
-1.213812636711146  9.465634356149712  167.4714744724832 0 2.51 66.04000000000001 1 0
0.6722248249103231  11.82056898311984  165.7088810406776 0 2.51 66.04000000000001 1 0
-0.9356486787568805   10.85592998232299   162.6594798855774 0 2.51 66.04000000000001 1 0
-4.936882029922026  10.15758237859952  164.0749021931826 0 3.33 154.1 56 0
-1.870580560113272  15.39032246333937  164.8709276527394 0 2.86 98.09999999999999 15 0
-2.602039260879923  17.60400427782209   161.026500776134 0 2.35 54.03 20 0
1.512503633407482 20.04688929995865 162.2869437774543 1 3.03 116.08 52 0
2.017731843657496 15.87148009219684 161.9354677218029 0 2.95 108.05 3 0
-0.5082851625140874   15.06860472984329   157.9633369012538 0 2.95 108.05 3 0
1.010358265589525 19.01190710563118 155.1150360863499 -1 2.97 110.05 4 0
5.208943562213501 19.02403644785596 157.2183934986637 0 2.51 66.04000000000001 1 0
8.032896462606878 20.86589554052621 156.8852762396157 0 2.78 90.06 9 0
11.28442288123885 18.68497433291419 155.9720059355107 0 2.51 66.04000000000001 5 0
13.08904945837735 18.75013436286276 159.4333668095082 0 2.35 54.03 20 0
10.19796585973094    19.91092435261 160.9688221931036 0 2.82 94.05 54 0
  10.343453723139 19.49695833290399 165.0999374698862 0 2.95 108.05 3 0
7.358508081374186 15.37849591086986 165.2599431402862 0 2.9 102.07 26 0
4.604798828421089 18.30450755848449 167.5656775580955 0 2.82 94.05 54 0
1.744006204032432 16.04672221610893 169.4127836518499 0 2.86 98.09999999999999 15 0
-1.801017621736461  18.72529309402999  170.0352996300802 0 2.82 94.05 54 0
-2.523863207055115  17.22336493446659  173.9745884083376 0 2.35 54.03 20 0
0.1778846813887682  16.80864905168151  176.0923308604862 0 2.95 108.05 3 0
-0.04063538510320974    12.91070317381411      172.61617825502 0 2.51 66.04000000000001 1 0
3.753315135819083  13.0608645673242 171.2107413072975 0 2.86 98.09999999999999 15 0
5.434963666654949 12.99639852492818 174.9034946650711 0 2.78 90.06 9 0
8.360100919215604 9.893175266863805 174.9860687472137 -1 3.08 122.06 19 0
8.087268433480501 11.68937520761738 169.8677302246495 0 2.78 90.06 57 0
7.701063902380928  16.0393226160385 171.6915618019668 -1 3.08 122.06 19 0
12.24028348588658 13.00807478501782  175.255681916887 1 3.03 116.08 52 0
13.17075357695889 12.91604215353789 170.5599527484913 0 2.51 66.04000000000001 1 0
16.18279771636509 14.32382335330117 167.1862409626629 -1 2.97 110.05 4 0
11.77927419919757 14.11209400445358 165.9821855928974 0 2.51 66.04000000000001 1 0
12.57592225057363 14.91573369017662 162.3786756165835 0 2.82 94.05 54 0
8.538080817924488 15.52534285338082 159.8863405164191 0 3.21 138.1 45 0
11.91767395616102 12.31982478005123 156.4553001306574 0 2.9 102.07 7 0
  6.6677463134977 12.22347360997158 152.7230117933742 0 3.33 154.1 56 0
4.428482340497066 14.56228208459168 155.0876315918121 0 2.7 82.04000000000001 50 0
1.775212418438608 10.97656311930908 154.2144544965075 0 3.21 138.1 45 0
-2.636470381691873  15.21907844922419  153.3339957651994 -1 3.08 122.06 19 0
-5.775967482191994  12.72150623701954  151.5097762015332 -1 2.97 110.05 4 0
-2.386326587195531  9.605882499217051  149.1268264854422 0 2.7 82.04000000000001 50 0
-4.26542466122406 7.982930895241207 146.7655239785904 0 2.35 54.03 20 0
-7.110897739108333  5.308285606536261  146.7048976225959 0 2.78 90.06 12 0
-7.351936716036564  5.997495180431479  150.8705905288884 0 2.35 54.03 20 0
-7.478938233300676  9.377412249715642  151.6154504010235 -1 2.97 110.05 4 0
-2.796072651188986  7.681782956783625  152.6246313866559 0 2.78 90.06 57 0
-2.692813515031413  10.01976416316545  156.1517854014429 0 2.82 94.05 54 0
1.194479783200892  10.6319975760215 157.4370741143913 0 2.35 54.03 20 0
4.586614485215682 10.42424417520851 160.3106542340385 0 3.21 138.1 45 0
8.763385926478547 9.089615385892067 157.1581296352482 0 2.9 102.07 34 0
10.40226169537252 9.532251143644647 160.7085901424097 0 2.51 66.04000000000001 1 0
 14.6593085501047 10.84422073839452 161.6387879038431 0 2.9 102.07 34 0
14.49194758976891 8.874180066572391  166.340853522424 -1 2.97 110.05 4 0
18.63553987344326 10.91484465796639 165.4887783908821 0 2.95 108.05 3 0
17.42234187368717 9.456341559315581 170.2368896306916 0 2.82 94.05 54 0
15.38701589508642 5.984842615961631 169.7796224652917 0 2.95 108.05 3 0
19.45796904753767 4.713144125963909 166.2849176986815 1 3.03 116.08 52 0
14.00812093534686  4.82679439938167 164.8629932297052 0 2.9 102.07 34 0
13.45303918385822 4.804271506990004 159.9859876947481 0 2.9 102.07 26 0
9.065272115419697 5.849747888687993 161.8185665628102 0 2.78 90.06 57 0
6.055301997422133  4.62677626875604 158.2005395694208 0 2.9 102.07 34 0
3.075819896691185 6.813353936111183  160.713843278091 0 2.7 82.04000000000001 50 0
0.6750442050215996  4.265983241453976  157.8154934650069 0 3.21 138.1 45 0
 -4.6217766892274 9.237377393352899 159.4889126132157 1 3.25 144.09 2 0
-6.26011261477341 6.761649528191192 160.3336711234591 0 2.35 54.03 20 0
-10.00993999470493  7.344654333604961  160.0530966607845 0 2.7 82.04000000000001 50 0
-9.823396552354021  12.36149907679141   161.527991704368 1 3.25 144.09 48 0
-14.27435693669958  9.179643934676918  161.1561697895611 0 2.7 82.04000000000001 50 0
-12.97524063449941   5.84573748783119   163.534948815015 0 2.9 102.07 26 0
-17.01221940355511  6.974616348985757  164.1891505801609 -1 3.08 122.06 19 0
-18.41161022717227  6.814926405680485  159.3276818241391 0 2.95 108.05 3 0
-13.17637751839426  2.504926111249512  158.9433317440762 0 3.48 176.13 11 0
-16.58033016538521  1.105592480275507  161.6018901471935 0 2.9 102.07 26 0
-20.1255781890357 1.332995811995036 158.9059759809585 0 2.35 54.03 20 0
-19.31755584891068  2.605068788139589  155.9181037865549 0 2.95 108.05 3 0
-15.86737885798077 -1.711126231553709  156.4974381531451 0 2.9 102.07 34 0
-16.12261799540028 -3.663858368238719  152.2227279638008 0 2.95 108.05 3 0
-16.42830611672097  -6.78430906720898  155.3559209396411 0 3.21 138.1 8 0
-14.73842422467927 -7.338210431777822  149.6457022486897 -1 2.97 110.05 4 0
-11.14295430551665 -10.65993433353992  150.1170868056097 0 2.9 102.07 7 0
-7.637156985493204 -8.452829495097046  146.4337970521429 1 3.03 116.08 52 0
-4.878532614823618 -12.38658777447996  144.4345125793648 -1 3.08 122.06 19 0
-2.364427271074144 -10.93965421527989  147.9231093764095 0 2.9 102.07 26 0
-0.3937121309697833  -14.51736035857979   144.9779216727558 0 2.95 108.05 3 0
 1.674705926641906 -10.14375292003411  145.2279711314576 -1 2.97 110.05 4 0
 2.442946747525703 -10.60134139868521  149.3300203558634 0 2.9 102.07 26 0
 1.282340470666522 -14.45506906515463  150.0205195641761 0 2.86 98.09999999999999 15 0
0.6058462851130564 -18.46898920001914  148.2203546318119 0 2.7 82.04000000000001 50 0
-3.234248613487601 -17.81057135459248  148.9335832931651 0 2.35 54.03 20 0
-2.393583252193791 -14.94133162009271  150.4008464274924 0 2.86 98.09999999999999 15 0
-8.150044381321976 -13.54721773948667  149.3707834264052 1 3.25 144.09 48 0
-6.935823585475833 -9.280637690610444  151.0095294603301 0 2.35 54.03 20 0
-9.560117481268456 -5.303621732233442  152.7698304675446 0.5 3.14 130.08 23 0
 -9.73501191047532 -4.761560885332766  147.8228549272063 -1 2.97 110.05 4 0
-8.722522779913502 -1.699642722464991   150.420049748234 0 2.35 54.03 20 0
-7.214321285181152 -2.300062063478538  154.1640982094498 0 3.21 138.1 45 0
-4.473455407592014 -4.179345379449892  149.5838163965493 0 2.82 94.05 54 0
-5.599532984369575  -1.09286588917896   147.046596528021 0 2.7 82.04000000000001 50 0
-4.377142126915361  1.947562301765476  149.7743342393834 0 2.7 82.04000000000001 50 0
   1.2179628477143 0.0256897804504721  150.5019174744005 0 3.48 176.13 55 0
0.5542475983225152 -1.712197894484738  145.8056588020045 1 3.25 144.09 48 0
-1.463054241566594  3.705813767582447  145.6814012320947 0 2.7 82.04000000000001 50 0
1.454191301893306 4.717690963766239 148.2739004109114 0 2.78 90.06 57 0
  4.2785150413639 1.975570129107341 147.4918545325507 0 2.51 66.04000000000001 1 0
6.315947593488112 2.592082199668322 144.1989537634682 -1 2.97 110.05 4 0
6.297123989249778 6.910875347205138 146.8426278056523 0 2.82 94.05 54 0
6.143183502946737 5.416517570923363 150.8916010308415 0 2.9 102.07 34 0
 10.06882846597605 0.3969126669405316  147.9650776204562 1 3.25 144.09 48 0
11.61704623962987 6.553104598535974 147.4993441561834 0 3.06 120.07 18 0
10.72899552679582 8.517887574349476 150.5898955311191 1 3.03 116.08 52 0
12.08918420494351 3.865451581748502 153.3800308539845 0 2.78 90.06 57 0
14.67187186183517 2.030666865990007 150.0634881464821 -1 3.08 122.06 19 0
16.32692830675336 7.171222153080503 150.3570482393689 -1 2.97 110.05 4 0
16.83850374282464 6.350372789687471 155.0444609494688 0 2.51 66.04000000000001 1 0
18.06178180729785 2.737566797225426 154.8442794070596 0 2.78 90.06 12 0
20.74184350736804 6.231547668864362 151.2425970253263 1 3.25 144.09 48 0
 21.4909900531184 8.810060001750418 154.6269636746894 -1 3.08 122.06 19 0
20.22488581341477  7.18233664597728 158.5070274302267 0.5 3.14 130.08 23 0
22.73177022391498 2.353030350859294 157.8172156551454 0 2.78 90.06 9 0
22.47985929775029 2.547740817883319 161.9220034368713 -1 2.97 110.05 4 0
19.14169981075216 4.943216718712806 162.3201572538657 0 3.33 154.1 56 0
  14.39804876585644 -0.4743397914038896   164.7066327451256 1 3.25 144.09 48 0
   12.64414998729071 -0.09413602127161269    159.7575233110694 0 2.78 90.06 57 0
 9.470679172657915 0.9451902169754867  162.5059770535533 0 2.78 90.06 57 0
 6.649309658764246 0.1133295027387344  158.8536270106167 0 3.21 138.1 45 0
3.183840589924673  2.41061906642458 163.0525966248825 0 2.82 94.05 54 0
-0.5292421430625165   1.968185450207963   163.5675200413528 0 2.35 54.03 20 0
-5.074012590223898  3.531741325143316  165.4147132175592 0.5 3.14 130.08 23 0
-6.970459915840201  1.568098025005212  163.0931998013567 0 2.7 82.04000000000001 50 0
-6.871651789246243  2.201714887426847  158.5625923759985 0 2.9 102.07 34 0
-2.972620187319759   2.10670851374076  159.9350137289676 0 2.35 54.03 20 0
 -2.369361546806373 -0.8691481321914988   160.8860643289595 0 2.35 54.03 20 0
-3.376790570633354 -2.251468836658796  158.2327912107289 0 2.51 66.04000000000001 1 0
 -2.01042767346513 0.5223904377328044  155.9136930732604 0 2.9 102.07 34 0
 1.493085739003565 -1.264656948482463  158.3333797110804 0 2.51 66.04000000000001 1 0
0.5049496315229502 -4.960082985583769  158.5461670448938 0 2.82 94.05 54 0
0.09232931719654847  -4.714966806254045     154.21674900659 0 2.78 90.06 57 0
 3.589889464849609 -2.714326818569456  154.1326676973157 0 2.51 66.04000000000001 1 0
 5.615401735022875 -5.075206526272484  155.5298348521403 0 2.35 54.03 20 0
 4.693514712630272 -7.716727609747323  153.9690716761044 0 2.51 66.04000000000001 1 0
 5.192373111785173 -5.756262039670369  150.0486292186739 -1 2.97 110.05 4 0
 8.495388575458422 -3.593489392799977  151.7198291886633 0 2.9 102.07 34 0
 8.964989401215364 -7.909319914845135  156.0194651034682 1 3.25 144.09 2 0
  13.4004851893429 -8.647875798617772  151.6164158926605 0 2.35 54.03 20 0
 14.28959553782373 -5.681527329304881  150.1976021077844 0 2.95 108.05 3 0
 17.95562517573081 -5.701593518938969  153.6467507074524 0 2.35 54.03 20 0
 14.72382589106352 -2.901625709724634  154.5228572456214 0 3.33 154.1 56 0
 14.82897857763543 -6.105312389199261   159.170610423017 -1 2.97 110.05 4 0
10.27504152190856 -4.04472163704531 158.4888596872835 0 2.9 102.07 26 0
 9.792700701650309 -4.235056872654597  163.2043510561698 -1 2.97 110.05 4 0
 4.961488431499225 -3.947939084094919  162.5802033210294 0 2.78 90.06 57 0
5.037123140863016 -1.79528592397656 166.5182239887308 0 3.21 138.1 45 0
-0.5525251210723052   -2.75968148390157   165.4938785690379 0 2.7 82.04000000000001 50 0
-0.9005925343391259   0.272115953349739   168.3038071071158 0 3.33 154.1 56 0
 -6.45171670640855 -1.678083423368694  166.4006074727076 0 2.35 54.03 20 0
-6.131222294989578 -3.764516469937877  164.0358619297942 0 2.51 66.04000000000001 1 0
  -7.9798068378271 -4.485286729091127  161.3800585804355 0 2.78 90.06 47 0
-9.772712617444865 -9.641601529842543  161.6176813175008 1 3.25 144.09 2 0
-5.606677915689815 -7.867380267718917  156.8085499186101 0 2.78 90.06 57 0
-7.183463422714878 -11.54504180905868  156.0023793002294 0 2.35 54.03 20 0
-6.561602044311675 -15.18546268290661   154.177574296693 0 2.95 108.05 3 0
-5.837319604350808 -19.33779221928662  158.5591412993094 1 3.25 144.09 48 0
-2.643123698328996 -17.54950140267612  154.6049855749384 0 2.51 66.04000000000001 1 0
-1.762607816759185 -12.39454698814331  154.8972881384796 0 3.21 138.1 45 0
-2.041206932608739 -15.09220381733809   159.002489617587 0 2.51 66.04000000000001 1 0
-0.6373364132605825  -18.96459964251628   158.2742498546457 -1 3.08 122.06 19 0
 3.311289858944967 -14.33693505221787  155.4107917986319 0 3.21 138.1 8 0
 1.586338249101873 -11.97172490347591    159.00192280622 0 2.9 102.07 34 0
 2.849465204515462 -15.60111462864789  162.1405310227813 0 2.82 94.05 54 0
 6.376127781351652 -17.11482504187221  159.9765054061232 0 2.78 90.06 12 0
 7.447708409053799 -12.43024404800682  157.4224627490433 0 3.06 120.07 18 0
11.67417142726492 -13.2989844715705 158.2787859636925 0 2.82 94.05 54 0
 12.31995197139646 -9.325642456492902  158.5717667366693 0 2.35 54.03 20 0
 10.59201376273743 -9.229583655704587  161.1891173554721 0 2.35 54.03 20 0
  8.64708428964571 -8.618734369867649  164.4084974986936 0 2.82 94.05 54 0
 3.804518280837189 -8.318319601701129  163.8562335792738 0 2.9 102.07 34 0
 5.814161807338045 -6.455864427773297  167.8571750485536 0 3.33 154.1 56 0
-2.215650009385283 -8.326378775032547  166.7726584185818 1 3.25 144.09 2 0
-1.110660169474774 -4.094353287625804  170.0680261904796 0 2.9 102.07 26 0
-5.170828416585092 -5.594890400572012   171.503836482588 0 2.82 94.05 54 0
-7.949296024268966 -2.071501183408804   174.922917236708 0.5 3.14 130.08 23 0
-10.07011616393769 -4.591029810014376  176.0999955878255 0 2.82 94.05 54 0
-14.13118223937942 -4.419620484442678  174.4495752808961 0 2.95 108.05 3 0
-11.43873111444103 -2.766327463687913  170.1573237563338 -1 2.97 110.05 4 0
-15.05354261967964 -3.062414464850338  167.3675224575767 0 2.9 102.07 6 0
 -11.6357251262121 -2.709405611901202  165.1693510937612 0 2.78 90.06 57 0
-9.934699544958079 -6.024754712557568  166.3005810990864 0 2.78 90.06 47 0
-14.20506850033138 -8.151712623008152  168.0266923507416 1 3.25 144.09 48 0
-14.07024741507242 -5.917546190230292  162.0949406989492 0 2.9 102.07 34 0
-13.29037565900582 -8.017752371707072  159.2032029773997 0 2.78 90.06 47 0
 -16.0747458344324 -10.56920061942683  160.1646230613185 0 2.78 90.06 47 0
-13.08479446383024 -15.75830227609042  161.5290818656868 1 3.25 144.09 48 0
-17.87645709238419  -15.0220688013523  159.9912952920832 -1 3.08 122.06 19 0
-17.48237301834617 -11.84867363626309  155.8355442299507 0 3.21 138.1 8 0
 -12.5405113591111 -14.80984399109509  155.7293204213292 0 2.35 54.03 20 0
-11.25394472723243 -11.57017073645568  156.7713835268107 0 3.33 154.1 56 0
-7.701130758619453 -14.49787662501629  160.0453105511402 0 2.7 82.04000000000001 50 0
-6.298174130769851   -11.546970853771  163.6051893199825 0.5 3.14 130.08 23 0
-1.996390680198083 -12.49396209831838  163.2675256658792 0 2.7 82.04000000000001 50 0
0.2779676083548583 -14.95183157764133  165.8496327535906 0 2.7 82.04000000000001 50 0
 1.216618810661872 -12.87848619861109  168.2916701957503 0 2.78 90.06 47 0
-3.223496118154141 -10.89156130703901  170.8634590514835 -1 3.08 122.06 19 0
1.645336823773308 -8.64078516747859 172.1847847410721 0 3.33 154.1 56 0
-5.908352653392223 -8.606882343375712   175.999462307872 0 3.48 176.13 11 0
-4.123835102107916  -4.06305949144428  176.6935660603111 0 2.9 102.07 26 0
-5.758274854564707 -7.040502494942457  181.1533459744075 1 3.03 116.08 52 0
-5.986429048713992 -1.970547190796017  181.0297785877657 0 2.7 82.04000000000001 50 0
-8.539323034544235 0.4324718650408972  180.9998165394055 0 2.35 54.03 20 0
-10.78458158038105  2.921328196271128  179.1065621357779 0 2.82 94.05 54 0
-9.34458871480307 6.446988860805209 180.7101451363045 0 2.9 102.07 7 0
-6.315214749510412  3.197037700403305  182.7987829346924 0 2.78 90.06 12 0
-2.857043046989574  3.627111402046467  183.3510003712017 0 2.78 90.06 9 0
-0.5586108293313234  0.6474084243002807   180.8094247728328 0 2.78 90.06 57 0
  1.43457496204393 -1.683933246654464  183.4928370460524 0 2.82 94.05 54 0
 5.865159554548104 -5.186554605668283  183.0282955408996 1 3.25 144.09 48 0
  2.29795137472785 -6.555506068895966  184.6725706720772 0 2.95 108.05 3 0
-1.764535302119456 -4.655488782306934  182.4812164489714 -1 2.97 110.05 4 0
0.5676314385704107 -6.454986505058196  178.3573075920235 0 2.9 102.07 26 0
-1.241894448017018 -10.75342813564253  177.8256219402906 0 2.78 90.06 12 0
 2.346932860529065 -13.24504438415893  174.3398801190422 1 3.03 116.08 52 0
-2.540024359987203 -14.26135802276291  173.1642144632227 0 2.9 102.07 26 0
0.9042106486404502 -17.59848174708756  170.9110732167175 -1 3.08 122.06 19 0
-2.627664852330068 -17.97346331321373  167.9770905501221 0 2.35 54.03 20 0
-4.070870527537328 -18.31142246271614  164.2435944666235 0 2.9 102.07 6 0
-8.102507052485111 -16.97268388173912  164.9049627132543 -1 2.97 110.05 4 0
 -7.28250488174926 -16.43981123695256  169.4439885120447 0 2.51 66.04000000000001 1 0
-10.25493569655908  -16.9546015259312  172.1745051340371 0 2.82 94.05 54 0
-8.108089355091773 -14.74572397011637  175.1806662648459 0 2.35 54.03 20 0
-8.554780137054506 -11.78112110941739  174.1992370867812 0 2.35 54.03 20 0
-10.17487235445446 -8.689779067418398  171.2122418400785 0 2.95 108.05 3 0
-11.67679727605292 -13.24410860851115  169.5577298328045 0 2.95 108.05 3 0
-13.57402968215653 -12.59356292036356  174.1586128486402 0 3.06 120.07 18 0
-17.84960409982425 -14.02739325831124  173.1764565585717 0 2.78 90.06 9 0
-17.90258205192939 -9.792696688000493  174.3680854059024 0 2.95 108.05 3 0
-20.45765041315408  -6.17940258138459  173.8037792970201 0 2.9 102.07 6 0
-18.15270843207443 -4.670633588592237  171.5190597079599 0 2.78 90.06 9 0
 -16.99347246178795 -0.4012189970221769    173.249885241929 -1 2.97 110.05 4 0
-16.02589586471348   2.47665628996883  169.8977337868692 0 2.9 102.07 6 0
-14.43057760132963  3.598537426424274  173.5488643471206 0 2.78 90.06 9 0
  -11.323047234261 0.8203031174349835  173.6463023081099 0 2.51 66.04000000000001 1 0
-10.04512301493862  1.914766842577915  168.8083865517997 0.5 3.14 130.08 23 0
-10.01738450440834  5.755377956308111  171.3060198045731 0 2.9 102.07 7 0
-6.546932474206178  4.946695223990105  176.7824770516803 0 3.48 176.13 11 0
-4.615535740741429  1.211415220171741  172.2085200139625 0 3.33 154.1 56 0
-0.250321753139203  2.596428652456956  176.1660311844954 0 3.21 138.1 45 0
-3.445207925062372  6.637463117230891  175.4195703182034 0 2.35 54.03 20 0
-6.005886654834976  9.530914709898253  174.0873727588053 0 2.9 102.07 7 0
-5.242930844836639  6.879593301169504  169.9698251586288 0 2.9 102.07 26 0
-7.640039219120052  9.364462402535738  167.3970152149694 0 2.35 54.03 20 0
-8.33552747197796 12.15073552082352 169.4055283989772 0 2.82 94.05 54 0
-4.968137874932893  14.83798641869925  167.5083439242381 0 2.86 98.09999999999999 15 0
-7.346496894238589  17.74189015152576  165.7415565856829 0 3.04 118.07 7 0
13.77497532310541 24.23115956524138 164.9160020780768 0 2.9 108 39 0
-6.436801751419139  17.96125124413077  163.5466341581888 -1 2 16 14 0
-13.65839162318041  17.08950344764745 -21.03063804994511 1 2 14 43 0
-11.98498102815369  17.64909774578039 -19.79786020877632 -1 3.08 122.06 19 0
-11.87378480140058  13.21735886558138 -22.29929318166732 0 2.78 90.06 57 0
-13.37975972992589  11.62747143331322 -25.54322451262007 0 2.7 82.04000000000001 50 0
-17.20897370578319  8.761502421328942 -24.38689844750349 0 3.06 120.07 18 0
-13.47083257480898  6.351733769071653 -27.83598962532788 -1 2.97 110.05 4 0
-9.985719861053997  8.115129537656996 -24.75506285634938 0 2.9 102.07 7 0
-14.12396319669478  7.374155556390311 -20.48344563535193 0 3.21 138.1 45 0
-15.02809442669512  4.091322890820398  -23.4504553126304 0 2.95 108.05 3 0
-9.852392161549631  3.431615683623403 -24.91352963979393 0 3.06 120.07 18 0
-8.692328027258561  5.918100187978854 -20.52272891150134 0 3.21 138.1 45 0
-13.29215392564166  1.866833604531088 -18.19266994038052 0 2.95 108.05 3 0
-11.45381317185575 -1.594335380544305 -21.27978615944204 0 2.9 102.07 34 0
 -7.458562000896044 -0.8786543143977936  -21.61834000415534 0 3.21 138.1 45 0
 -8.673462316946226 -0.7209343625693361  -15.99134652045516 0 2.51 66.04000000000001 1 0
-12.00530093997804 -3.398152884951545 -16.40720874344912 0 3.06 120.07 18 0
-8.259622177970524 -5.966795522400818  -20.1453037984464 0 3.33 154.1 56 0
-5.292949355164726 -3.816547864567244 -15.20870472591234 0 2.7 82.04000000000001 50 0
-7.705294564916104 -5.507302145252182 -12.54047580690054 0 2.51 66.04000000000001 1 0
-7.761815341428998 -8.739061535641572 -13.86792699408484 0 2.51 66.04000000000001 1 0
-4.289160356453688 -9.138668833588795  -13.0961664268839 0 2.51 66.04000000000001 1 0
-4.085223362269519 -7.073918041552014 -9.328383009015084 0 3.33 154.1 56 0
-7.923197392391856 -11.68540884536256 -10.52066566875125 0 2.86 98.09999999999999 15 0
-5.418468510712308 -15.33536729303289 -9.733789836381813 0 2.35 54.03 20 0
-8.708787873726095 -17.55914815509961 -12.68581696817564 1 3.03 116.08 52 0
-6.702538202236939 -14.30422102781919 -14.47278217941659 0 2.95 108.05 3 0
-2.260574677866313 -15.12517750637237 -12.92417489316556 0 2.95 108.05 3 0
-1.991126182410378 -20.17058512280506  -13.5874911927649 -1 2.97 110.05 4 0
-4.949691577045488 -19.93595377082008 -17.22675168800852 0 2.51 66.04000000000001 1 0
  -6.2582332468485 -22.20026089762703 -19.38052835771946 0 2.78 90.06 9 0
-5.411382268984156 -21.43789939901531 -23.23598583770262 0 2.51 66.04000000000001 5 0
-8.892354042314849 -20.11039671278787 -24.40325364923239 0 2.35 54.03 20 0
-9.918774928003625 -19.76934429882305 -21.10271362886017 0 2.82 94.05 54 0
 -13.3021089282132  -17.3841674068859 -20.75252760493949 0 2.95 108.05 3 0
-10.79512892100033 -13.25213212989815 -19.15923832365041 0 2.9 102.07 26 0
-13.29716293904231 -14.04398710804574 -15.34169179694252 0 2.82 94.05 54 0
-13.08691191133144 -10.66503814538182 -13.05432903022848 0 2.86 98.09999999999999 15 0
-13.82461189261426 -11.93672203140464 -8.815451720449365 0 2.82 94.05 54 0
-16.32385950190214   -8.5616060591492 -8.003883130421187 0 2.35 54.03 20 0
-18.69325100105894 -7.671950725862784 -10.35988850420276 0 2.95 108.05 3 0
-13.94292922858205 -6.073229268566959  -11.8444432462237 0 2.51 66.04000000000001 1 0
-13.85592384102782 -7.630102582578676   -15.580810139356 0 2.86 98.09999999999999 15 0
-17.44319537582468 -6.053917693156523 -16.63705307700558 0 2.78 90.06 9 0
 -16.9486916376813 -3.952357742300973 -20.31566053644163 -1 3.08 122.06 19 0
-13.29853681642683 -7.973913134912188 -20.27537370020001 0 2.78 90.06 57 0
-16.67151322857935 -10.66373311254092 -18.32974870323315 -1 3.08 122.06 19 0
-19.62567671754291  -7.19378179508153 -22.99110965997688 1 3.03 116.08 52 0
-15.83346742230955 -9.639964944689039 -24.59093892540198 0 2.51 66.04000000000001 1 0
-14.40665741835835 -13.09234111887689 -27.50324058947447 -1 2.97 110.05 4 0
-12.07096700180058 -12.66984631755923 -23.59790495248052 0 2.51 66.04000000000001 1 0
-9.570032418912938 -15.30149131728845 -24.63979737456634 0 2.82 94.05 54 0
-6.598590238058451  -16.2865029983756 -21.02209031448216 0 3.21 138.1 45 0
-3.185086436646447 -15.94067977671755 -25.68014056368847 0 2.9 102.07 7 0
  1.49103858774912 -16.71601604755795 -21.31737670843276 0 3.33 154.1 56 0
-0.9435778260436827  -17.08110351299669  -18.15271099572065 0 2.7 82.04000000000001 50 0
 2.118350742605177  -13.9788273547565 -16.86424830885565 0 3.21 138.1 45 0
 2.211263939901357 -17.15613287604425 -11.56017574210784 -1 3.08 122.06 19 0
  5.73808879981056 -15.35484821946547 -9.626535131917098 -1 2.97 110.05 4 0
 8.214470574493729 -14.56340587480455 -14.11166370787243 0 2.7 82.04000000000001 50 0
 11.46556193736677 -14.01113170221397 -13.18100308338753 0 2.35 54.03 20 0
 13.48422418014091 -11.23581186898136 -11.31640591908997 0 2.78 90.06 12 0
 9.690355048672505 -9.691166318328182 -10.26439158903476 0 2.35 54.03 20 0
 7.595636277771834  -12.1501492521595 -9.015255402748828 -1 2.97 110.05 4 0
 6.192319604527862 -11.11222569220768 -13.78770257579065 0 2.78 90.06 57 0
 2.119768318613954 -11.34548070424399 -12.65741405628525 0 2.82 94.05 54 0
-0.3199257294368334  -11.96668986450954  -15.94372477577389 0 2.35 54.03 20 0
-3.616343723927814 -11.00684142826785 -18.77560072663293 0 3.21 138.1 45 0
-1.487359785726883  -12.2554293419688 -23.57909119045143 0 2.9 102.07 34 0
-5.165522657370284 -11.17051271255901 -24.46322003271485 0 2.51 66.04000000000001 1 0
 -7.71337887261949 -12.63117794993508 -27.93940555532209 0 2.9 102.07 34 0
-10.80998492877986 -8.586205374058448 -27.67917716641701 -1 2.97 110.05 4 0
-12.12735156757698 -11.53090218882827 -31.09282724019745 0 2.95 108.05 3 0
-15.20095413841381 -7.694392578423896 -29.68648365952524 0 2.82 94.05 54 0
-12.71492992295481 -4.599456131411674 -28.88398630594803 0 2.95 108.05 3 0
-10.29250602628982 -6.051811305109914 -33.61952903502801 1 3.03 116.08 52 0
-7.626124951451644 -5.812235453725822 -28.66285218448789 0 2.9 102.07 34 0
-3.300236865028828 -8.122613413928885 -28.86937570449427 0 2.9 102.07 26 0
-4.116562629007031 -7.248532113790016 -24.14989902305217 0 2.78 90.06 57 0
0.3422951615506119  -7.44485400262001 -22.21968039848883 0 2.9 102.07 34 0
-1.947815675120754 -7.465027763651579 -18.38169702290645 0 2.7 82.04000000000001 50 0
 2.314146828271981 -6.299926746448365 -17.31799205607947 0 3.21 138.1 45 0
0.1490744378137913 -8.647555197656621 -10.58208044410777 1 3.25 144.09 2 0
0.9741130647517036 -5.819713050635262 -9.660337495572735 0 2.35 54.03 20 0
 1.989999946438874 -5.732807194640978 -5.994243766880787 0 2.7 82.04000000000001 50 0
-1.537856600721866 -9.270220313519216 -4.438679036260446 1 3.25 144.09 48 0
 1.413369124128265 -5.913752306840162 -1.260961102651786 0 2.7 82.04000000000001 50 0
0.4982770375170564 -2.158395524136019 -3.137427708472279 0 2.9 102.07 26 0
0.5541751278276559 -2.010653289163617  1.102217636400376 -1 3.08 122.06 19 0
 5.160265841485344 -4.035372163844665  1.651868286242589 0 2.95 108.05 3 0
 5.949671889310061  -1.59082514138986 -4.635620638886847 0 3.48 176.13 11 0
 5.237636995446396  1.572421343534385 -1.457596252240368 0 2.9 102.07 26 0
 8.415943597101251 0.7140931227987058  1.550740302642176 0 2.35 54.03 20 0
  10.1812008928208 -2.007978726371357 0.7305930371661873 0 2.95 108.05 3 0
 10.64303965945425  1.265677489901294 -3.734691831233329 0 2.9 102.07 34 0
 15.22530933391634 0.8292515551497449 -4.716421963321251 0 2.95 108.05 3 0
 14.01448126387803  5.089040597906394 -4.905230628181469 0 3.21 138.1 8 0
 18.66735365586749  2.380613563064482 -7.509900766488238 -1 2.97 110.05 4 0
 18.74170249986244  4.732331223877266 -11.82815890061085 0 2.9 102.07 7 0
 19.94328795632977 0.3553039343660145 -15.01035539400604 1 3.03 116.08 52 0
 22.62782344709503  2.150633649255962 -19.09100012685795 -1 3.08 122.06 19 0
 18.31719475711141  2.188257477255396 -20.50581981899248 0 2.9 102.07 26 0
21.86902704853877  3.36153518895446 -23.8771306627755 0 2.95 108.05 3 0
  19.15201159450741 -0.6053615401304682  -24.46947970014605 -1 2.97 110.05 4 0
 15.64103226018153  1.682647205784852 -24.72330859359681 0 2.9 102.07 26 0
 17.07508621836377  5.505916206682932 -24.68989593654356 0 2.86 98.09999999999999 15 0
 20.57239515158926  8.127604205486936 -25.52976216297144 0 2.7 82.04000000000001 50 0
 20.73156296373709  8.664498085393395 -21.60867193423377 0 2.35 54.03 20 0
17.97909379951729  6.81206980133444 -21.3179160891129 0 2.86 98.09999999999999 15 0
 19.82957283497939  6.224457374834845 -15.62828806921161 1 3.25 144.09 48 0
 16.21007908362852  3.205508458665698 -15.24262183621906 0 2.35 54.03 20 0
 13.67336770669824  1.228491525939437 -11.31086224806607 0.5 3.14 130.08 23 0
 17.70458464935748 -1.666756828224639 -11.71559913716927 -1 2.97 110.05 4 0
 13.85509207368025 -3.150565881325638 -11.36117620126294 0 2.35 54.03 20 0
 10.50876427068753 -1.062697908854582 -12.40806281305979 0 3.21 138.1 45 0
 14.49315870961853 -2.288736089604323 -16.23487145211818 0 2.82 94.05 54 0
  15.6051368647979  -5.94740583893461 -14.61946708729058 0 2.7 82.04000000000001 50 0
 11.59583111977482 -7.388136646571548 -14.44988466569521 0 2.7 82.04000000000001 50 0
 10.28131044593059 -6.474784550034093 -20.19148673953744 0 3.48 176.13 55 0
  15.2410829729605 -7.224880077424638 -20.78615488268895 1 3.25 144.09 48 0
 13.50864809025405 -11.47702666666819 -17.27080059215839 0 2.7 82.04000000000001 50 0
 10.04402469752543  -11.5967980148066 -19.32927298301658 0 2.78 90.06 57 0
 11.14473160931837 -10.21280823337098 -22.93213900774565 0 2.51 66.04000000000001 1 0
 13.12108065473294 -12.76932594297558 -25.15310178629233 -1 2.97 110.05 4 0
 8.960770375256191 -15.09383749161136 -23.44143433625459 0 2.82 94.05 54 0
 6.207666338506208  -11.7795029295354 -23.14716984895426 0 2.9 102.07 34 0
 9.841787958704389 -9.753912923164638  -28.7917961621538 1 3.25 144.09 48 0
 7.091279847067628 -15.48444493108098 -28.46271704255391 0 3.06 120.07 18 0
 3.829729401891958 -15.43026103087172   -26.575956111729 1 3.03 116.08 52 0
 3.129476333049114 -10.36725542212811 -28.84658352962617 0 2.78 90.06 57 0
  6.05913508466046  -10.9693318015786 -32.32376193308921 -1 3.08 122.06 19 0
 3.079975429001879 -15.48309986616489 -32.28906857908169 -1 2.97 110.05 4 0
-0.6993064921787812  -12.54657954720567  -32.32396263759428 0 2.51 66.04000000000001 1 0
0.7311106267533005 -9.829168577292098 -34.59518114279569 0 2.78 90.06 12 0
 1.521941329761642 -15.09414730421218 -36.59951016520712 1 3.25 144.09 48 0
-2.713164556398687 -15.72586631651647 -36.02619241950244 -1 3.08 122.06 19 0
-4.956442422678156 -12.16980976213367 -34.74964856494807 0.5 3.14 130.08 23 0
-2.924368930569394 -8.915560244911511 -38.66922078988016 0 2.78 90.06 9 0
-6.444680245463669 -6.981490670773174 -37.76509848489638 -1 2.97 110.05 4 0
-6.922788321165716 -8.165771557638706 -33.83966456456753 0 3.33 154.1 56 0
-5.257042980689764 -1.486703761283878 -30.65175696254684 1 3.25 144.09 48 0
-0.7170200084400159   -3.94327623427042  -29.61839201326955 0 2.78 90.06 57 0
-2.647255920793778 -2.839563703553617 -25.90879338440575 0 2.78 90.06 57 0
 1.616014042265565 -3.419635129630213 -24.04336437730493 0 3.21 138.1 45 0
-2.027842837605017 -2.598139694351458 -19.46452027456109 0 2.82 94.05 54 0
-1.247848049368751 -1.254655543134634 -16.02438430669779 0 2.35 54.03 20 0
 -2.262346977952879 -0.7808257042135152  -10.99864602968449 0.5 3.14 130.08 23 0
 1.110154816889128 0.0824711640603849 -10.14848006262383 0 2.7 82.04000000000001 50 0
 4.670025522100211 -2.734683038783424 -10.72171629360091 0 2.9 102.07 34 0
 2.465326957512999  -2.71714081148133 -14.21943133679326 0 2.35 54.03 20 0
 2.802534361986794 0.1561543524123013 -15.54404715876506 0 2.35 54.03 20 0
 5.956101278326405 0.1920411461468069 -15.40508727197528 0 2.51 66.04000000000001 1 0
 6.332737697340569 -3.571865235151865 -16.19919858197174 0 2.9 102.07 34 0
 4.091095776248824 -1.525892141353919 -19.67943759883374 0 2.51 66.04000000000001 1 0
  5.81537663963849  1.891942547918676 -19.83151176795258 0 2.82 94.05 54 0
  9.516275897898565 -0.3983732952294849  -20.01038612149472 0 2.78 90.06 57 0
 7.739221649839037 -2.801695863374187 -22.71384239932097 0 2.51 66.04000000000001 1 0
  7.031597660808259 -0.4980408854233076  -25.12651126224439 0 2.35 54.03 20 0
 9.785620366362089  1.130893737231568 -25.28595385632035 0 2.51 66.04000000000001 1 0
 12.12787276286929 -2.579204283625208  -25.7454975459623 -1 2.97 110.05 4 0
 8.834551460631959 -4.205453931780627 -27.95677611201081 0 2.9 102.07 34 0
 6.942651406930968  1.498035020522907 -29.06344453031272 1 3.25 144.09 2 0
  9.804225676212081 -0.9283703510355621  -34.11615466512466 0 2.35 54.03 20 0
 9.458937939685457 -4.313645291676293 -34.26933091864615 0 2.95 108.05 3 0
 5.512741419189338 -3.277436305339674 -37.21731429363524 0 2.35 54.03 20 0
 4.418548042093537 -4.585122709306875 -33.19927918449391 0 3.33 154.1 56 0
 1.838432644187592   0.42262559992247 -33.57575817620299 -1 2.97 110.05 4 0
  2.765394375493433 -0.7848200974615702  -28.76618669245612 0 2.9 102.07 26 0
-1.042454920769015  1.823787280872666 -27.67065472086348 -1 2.97 110.05 4 0
0.6956936481936322  2.196569143799861 -23.12615450034971 0 2.78 90.06 57 0
-3.638025799941103  2.330398214237743 -21.96485843938535 0 3.21 138.1 45 0
-0.7959471491632001   3.706124805702386  -17.14267269892989 0 2.7 82.04000000000001 50 0
-4.438507920797319  2.615100459406173 -15.48434163590276 0 3.33 154.1 56 0
-0.4211569050117792   4.377289778959504  -11.12590089990183 0 2.35 54.03 20 0
 2.431154145518555  4.897307383095451 -12.40724565072268 0 2.51 66.04000000000001 1 0
  5.52643528196921  4.534459142201951 -11.27691744641596 0 2.78 90.06 47 0
 8.097174647733535  9.353304052046592 -11.10782908996829 1 3.25 144.09 2 0
 10.26900750794454   4.65295982990125 -15.20921388734057 0 2.78 90.06 57 0
 13.01751857031766  7.659805813450351 -14.95246072814898 0 2.35 54.03 20 0
 16.01272174386285  9.704502660426826 -16.90624213014051 0 2.95 108.05 3 0
 13.90838542495802  15.26191430736789 -18.19134892474731 1 3.25 144.09 48 0
 15.61222338982816  11.16321061401787 -21.24647302164821 0 2.51 66.04000000000001 1 0
 12.84136778825986    6.7852804161357 -20.47810433381304 0 3.21 138.1 45 0
 10.60651502416346  11.16818055169953 -20.42093315064425 0 2.51 66.04000000000001 1 0
 12.55260492653617  13.80649118611058 -23.01875648994183 -1 3.08 122.06 19 0
 11.86238016580717  7.709054817088774 -25.76669763595726 0 3.21 138.1 8 0
 8.227350756467731  7.835575756829138 -22.89677557037924 0 2.9 102.07 34 0
 6.804223495966412  12.22697879691577 -24.71587126869933 0 2.82 94.05 54 0
 8.347892260583631  11.74816022023504 -28.81458991377382 0 2.78 90.06 12 0
 8.161806204123135  6.309275121953965 -28.78971238608082 0 3.06 120.07 18 0
 6.649334144679214  6.659867551488876 -32.90559652353181 0 2.82 94.05 54 0
 4.464915761733512  3.325559349679439 -32.27233342131567 0 2.35 54.03 20 0
 2.664883040836395  4.883281458799478 -30.22809614487608 0 2.35 54.03 20 0
0.1832747370820909  6.348438957727869 -27.73505989524838 0 2.82 94.05 54 0
 1.857319193778945  6.748070000933806 -23.16520648340587 0 2.9 102.07 34 0
-2.935179395129857  6.787361805463533 -23.90368630618972 0 3.33 154.1 56 0
 1.031696394982387  9.366788705391508 -17.06531432231414 1 3.25 144.09 2 0
-3.956441242089401  7.225427296328588 -16.34175005195253 0 2.9 102.07 26 0
-3.399079458608754  9.989368825106865 -12.75732484216337 0 2.82 94.05 54 0
-7.108649255857819  9.253678181630676 -8.571381911104542 0.5 3.14 130.08 23 0
-6.414853247951272  12.37709414396871 -7.159172353141983 0 2.82 94.05 54 0
-3.961950063017454  12.18724708149547 -3.526989803507204 0 2.95 108.05 3 0
-1.771487733622385  8.130004242643492 -6.200330289326509 -1 2.97 110.05 4 0
 1.737528837470646  7.680381198142303 -3.298234005883353 0 2.9 102.07 6 0
2.515253178866282  5.62837038801818 -6.73661232970645 0 2.78 90.06 57 0
 2.545992386680511  8.667810730708686 -9.170860985096331 0 2.78 90.06 47 0
 3.190413058443668  12.14629259528148 -5.534331466933372 1 3.25 144.09 48 0
 7.228867853488056   7.27023546316153 -5.866451542897881 0 2.9 102.07 34 0
  10.4104080331599  7.450519191707398 -7.662701211840586 0 2.78 90.06 47 0
 11.48537920300361  10.62051810069451 -5.667086541299195 0 2.78 90.06 47 0
 11.78980951468083  15.11207704307185 -9.845788909613157 1 3.25 144.09 48 0
 14.09839160781042  14.64151569339839 -5.338474991503247 -1 3.08 122.06 19 0
16.13426404619806  9.80929771633155 -5.36845596583103 0 3.21 138.1 8 0
16.17097856102455 11.30955135366629 -10.9317015199094 0 2.35 54.03 20 0
  13.4947455330357  8.846235554748665 -11.01222521375389 0 3.33 154.1 56 0
  11.0145365175465  12.27305685494204 -14.75628798588401 0 2.7 82.04000000000001 50 0
 6.284716510136689   11.2889362115349 -14.66048466833359 0.5 3.14 130.08 23 0
 5.805210322090897   11.0948202953296 -19.04780080040323 0 2.7 82.04000000000001 50 0
  4.06040508019605  14.02450411174959 -21.54854317377628 0 2.7 82.04000000000001 50 0
0.8006701310052691  13.31252435918691 -21.44565050165373 0 2.78 90.06 47 0
-1.048314479012075  13.77051923260303 -16.28347212115553 -1 3.08 122.06 19 0
-4.513698278680095    11.594698605046  -19.9948530962908 0 3.33 154.1 56 0
-5.701689336266185   14.9208937125511 -12.30484383670879 0 3.48 176.13 11 0
 -8.79468091315198  11.08646855326045 -12.51267988537573 0 2.9 102.07 26 0
-10.83462221651045  16.14301578563031 -11.21031027895284 1 3.03 116.08 52 0
  -12.907195845986  11.84192704831287 -9.484956910734571 0 2.7 82.04000000000001 50 0
-13.23976471943349  10.28675358708603 -6.360297015661335 0 2.35 54.03 20 0
-12.10466365785368  7.669369612521328  -3.77556284716769 0 2.82 94.05 54 0
-15.42891166036956  5.215469798846553 -3.831168027239999 0 2.9 102.07 7 0
-16.61061085070117  8.422955241645511 -7.354989983182396 0 2.78 90.06 12 0
-18.22572328074307  7.671834984633399 -10.40065726770035 0 2.78 90.06 9 0
-15.37309880403469  8.478618541492224 -13.84052076846524 0 2.78 90.06 57 0
-17.18276236101074  11.40596493853278 -16.02327267733834 0 2.82 94.05 54 0
-16.45987808586773  13.28278436314861 -21.32131214477711 1 3.25 144.09 48 0
-16.27456101513955  15.94508648812444 -18.13063071397834 0 2.95 108.05 3 0
-14.12360194788017   14.0249848534184 -14.05601639807975 -1 2.97 110.05 4 0
-10.45131193038435  13.03791536931381 -17.40621010615571 0 2.9 102.07 26 0
-7.598519421214008  16.75096197953295 -17.07676544032725 0 2.78 90.06 12 0
-4.511575657962219  16.42620057570816 -21.72472598863245 1 3.03 116.08 52 0
-1.711167839061008  17.63536510269692 -17.60246068710289 0 2.9 102.07 26 0
0.7372630476531745  18.66829221745483  -22.1865683201564 -1 3.08 122.06 19 0
4.381349091867225 18.19739071376574  -19.407737865915 0 2.35 54.03 20 0
8.115517379953156 16.89507308360033 -18.7034595122805 0 2.9 102.07 6 0
 8.071065308815122  16.86807789882806 -14.40450414051618 -1 2.97 110.05 4 0
 3.735029790862342   18.5276589649126 -14.34368728711553 0 2.51 66.04000000000001 1 0
 2.451596811981794   20.8967679845501 -11.29472069904065 0 2.82 94.05 54 0
-1.682746922239716  20.12020598074982 -12.20535089658874 0 2.35 54.03 20 0
-2.032226610414773  17.21120031694466 -11.03609643168247 0 2.35 54.03 20 0
-0.4022491830438499   13.41857182605809  -9.020562325493374 0 2.95 108.05 3 0
 3.437229944070597  16.72794891961626 -9.224349729600206 0 2.95 108.05 3 0
-0.2542851322008068   18.84043830869901  -6.559592696963264 0 3.06 120.07 18 0
 2.396894114067548  20.38165636348226 -3.110399671142163 0 2.78 90.06 9 0
-0.4774061058361688   17.40949003662028  -1.607047886929589 0 2.95 108.05 3 0
-0.888228401713022  14.56539123636093  1.805434651016228 0 2.9 102.07 6 0
-0.2405875037104622   11.70730896291405 -0.2490755085932932 0 2.78 90.06 9 0
-3.924767122108502  8.742507753741844 0.2028762012719625 -1 2.97 110.05 4 0
-2.602351662508299   4.45127245343869 -0.337315399867741 0 2.9 102.07 6 0
 -6.654663897035152   5.020995620292329 -0.9606877449646998 0 2.78 90.06 9 0
 -6.36679406491341  6.820425197245697 -4.710888962407369 0 2.51 66.04000000000001 1 0
-3.073478145418524   3.23418451883124 -6.301271957954537 0.5 3.14 130.08 23 0
-6.910612389580024  1.231768046154957  -4.79928524723042 0 2.9 102.07 7 0
-12.18474554230561  3.984320975073925 -7.500499954579551 0 3.48 176.13 11 0
-7.162155351381081  4.484740667024173 -11.12360096576751 0 3.33 154.1 56 0
-12.35614589177083  4.453665830816704 -14.23113160128788 0 3.21 138.1 45 0
-12.62410896925525  1.280004282622906 -10.11402956362967 0 2.35 54.03 20 0
-12.05975948180709 -1.338426851490449 -7.027086728826413 0 2.9 102.07 7 0
 -7.58364403128473 -1.301565564776049 -9.155193102723976 0 2.9 102.07 26 0
-5.824857792772452 -4.225860160323533 -6.529316848876125 0 2.35 54.03 20 0
-8.579023520565325 -5.443078367766609  -4.73652628960976 0 2.82 94.05 54 0
-9.076061139534163 -9.307070544536483 -7.378960220893461 0 2.86 98.09999999999999 15 0
-8.195657835711865  -12.1863830128431 -4.524974280772604 0 3.04 118.07 7 0
-16.18397761054847 -22.13403328755887 -22.58431390278819 0 2.9 108 39 0
-6.669967785400376 -13.64256775673611 -5.640834875419461 -1 2 16 14 0
2
0 271 0 272  7.549516567451064e-13 -5.471179065352771e-13      162.9538118303715
272 543 1 272 1.989519660128281e-13 7.229772336359019e-13    -17.20726371495768
randomstate
158017701 2449126762 2289625116 2734638123 694571172 1158112205 33166770 2715579201 3461371527 3642184295 1808636311 1565510102 3378232296 2737294703 2567179049 1075089914 4289277881 1321657392 1973630427 3621171163 1980516098 3498830299 3667385049 3996936167 3634778806 1576086034 3388936775 1780935511 4042089384 670411336 2247367858 2170861266 4289746656 2387197719 2436334516 2454803510 1957153147 3175357399 2438972228 2804413402 2780320480 489814814 2714515849 3541539946 3359469231 1977518422 561928363 3474443955 287482227 916369574 3412495619 2263579844 1018737050 2032912192 978976602 3258038462 2107978201 905302777 3044303927 4071854050 1242589711 3548559391 4189490205 965201001 3499395892 2880588149 1995184266 2210258101 3096469936 1791611027 4132383597 3831595488 3440105653 1303746653 3410765519 1581404642 1882680716 3419156146 1019485436 1158514100 2067726321 450353529 655955339 4255159659 579489218 2056772873 916852990 3083531863 5948152 1285051067 299992453 1066695817 2735524936 909349330 2367270182 1927251999 794540351 3674824816 1915353310 545660830 2263345340 3024945275 1598306959 2228533187 3895786896 1866108635 745311037 971494577 880869432 3866426787 4097170711 3344877987 3255486434 193087669 3840464757 3830805735 1517592350 1896843519 232788646 2973807490 1813194558 2021860668 276430908 2941366671 3200117312 404681940 2298164244 1551639269 1611854399 2741900309 4101189009 395314769 1881477744 918203066 403806238 114528043 2336611451 2216921462 2304523138 668678799 823645702 2640021975 3466382001 4117457775 1850859731 2800631422 3010930199 581407809 3847029204 1674095978 3933792237 1723966515 3563064778 3747433733 2491538278 4057613553 1630131456 911858633 3343528293 4205532519 1353195967 1180627127 1876052064 3872858621 3238453630 2457695999 3956608283 403928889 586351871 829596815 3367497208 613727662 1473089427 2891298331 660378009 2098858737 3810413064 312365515 4167811483 3172597837 1177439559 592226583 2977292567 4082574248 3644315900 3556222165 3919813172 2028608499 2847024459 1050968196 2953774371 3093875616 1031350698 2274706272 1948004577 1122142737 1409314665 3870934144 1799092878 2238283807 4270025145 2334357183 296804899 3121318880 2534739080 58324641 4002059270 2427704548 1087310987 1618505210 2575269750 1783027375 254738850 2802593617 3069505793 457743511 2255064972 1338372570 2673575910 570751616 1560413208 2633460977 4177156729 3180575556 3420846810 2361465662 4011729335 2024230790 2133218511 691227811 3297749753 1668419886 2792570989 149717480 2360306749 765540247 2507902419 3689734197 967799053 2090854593 2405333843 2295397236 3984065441 2377808853 2287873723 2461168039 2142625680 3562400135 2726579547 1131347507 684956238 4171768185 2949521849 2918678043 389641172 27380537 779452635 996241557 1322375702 3115942861 4053397599 3097758087 577462711 1463276879 695426380 121756864 264765328 2528733344 1719770092 2923888593 2271219391 3964816459 22038718 2246027976 2474419697 2307487823 2384322841 3290553276 1121451115 1690203465 165888712 3426620325 1923602809 68546535 3380064057 2466790717 1718876063 2158626828 1082281305 2346287724 2838363354 4262397920 4056952170 1747166671 2511746595 169135688 2621596430 1629809010 826107255 632786386 2451428562 2920236097 9655448 1132708742 3633367783 135830964 2356278884 2854990581 3188632560 695130147 173523756 2384167029 1412607841 3028065533 3454187920 3476384054 3529342085 2300301752 3095591613 1112172760 1792358930 3136057182 2846704748 2092734281 2267368991 442447342 2436395287 782773098 357220472 2759550929 1125863250 4149724279 1811974359 2046907603 1166335186 3326599916 3621716532 1451269642 2726108627 1871250887 1972330739 3940807773 3758974616 2948644749 3895202077 1699676003 1085305129 4285243388 2108921123 273044021 3145813224 2995985132 875888586 1890810326 3979157918 2463987930 1828683856 3603908102 436206019 1586341345 3432442219 2808950596 44910222 3093258732 243524354 1813173984 2221085149 969231321 2791340368 666320213 2895418729 1186701257 2960609723 4110549180 733510611 1074067137 3682182926 2810658863 3333002994 3796708347 1632122924 3737165204 2878033505 3423675972 2061860524 3486396246 2496204148 1457249985 2731724014 2494266601 4068925221 369292135 3493672189 1490596884 1518173868 3287752956 2730327769 3244217938 4182731100 1176837787 3768923786 1883093648 3633241033 1654589941 3552071105 3235627051 633306002 3465956121 3194694630 3989461247 3386981875 2350648400 2641795193 1835104083 2809953724 1972597522 2359501807 1255127459 1158032504 1025430716 1403612972 3353736479 3574601211 4291415942 3766191542 3083992395 3307419849 2909893308 2905778801 495841675 1585052613 1580678621 2686381269 3815952447 1146277506 2447607777 2500968466 2435477168 4196359746 1383821875 2871369373 4214854096 2259542658 2554287655 2569842825 93738497 18077191 2442866699 2805825070 2915220898 2077656062 13302772 3758973671 2530008765 280463319 1118252570 1950977661 2853993644 3475127581 3324419400 2255089322 373586056 1919324871 2345510587 914703217 4098596 3442063774 4005568484 759831790 3824057934 1838800044 540560672 4134463390 884539358 3045056841 2732180988 2135889728 2878686078 1159159345 3197645234 3536609296 928801681 4180014635 2676416970 1922414732 2052528591 613529601 3907631982 422232982 158279688 3631312237 3522542579 3925094108 1827880697 185985871 1275622277 2224623694 3510297379 1860139360 1531566735 3591926142 1648809931 4215314172 1284722195 953028669 3877344794 1620681322 226380587 234842982 603631636 3407703633 2276868362 1172730835 433596772 2630897631 1582735 3609133130 2733946499 303782479 867735871 1859852093 3965658114 3505698327 4012692067 1058638602 1679505255 1902439302 2915685055 2253401969 3751002827 223029125 478708034 2780683659 987567186 3364462972 2753272446 2268938981 1229375435 563534378 1319614958 2719442555 2042079755 3823373203 2576719596 1348838738 3781944070 813046607 1402260588 2072976387 98555902 3580111213 1401135649 3614838123 1562739912 3824708008 1489466708 2072256235 4024806038 615031417 3648758621 2339403647 3435809799 1776272337 575907369 3573648839 3999461858 728492332 497626529 295467468 1322623672 3553696382 4246590687 4096136064 4143143131 1145840069 4179771271 210911231 3701482135 3517846373 170470693 4059862674 2268152921 3950322664 2199733023 1568267379 1440159155 3776089910 2905214825 1498772813 1349237042 298229635 3728355241 1056042497 1444433332 3618227508 1982876749 2763189780 3939670635 2933478855 1309880501 623186661 1549285163 4171647358 509847531 1439074339 2579621707 2567601839 1559001436 2668768776 2794418029 4135709242 1354504551 783204707 4194848897 350695321 3962323968 618254388 603101486 579500555 3727275815 1876304830 346533367 3360781652 1056987732 428