0.00267998 1.1169
0.00379007 1.12026
0.00464187 1.12378
0.00535997 1.13489
0.00758014 1.11892
0.00803995 1.11667
0.00928373 1.1219
0.0107199 1.11603
0.0113702 1.11474
0.0133999 1.11605
0.0139256 1.10988
0.0151603 1.11578
0.0160799 1.11411
0.0185675 1.1154
0.0187599 1.10988
0.0189503 1.1117
0.0214399 1.10415
0.0227404 1.112
0.0232093 1.1108
0.0241198 1.11615
0.0265305 1.10522
0.0267998 1.1028
0.0278512 1.11149
0.0294798 1.09854
0.0303205 1.0927
0.0321598 1.09283
0.0324931 1.09846
0.0341106 1.09653
0.0348398 1.10113
0.0371349 1.08414
0.0375198 1.08369
0.0379007 1.08001
0.0401997 1.08066
0.0416908 1.07493
0.0417768 1.08149
0.0428797 1.07799
0.0454808 1.06251
0.0455597 1.07126
0.0464187 1.06859
0.0482397 1.06109
0.0492709 1.06422
0.0509197 1.07248
0.0510605 1.07006
0.053061 1.05807
0.0535997 1.05775
0.0557024 1.05374
0.0562796 1.05145
0.056851 1.04404
0.0589596 1.04684
0.0603443 1.04496
0.0606411 1.03231
0.0616396 1.03337
0.0643196 1.03228
0.0644312 1.02863
0.0649861 1.03179
0.0669996 1.03879
0.0682212 1.03089
0.069628 1.01858
0.0696796 1.02143
0.0720113 1.02509
0.0723595 1.022
0.0742699 1.01159
0.0750395 1.0175
0.0758014 1.01067
0.0777195 1.00881
0.0789117 1.00294
0.0795914 1.00741
0.0803995 1.00433
0.0830795 0.99953
0.0833815 1.00056
0.0835536 1.00923
0.0857595 0.993941
0.0871716 0.988909
0.0881955 0.99743
0.0884394 0.982379
0.0909616 0.992632
0.0911194 0.978316
0.0928373 0.990214
0.0937994 0.993572
0.0947517 0.989277
0.0964794 0.982178
0.0974792 0.993212
0.0985418 0.982647
0.0991594 0.983428
0.101839 0.981264
0.102121 0.979054
0.102332 0.986252
0.104519 0.966359
0.106122 0.976847
0.106763 0.976717
0.107199 0.968787
0.109879 0.977959
0.109912 0.96979
0.111405 0.978541
0.112559 0.960504
0.113702 0.979788
0.115239 0.978601
0.116047 0.974999
0.117492 0.970442
0.117919 0.982542
0.120599 0.971933
0.120689 0.975617
0.121282 0.974091
0.123279 0.970862
0.125072 0.967572
0.12533 0.971678
0.125959 0.972368
0.128639 0.973439
0.128862 0.982858
0.129972 0.975829
0.131319 0.978066
0.132652 0.981809
0.133999 0.97983
0.134614 0.982402
0.136442 0.981641
0.136679 0.978786
0.139256 0.975562
0.139359 0.987037
0.140233 0.981271
0.142039 0.985112
0.143898 0.981588
0.144023 0.976973
0.144719 0.977987
0.147399 0.983342
0.147813 0.981423
0.14854 0.983533
0.150079 0.98939
0.151603 0.988052
0.152759 0.983159
0.153182 0.992785
0.155393 0.983898
0.155439 0.998816
0.157823 0.997904
0.158119 1.00185
0.159183 0.991713
0.160799 0.995936
0.162465 1.00015
0.162973 0.999131
0.163479 0.990111
0.166159 0.994926
0.166763 0.997993
0.167107 1.00148
0.168839 0.995976
0.170553 0.996318
0.171519 0.997753
0.171749 1.01115
0.174199 1.00486
0.174343 1.0032
0.176391 1.00022
0.176879 1.00495
0.178133 1.00767
0.179559 1.00362
0.181033 1.00676
0.181923 1.00565
0.182239 1.01393
0.184919 1.00403
0.185675 1.01511
0.185713 1.00834
0.187599 1.00563
0.189503 1.01148
0.190279 1.01844
0.190317 1.01568
0.192959 1.01412
0.193293 1.01086
0.194958 1.01269
0.195639 1.01923
0.197084 1.00799
0.198319 1.01175
0.1996 1.01639
0.200874 1.01516
0.200999 1.02625
0.203679 1.00949
0.204242 1.01189
0.204664 1.00929
0.206359 1.01502
0.208454 1.01285
0.208884 1.01167
0.209039 1.01491
0.211719 1.01244
0.212244 1.01732
0.213526 1.00933
0.214399 1.01761
0.216034 1.01518
0.217079 1.0122
0.218168 1.01447
0.219759 1.01714
0.219824 1.0171
0.222439 1.01899
0.22281 1.0114
0.223614 1.01817
0.225119 1.00562
0.227404 1.01194
0.227451 1.00669
0.227799 1.00234
0.230479 1.01721
0.231194 1.0098
0.232093 1.01237
0.233159 1.0124
0.234984 1.001
0.235839 1.01042
0.236735 1.00395
0.238518 1.00489
0.238774 1.01092
0.241198 1.01085
0.241377 1.00226
0.242564 1.00796
0.243878 0.993276
0.246019 1.00029
0.246354 1.00376
0.246558 0.987935
0.249238 0.997853
0.250145 1.007
0.250661 1.00117
0.251918 1.00463
0.253935 0.997891
0.254598 0.997383
0.255303 0.998535
0.257278 1.0092
0.257725 0.996734
0.259945 1.00002
0.259958 0.9974
0.261515 0.991164
0.262638 1.00455
0.264586 0.99987
0.265305 0.998498
0.265318 0.999349
0.267998 0.992767
0.269095 0.998153
0.269228 0.998838
0.270678 1.00006
0.272885 0.995745
0.273358 1.00045
0.27387 1.00086
0.276038 0.990131
0.276675 0.991175
0.278512 0.990255
0.278718 0.993334
0.280465 0.98543
0.281398 0.999373
0.283154 0.985663
0.284078 0.989588
0.284255 0.989345
0.286758 0.984337
0.287796 0.989411
0.288045 0.986233
0.289438 0.98215
0.291835 0.988645
0.292118 0.985244
0.292438 0.995432
0.294798 0.99037
0.295625 0.995408
0.297079 0.986093
0.297478 0.986068
0.299415 0.993288
0.300158 0.990383
0.301721 0.997371
0.302838 0.988658
0.303205 0.995577
0.305518 0.985157
0.306363 0.993783
0.306996 0.997821
0.308198 0.984669
0.310786 0.995989
0.310878 0.992879
0.311005 0.995453
0.313558 0.987703
0.314576 0.986874
0.315647 0.984345
0.316238 0.982075
0.318366 0.989674
0.318918 0.987141
0.320289 1.00577
0.321598 0.993332
0.322156 0.999422
0.324278 0.997875
0.324931 0.990509
0.325946 0.991192
0.326958 0.998835
0.329573 0.992544
0.329638 0.991625
0.329736 0.99599
0.332318 1.00534
0.333526 1.00463
0.334214 0.996262
0.334998 0.994446
0.337316 1.00436
0.337678 0.99756
0.338856 0.997578
0.340358 1.00154
0.341106 0.998265
0.343038 0.995545
0.343498 1.00362
0.344896 0.998707
0.345718 1.02043
0.34814 1.00225
0.348398 1.00121
0.348686 0.998344
0.351078 1.00192
0.352476 1.00379
0.352782 1.00483
0.353758 1.00642
0.356266 1.00291
0.356438 1.00112
0.357424 0.997883
0.359118 1.00926
0.360057 1.0048
0.361798 1.00396
0.362066 1.01313
0.363847 1.01104
0.364478 1.02351
0.366707 1.01269
0.367158 1.00935
0.367637 1.01581
0.369838 1.00534
0.371349 1.00707
0.371427 1.00718
0.372518 1.00673
0.375198 1.00996
0.375217 1.01016
0.375991 0.998147
0.377878 1.01625
0.379007 1.01069
0.380558 1.01113
0.380633 1.00886
0.382797 1.00234
0.383238 1.01409
0.385275 1.01095
0.385918 0.998721
0.386587 1.00156
0.388598 0.991049
0.389917 1.00158
0.390377 1.00887
0.391278 1.00656
0.393958 1.01292
0.394167 1.0059
0.394559 1.01086
0.396638 1.00558
0.397957 1.00928
0.399201 1.0025
0.399317 0.999045
0.401747 1.0027
0.401997 1.00835
0.403842 0.995497
0.404677 1.00054
0.405537 1.00333
0.407357 1.00892
0.408484 1.00832
0.409327 1.00869
0.410037 1.01143
0.412717 1.01463
0.413117 1.002
0.413126 1.00631
0.415397 1
0.416908 0.999266
0.417768 0.992819
0.418077 1.00371
0.420698 1.00923
0.420757 1.00559
0.42241 0.998423
0.423437 0.99483
0.424488 1.0107
0.426117 0.999165
0.427052 1.01116
0.428278 0.999376
0.428797 0.990795
0.431477 0.999027
0.431694 0.993995
0.432068 0.988852
0.434157 1.00255
0.435858 1.00227
0.436335 0.993975
0.436837 1.00088
0.439517 0.991071
0.439648 0.994862
0.440977 0.998656
0.442197 0.995654
0.443438 0.988631
0.444877 0.994494
0.445619 1.00079
0.447228 0.992644
0.447557 0.996099
0.450237 1.00138
0.450261 0.994827
0.451018 0.989594
0.452917 0.9978
0.454808 0.994484
0.454903 0.988395
0.455597 0.999207
0.458277 0.991928
0.458598 0.989719
0.459545 0.992355
0.460957 0.98781
0.462388 0.999128
0.463637 1.00186
0.464187 0.986054
0.466178 0.996528
0.466317 0.982759
0.468829 0.992957
0.468997 0.996272
0.469968 1.00276
0.471677 1.00075
0.47347 1.0006
0.473759 0.993553
0.474357 0.997845
0.477037 0.992952
0.477549 0.99811
0.478112 0.999091
0.479717 1.00113
0.481339 0.995103
0.482397 0.998856
0.482754 0.99693
0.485077 0.995377
0.485129 0.994528
0.487396 1.00091
0.487757 0.98934
0.488919 0.998804
0.490437 0.994579
0.492038 0.989568
0.492709 0.999258
0.493117 1.00112
0.495797 0.999462
0.496499 1.00098
0.49668 0.995601
0.498477 0.99783
0.500289 0.994418
0.501157 1.00643
0.501322 1.00145
0.503837 1.00247
0.504079 0.99552
0.505963 0.992637
0.506517 0.991093
0.507869 1.00173
0.509197 0.998227
0.510605 0.998413
0.511659 0.997157
0.511877 1.00625
0.514557 1.009
0.515247 0.996709
0.515449 1.0067
0.517237 0.996846
0.519239 0.994597
0.519889 1.00358
0.519917 0.992267
0.522597 1.00878
0.523029 1.00716
0.524531 0.999434
0.525277 0.996322
0.52682 1.00772
0.527957 1.00693
0.529173 1.00216
0.53061 1.00432
0.530637 1.00396
0.533317 0.998362
0.533815 0.995583
0.5344 1.00024
0.535997 1.00217
0.53819 0.999724
0.538457 1.00173
0.54198 1.01002
0.543098 1.00628
0.54577 1.00333
0.54774 1.00564
0.54956 0.999361
0.552382 1.0095
0.55335 0.999586
0.557024 0.999493
0.55714 1.00493
0.56093 1.0014
0.561666 1.00133
0.56472 1.0043
0.566308 1.00331
0.56851 1.0084
0.57095 0.998472
0.5723 1.00424
0.575592 0.990406
0.57609 0.996865
0.57988 1.00205
0.580233 0.999136
0.583671 1.00519
0.584875 1.00385
0.587461 0.994831
0.589517 1.0015
0.591251 1.00467
0.594159 1.00722
0.595041 1.00601
0.598801 0.99624
0.598831 1.00161
0.602621 0.998776
0.603443 0.999395
0.606411 0.992193
0.608085 0.99766
0.610201 0.996169
0.612726 0.996122
0.613991 0.992576
0.617368 0.999771
0.617781 0.999629
0.621571 1.0015
0.62201 0.998806
0.625361 0.996371
0.626652 1.00012
0.629151 1.00397
0.631294 0.999222
0.632941 0.999984
0.635936 0.990394
0.636732 0.993344
0.640522 0.984177
0.640578 1.00143
0.644312 0.998057
0.64522 0.996175
0.648102 0.993292
0.649861 0.995714
0.651892 0.996404
0.654503 0.996266
0.655682 0.995878
0.659145 0.99794
0.659472 0.99904
0.663262 0.991371
0.663787 0.997816
0.667052 0.994527
0.668429 0.996432
0.670842 0.993229
0.673071 1.00731
0.674632 0.990409
0.677713 0.996641
0.678422 1.00624
0.682212 1.0041
0.682354 1.00576
0.686002 1.00251
0.686996 1.00323
0.689792 1.00486
0.691638 1.00792
0.693583 0.997662
0.69628 1.00505
0.697373 1.00258
0.700922 1.00347
0.701163 1.00646
0.704953 0.998914
0.705564 1.00376
0.708743 1.00214
0.710206 1.00772
0.712533 1.00787
0.714848 0.997951
0.716323 1
0.719489 1.00083
0.720113 0.9938
0.723903 1.00459
0.724131 0.998278
0.727693 1.00163
0.728773 1.00846
0.731483 1.0028
0.733415 1.0019
0.735273 1.00261
0.738057 1.00503
0.739063 0.992087
0.742699 1.00253
0.742853 0.994952
0.746643 1.00586
0.747341 1.00024
0.750434 0.995374
0.751982 0.999504
0.754224 1.00782
0.756624 1.0047
0.758014 1.00091
0.761266 1.00022
0.765908 1.0146
0.77055 1.00647
0.775192 1.00168
0.779834 1.00075
0.784476 1.00155
0.789117 1.00371
0.793759 1.00586
0.798401 0.995564
0.803043 0.99329
0.807685 0.997707
0.812327 1.0076
0.816969 0.997931
0.82161 0.991056
0.826252 0.99635
0.830894 0.997211
0.835536 0.99235
0.840178 1.00022
0.84482 0.991377
0.849462 0.99202
0.854104 1.00169
0.858745 0.997968
0.863387 1.00017
0.868029 1.00564
0.872671 1.00591
0.877313 1.00058
0.881955 1.00401
0.886597 1.00076
0.891238 1.00527
0.89588 0.996774
0.900522 1.00226
0.905164 1.00516
0.909806 1.00168
0.914448 1.00449
0.91909 1.00202
0.923732 1.01193
0.928373 1.00566
