35.6 28
35.8 182
36 19
36.2 61
36.4 224
36.6 96
36.8 218
37 402
37.2 573
37.4 296
37.6 699
37.8 573
38 319
38.2 1294
38.4 693
38.6 1872
38.8 1171
39 784
39.2 3952
39.4 4339
39.6 2461
39.8 3417
40 3662
40.2 7043
40.4 6387
40.6 9072
40.8 4191
41 5564
41.2 5993
41.4 10301
41.6 7841
41.8 5688
42 6246
42.2 7869
42.4 8478
42.6 7330
42.8 7065
43 7909
43.2 10076
43.4 6347
43.6 7854
43.8 8085
44 7079
44.2 7508
44.4 7255
44.6 6395
44.8 5959
45 5939
45.2 6090
45.4 6269
45.6 5151
45.8 4658
46 5856
46.2 5183
46.4 4825
46.6 4044
46.8 3563
47 3622
47.2 4566
47.4 3773
47.6 3444
47.8 3728
48 3874
48.2 3129
48.4 2824
48.6 3177
48.8 2819
49 2626
49.2 2622
49.4 2326
49.6 2031
49.8 1870
50 1752
50.2 1997
50.4 2006
50.6 1656
50.8 1689
51 1636
51.2 1422
51.4 1472
51.6 1509
51.8 1307
52 1339
52.2 1320
52.4 1361
52.6 1120
52.8 1179
53 1155
53.2 1159
53.4 1132
53.6 1061
53.8 1075
54 1030
54.2 1000
54.4 996
54.6 919
54.8 866
55 888
55.2 970
55.4 969
55.6 819
55.8 855
56 862
56.2 888
56.4 873
56.6 853
56.8 855
57 805
57.2 881
57.4 816
57.6 826
57.8 740
58 758
58.2 812
58.4 782
58.6 746
58.8 805
59 739
59.2 748
59.4 707
59.6 798
59.8 824
60 764
60.2 784
60.4 758
60.6 764
60.8 780
61 817
61.2 778
61.4 768
61.6 743
61.8 748
62 774
62.2 714
62.4 766
62.6 714
62.8 753
63 716
63.2 795
63.4 778
63.6 756
63.8 718
64 704
64.2 718
64.4 724
64.6 704
64.8 728
65 704
65.2 742
65.4 712
65.6 738
65.8 692
66 650
66.2 696
66.4 718
66.6 685
66.8 699
67 726
67.2 662
67.4 701
67.6 723
67.8 705
68 786
68.2 732
68.4 718
68.6 756
68.8 718
69 745
69.2 686
69.4 669
69.6 694
69.8 708
70 741
70.2 700
70.4 727
70.6 683
70.8 719
71 737
71.2 680
71.4 701
71.6 709
71.8 713
72 738
72.2 724
72.4 673
72.6 681
72.8 685
73 683
73.2 723
73.4 744
73.6 722
73.8 724
74 700
74.2 723
74.4 712
74.6 731
74.8 689
75 742
75.2 716
75.4 663
75.6 655
75.8 736
76 649
76.2 724
76.4 702
76.6 693
76.8 699
77 732
77.2 704
77.4 738
77.6 697
77.8 679
78 731
78.2 677
78.4 737
78.6 724
78.8 736
79 715
79.2 708
79.4 641
79.6 659
79.8 733
80 726
80.2 738
80.4 691
80.6 748
80.8 712
81 681
81.2 710
81.4 716
81.6 709
81.8 737
82 711
82.2 685
82.4 671
82.6 724
82.8 692
83 708
83.2 680
83.4 719
83.6 709
83.8 686
84 669
84.2 722
84.4 692
84.6 652
84.8 707
85 689
85.2 704
85.4 688
85.6 708
85.8 700
86 701
86.2 731
86.4 648
86.6 683
86.8 647
87 732
87.2 699
87.4 698
87.6 700
87.8 704
88 700
88.2 669
88.4 655
88.6 722
88.8 715
89 676
89.2 699
89.4 664
89.6 640
89.8 664
90 695
90.2 739
90.4 730
90.6 684
90.8 681
91 715
91.2 649
91.4 670
91.6 694
91.8 669
92 692
92.2 689
92.4 646
92.6 710
92.8 694
93 710
93.2 701
93.4 667
93.6 677
93.8 705
94 669
94.2 679
94.4 697
94.6 671
94.8 657
95 720
95.2 686
95.4 698
95.6 642
95.8 695
96 686
96.2 723
96.4 723
96.6 701
96.8 671
97 681
97.2 642
97.4 701
97.6 670
97.8 703
98 662
98.2 700
98.4 674
98.6 679
98.8 649
99 709
99.2 674
99.4 724
99.6 652
99.8 704
100 730
100.2 708
100.4 684
100.6 652
100.8 677
101 686
101.2 656
101.4 689
101.6 719
101.8 649
102 688
102.2 689
102.4 698
102.6 654
102.8 693
103 659
103.2 695
103.4 658
103.6 697
103.8 674
104 681
104.2 684
104.4 604
104.6 663
104.8 714
105 708
105.2 733
105.4 688
105.6 676
105.8 666
106 683
106.2 685
106.4 682
106.6 678
106.8 715
107 713
107.2 747
107.4 718
107.6 683
107.8 675
108 692
108.2 665
108.4 734
108.6 672
108.8 748
109 679
109.2 673
109.4 702
109.6 686
109.8 708
110 701
110.2 659
110.4 721
110.6 636
110.8 703
111 648
111.2 743
111.4 689
111.6 668
111.8 697
112 692
112.2 681
112.4 687
112.6 666
112.8 663
113 630
113.2 663
113.4 702
113.6 719
113.8 678
114 674
114.2 703
114.4 722
114.6 680
114.8 609
115 667
115.2 718
115.4 683
115.6 668
115.8 685
116 681
116.2 670
116.4 675
116.6 694
116.8 654
117 688
117.2 714
117.4 726
117.6 720
117.8 649
118 694
118.2 667
118.4 663
118.6 675
118.8 671
119 734
119.2 669
119.4 712
119.6 688
119.8 690
120 689
120.2 681
120.4 679
120.6 678
120.8 670
121 679
121.2 659
121.4 654
121.6 693
121.8 671
122 684
122.2 683
122.4 695
122.6 705
122.8 714
123 732
123.2 726
123.4 736
123.6 688
123.8 711
124 694
124.2 668
124.4 691
124.6 737
124.8 649
125 653
125.2 675
125.4 706
125.6 719
125.8 698
126 662
126.2 666
126.4 685
126.6 710
126.8 689
127 708
127.2 689
127.4 648
127.6 687
127.8 672
128 644
128.2 716
128.4 725
128.6 710
128.8 634
129 697
129.2 672
129.4 676
129.6 713
129.8 684
130 726
130.2 662
130.4 697
130.6 710
130.8 694
131 671
131.2 665
131.4 665
131.6 666
131.8 690
132 673
132.2 678
132.4 681
132.6 649
132.8 712
133 654
133.2 661
133.4 692
133.6 652
133.8 725
134 646
134.2 690
134.4 662
134.6 706
134.8 656
135 662
135.2 658
135.4 723
135.6 658
135.8 707
136 652
136.2 705
136.4 681
136.6 634
136.8 713
137 722
137.2 682
137.4 676
137.6 702
137.8 632
138 655
138.2 685
138.4 663
138.6 695
138.8 675
139 675
139.2 697
139.4 688
139.6 681
139.8 685
140 659
140.2 680
140.4 675
140.6 690
140.8 703
141 693
141.2 653
141.4 674
141.6 726
141.8 690
142 701
142.2 667
142.4 705
142.6 697
142.8 683
143 679
143.2 644
143.4 691
143.6 662
143.8 700
144 665
144.2 662
144.4 655
144.6 658
144.8 678
145 678
145.2 659
145.4 659
145.6 667
145.8 674
146 656
146.2 720
146.4 677
146.6 685
146.8 617
147 642
147.2 661
147.4 692
147.6 701
147.8 698
148 722
148.2 683
148.4 606
148.6 728
148.8 685
149 674
149.2 677
149.4 677
149.6 644
149.8 698
150 649
150.2 691
150.4 737
150.6 678
150.8 688
151 667
151.2 715
151.4 641
151.6 701
151.8 653
152 702
152.2 683
152.4 686
152.6 679
152.8 697
153 707
153.2 646
153.4 702
153.6 687
153.8 681
154 728
154.2 692
154.4 679
154.6 660
154.8 723
155 679
155.2 699
155.4 679
155.6 667
155.8 701
156 602
156.2 670
156.4 665
156.6 666
156.8 694
157 682
157.2 675
157.4 676
157.6 691
157.8 663
158 699
158.2 662
158.4 696
158.6 683
158.8 648
159 624
159.2 733
159.4 698
159.6 690
159.8 701
160 682
160.2 686
160.4 675
160.6 687
160.8 695
161 690
161.2 699
161.4 712
161.6 647
161.8 693
162 648
162.2 689
162.4 658
162.6 675
162.8 665
163 654
163.2 692
163.4 729
163.6 640
163.8 709
164 655
164.2 652
164.4 704
164.6 676
164.8 678
165 650
165.2 696
165.4 713
165.6 639
165.8 677
166 730
166.2 699
166.4 671
166.6 597
166.8 688
167 658
167.2 649
167.4 717
167.6 715
167.8 703
168 617
168.2 618
168.4 722
168.6 720
168.8 639
169 664
169.2 686
169.4 681
169.6 709
169.8 631
170 710
170.2 695
170.4 660
170.6 630
170.8 681
171 707
171.2 721
171.4 693
171.6 605
171.8 683
172 673
172.2 692
172.4 668
172.6 682
172.8 618
173 710
173.2 683
173.4 696
173.6 670
173.8 662
174 722
174.2 698
174.4 677
174.6 624
174.8 689
175 715
175.2 620
175.4 742
175.6 695
175.8 697
176 635
176.2 659
176.4 698
176.6 704
176.8 641
177 669
177.2 645
177.4 673
177.6 702
177.8 652
178 678
178.2 649
178.4 698
178.6 677
178.8 661
179 693
179.2 701
179.4 662
179.6 683
179.8 642
180 681
180.2 681
180.4 666
180.6 672
180.8 632
181 638
181.2 690
181.4 660
181.6 699
181.8 698
182 677
182.2 628
182.4 680
182.6 650
182.8 643
183 659
183.2 644
183.4 679
183.6 705
183.8 690
184 636
184.2 649
184.4 711
184.6 740
184.8 709
185 734
185.2 677
185.4 712
185.6 630
185.8 691
186 651
186.2 681
186.4 661
186.6 682
186.8 681
187 659
187.2 695
187.4 710
187.6 689
187.8 695
188 656
188.2 689
188.4 661
188.6 667
188.8 686
189 683
189.2 668
189.4 698
189.6 667
189.8 689
190 691
190.2 699
190.4 708
190.6 691
190.8 696
191 689
191.2 682
191.4 662
191.6 697
191.8 691
192 694
192.2 700
192.4 649
192.6 704
192.8 722
193 694
193.2 671
193.4 628
193.6 669
193.8 693
194 641
194.2 701
194.4 661
194.6 668
194.8 670
195 673
195.2 667
195.4 695
195.6 655
195.8 660
196 665
196.2 693
196.4 706
196.6 679
196.8 736
197 690
197.2 673
197.4 679
197.6 701
197.8 682
198 682
198.2 670
198.4 678
198.6 630
198.8 630
199 673
199.2 709
199.4 692
199.6 641
199.8 681
200 679
200.2 677
200.4 656
200.6 672
200.8 668
201 642
201.2 660
201.4 674
201.6 654
201.8 676
202 663
202.2 626
202.4 687
202.6 692
202.8 659
203 691
203.2 642
203.4 643
203.6 688
203.8 653
204 666
204.2 669
204.4 666
204.6 675
204.8 690
205 661
205.2 679
205.4 725
205.6 674
205.8 708
206 714
206.2 687
206.4 695
206.6 725
206.8 624
207 684
207.2 658
207.4 665
207.6 629
207.8 683
208 647
208.2 694
208.4 674
208.6 657
208.8 661
209 612
209.2 660
209.4 692
209.6 717
209.8 635
210 655
210.2 672
210.4 651
210.6 630
210.8 656
211 674
211.2 714
211.4 718
211.6 677
211.8 676
212 683
212.2 651
212.4 653
212.6 684
212.8 682
213 704
213.2 697
213.4 655
213.6 645
213.8 653
214 680
214.2 663
214.4 636
214.6 640
214.8 692
215 659
215.2 668
215.4 683
215.6 648
215.8 635
216 668
216.2 690
216.4 650
216.6 659
216.8 669
217 666
217.2 663
217.4 664
217.6 687
217.8 663
218 627
218.2 675
218.4 708
218.6 682
218.8 635
219 675
219.2 719
219.4 653
219.6 661
219.8 672
220 645
220.2 664
220.4 662
220.6 679
220.8 656
221 653
221.2 695
221.4 666
221.6 681
221.8 629
222 623
222.2 648
222.4 663
222.6 692
222.8 653
223 663
223.2 642
223.4 655
223.6 658
223.8 664
224 634
224.2 640
224.4 665
224.6 655
224.8 726
225 661
225.2 696
225.4 647
225.6 655
225.8 662
226 682
226.2 694
226.4 705
226.6 699
226.8 672
227 670
227.2 619
227.4 665
227.6 666
227.8 637
228 633
228.2 664
228.4 667
228.6 655
228.8 681
229 694
229.2 668
229.4 654
229.6 658
229.8 632
230 666
230.2 681
230.4 694
230.6 630
230.8 638
231 647
231.2 646
231.4 639
231.6 644
231.8 648
232 621
232.2 711
232.4 644
232.6 656
232.8 617
233 651
233.2 671
233.4 661
233.6 646
233.8 673
234 681
234.2 686
234.4 635
234.6 577
234.8 648
235 698
235.2 661
235.4 632
235.6 661
235.8 648
236 645
236.2 645
236.4 655
236.6 636
236.8 660
237 640
237.2 656
237.4 623
237.6 689
237.8 628
238 614
238.2 698
238.4 638
238.6 642
238.8 705
239 683
239.2 639
239.4 682
239.6 690
239.8 623
240 661
240.2 605
240.4 690
240.6 685
240.8 645
241 642
241.2 644
241.4 655
241.6 662
241.8 633
242 661
242.2 628
242.4 702
242.6 647
242.8 673
243 630
243.2 643
243.4 651
243.6 681
243.8 691
244 645
244.2 650
244.4 618
244.6 681
244.8 661
245 646
245.2 646
245.4 683
245.6 644
245.8 633
246 720
246.2 610
246.4 651
246.6 637
246.8 622
247 638
247.2 660
247.4 611
247.6 658
247.8 668
248 612
248.2 673
248.4 647
248.6 670
248.8 619
249 652
249.2 656
249.4 683
249.6 653
249.8 648
250 656
