0.5 0
1 0
1.5 0
2 0
2.5 0
3 0
3.5 0
4 0
4.5 0
5 0
5.5 0
6 0
6.5 0
7 0
7.5 0
8 0
8.5 0
9 0
9.5 0
10 0
10.5 0
11 0
11.5 0
12 0
12.5 0
13 0
13.5 0
14 0
14.5 0
15 0
15.5 0
16 0
16.5 0
17 0
17.5 0
18 0
18.5 0
19 0
19.5 0
20 0
20.5 0
21 0
21.5 0
22 0
22.5 0
23 0
23.5 0
24 0
24.5 0
25 0
25.5 0
26 0
26.5 0
27 0
27.5 0
28 0
28.5 0
29 0
29.5 0
30 0
30.5 0
31 0
31.5 0
32 0
32.5 0
33 0
33.5 0
34 0
34.5 0.2618285347549038
35 0.1272005769355201
35.5 0.4018387597100095
36 0.8115661809688132
36.5 0.9356844841194195
37 2.105685226297461
37.5 20.6098854789392
38 44.86319863549483
38.5 35.66346754163239
39 32.55228768477669
39.5 47.0882635672134
40 81.58674817279477
40.5 105.4479405505706
41 92.37081158381977
41.5 82.19661029394803
42 75.14992418603731
42.5 74.51356980034213
43 68.00828033749691
43.5 65.5892154436246
44 66.19965459638169
44.5 59.70405819645838
45 49.90110040730314
45.5 38.38597292136997
46 29.326841427977
46.5 24.51982678706469
47 18.65757217488465
47.5 15.33172161667133
48 13.64445641753817
48.5 11.11230675168181
49 8.64769228400921
49.5 7.090708622459076
50 6.030261351070669
50.5 5.132414220827377
51 3.864065968903414
51.5 3.378147096953793
52 3.126210555092884
52.5 2.360277372025762
53 2.579445661690837
53.5 2.340917246948561
54 1.977148885323199
54.5 2.17710944531925
55 1.86727293208031
55.5 2.099361847239511
56 1.863289701203908
56.5 1.757238763523044
57 1.474757381483494
57.5 1.602390632700011
58 1.644362392830984
58.5 1.582225015537708
59 1.454804070452569
59.5 1.639523007213883
60 1.406714713679276
60.5 1.351631019516668
61 1.455192034244537
61.5 1.462524975737571
62 1.459299022595327
62.5 1.56568646138393
63 1.501673477711001
63.5 1.29456102076791
64 1.550218212866209
64.5 1.28282175495485
65 1.69650946989741
65.5 1.325670018350782
66 1.663375313060046
66.5 1.620838376463691
67 1.527313677171872
67.5 1.778365267663677
68 1.499572112931994
68.5 1.934371819053803
69 2.176449695150138
69.5 2.096857499816942
70 1.884158545857391
70.5 2.108333087605113
71 2.086470483109665
71.5 2.186930550936744
72 2.013886449070759
72.5 2.201129603023334
73 2.163770369526158
73.5 1.983002191455103
74 1.565036316842707
74.5 1.544099611914899
75 1.675938268112663
75.5 1.728987272783696
76 1.396073679727515
76.5 1.451104877210929
77 1.300914991386001
77.5 1.232296952413831
78 1.408635580379794
78.5 1.378105159261253
79 1.254605113601523
79.5 1.300509043289765
80 1.448645633029331
80.5 1.262387578282572
81 1.21122634416196
81.5 1.120168428939302
82 1.291939976366772
82.5 1.173305597169237
83 1.266651121755941
83.5 1.240352716039108
84 1.242193134135938
84.5 1.254814696669682
85 1.213136990237119
85.5 1.108399405053538
86 1.190355588311207
86.5 1.140189607984786
87 1.044774853661001
87.5 0.9514603154776902
88 1.06140783585384
88.5 1.064369473767008
89 1.116377364958489
89.5 1.254696867777882
90 1.077278960219343
90.5 1.117727361353831
91 0.9878743031234918
91.5 1.209751970914723
92 1.007937582034991
92.5 1.119996898744163
93 1.035922145669522
93.5 0.8956493481640435
94 1.018407176842711
94.5 1.068729127201729
95 1.096356219210168
95.5 1.04219326350777
96 1.0313653549812
96.5 1.091820034382377
97 1.072312760315048
97.5 1.073636427809472
98 1.147887859462761
98.5 1.039902163086324
99 1.009551563959981
99.5 1.093865217428635
100 0.9349242404760726
100.5 1.01435226539445
101 1.107440568482098
101.5 0.9793385679637248
102 1.097065241171221
102.5 0.9936930257687386
103 1.097897806509982
103.5 1.025495094456706
104 1.008455017771898
104.5 1.084441630246278
105 0.9434042789384407
105.5 0.9589828092003171
106 0.9742261168482867
106.5 1.047528390697033
107 0.9697113595644478
107.5 1.065210239734772
108 1.018632449364148
108.5 1.009265763926473
109 1.036094254097715
109.5 0.9551779108719076
110 1.078511090080869
110.5 1.071963257645422
111 0.9706386853953761
111.5 0.9713531157124363
112 1.00928192148545
112.5 1.024953982151547
113 1.064715848037399
113.5 1.034188160203694
114 1.064103395176098
114.5 0.9151766304565461
115 1.022113142549456
115.5 0.9840815984221826
116 1.007461466030251
116.5 1.004572700935811
117 0.9817763135980381
117.5 1.007297280368064
118 0.9791950474199984
118.5 0.926562980526056
119 1.03983170591753
119.5 0.9111205345349004
120 1.125371770943421
120.5 0.9953251872862121
121 0.9977591187376977
121.5 1.021230054881652
122 0.9395934177945837
122.5 1.035776126474949
123 1.050546109332622
123.5 1.062489370524694
124 1.015935604272094
124.5 1.058055798133435
125 0.9947593918665415
125.5 0.9942687276693525
126 1.006023081473056
126.5 1.066248020665114
127 0.9395228303707409
127.5 0.9633206322475489
128 0.9605646595060561
128.5 0.9719773377243712
129 0.9878663879396838
129.5 1.066199138301748
130 1.041878098360909
130.5 1.015610366777196
131 0.9897125479468166
131.5 0.9957170463898185
132 1.008309497567313
132.5 1.073936946458809
133 0.9095193607058484
133.5 1.053536739911878
134 0.9480626092671988
134.5 1.044389142933567
135 1.008880296078432
135.5 1.003570135086174
136 1.023584335512569
136.5 1.06209554706187
137 1.04397964054084
137.5 0.9725272540048624
138 0.9143543362143906
138.5 0.972749788624116
139 1.034315285967396
139.5 0.9488446319755622
140 1.019592124498778
140.5 1.012348153654389
141 1.009099944346314
141.5 1.029219416756863
142 1.072213998264689
142.5 0.9227425047070706
143 1.066795390700851
143.5 0.9515450654159222
144 0.9956714720219235
144.5 1.041031050445693
145 1.017188680185025
145.5 1.013889885771929
146 1.063610097182621
146.5 0.9583493478304278
147 0.9987120127873884
147.5 1.02776312177203
148 1.027944308108051
148.5 0.9980693501966561
149 0.944006353647972
149.5 0.95513190341064
150 1.052655441128615
150.5 0.9992365494799508
151 0.9430839669729253
151.5 1.009850020301683
152 1.040310942502267
152.5 0.9765490140599308
153 1.011779547413125
153.5 1.038264637677807
154 0.9986822156094552
154.5 1.050979096830069
155 1.008537768949215
155.5 1.061670637665264
156 0.9716384060119715
156.5 1.040193757330298
157 0.9766846197516681
157.5 1.003471218046881
158 1.00337200005694
158.5 0.9923996886967504
159 1.026231069704957
159.5 0.967744879310145
160 0.972357730573259
160.5 0.9602599817909151
161 0.9723390037485999
161.5 1.023082595644723
162 0.9915431346816042
162.5 0.9928268462964843
163 1.111371294680616
163.5 0.9938344322006216
164 0.968954982275079
164.5 1.017777364117391
165 0.9987406180782042
165.5 1.068093124070199
166 0.9923985351257484
166.5 1.045465337581122
167 1.047595199357355
167.5 0.987200022244728
168 0.9978951510892038
168.5 0.9659130356804456
169 1.050225343951799
169.5 0.942346404821385
170 0.9880326820486754
170.5 1.037187735067753
171 0.9365442088373046
171.5 0.999962886154911
172 1.048144964928895
172.5 1.065642136452458
173 1.020443667420174
173.5 0.9990414803538055
174 0.9907347750233628
174.5 0.9159828411108667
175 1.026508655869647
175.5 1.006755485506008
176 1.036255991402327
176.5 1.011636011504175
177 1.025823383011427
177.5 0.9668858772099305
178 0.9540846202728934
178.5 1.023326440744236
179 0.9726332308355677
179.5 0.996238874300432
180 0.9786886982349835
180.5 1.027079189806895
181 1.005954625218447
181.5 0.9945071630914418
182 0.9678816088936116
182.5 1.038609777372556
183 1.005024714298385
183.5 1.053929154167133
184 1.01829310513809
184.5 1.027658394532347
185 1.035769489692265
185.5 0.987174288784029
186 0.9728660150635511
186.5 0.9743764051278347
187 1.012618479454124
187.5 1.04268291589687
188 1.018407176842711
188.5 0.9845069947577121
189 1.012021051064495
189.5 1.025129091798173
190 0.9603907825758364
190.5 1.024055732846257
191 1.02510812804043
191.5 0.9942680195124879
192 0.9838126490650586
192.5 0.9471712381727569
193 0.9757357203819519
193.5 1.000871474668747
194 0.96984271854749
194.5 0.9864872493750345
195 1.070563041088643
195.5 0.9937480071255539
196 0.9765159087125785
196.5 1.033094443524506
197 1.016815532052554
197.5 0.9847089687650564
198 0.9996150328186422
198.5 1.058848015817491
199 0.9561483735077635
199.5 1.044344533627269
200 0.9690100200767627
200.5 0.9748423889558411
201 0.9979606413338935
201.5 1.007405636900127
202 0.9890589904719423
202.5 0.9917806300432046
203 0.9765026454696213
203.5 1.043200766568633
204 0.971632867180655
204.5 1.033023258955455
205 0.975153976780516
205.5 0.9787164997692342
206 0.9941666592393906
206.5 1.028640115120624
207 1.004585176750586
207.5 0.9517978429194643
208 0.9994509551132201
208.5 1.012585031962882
209 0.9988278173320985
209.5 0.9656639512173043
210 1.041454723659571
210.5 1.004863817122967
211 1.013231836728072
211.5 0.9605499362364478
212 0.9820268597767873
212.5 1.036935582055123
213 0.9496445902548512
213.5 1.043482292651639
214 1.005437567548401
214.5 0.961809177647751
215 0.9961064108912187
215.5 1.065305944560136
216 0.9810599409859623
216.5 0.9948177545081391
217 1.021674769220651
217.5 1.026864427598241
218 1.095112281229864
218.5 0.9513949597361356
219 1.009597060555936
219.5 0.9767042187887288
220 1.034243843846206
220.5 1.009528388377144
221 0.983430577884528
221.5 0.9980515996501241
222 1.004626847831859
222.5 0.9977561224791989
223 1.025404216506112
223.5 0.9412768846370113
224 1.011611033611955
224.5 1.031843311818524
225 1.014181192549353
225.5 1.047226444913243
226 0.9869214236105983
226.5 1.012942038600549
227 1.051575826639867
227.5 0.9874979700556352
228 1.059607183647185
228.5 0.9751431116119197
229 1.006545725867386
229.5 1.013258757277764
230 1.064823922281349
230.5 1.014017614399211
231 1.022773233968455
231.5 1.053250255750465
232 0.963312651786109
232.5 0.9894407693942636
233 1.00600780479429
233.5 0.9909868001445227
234 0.9711048319284943
234.5 1.025056999474814
235 1.030575158695897
235.5 0.9489398930489061
236 0.9847904476909698
236.5 1.05724261423618
237 0.9917552860421107
237.5 1.022114774444755
238 1.014386088775368
238.5 1.001234450389487
239 1.018872813319716
239.5 1.033638781505618
240 0.9982264025916399
240.5 1.008896999518182
241 1.034226036924083
241.5 0.9658266868765073
242 0.9817949728378945
242.5 1.026108086936222
243 0.9552591211037676
243.5 1.001929332196318
244 1.022691164354411
244.5 1.000918386766008
245 1.013061737736464
245.5 0.9992442898002528
246 1.022866279246039
246.5 1.0405186075597
247 1.012685181281349
247.5 0.9882476411929512
248 0.981733283430016
248.5 1.048439589698643
249 0.9895711888718289
249.5 1.01001450069704
250 0.9935128262125733
250.5 1.016865740176206
251 0.9874671381144003
251.5 1.047595232481716
252 1.040375089133112
252.5 1.006930789990895
253 0.9548762239860528
253.5 1.016581761504858
254 0.954617991527083
254.5 0.9731238628654654
255 1.018435991804001
255.5 1.05443525729529
256 1.040215441915593
256.5 0.9870201967009875
257 0.9932098523833988
257.5 1.02049417520152
258 1.022394893205348
258.5 0.9922100905076999
259 1.012773037689678
259.5 1.010609459740954
260 0.9998111176195673
260.5 0.97531095435647
261 0.977868089633449
261.5 1.010590956598479
262 0.9653102316843664
262.5 0.9932951718920391
263 0.9883955975193051
263.5 1.004284986714969
264 0.9881880220061029
264.5 0.9838986739620119
265 0.9912837413852744
265.5 1.022922064352405
266 0.9926533942812618
266.5 0.9971594988339922
267 1.010367962705945
267.5 1.031636786736634
268 0.9995877510751986
268.5 0.9758753416050195
269 0.9975531349772683
269.5 1.044808247050064
270 0.9762840576987796
270.5 0.9764049465875345
271 0.9818225793047085
271.5 0.9908930508455945
272 1.035168108856847
272.5 1.032946625984001
273 0.9925784664716988
273.5 0.991035713958006
274 0.986903218841291
274.5 0.9848621814498061
275 1.047733281062442
275.5 0.9613017866715875
276 1.002312359608616
276.5 1.013467182842291
277 1.016919533723436
277.5 1.018822833816958
278 1.023226135727979
278.5 0.9984611231980509
279 1.045931055289517
279.5 1.089065970517537
280 0.9932576300550962
280.5 0.9694203558348242
281 0.9911342303565631
281.5 1.009246680115604
282 1.032612952758266
282.5 1.018710360964609
283 1.034083402658361
283.5 0.9814859331444451
284 0.9939713551480762
284.5 1.038127706706948
285 1.013386129129959
285.5 1.028478507051009
286 1.012979373223531
286.5 1.010870515150979
287 0.9733000718816938
287.5 0.9934821922740068
288 0.9881569703462864
288.5 0.9660135906567736
289 0.9901921685018849
289.5 0.9914227898414688
290 1.012556673444656
290.5 0.9712222886933309
291 1.01572997630872
291.5 1.000787324175082
292 0.9818290802600745
292.5 1.013534643046601
293 0.9728697924945251
293.5 0.9894555411551084
294 0.9856422256164343
294.5 1.014188117273083
295 0.9946383521678795
295.5 0.9939519602558254
296 0.9834830491068376
296.5 1.050624047543985
297 0.9963028557715292
297.5 0.9898757699930264
298 1.011122047006773
298.5 0.9998680064985164
299 0.9808402894969667
299.5 1.024036238770506
300 0.9890286525406601
300.5 1.012918068996587
301 1.016865077246163
301.5 1.01135249105657
302 1.024664147086978
302.5 1.032348101520605
303 0.9907562173968191
303.5 0.9659260690296124
304 1.012490633667117
304.5 1.002025947916552
305 1.004187193703136
305.5 0.9867115719382854
306 0.981409519879754
306.5 1.018847953064121
307 1.015118610723206
307.5 1.02211956755068
308 0.9584392644870348
308.5 1.038016103191546
309 0.9742772062229055
309.5 0.9629984094794529
310 0.9902965311667731
310.5 0.9858975691388351
311 1.010923103391431
311.5 1.002862773592126
312 0.99284797583019
312.5 0.97331846261829
313 1.025481536756436
313.5 1.036878400849512
314 0.964041453152941
314.5 1.012572097037459
315 1.004649001166654
315.5 1.023382873111183
316 0.9955697294499651
316.5 0.9846490157725883
317 0.991624376439956
317.5 0.9432905825953637
318 1.00234731357819
318.5 0.998050656489001
319 1.036650764704063
319.5 0.9857070430493393
320 0.9689339357472969
320.5 0.9962519479405809
321 1.009029091102344
321.5 1.019083831479135
322 1.025314196765815
322.5 0.9962936841401171
323 1.002546266170102
323.5 1.005033117334392
324 0.9926563941891059
324.5 0.9840505600518331
325 0.9788122028495057
325.5 1.015148551621491
326 1.024499593876096
326.5 1.0016311972562
327 0.9781691533939402
327.5 1.022037104558658
328 0.9790935246905134
328.5 1.020516989431173
329 0.9846672094148453
329.5 1.023660893169106
330 1.012691507800644
330.5 1.004280202134413
331 0.9912928195431807
331.5 0.9911406310769182
332 1.002294247014467
332.5 1.011614560614621
333 1.007876362069972
333.5 0.9999530619095203
334 0.984390288996128
334.5 0.9720494261896496
335 1.007679910188624
335.5 1.010562040547963
336 0.9816776296157624
336.5 1.011789261760721
337 0.9882086135636946
337.5 0.9835727903462953
338 1.004192739590275
338.5 1.007007920907662
339 0.970820181082175
339.5 0.9963526963702656
340 1.024089809258501
340.5 0.9693414042195116
341 1.01775721548315
341.5 1.023797916299263
342 1.003487802712233
342.5 0.9992317259283934
343 0.9764538249241168
343.5 0.9854986442686829
344 0.9727601668859558
344.5 1.019173987344919
345 0.989057290036649
345.5 1.019483262945629
346 1.002221459073385
346.5 1.008091502241253
347 0.9993650041492567
347.5 1.027782768371812
348 1.002958126143781
348.5 0.983403532835483
349 0.9956196174504637
349.5 1.00425378896726
350 1.043998735198281
350.5 0.9893358073092196
351 0.9767172408065506
351.5 1.011460388704388
352 1.014876923618542
352.5 0.9963245431091524
353 1.020701970816172
353.5 1.017816595663349
354 1.012767449045827
354.5 0.9820144365340373
355 0.9953236971278696
355.5 0.9977659241393358
356 0.9869734908815272
356.5 1.01271244920289
357 1.011711624511177
357.5 1.00735964750466
358 0.9853990419902844
358.5 0.9893205005728259
359 0.9638973817184701
359.5 1.017281545934395
360 0.9723765168274482
360.5 0.9990562798710726
361 0.9956928932615741
361.5 0.9956232780880351
362 1.00773823270997
362.5 0.9910271061154216
363 1.006036824019077
363.5 0.9914783044768379
364 1.000222731912535
364.5 0.9696261244598404
365 0.9929951587717341
365.5 0.9972786507087185
366 1.00676954887182
366.5 1.006634554430498
367 1.02153616150338
367.5 1.022796475767243
368 1.001033899966258
368.5 0.9988929796980575
369 1.031091551752388
369.5 1.014607446314679
370 1.001338690721725
370.5 0.9830296953786162
371 0.9945328127256531
371.5 1.005688223574431
372 0.990319051213418
372.5 1.004506983896638
373 0.966816588191498
373.5 0.9913164643372113
374 0.9939591180340395
374.5 1.012693911055346
375 1.029663230177648
375.5 1.017529513149024
376 1.034113131680383
376.5 1.018452157198071
377 1.016848816968572
377.5 1.018257326659173
378 0.9959355871601829
378.5 1.009892879761921
379 0.9901445275542676
379.5 1.033789937844258
380 1.010028957855037
380.5 0.9966136572274685
381 1.027276033892944
381.5 1.010131675268607
382 0.9978786933893555
382.5 0.9705095921896949
383 1.027197836398051
383.5 1.029288778839997
384 0.9867186477599338
384.5 0.9857350483661103
385 0.9684589380318006
385.5 1.009986160262137
386 0.9911613386838101
386.5 0.9982472238564729
387 0.9943689313042156
387.5 1.005035451294986
388 0.9814870414756216
388.5 1.002191056409026
389 0.9975569131858713
389.5 1.005781923640837
390 0.9801542483842675
390.5 0.9901634028200867
391 0.9906903209497829
391.5 0.9856198704609525
392 1.021893984428973
392.5 0.991982851336128
393 0.9952613950555906
393.5 0.9866958337563867
394 0.9972420840021839
394.5 0.9824508313423925
395 0.9951952204608303
395.5 0.9613012510202592
396 0.9934047008553056
396.5 1.02608662275878
397 1.010898315754794
397.5 0.996276216859515
398 1.00287373126663
398.5 0.9927541961796998
399 0.9963849439855298
399.5 1.00536416936506
400 0.9677926708053095
400.5 0.9920925731996356
401 1.005609034929348
401.5 0.9806321375404454
402 1.008325933019246
402.5 0.9822577632922487
403 1.013402099024532
403.5 1.01543814950975
404 0.9747386382932945
404.5 1.017566133520233
405 0.9996179769760173
405.5 1.001655638366632
406 1.02305903974782
406.5 0.9896611292205214
407 1.023211572439161
407.5 1.021171344748226
408 1.00345899192453
408.5 0.9862971314911573
409 1.023009733226175
409.5 1.004716369431888
410 1.001803859701086
410.5 1.006531289895031
411 0.9886328073776407
411.5 0.9956638779629108
412 1.027672737782547
412.5 1.009157282404292
413 1.007400432459385
413.5 1.005876955478775
414 1.01026721960551
414.5 0.9983085581370892
415 1.011511395802244
415.5 0.9810986037897602
416 0.9951740253503483
416.5 1.002217666236894
417 0.9973514518360072
417.5 1.006585339286512
418 1.013096786151128
418.5 0.9913268928070982
419 1.001831971449019
419.5 1.00320837561733
420 1.000600371692433
420.5 1.012101734375983
421 0.9866215387281277
421.5 0.988228964375207
422 0.9843573543342671
422.5 1.005379357836039
423 0.9744835708509385
423.5 1.000637008984941
424 1.013663206097928
424.5 1.010412004604406
425 0.9991935423588569
425.5 1.03772746604329
426 0.9790526618789278
426.5 1.008667469442677
427 0.9742586516157813
427.5 1.002888307841711
428 0.9914022715547052
428.5 0.9846346036392482
429 1.000332344534171
429.5 0.9741420638549492
430 1.012750320887075
430.5 1.005774936605961
431 1.018751235959279
431.5 1.008441283828648
432 1.001098612120995
432.5 0.9906633726362786
433 0.9991809902735257
433.5 1.015326580064318
434 1.0111271147206
434.5 1.003436481632204
435 1.007307065805572
435.5 0.9756239868970403
436 0.9840436329464458
436.5 0.9958978894121926
437 1.015038876425174
437.5 0.9872799979427328
438 1.021780452276241
438.5 1.026744982686635
439 1.01005608056442
439.5 0.9940454409630005
440 1.019555166686523
440.5 0.9911433700032103
441 0.9991126192907126
441.5 0.996651055154507
442 1.004965554042583
442.5 0.9861830806473006
443 1.000632083101885
443.5 0.9593610112722827
444 1.012728677249858
444.5 0.9972417976003791
445 1.008575638791572
445.5 1.00081723041352
446 0.9672405319563959
446.5 1.021154974744039
447 1.012633003066412
447.5 1.014650986407664
448 0.9889021903785322
448.5 0.9934766148614322
449 1.009235508919129
449.5 1.001978731725183
450 0.9974448944173739
450.5 0.9935045388184526
451 0.98421666064542
451.5 0.9914016482505232
452 0.9632780201083351
452.5 0.9847415867859451
453 1.003450452781579
453.5 1.017717954250626
454 0.9961998889681414
454.5 0.9972151087498224
455 0.9963417971502646
455.5 0.9986617270584048
456 1.002655170947619
456.5 0.9884963299653803
457 0.9876401637308941
457.5 0.9998134750390602
458 1.00895994993312
458.5 1.00842832539348
459 0.9960629426013348
459.5 0.9830109672868539
460 1.01217184037048
460.5 0.9932584741549718
461 1.010534907480631
461.5 1.010175452834948
462 0.975138720394978
462.5 1.004719169166105
463 0.9929191506936755
463.5 1.008548263728233
464 1.020669922750834
464.5 1.016668269163103
465 1.009979051934494
465.5 1.014821720844891
466 0.9990116734842019
466.5 0.9845200652771794
467 0.98777163028104
467.5 1.002592553914974
468 0.9769741468467433
468.5 1.002576597132954
469 1.007169861094206
469.5 0.9951292979148667
470 1.014351182891649
470.5 0.9778817020213749
471 1.025501290785642
471.5 1.002650645657944
472 1.03130221244342
472.5 1.006960945809172
473 0.9978684819149456
473.5 0.9891596577476887
474 1.006319524508464
474.5 0.9915694856672327
475 0.9877565244254132
475.5 0.9782717764618315
476 0.9875650328687653
476.5 0.9854935808267629
477 1.013903969768561
477.5 1.005801924962335
478 1.026033566023771
478.5 1.028143865272716
479 0.9828736705216854
479.5 0.98878811736866
480 0.9968737922900253
480.5 1.009141802999497
481 0.9870083797022003
481.5 1.013019672828946
482 0.9993494131108194
482.5 0.99928724066384
483 0.986532514880084
483.5 1.006156020798471
484 1.012559212332307
484.5 0.9927137205428602
485 0.9934832817189144
485.5 0.9821830618222479
486 1.005067176106071
486.5 0.9983938456742207
487 1.000286825094356
487.5 1.003645167553801
488 1.008459857364834
488.5 1.009661384016709
489 1.002547485702802
489.5 1.014156915951658
490 0.9896983664625926
490.5 0.999663373151945
491 1.022189420646248
491.5 1.022690853547136
492 0.9937380859572517
492.5 0.9955758315014857
493 0.9861846876640229
493.5 0.9848271618530219
494 0.9975204441719968
494.5 1.007133583726644
495 1.016864850880006
495.5 1.004341875774255
496 0.9993094760849726
496.5 1.011836110877568
497 1.004596899275023
497.5 1.000375154241209
498 0.9912990115825575
498.5 0.9733219399280983
499 1.013612755578705
499.5 0.9897259221814114
500 1.018755780705427
500.5 1.013455621165808
501 0.9945170425899156
501.5 1.022428711105394
502 1.002925296193837
502.5 0.9963021946642371
503 1.010489052142491
503.5 0.99280960415718
504 0.979799004196853
504.5 1.018570038528084
505 1.015179312845796
505.5 1.005092273396651
506 1.019690958118949
506.5 1.027852492098042
507 1.01279306978786
507.5 0.9865985295486296
508 1.002016797557998
508.5 1.006676047484652
509 0.9923698230704683
509.5 1.020585929729283
510 1.004956691912477
510.5 1.021972631566184
511 0.9790971411472817
511.5 1.004580196454512
512 1.008563172040161
512.5 0.9788617865781605
513 1.006559288777252
513.5 0.9995770495013581
514 1.011935750728513
514.5 1.00055153244551
515 1.007569090656653
515.5 0.9903700086607672
516 1.002350803284179
516.5 0.9971985526685373
517 0.9916271233569903
517.5 0.9881117981055895
518 0.9848985504138151
518.5 0.999373623776811
519 0.9867470440487306
519.5 1.006644251336184
520 0.9743116121701922
520.5 0.976035343788375
521 1.004587504487241
521.5 1.007245683764895
522 1.002314791874285
522.5 0.9874126422768743
523 0.99734617658669
523.5 1.000132723472386
524 0.9804907423825185
524.5 1.016855214729097
525 1.021561966766599
525.5 0.9789921472253998
526 0.9883955975193051
526.5 1.005209657708608
527 1.01157867656262
527.5 0.9973421215683297
528 1.016134515841117
528.5 0.9994291196876639
529 0.9901628845347752
529.5 1.009551882926705
530 0.9908677017624211
530.5 1.015715569046182
531 0.9934944036680364
531.5 0.997555678607689
532 0.9805411509788836
532.5 0.9975217894886764
533 1.000724700562497
533.5 0.9966599471092478
534 1.000395428731156
534.5 1.01747794485351
535 1.001150422590327
535.5 0.9956138967495693
536 1.007045337389515
536.5 1.000432252003139
537 0.9995157326322728
537.5 0.9844430329498188
538 1.00751251597947
538.5 1.005373750709875
539 0.996804993399663
539.5 0.9962965923870692
540 1.009147478360233
540.5 1.013015075079054
541 1.005952642626579
541.5 0.9981174431534346
542 1.008476595841749
542.5 1.009530489372749
543 1.006483101512232
543.5 0.9951370195946301
544 0.9944932683638704
544.5 0.9930618494708834
545 0.9949127862766164
545.5 0.9964934496565467
546 1.017405995253903
546.5 1.002762814402675
547 0.9897337752901685
547.5 0.9957242385170822
548 1.009474349240658
548.5 1.001549071579491
549 0.9922292607598638
549.5 0.9935206732326263
550 0.9785797938536743
550.5 1.000069376682558
551 1.001078021838191
551.5 1.005795625444521
552 0.9932352961478748
552.5 1.001519957857294
553 0.9935952772963635
553.5 0.9868419698051897
554 0.9853153195575434
554.5 1.008751632972416
555 0.9873324061083651
555.5 0.9954025514370294
556 1.015791364544734
556.5 1.017740465156929
557 1.007501515661615
557.5 0.9980496594087912
558 0.9940098366357913
558.5 0.995103259988847
559 0.9902073035509152
559.5 0.9991402499069458
560 0.9824505497881136
560.5 0.9991741913238272
561 0.9998694630277974
561.5 0.9905525969054546
562 1.001741192005476
562.5 1.013873398560719
563 0.9926553136012827
563.5 1.009910062626057
564 1.004691255269072
564.5 0.9807855939227242
565 1.025055945388442
565.5 1.013986169804899
566 0.9991843038151162
566.5 0.9845544773047865
567 1.014807986430214
567.5 0.9994733061711254
568 1.003993175176902
568.5 1.013075839690023
569 0.9916838848723533
569.5 1.021171821588177
570 1.001875827615941
570.5 1.008977439465575
571 0.9853464507027965
571.5 0.9897058550149362
572 0.9954772613448452
572.5 1.010497624953449
573 1.023447073203327
573.5 0.9914610922932782
574 0.9964738831169723
574.5 1.01020180187647
575 1.024116130840331
575.5 0.984111465302248
576 1.010465647195834
576.5 0.9969925971477394
577 0.982862664912415
577.5 1.005106487171855
578 1.003368300748789
578.5 0.9874336404288359
579 1.020240517441174
579.5 1.012332719492383
580 1.011167071422546
580.5 1.024569632708375
581 1.003650219197469
581.5 1.014942991028455
582 0.989853703135094
582.5 1.005261550787881
583 0.9967759228528044
583.5 1.013260389754733
584 1.013467825633741
584.5 1.001016408724704
585 1.016038884078387
585.5 0.9968045293103243
586 1.003612296431794
586.5 1.007564218734593
587 0.9961257738936996
587.5 1.01305326482731
588 0.9837268257724152
588.5 1.015799714452838
589 0.9917304530287724
589.5 1.005069963177161
590 0.9935192721136852
590.5 0.989826545027906
591 0.9827989984037628
591.5 0.9996207938509675
592 0.9970437331022077
592.5 1.000133190836089
593 1.010300644622642
593.5 0.9942221252892354
594 0.9882432249568882
594.5 0.9847078695646962
595 0.987124892464144
595.5 1.003044012079003
596 1.004651743235255
596.5 0.9877501521255387
597 0.9972448285190711
597.5 0.9933941732222433
598 1.009272021567014
598.5 0.988119799285366
599 0.9913565411591916
599.5 0.9893784236221305
600 0.9887040260682726
600.5 0.9905151619793561
601 0.9921032066332632
601.5 0.9874397558111351
602 1.002568771191857
602.5 0.9932862462017445
603 0.9958179453782651
603.5 0.997377278226201
604 1.003841980696611
604.5 0.993866957970358
605 0.9965884147050457
605.5 1.004293371975789
606 1.010592557081316
606.5 1.014857478135691
607 1.001344767926823
607.5 1.003497067882157
608 1.021237170156956
608.5 0.9966244803688183
609 0.9913124629388282
609.5 0.9809831560915415
610 1.008584176828192
610.5 1.00097522707422
611 0.9815985360853904
611.5 1.001975329410036
612 0.9998187488982698
612.5 0.9996407789046955
613 0.9923089750437291
613.5 1.032505764085725
614 1.000549013399104
614.5 0.9882957166991601
615 1.01460095323879
615.5 1.008017487734709
616 1.013978643459559
616.5 1.001162715440976
617 1.002508257390337
617.5 1.004052455145836
618 1.012424157136575
618.5 0.9985680342180471
619 0.9927871060564673
619.5 0.9969709108658739
620 1.006713645170971
620.5 0.9976047808626165
621 1.012363262080882
621.5 1.004885619819996
622 1.003472076533765
622.5 1.007791864730421
623 0.9998517764736549
623.5 0.9929379078489152
624 1.002252219051476
624.5 0.9846663733562911
625 1.006826147396952
625.5 1.024831635594292
626 1.001226254188719
626.5 0.9817640734107588
627 0.9892160813915017
627.5 0.9903114392010165
628 0.9883400389598698
628.5 1.005012390406
629 1.009618269449835
629.5 0.9958252980996571
630 0.9854118768770229
630.5 0.9936488898672258
631 1.00968558800262
631.5 1.004863817122967
632 0.9861094763390084
632.5 0.9935094570635763
633 0.9999126310447345
633.5 0.9999850001447818
634 0.9967608201412186
634.5 1.017348849560795
635 0.9999034749961097
635.5 0.996015712031155
636 1.000999037022647
636.5 0.9994269932337216
637 1.012451156534533
637.5 0.9995529903559641
638 0.9947330177560963
638.5 1.020312698574636
639 0.985516236420797
639.5 0.9975018605379365
640 0.9883354397610827
640.5 1.031517712719516
641 0.9917959295209761
641.5 1.007100162306426
642 0.994095914220162
642.5 1.016895902069692
643 1.001087805978717
643.5 1.001131970708858
644 0.9935666520143632
644.5 1.002529221788271
645 1.003035521100464
645.5 1.002510641470976
646 0.9990924289402798
646.5 1.003326202378815
647 1.002427475919081
647.5 1.003295712015885
648 0.9909865049278532
648.5 1.00289012360478
649 0.994316501044855
649.5 1.015964442132975
650 1.003153425678468
650.5 1.010633763455015
651 0.9859184502618716
651.5 1.014325198509918
652 1.004889315424442
652.5 0.9970365916010004
653 1.004189175505304
653.5 1.00192339811011
654 1.011321255054591
654.5 1.006684768420749
655 0.9897125479468166
655.5 0.9976319932281721
656 1.002991517526894
656.5 1.00146431330599
657 1.027736777117279
657.5 1.016352268437173
658 0.9959138652241342
658.5 1.002756851556272
659 1.01675396285242
659.5 0.9986434229862808
660 0.9990089044190206
660.5 0.9919607798564322
661 0.9879642151856742
661.5 1.011397885392657
662 0.9924483796807402
662.5 1.007548117041355
663 0.99982551858099
663.5 1.005044261989669
664 0.9821494049552902
664.5 1.008814641739518
665 0.9943491083435946
665.5 0.9922398341359755
666 1.001113859466331
666.5 1.000840078413585
667 1.007133110164913
667.5 0.9942589050853005
668 1.007873881381722
668.5 1.004187553998788
669 1.002687087187031
669.5 0.9935420018619954
670 1.004816197043926
670.5 0.9949997667575072
671 0.9990547844355588
671.5 1.003269409647575
672 0.9937545073087507
672.5 0.9880567306054393
673 0.9901154353442215
673.5 0.9889035152384766
674 1.008188881435991
674.5 1.003697835354939
675 1.000586958051347
675.5 1.023607960923036
676 0.9946452364634408
676.5 0.9936010966002021
677 0.9945988091206501
677.5 0.9910944640622701
678 1.007853038897548
678.5 1.00179877214413
679 0.9961837084638258
679.5 0.9903309719384682
680 1.002101701310453
680.5 1.006265811431062
681 0.9972288692282532
681.5 1.012876657251167
682 1.010219513920158
682.5 0.9819784183937389
683 1.003255152236489
683.5 0.9925321294221681
684 0.9963271695365565
684.5 0.9959529870221817
685 0.9959939361883463
685.5 0.9929664363587157
686 0.9872150149241284
686.5 0.9898277323639364
687 1.007618714341045
687.5 0.9923074693405545
688 0.9963796396352171
688.5 0.9895092211177254
689 1.007767772832766
689.5 0.9915574876296274
690 1.001575966854618
690.5 1.001596637095328
691 1.001616198718269
691.5 1.001960523780501
692 1.00506867912757
692.5 0.9903770708062816
693 1.008334845861041
693.5 1.004046473783269
694 0.9967768137856458
694.5 0.9938883250720979
695 1.00689484173902
695.5 0.9977165189364844
696 1.012929807320964
696.5 1.001438344336551
697 0.9922240146205372
697.5 0.9971276119824198
698 1.002016145670512
698.5 0.9977078151915509
699 0.9858366227834365
699.5 1.007993541854546
700 1.005520560675286
700.5 0.9863823593523745
701 0.9965497142375159
701.5 0.9914090675703351
702 1.002644988862924
702.5 1.002560148114183
703 0.9958533783425215
703.5 1.004434644114113
704 1.002929797504073
704.5 1.024032749477389
705 1.013018779081639
705.5 1.012522587874235
706 0.9953798085999056
706.5 1.012389858757333
707 0.9995021316525617
707.5 1.001436329287509
708 0.9874327200411509
708.5 0.9956624432681962
709 1.000845679280073
709.5 0.9836488705574652
710 1.000192128255125
710.5 0.9951579995634856
711 1.004007740624916
711.5 1.012754680032863
712 0.9948883359111751
712.5 0.9994778481338542
713 0.983747156693909
713.5 0.99392345732146
714 1.007279655159089
714.5 1.001368304861615
715 0.9953200995238937
715.5 1.004202085559361
716 1.002268149587589
716.5 1.001552727256203
717 1.00705188822096
717.5 1.004286768047723
718 0.9979012874705329
718.5 0.9969656578516733
719 1.018562567140387
719.5 0.9897565900139599
720 1.003035683664048
720.5 0.9913634446072784
721 1.007224381769209
721.5 1.006203015540831
722 1.003539467397904
722.5 0.9816288485707992
723 0.9849665319228712
723.5 0.9759403786435165
724 0.988490135197294
724.5 1.009464776002325
725 0.9981418684686283
725.5 0.9873672752594624
726 0.9945071630914418
726.5 1.003914464725783
727 1.012410495858894
727.5 0.9935016826242824
728 0.9948570455934866
728.5 1.004575545658651
729 1.00092566748557
729.5 1.003946102314793
730 0.9911676500136882
730.5 1.023245424363992
731 0.9895511991754491
731.5 1.008146327581261
732 0.9958643327878528
732.5 0.9965381172970038
733 1.006634554430498
733.5 0.9963569097429859
734 0.9892877804140175
734.5 1.002527243291993
735 0.9943133533808881
735.5 1.006572035050523
736 0.991469423766868
736.5 1.010088467445778
737 1.015890225260122
737.5 1.000833579347899
738 1.010707180758393
738.5 0.9889108441366298
739 1.00462115255174
739.5 1.006967278459911
740 1.008594768190723
740.5 0.9929537445906128
741 0.9965804078365634
741.5 0.9956619579790144
742 0.9925516716644466
742.5 0.9920632691512249
743 1.015778976870189
743.5 0.9992622100158113
744 0.9986233184137578
744.5 0.9948928924928082
745 0.9840125708657671
745.5 1.002108625078319
746 1.003075710163928
746.5 1.001802359830178
747 1.007303187600114
747.5 0.9997512040079255
748 1.017352944292056
748.5 0.9816456506155036
749 0.9991533657553054
749.5 1.000386522087872
750 1.01622802257377
750.5 0.9908753993229987
751 0.994874769712092
751.5 1.013278912168529
752 0.990921755876786
752.5 1.005359238148021
753 0.9939252130453649
753.5 0.9893132074960728
754 0.9864940982410064
754.5 0.9922353433264675
755 0.9944068698132634
755.5 1.002645940712588
756 0.9998206356455462
756.5 0.9999288746697679
757 1.011320434317319
757.5 0.999395102444442
758 1.004111233434587
758.5 0.9920219383727221
759 1.013436015075347
759.5 0.9962996196190872
760 0.9918193011629388
760.5 0.9979245596273756
761 0.9995060969723917
761.5 0.9979924456295893
762 0.9942679481644087
762.5 0.9897483386410496
763 0.997284213579976
763.5 0.9931049118282982
764 0.9964771783705503
764.5 1.006638233303728
765 0.9974681919727419
765.5 1.006801991871176
766 0.9914796075987909
766.5 0.9969495396272389
767 0.9991597004578433
767.5 0.9923693728021125
768 1.008777819671033
768.5 0.9861606660769876
769 0.9985804329177936
769.5 0.9890596305540656
770 0.9959226989610606
770.5 0.9973208703959133
771 0.9988456433114122
771.5 1.011884393760416
772 0.9869781201612723
772.5 1.005349631694403
773 1.008743423114629
773.5 1.008416358990057
774 0.9930033971976638
774.5 1.000813499562096
775 1.010353785510667
775.5 0.9868986120234572
776 1.012603259966906
776.5 0.9912713252185658
777 0.9987067454995433
777.5 0.9959404980343948
778 1.005987878065055
778.5 1.003217735014743
779 0.9969232367974347
779.5 0.9871820608657688
780 0.9944967197481345
780.5 1.008122572034665
781 1.011174997216875
781.5 1.000760504470147
782 1.005214330284695
782.5 1.019262641357107
783 1.017580081577627
783.5 0.9940713931833045
784 0.9989514377678909
784.5 1.001666158597704
785 0.9974194129735805
785.5 1.004547033471404
786 0.9851725821305467
786.5 1.002309057756478
787 0.9947463861990701
787.5 0.9995138667644423
788 1.001257150268926
788.5 0.9907146585479293
789 1.00322622471855
789.5 1.001518435484113
790 1.001998800430112
790.5 1.004659022091772
791 0.9928050355420371
791.5 1.007158731757535
792 1.009924183877781
792.5 1.008464158657529
793 0.9960424298079223
793.5 0.9981903543798717
794 0.9997759626474677
794.5 0.9965431680969835
795 1.015629763759657
795.5 1.000749118556936
796 1.001644116588766
796.5 1.006158889878054
797 1.003179709729894
797.5 0.9985534662907146
798 1.0009729149334
798.5 1.018109745227352
799 0.9972485202678552
799.5 1.003863296955966
800 1.000600233670974
800.5 1.005733757284748
801 0.9985284246536846
801.5 1.013655748390645
802 0.9967666524251511
802.5 0.9998196685998133
803 0.990962848205762
803.5 0.9961257889971549
804 0.9997082777227028
804.5 1.000753179101683
805 0.9962041403475608
805.5 1.005534651236672
806 1.011543195765967
806.5 1.002443717914523
807 1.007721872336873
807.5 0.9964973836703054
808 0.9965175072316547
808.5 1.001840716470375
809 1.006792884212374
809.5 0.984564681500851
810 0.9962930419136119
810.5 0.9797053311890269
811 0.9980427602954179
811.5 1.006573765366139
812 0.9997217608900933
812.5 1.010765589908617
813 0.987539416461354
813.5 0.993448399285583
814 0.9959322016271774
814.5 0.992595918903344
815 1.003811666477753
815.5 0.9997109205172877
816 1.003224976301413
816.5 1.004742979964172
817 1.011742430268089
817.5 1.003976789455924
818 0.9987327551499563
818.5 0.9954777816639148
819 1.003961380252546
819.5 0.9871912582712117
820 0.9963000795327075
820.5 1.000930447833572
821 1.001734430853846
821.5 0.99254961012328
822 0.9971654441569673
822.5 1.004590885114117
823 0.9960089555546262
823.5 1.002726989757236
824 0.9997892546113586
824.5 1.003104026362502
825 0.9995991343688161
825.5 1.001990001413933
826 0.9864462294038085
826.5 0.9941492582930407
827 1.006104787178771
827.5 1.000451966971959
828 1.002482820894264
828.5 1.010864254156292
829 1.007604640554446
829.5 0.9971620295738376
830 1.013603632030145
830.5 1.002443246484756
831 1.005975816546849
831.5 0.998455921456337
832 0.9955679530916653
832.5 1.01185306489975
833 0.9972211743987198
833.5 0.9867730583396175
834 1.001215852677016
834.5 0.9930240932276145
835 0.9982604494356191
835.5 0.9927690242395106
836 0.9940900737789049
836.5 1.009714843875076
837 0.9980551042738729
837.5 0.990754497711601
838 0.999668546925956
838.5 0.9969807220946559
839 0.9960694810644489
839.5 0.9980892444319684
840 1.00440976397045
840.5 1.005310535705797
841 0.9993788621164676
841.5 1.007873699877983
842 0.9979405427923956
842.5 1.004000742882845
843 1.004893131513551
843.5 0.9934088892744943
844 0.9960055830272225
844.5 1.00678869989126
845 0.9835019363854068
845.5 0.9967251214787954
846 1.003276120503538
846.5 0.9908379213225428
847 0.9873878538844245
847.5 1.007700500810437
848 1.00499571395515
848.5 0.9963988287861496
849 1.002521538586421
849.5 1.003878846905266
850 0.9933165676061527
850.5 1.005343176951468
851 1.00620619841415
851.5 1.001049030635964
852 1.005079878553521
852.5 1.003043622032189
853 1.00315299230082
853.5 0.9896785385064381
854 1.007268073035658
854.5 0.9904044981403203
855 0.9934562552121692
855.5 1.001397010207432
856 0.9904453195551349
856.5 0.9966173389267523
857 1.002615164436151
857.5 0.9894732092564382
858 1.002607751369495
858.5 0.9976875394663202
859 1.00671553303978
859.5 1.004489955300522
860 1.004323024686641
860.5 1.001104457892866
861 1.008559997820178
861.5 0.9925357163173497
862 1.006640720546219
862.5 0.9930109009114481
863 0.992069804480185
863.5 0.9989146502795954
864 1.000994244042166
864.5 0.9933733527992353
865 0.9939433701387006
865.5 0.9935753479268045
866 0.9932594560205011
866.5 1.000259184299735
867 1.004599109562414
867.5 1.009342478000977
868 1.005336245583317
868.5 1.00815566393162
869 0.9874450509666692
869.5 0.9951206679182916
870 0.9959843826624476
870.5 0.9968454569547698
871 0.9993984029987945
871.5 0.9920972079739702
872 1.000847376782682
872.5 0.9997517746806146
873 1.002951569803225
873.5 1.004662786822721
874 1.005094514442512
874.5 1.01362380840637
875 1.003866953175125
875.5 1.004448611767636
876 0.9941647643768834
876.5 1.003476327763303
877 1.005320696593677
877.5 1.006148396771029
878 1.010157146812225
878.5 0.9935620690142923
879 0.9859785272607242
879.5 1.013059883339441
880 0.9984779210361551
880.5 1.006087157249072
881 1.004192654801713
881.5 1.005760954033869
882 0.9927529910504401
882.5 1.011686030590035
883 1.016386224935238
883.5 1.005005427893187
884 1.002323531504674
884.5 1.000144986692299
885 1.012444159252393
885.5 1.000371360735847
886 1.000383959693061
886.5 0.9897386191117128
887 1.007190425851609
887.5 0.9951753258935149
888 1.003935228247396
888.5 0.9907159003637377
889 0.9982276040432423
889.5 0.9812028044193295
890 1.001100336612114
890.5 0.9961447481213147
891 0.9963519250611163
891.5 0.9944503973213206
892 1.00479233839548
892.5 0.9962333536153324
893 0.9986840941287378
893.5 0.9986401772748104
894 0.9885551871482945
894.5 0.9840423245935261
895 0.9918913688061118
895.5 1.010457873156276
896 0.9999169498101281
896.5 1.010628354974401
897 0.9936702750202747
897.5 1.000784818678308
898 0.9959993166233294
898.5 1.002177393413658
899 0.9976889440051746
899.5 0.9992762851431206
900 1.000138091817922
900.5 0.9909571302872141
901 0.9985910670794047
901.5 0.999544789550721
902 0.993313817948525
902.5 1.000535350442852
903 1.003010678730712
903.5 1.000612381797033
904 0.9848716930650391
904.5 1.005162480518089
905 1.002720350300488
905.5 1.004843993644019
906 1.002264004554207
906.5 1.00068461208535
907 1.00000780559579
907.5 1.005008023505534
908 0.9952549070966102
908.5 0.9935461537840352
909 1.000703852984291
909.5 1.000781210567794
910 0.9955891310145515
910.5 1.005585613798098
911 1.009082055287723
911.5 0.9975664030639619
912 0.994646294161743
912.5 1.006328662670436
913 1.007002596354672
913.5 1.005667132353426
914 1.002562017007282
914.5 0.996901199578192
915 1.006792813332799
915.5 0.9909598329550824
916 1.000278028773655
916.5 1.006236180501268
917 1.000645526851303
917.5 1.000758370494772
918 0.9947224086615055
918.5 1.005091116447892
919 0.9946805325422767
919.5 0.9983908241734022
920 1.000987875419133
920.5 1.004728060384297
921 0.9977590905072552
921.5 1.000025491699707
922 0.9984829085387026
922.5 1.007746082656108
923 0.9960004396908769
923.5 1.006478341690597
924 1.000963562044967
924.5 0.9951866551458169
925 1.002215111059157
925.5 1.000404846736087
926 0.9994156476990378
926.5 0.9858120748878574
927 1.003924390890213
927.5 1.007778155820577
928 1.006285370568829
928.5 1.005111515599707
929 0.9968079406942808
929.5 1.000921000767886
930 0.993134057044042
930.5 0.9909872306920617
931 1.001608364515024
931.5 0.9901626087138893
932 0.9956033018203125
932.5 1.014561032042762
933 0.9938730058973125
933.5 0.9998269860223638
934 1.005187133708237
934.5 0.9984912518497531
935 1.007583236850017
935.5 0.9988058868857919
936 1.010144669036242
936.5 0.9919657583169512
937 0.9949450174415543
937.5 0.9961444648153946
938 0.9999972957039629
938.5 1.008927564755655
939 1.005644338445134
939.5 0.9911575354452464
940 1.001830505912285
940.5 0.9969340961616717
941 1.001682043968179
941.5 1.003211249942667
942 1.001970952949123
942.5 0.9894624197201898
943 0.9934950189128156
943.5 0.9986125266603918
944 1.005598342448645
944.5 1.002481549380843
945 0.9938308451035507
945.5 1.010210195611319
946 1.009229661193422
946.5 0.9955534684461667
947 0.9958056013466434
947.5 1.003520021418682
948 0.9950062321283502
948.5 1.004825842637518
949 1.002512910892926
949.5 1.002537583989626
950 0.9928498328453659
950.5 0.9954274836767258
951 0.9963193228838774
951.5 0.9811163984025467
952 0.9883816996351523
952.5 1.005034487997163
953 0.9937717955333946
953.5 0.9999281848019108
954 0.9975534413807026
954.5 1.002793976456322
955 0.9946965869085634
955.5 1.002402807613873
956 1.00484967260761
956.5 1.009206928819754
957 1.001219528572499
957.5 0.9955852121879104
958 0.9996821855297432
958.5 1.004999713268613
959 1.001664727533159
959.5 0.9960512363002608
960 1.000170779900211
960.5 0.9978629964335006
961 1.001127384734579
961.5 1.007713290825994
962 0.9967319781204537
962.5 0.9970422742869807
963 0.9944529662693843
963.5 0.9941764341986716
964 0.9959539725713071
964.5 1.006898041087927
965 1.004683592557914
965.5 0.9944497269829978
966 1.002604578955441
966.5 0.9939776472756103
967 1.010446931287964
967.5 1.00852886973482
968 1.005076018941774
968.5 1.001380576721141
969 1.001592052881383
969.5 0.9921459328478853
970 1.004703233766999
970.5 1.012891400967871
971 0.9944954693783236
971.5 0.995494502748578
972 0.9940582765318862
972.5 0.9973200738671277
973 0.9947728986572685
973.5 0.998560578752681
974 1.005666035853279
974.5 1.004634319033924
975 1.005243328648632
975.5 1.006505545990609
976 1.007601071598222
976.5 1.00227995353864
977 0.9832975499797323
977.5 0.9958680028740885
978 1.005805683576389
978.5 0.997861444055025
979 1.002979729678546
979.5 1.005082437751023
980 1.009857386467999
980.5 0.9960638917926776
981 0.992296239449578
981.5 0.9908406844497724
982 0.9995270643001153
982.5 0.9993574531031587
983 1.002090292755486
983.5 1.008481923684591
984 1.011037979761366
984.5 0.9987576771183411
985 1.002963553432292
985.5 1.002066420900011
986 1.015274972209939
986.5 1.004118814518995
987 1.000742429451589
987.5 0.9940167655083528
988 0.9960039704610616
988.5 0.995993305060707
989 1.003469541900368
989.5 0.995930726714937
990 1.000966401053864
990.5 1.005753166407598
991 0.9899828015629489
991.5 0.9960380035057851
992 0.9892942131532066
992.5 0.9941505236091842
993 1.005910161454187
993.5 0.9998856698915921
994 1.000693638167165
994.5 0.9999633739381975
995 1.005136222273902
995.5 0.9970513283186186
996 0.9997025129483739
996.5 0.9985034043654162
997 1.003067122421472
997.5 1.005037245463754
998 1.000901529094561
998.5 1.0038066055046
999 1.000186820869873
999.5 1.008233029377342
1000 1.005004603335092
1000.5 0.9984742443826644
1001 0.9961940630947012
1001.5 0.9936849050180894
1002 0.9996386191201071
1002.5 1.004339607961622
1003 0.9997760525689349
1003.5 1.012512801698818
1004 0.999601792206758
1004.5 1.008760539386239
1005 1.003514509250882
1005.5 0.9931153683033871
1006 0.9933216699523506
1006.5 0.9971032614691279
1007 0.9939620684864137
1007.5 0.9988474861561755
1008 1.002304169929501
1008.5 1.001042450896132
1009 1.002920333578498
1009.5 1.003073860662023
1010 0.9976893893849408
1010.5 1.00345483005884
1011 0.9976223020032886
1011.5 0.9893259752315449
1012 0.9868271492628328
1012.5 0.9968345313380608
1013 0.9983562080693754
1013.5 1.008786610030479
1014 0.9909323185807828
1014.5 0.9926052607847053
1015 1.002933443114665
1015.5 1.001832735778832
1016 1.001941321752216
1016.5 1.006724106894084
1017 0.9899910172154321
1017.5 0.9906738677361778
1018 1.000865110192208
1018.5 1.001610097903955
1019 0.9980763150462378
1019.5 1.003768872862385
1020 1.010685394366375
1020.5 1.008199021702637
1021 0.98777982193173
1021.5 0.9922636311477142
1022 1.01079882368481
1022.5 0.9966205998391524
1023 0.9961305260604411
1023.5 0.9984671352026654
1024 0.9917711227635237
1024.5 0.9924363343064095
1025 0.997882850840077
1025.5 1.001169842809246
1026 0.9969007603077348
1026.5 0.9992940850569284
1027 0.9945909830779659
1027.5 0.9976820145998241
1028 0.9895973759309946
1028.5 1.004507514899495
1029 0.9982337376762768
1029.5 0.9977789087942583
1030 0.9977284012872657
1030.5 1.003180026979925
1031 0.9990921838406539
1031.5 0.994718895175788
1032 0.9930968712585291
1032.5 0.9975068512455695
1033 0.9998999984474752
1033.5 1.004658644816264
1034 0.9969831340541346
1034.5 1.004537287662099
1035 1.005312478236016
1035.5 1.001689777831698
1036 1.009361316590809
1036.5 0.9899677068196598
1037 1.001510895192022
1037.5 1.008869523462582
1038 1.007861666418819
1038.5 1.013573670776651
1039 1.006788593786906
1039.5 0.9948608195061197
1040 1.004637295204619
1040.5 0.9925176841711729
1041 0.9978911735255337
1041.5 0.998118389890111
1042 0.9946492638178495
1042.5 0.9977815764513543
1043 0.9943185047319338
1043.5 0.9984816967154457
1044 0.9916997764276062
1044.5 0.9971420327245004
1045 1.002216697426618
1045.5 1.008279073384848
1046 0.9997672654060493
1046.5 0.9966779358545411
1047 0.9984980551494852
1047.5 0.9982906119220361
1048 0.9964870281882817
1048.5 0.9949699072161069
1049 1.003261272295732
1049.5 1.005877641900606
1050 1.005626561156066
1050.5 0.9952444408392517
1051 1.004383874386866
1051.5 1.002125297980631
1052 0.9912819379394113
1052.5 0.9979713129005314
1053 0.9963211478735645
1053.5 1.003027253310217
1054 0.9968510336010177
1054.5 0.9955556014893772
1055 0.9977621140395123
1055.5 0.9984254860513033
1056 0.995698642224263
1056.5 0.9922436106987551
1057 1.003926969130858
1057.5 0.996429045368761
1058 0.998584767638157
1058.5 0.9959031793667008
1059 0.9964218728886408
1059.5 0.9969391439192127
1060 0.999985903496624
1060.5 0.9922889172218352
1061 0.9977903624242848
1061.5 1.009538546087831
1062 1.000298686713601
1062.5 0.9953891447574732
1063 0.9953837817403859
1063.5 0.9996488147434026
1064 0.9963352409669278
1064.5 1.007534740411191
1065 0.9968348856259243
1065.5 1.005095424276784
1066 1.008677842879929
1066.5 1.000642810749973
1067 1.004632405488692
1067.5 0.9956581574372366
1068 0.9936673835495357
1068.5 1.003519732683427
1069 0.9947749057462858
1069.5 1.007161193848435
1070 0.9983944008315647
1070.5 1.004974469066519
1071 0.9936101711421119
1071.5 0.9977725442960778
1072 0.9979606413338934
1072.5 1.006106586252091
1073 0.9967780757579974
1073.5 0.9980807889308514
1074 0.9977933612860016
1074.5 1.003916743450717
1075 1.010938452203981
1075.5 0.9984808755781299
1076 1.002902937610208
1076.5 1.000425216732346
1077 0.9930483843780162
1077.5 0.9992066465827038
1078 0.9986151719591054
1078.5 0.995345104367744
1079 1.010282754921251
1079.5 1.003764493379075
1080 0.9992283361483918
1080.5 0.9921308935174542
1081 0.995113630583942
1081.5 1.000954676642505
1082 0.9930088883932591
1082.5 0.9921250147215006
1083 0.9912755626366768
1083.5 0.9976610113709248
1084 0.9993598613297016
1084.5 0.995755762888845
1085 0.9975185722479847
1085.5 1.006451776064251
1086 1.000702892048966
1086.5 1.005556961141195
1087 0.998104231752181
1087.5 0.995869097161354
1088 0.9991333593909818
1088.5 1.004133750733481
1089 1.003836005551409
1089.5 0.9985500639444582
1090 1.002585129803796
1090.5 0.9896438714292712
1091 1.001500789967814
1091.5 0.996136562484408
1092 1.003946861229866
1092.5 0.9970880281282659
1093 0.9945455853044218
1093.5 0.9924308916917016
1094 0.9857303138865677
1094.5 0.9942603312587106
1095 1.00374903253019
1095.5 0.9956270086310994
1096 1.002112788032818
1096.5 1.000583472748104
1097 1.002423080142278
1097.5 1.000507341471792
1098 0.995783553409453
1098.5 1.000881781722326
1099 0.9984231255872347
1099.5 1.000318719331155
1100 0.996962773926396
1100.5 1.001332140281142
1101 0.9984947173169594
1101.5 1.003688716803065
1102 1.004991490136841
1102.5 0.9977024843990113
1103 1.004066574006408
1103.5 1.012210188028939
1104 0.9944178713170558
1104.5 0.9893665092270773
1105 0.9999247744381793
1105.5 1.007786053325467
1106 0.9971620295738376
1106.5 0.9986791567765932
1107 1.000193136772017
1107.5 1.005578671380182
1108 1.001783780553626
1108.5 0.99881959141327
1109 1.000294691060722
1109.5 0.9992034493175985
1110 1.000516651444192
1110.5 1.002774736840728
1111 0.9937298711825537
1111.5 1.00125497007482
1112 0.9969839137125418
1112.5 0.9967803988263012
1113 1.004249837930618
1113.5 1.006081559644232
1114 1.006214515345621
1114.5 0.9959032506815748
1115 0.9902788344830917
1115.5 1.00488770371292
1116 0.9989517357606641
1116.5 0.9937759915700696
1117 0.9962896908334623
1117.5 1.000326997068423
1118 1.006475974470391
1118.5 0.9986013792389122
1119 0.9911137776041687
1119.5 1.007821394203869
1120 1.000617624374852
1120.5 1.000035084884277
1121 0.998089210661866
1121.5 0.9986860968806227
1122 0.9929998473806022
1122.5 0.9973403264705244
1123 0.9999737813278122
1123.5 0.9927881521527222
1124 1.00084700047112
1124.5 0.9974926188684278
1125 0.9897115704529419
1125.5 1.005223259698122
1126 1.010383495969363
1126.5 0.9985891653162503
1127 0.9947589580664949
1127.5 1.002885942622403
1128 0.9974659037258159
1128.5 0.9912903553770319
1129 1.004104159551636
1129.5 0.9893221170839325
1130 1.00330401416636
1130.5 0.9982408761318239
1131 0.9914199831210504
1131.5 1.002866824810616
1132 0.9975731084852452
1132.5 0.9984844550810933
1133 0.9951453265397565
1133.5 1.004273017055114
1134 1.002660583368765
1134.5 0.9944828620721169
1135 0.9939394923314387
1135.5 0.9972639315258027
1136 0.9965673687700008
1136.5 0.996504998151561
1137 1.002438844704581
1137.5 1.003032999096754
1138 1.001189226646791
1138.5 0.9995887357608011
1139 0.9980807509341744
1139.5 0.9990651148829834
1140 0.9998974945432193
1140.5 1.001356948622075
1141 0.9898272152289803
1141.5 0.9896478850252247
1142 0.9942775343926272
1142.5 1.007493689515128
1143 1.002259065576556
1143.5 1.003766096119296
1144 0.9920542292597281
1144.5 0.994250785125716
1145 0.9937094822194241
1145.5 1.000056266983298
1146 0.997819370002316
1146.5 1.000653720424284
1147 1.010914859395079
1147.5 1.0045018348791
1148 0.9987794408674208
1148.5 0.9973488706606533
1149 0.9963630168233077
1149.5 0.9945825042950316
1150 1.001346866886707
1150.5 0.9967096435344593
1151 0.9979316036042696
1151.5 1.000884428044664
1152 1.007911890767004
1152.5 0.9841029949722496
1153 1.001212175503878
1153.5 0.9958064153992251
1154 1.000852561904116
1154.5 0.9912471018836505
1155 1.001222723000041
1155.5 0.9893279100425811
1156 1.004155370595397
1156.5 0.9929185970382817
1157 0.993341014854365
1157.5 0.9987341969642095
1158 1.003449543093765
1158.5 0.9941082502080034
1159 1.005517714648774
1159.5 0.9944804718797707
1160 1.007779916493651
1160.5 1.003267139322947
1161 1.002171983341654
1161.5 0.9975844276101821
1162 0.9899173945355743
1162.5 1.002642921539422
1163 0.989713420649882
1163.5 0.992977955516063
1164 1.003021851039006
1164.5 0.9974782463282471
1165 1.001530280755834
1165.5 1.001904281848575
1166 1.001962091705177
1166.5 0.9972098784457739
1167 0.99915872500346
1167.5 1.003390210995647
1168 1.001846012125544
1168.5 1.001160000070366
1169 0.9930632370071337
1169.5 0.9912743901051039
1170 1.003916080901785
1170.5 1.00399687094666
1171 1.001861278233524
1171.5 0.9981678197331489
1172 1.002052483040143
1172.5 0.9884468089199702
1173 0.9887651111354087
1173.5 0.9902705991979981
1174 0.9892859589668391
1174.5 0.9866647370934395
1175 0.985063379613721
1175.5 0.9917527230542112
1176 0.9869942725651537
1176.5 0.9821309764362238
1177 0.9852334900698725
1177.5 0.988695628020459
1178 0.9925445433576287
1178.5 0.9792771304948109
1179 0.9821739627333809
1179.5 0.98321748419768
1180 0.9767610483021258
1180.5 0.9750952113129366
1181 0.9765599646416685
1181.5 0.9700407712421713
1182 0.9701961515109319
1182.5 0.9777056534023384
1183 0.9678050618568804
1183.5 0.9687674397211481
1184 0.9656985455063524
1184.5 0.9670768598175191
1185 0.9793271358841567
1185.5 0.9617595436409276
1186 0.9686478987478493
1186.5 0.9592535742046143
1187 0.9660488120058726
1187.5 0.9578872919965377
1188 0.9529961408805294
1188.5 0.9586753519972506
1189 0.9454418992789987
1189.5 0.9555223464398354
1190 0.9562875553653728
1190.5 0.953862803845861
1191 0.9490525399580056
1191.5 0.9548965605901683
1192 0.9508330724577521
1192.5 0.9488305788820979
1193 0.9453530953298599
1193.5 0.9504682732763737
1194 0.9417755441620536
1194.5 0.9333154487214621
1195 0.9531030046740983
1195.5 0.9435021622314608
1196 0.9406437027772442
1196.5 0.9270958842981714
1197 0.9308891098319295
1197.5 0.9423362862456864
1198 0.9384827446917153
1198.5 0.9355573831454905
1199 0.9318778480599547
1199.5 0.9321841119476446
1200 0.9251042896863498
1200.5 0.9313885965975383
1201 0.9261030488448603
1201.5 0.9263308541492478
1202 0.9273398654458217
1202.5 0.9130181097642379
1203 0.9147357218877387
1203.5 0.9268585645904799
1204 0.9263307631541358
1204.5 0.91675491681845
1205 0.9152699215486905
1205.5 0.9153686234447055
1206 0.9174756245006043
1206.5 0.9091150708336435
1207 0.9123729252106222
1207.5 0.9057397098699992
1208 0.9032282048949537
1208.5 0.9014140433824537
1209 0.9060787524690612
1209.5 0.9041581001811474
1210 0.907535087493977
1210.5 0.9085135438618234
1211 0.8968992198678196
1211.5 0.8974330224744512
1212 0.9102970534893793
1212.5 0.8990005209444061
1213 0.9062816011182003
1213.5 0.904556137097459
1214 0.8888243192660568
1214.5 0.8930841360802655
1215 0.887704884915214
1215.5 0.8957020815002126
1216 0.8901971927459378
1216.5 0.9026798893847504
1217 0.886814831748006
1217.5 0.8903702498311146
1218 0.887302379613423
1218.5 0.8818779143563401
1219 0.8900154502754634
1219.5 0.8792796777744553
1220 0.8818568417596299
1220.5 0.889267437942345
1221 0.8852469384475178
1221.5 0.8818854294562438
1222 0.8696856595092681
1222.5 0.8742657190239239
1223 0.8763377491159521
1223.5 0.8749710658641858
1224 0.8690040155760188
1224.5 0.8690998754447982
1225 0.8665733998492924
1225.5 0.8739072440289303
1226 0.8635016305502237
1226.5 0.8673554054298146
1227 0.8751873236877393
1227.5 0.8631505785063709
1228 0.8558863449328495
1228.5 0.867192186610228
1229 0.8597295854949504
1229.5 0.8523819128275235
1230 0.8546501583570683
1230.5 0.8606706891257115
1231 0.8534678310923275
1231.5 0.8552151099131082
1232 0.8541874357502541
1232.5 0.8494683641507105
1233 0.8521106189084169
1233.5 0.8455313158067603
1234 0.8461765241834283
1234.5 0.8475872491623578
1235 0.842712422607266
1235.5 0.8439444741667232
1236 0.8437717952762757
1236.5 0.8412805596923235
1237 0.8404733092411433
1237.5 0.837861024597514
1238 0.8392431504065155
1238.5 0.8361022020256461
1239 0.8380919943282227
1239.5 0.8382273533040857
1240 0.8347899790714586
1240.5 0.8249532710492598
1241 0.8225433536732106
1241.5 0.8334816530206431
1242 0.8313207499610993
1242.5 0.8310303116037332
1243 0.8350010527197566
1243.5 0.8301729102957958
1244 0.8237663983686399
1244.5 0.8256198222662394
1245 0.8234991529082722
1245.5 0.8264290923859429
1246 0.8332934525368921
1246.5 0.8175320267907723
1247 0.8177032558809275
1247.5 0.8204521756963288
1248 0.8261977827891643
1248.5 0.8105414093056499
1249 0.8177085885048972
1249.5 0.811065985975962
1250 0.8114145154809136
1250.5 0.8082746351409231
1251 0.8091470411508708
1251.5 0.8062870574155951
1252 0.8054940764189031
1252.5 0.8038578202926528
1253 0.8026705361614953
1253.5 0.8005675757715616
1254 0.7948013812322183
1254.5 0.7910490978891382
1255 0.8096859536744175
1255.5 0.8072618092275288
1256 0.79614909044836
1256.5 0.7927767741052328
1257 0.8025996800430996
1257.5 0.7961970114946285
1258 0.7911088736553598
1258.5 0.797317983534054
1259 0.800174626871341
1259.5 0.7907727233541294
1260 0.7931142454256975
1260.5 0.786110565796675
1261 0.7955805645571538
1261.5 0.7873615896629297
1262 0.7906024045786989
1262.5 0.7761432305276904
1263 0.7836120871935883
1263.5 0.776891669123374
1264 0.7732781634381281
1264.5 0.7801948661378999
1265 0.7769491284828262
1265.5 0.7793758445998928
1266 0.7726597603527494
1266.5 0.7814970338441258
1267 0.7765851284855684
1267.5 0.7808463319198796
1268 0.7758452839708824
1268.5 0.7708518768112537
1269 0.7649952448761314
1269.5 0.7672208083748071
1270 0.7615448422730032
1270.5 0.762731415212818
1271 0.7669542833902501
1271.5 0.7634597766620796
1272 0.762643003096242
1272.5 0.7611536686576131
1273 0.7606760576748097
1273.5 0.7608234737280598
1274 0.7580903240636203
1274.5 0.7562005985339758
1275 0.7639228466522291
1275.5 0.7461080084974074
1276 0.7572948210028854
1276.5 0.7576340481115462
1277 0.7514988102748517
1277.5 0.7589308207290038
1278 0.7468886966001274
1278.5 0.7534066081548257
1279 0.7548894427772295
1279.5 0.7449005692593305
1280 0.7441522948816965
1280.5 0.741646885496465
1281 0.7535548825107151
1281.5 0.751330241545239
1282 0.7481370499808835
1282.5 0.7398329191252657
1283 0.7358012559082481
1283.5 0.7462475259448266
1284 0.7406808476673183
1284.5 0.7330921444676066
1285 0.7357538163012127
1285.5 0.7349694192406924
1286 0.7360704199771515
1286.5 0.729472986037273
1287 0.7260370481994259
1287.5 0.7263427511140719
1288 0.7344202734071003
1288.5 0.7286883911428885
1289 0.7240671177850132
1289.5 0.7234588620414746
1290 0.723062013997179
1290.5 0.7279753252052167
1291 0.7219189168869261
1291.5 0.7286701038454892
1292 0.7168345823544469
1292.5 0.7215967391483143
1293 0.7193844210925116
1293.5 0.7097714263614135
1294 0.7156905969573591
1294.5 0.7155562738019736
1295 0.7162581792926885
1295.5 0.7095545390138727
1296 0.7096333573131792
1296.5 0.7100826433232625
1297 0.7173855439907747
1297.5 0.7032268366568366
1298 0.7101302831501868
1298.5 0.7118476645694795
1299 0.708598722660188
1299.5 0.7036013905457932
1300 0.7023687507777715
1300.5 0.7022203342180694
1301 0.709574821485734
1301.5 0.691781754175424
1302 0.6993163872452284
1302.5 0.6932916690967604
1303 0.6971650189269785
1303.5 0.6993585677727228
1304 0.6963023402564861
1304.5 0.6988361535249783
1305 0.6900431967244971
1305.5 0.6845777084209193
1306 0.6891695863098745
1306.5 0.693297803460706
1307 0.6939532713011825
1307.5 0.6864498887830709
1308 0.6892950367945706
1308.5 0.680896196452767
1309 0.6855596023425407
1309.5 0.6829007608207286
1310 0.6797463818409959
1310.5 0.6793185184402383
1311 0.6744260630338396
1311.5 0.6809327803338572
1312 0.6811154265118893
1312.5 0.6806191937076059
1313 0.686292286185233
1313.5 0.6852054189424991
1314 0.6734031345850772
1314.5 0.6792485422131441
1315 0.6785068262492067
1315.5 0.6732189379375869
1316 0.6690185674713484
1316.5 0.6666449572578143
1317 0.6717087420790403
1317.5 0.6689772328265142
1318 0.6649938688669093
1318.5 0.6635260601058455
1319 0.6624185431754738
1319.5 0.6642435266662188
1320 0.6648806241275904
1320.5 0.6635506228378737
1321 0.6671559066250188
1321.5 0.6598476814094246
1322 0.6632939065854908
1322.5 0.6531706284688163
1323 0.6554590071890489
1323.5 0.6528511391510403
1324 0.6532248123760717
1324.5 0.6513105652192779
1325 0.653348623728918
1325.5 0.6479779599126674
1326 0.6521419991896702
1326.5 0.6428835697381958
1327 0.6427973921604554
1327.5 0.6457174807519848
1328 0.6479703309275692
1328.5 0.647791685151586
1329 0.6450988075259984
1329.5 0.6477652320577905
1330 0.6445254995103646
1330.5 0.6413124587464019
1331 0.6437552828686467
1331.5 0.6392508937530933
1332 0.6382660736618617
1332.5 0.6400688937069942
1333 0.6423292179409363
1333.5 0.6448707613014006
1334 0.6354342706022231
1334.5 0.633186407497151
1335 0.6404716504750588
1335.5 0.6297486218376653
1336 0.6263309798157786
1336.5 0.6326448985000502
1337 0.6317795437929441
1337.5 0.6265383351553863
1338 0.6262659951460492
1338.5 0.6227323698375817
1339 0.6218762941150724
1339.5 0.6221720055968007
1340 0.6159369688719689
1340.5 0.6227832649693607
1341 0.6202826639670483
1341.5 0.6228292069631567
1342 0.6129993199728012
1342.5 0.6179895408011232
1343 0.6135770399267619
1343.5 0.6181490090358115
1344 0.6134191233917123
1344.5 0.6099459906887745
1345 0.6133471331582846
1345.5 0.6225313394965584
1346 0.6106299567481877
1346.5 0.6081998488826522
1347 0.610797136452875
1347.5 0.6090781546971521
1348 0.605539320086778
1348.5 0.6089891900344967
1349 0.6014309499686994
1349.5 0.6111672050599694
1350 0.6047083147532823
1350.5 0.6102624424821964
1351 0.6009748324368398
1351.5 0.6086345639876567
1352 0.5989140186906942
1352.5 0.5980666634670517
1353 0.6007741403070527
1353.5 0.604540662995256
1354 0.5945111963849484
1354.5 0.6012490463786101
1355 0.5941432239496436
1355.5 0.5964399750920928
1356 0.5926104684276929
1356.5 0.59551857804484
1357 0.5946355622560893
1357.5 0.5888282865344862
1358 0.5834518704724201
1358.5 0.5855554201312285
1359 0.5834583264985924
1359.5 0.5852633856614777
1360 0.5819898342226093
1360.5 0.5804887940554783
1361 0.5888320609901839
1361.5 0.5831458967003501
1362 0.5854687684064122
1362.5 0.590222239696333
1363 0.578843576586172
1363.5 0.5739141416342586
1364 0.5735772128239265
1364.5 0.5782620759326972
1365 0.5736988545546797
1365.5 0.5759320878765879
1366 0.5725669178716069
1366.5 0.5712926697895263
1367 0.5730011476398206
1367.5 0.5694575578028379
1368 0.5647324943491304
1368.5 0.5728065435944218
1369 0.5731572672413527
1369.5 0.5656354125472179
1370 0.5634999451428191
1370.5 0.5587749527991323
1371 0.5622429965765486
1371.5 0.5620609303696412
1372 0.5604510530390585
1372.5 0.5583677430199732
1373 0.5564939631014781
1373.5 0.5607349913958435
1374 0.5586968444769443
1374.5 0.5617338827772563
1375 0.560480643293226
1375.5 0.5536493460294556
1376 0.5511278889673032
1376.5 0.5504808640713417
1377 0.5589358830190357
1377.5 0.5467666948088498
1378 0.5560119279188679
1378.5 0.5458712053076898
1379 0.5480975154743061
1379.5 0.5437904660641172
1380 0.5475898340147479
1380.5 0.5438818779208529
1381 0.5521077800123728
1381.5 0.5392983458504955
1382 0.5404379004935644
1382.5 0.545386995388172
1383 0.5386179366594668
1383.5 0.5419327534831574
1384 0.5344638787428683
1384.5 0.5383253378828928
1385 0.5380585730604585
1385.5 0.539963433345114
1386 0.5349909481036519
1386.5 0.5337338080112856
1387 0.533308566877016
1387.5 0.5387114261113976
1388 0.5329245720572557
1388.5 0.5326620620665444
1389 0.5281394628415176
1389.5 0.5353861944724009
1390 0.5290129526942013
1390.5 0.5289146394061607
1391 0.5290981943185651
1391.5 0.5262031959790193
1392 0.5228699275326221
1392.5 0.5246842888242151
1393 0.5184858495545689
1393.5 0.5212232871484394
1394 0.5218517768830172
1394.5 0.5174711872170795
1395 0.5211839417323995
1395.5 0.5187901827376273
1396 0.5176590353580681
1396.5 0.5160499785065989
1397 0.5149421058000886
1397.5 0.5170869271006707
1398 0.5143252772807076
1398.5 0.5154912403968166
1399 0.512336343118195
1399.5 0.5196277015238705
1400 0.510809691846844
1400.5 0.5068303391227114
1401 0.5098028906375141
1401.5 0.5101135076866674
1402 0.5097695439825269
1402.5 0.5071088382330237
1403 0.5080140283561662
1403.5 0.5017193047391099
1404 0.504227508885949
1404.5 0.5029601592240297
1405 0.5012406062928164
1405.5 0.4980838238898556
1406 0.49707933886121
1406.5 0.4974545829533464
1407 0.498045624216915
1407.5 0.4970036013623358
1408 0.4968668271882443
1408.5 0.4977904621527612
1409 0.4938660280446923
1409.5 0.4963000533737345
1410 0.4951643629820522
1410.5 0.4898595573171501
1411 0.4888667553922422
1411.5 0.4910231976258732
1412 0.4945441727283332
1412.5 0.4913434831561933
1413 0.4915226125850819
1413.5 0.4906680109358005
1414 0.4875933790786942
1414.5 0.4843866832367081
1415 0.481164941319735
1415.5 0.4845968625910205
1416 0.4844295498486159
1416.5 0.4852525052875546
1417 0.4821163623385556
1417.5 0.4783253519514025
1418 0.4774456236968279
1418.5 0.4748633322353558
1419 0.4793460008221681
1419.5 0.4739045189729521
1420 0.4745174815383294
1420.5 0.4768090486767846
1421 0.475200291665008
1421.5 0.4696608819393675
1422 0.4700819878537986
1422.5 0.4700981079291045
1423 0.471075979218234
1423.5 0.4653046362102735
1424 0.4698190535074476
1424.5 0.4723113019614669
1425 0.4693325442340641
1425.5 0.4669329602223933
1426 0.4630615413538941
1426.5 0.4691500611668839
1427 0.4656648856362881
1427.5 0.4611712918977424
1428 0.4615934286832246
1428.5 0.4617285123699756
1429 0.4609285411503913
1429.5 0.4589095282273805
1430 0.4595030646267003
1430.5 0.4603812082562867
1431 0.4584045172335364
1431.5 0.453141742399315
1432 0.4509636770860457
1432.5 0.452471337626734
1433 0.45600660007926
1433.5 0.4548733970799334
1434 0.4535522255038794
1434.5 0.4558106659595748
1435 0.4498935337121563
1435.5 0.4532665059231783
1436 0.4436565147706623
1436.5 0.441025740087214
1437 0.4505851638243116
1437.5 0.4464448819247255
1438 0.4456446713078528
1438.5 0.4414757090170674
1439 0.440905595684581
1439.5 0.4417085171989353
1440 0.442885942507865
1440.5 0.4457136698389126
1441 0.4394386747119992
1441.5 0.4368092294095799
1442 0.4354385147210347
1442.5 0.4355111271210954
1443 0.4373046907680149
1443.5 0.4330197045234406
1444 0.4388476820533319
1444.5 0.4311695203550343
1445 0.4291921024283723
1445.5 0.4321578618279634
1446 0.4309275153850346
1446.5 0.432770703102564
1447 0.433960068092497
1447.5 0.426167710993833
1448 0.4314100620119007
1448.5 0.4291813734132993
1449 0.4227068811877105
1449.5 0.4240839819753877
1450 0.4238656727976836
1450.5 0.4238327163537924
1451 0.4250578744947086
1451.5 0.426318223720102
1452 0.424066102484239
1452.5 0.4190842640013789
1453 0.4146627291167205
1453.5 0.4228225106015885
1454 0.415787762795864
1454.5 0.4190189385949546
1455 0.4146828033712555
1455.5 0.4159425591287426
1456 0.415932567916671
1456.5 0.4148207109496621
1457 0.408003300492738
1457.5 0.4124545761859083
1458 0.4097894503169593
1458.5 0.4066883767569934
1459 0.4080383930607536
1459.5 0.4084903713013347
1460 0.4099467646048207
1460.5 0.4050639539631556
1461 0.4079805140482455
1461.5 0.4042362670646442
1462 0.4079146703246078
1462.5 0.4106591038888545
1463 0.3990579213342491
1463.5 0.4055875244707038
1464 0.4006576389249421
1464.5 0.3979684332446798
1465 0.4004012616124855
1465.5 0.4003457481005442
1466 0.3947437216649991
1466.5 0.3961591438526723
1467 0.3984051955425318
1467.5 0.3913866461421037
1468 0.3913008438572986
1468.5 0.3958756156367888
1469 0.3911834731010063
1469.5 0.3937134488057341
1470 0.3923820518110163
1470.5 0.3884762242117192
1471 0.3944231420074741
1471.5 0.3921402034444254
1472 0.3873792644140259
1472.5 0.3888230156603024
1473 0.3904083491754077
1473.5 0.3899281400098817
1474 0.3812726021912549
1474.5 0.3824832974293199
1475 0.3846949594298271
1475.5 0.3795136661808427
1476 0.3853718979496301
1476.5 0.3868263546937545
1477 0.3792789153026727
1477.5 0.3846790378318641
1478 0.3772144142276155
1478.5 0.3791156177690924
1479 0.3804620991973958
1479.5 0.3784253341627226
1480 0.3734390066029906
1480.5 0.3770612142615219
1481 0.3746576383011193
1481.5 0.3786466838014694
1482 0.3771851454590367
1482.5 0.3736517173559636
1483 0.3698041407294859
1483.5 0.3662094750908738
1484 0.3685806811817806
1484.5 0.3682086989970156
1485 0.3694446440710242
1485.5 0.3699374136873463
1486 0.3571632713739814
1486.5 0.3631990753853118
1487 0.3704246690372435
1487.5 0.3643306213292253
1488 0.3651766313776596
1488.5 0.3626984306018614
1489 0.3576758020004961
1489.5 0.3620360034390926
1490 0.3548972585294402
1490.5 0.3579206681002043
1491 0.3602915898481381
1491.5 0.362011333927265
1492 0.3512514943197899
1492.5 0.3576615735707504
1493 0.3544511105658307
1493.5 0.3491665972672138
1494 0.3496659394893667
1494.5 0.3514726163150954
1495 0.3520567393611591
1495.5 0.349435134640352
1496 0.3470954534308767
1496.5 0.3521166904377865
1497 0.3489785749000717
1497.5 0.3484155189316378
1498 0.3480614529048904
1498.5 0.3475343008722058
1499 0.3486027344056379
1499.5 0.3420986583620299
1500 0.343567344963096
1500.5 0.3366771925264775
1501 0.3458242978617174
1501.5 0.3407041061522413
1502 0.3399420228985343
1502.5 0.3390945992138321
1503 0.3393001340338324
1503.5 0.3410562812931367
1504 0.3362830922315954
1504.5 0.336644751097184
1505 0.3356643672323615
1505.5 0.3322102628779903
1506 0.3345317165702041
1506.5 0.3288171082883954
1507 0.334671093547678
1507.5 0.3298551861932472
1508 0.3347584161253342
1508.5 0.3308217480093946
1509 0.3267875780727962
1509.5 0.3333241155827598
1510 0.3279950361946779
1510.5 0.3281706203288992
1511 0.3306663659895505
1511.5 0.3274807678307863
1512 0.3247082628819539
1512.5 0.3224672329648774
1513 0.32378568240881
1513.5 0.3212929917006611
1514 0.3205369817782308
1514.5 0.3204272721649357
1515 0.316838322335997
1515.5 0.3205472992421414
1516 0.3186578526092206
1516.5 0.3196334698248107
1517 0.3141583365343552
1517.5 0.315490738833665
1518 0.315401276660785
1518.5 0.31588626398195
1519 0.3166237895061405
1519.5 0.3099703876302955
1520 0.3139816915928235
1520.5 0.3100851409393188
1521 0.3107232366833821
1521.5 0.3093579466380809
1522 0.3083811630372117
1522.5 0.3030529797698815
1523 0.3108145899176563
1523.5 0.3082273653458805
1524 0.3077400187739637
1524.5 0.3083594976170224
1525 0.3050585016133698
1525.5 0.308256666574044
1526 0.3029357860929916
1526.5 0.3035398077985872
1527 0.3010856725820872
1527.5 0.3031425044278079
1528 0.3030776228166406
1528.5 0.2979772770375602
1529 0.2965993602728988
1529.5 0.3007849469267656
1530 0.2953297965121831
1530.5 0.2961014189870484
1531 0.2989493930303518
1531.5 0.2945854836606278
1532 0.2943268361046833
1532.5 0.2927415144261892
1533 0.2917052074747298
1533.5 0.2902229282562422
1534 0.2876002630401967
1534.5 0.2914991528997002
1535 0.2899205204827709
1535.5 0.2885586695380819
1536 0.289576165401836
1536.5 0.2898827496229286
1537 0.2885728656335242
1537.5 0.2880556233903409
1538 0.2875883979821134
1538.5 0.2861013391706544
1539 0.28410629337154
1539.5 0.2806180693375479
1540 0.2839181265922604
1540.5 0.2805165073558759
1541 0.2810562943695832
1541.5 0.2812018723011227
1542 0.2792173976341097
1542.5 0.2788399409062339
1543 0.2807863023304201
1543.5 0.2774813208739897
1544 0.2757165864483634
1544.5 0.2736601365332694
1545 0.2729608132543436
1545.5 0.2757850801201121
1546 0.2736183123384023
1546.5 0.2742883847419137
1547 0.2711323491041028
1547.5 0.2702251617951465
1548 0.2670431996229131
1548.5 0.2703961266880211
1549 0.2659029831910325
1549.5 0.266607549786847
1550 0.2695001006061881
1550.5 0.2659882942583863
1551 0.2652500535728575
1551.5 0.2664061313999614
1552 0.2676900459811575
1552.5 0.2651741215878831
1553 0.2646319069344486
1553.5 0.2635576672906114
1554 0.2647592359136194
1554.5 0.2631864450157615
1555 0.2630333308218629
1555.5 0.2635726579164882
1556 0.2630493221560614
1556.5 0.2569792485214296
1557 0.258854986118537
1557.5 0.2582070542287878
1558 0.2582660278458003
1558.5 0.2559672792805897
1559 0.253142509892745
1559.5 0.2550304515735302
1560 0.2516815594353579
1560.5 0.2524001357855791
1561 0.2492329669841489
1561.5 0.2536586321175937
1562 0.2524744241614105
1562.5 0.2486110650173045
1563 0.2525501094614115
1563.5 0.248133791724588
1564 0.2482299709465706
1564.5 0.2490899095658635
1565 0.2480241812203159
1565.5 0.2461173312623603
1566 0.2469609355024567
1566.5 0.2442474892994412
1567 0.2440281865615319
1567.5 0.2442847461817932
1568 0.2399619262307243
1568.5 0.2402523200633245
1569 0.2428842633225301
1569.5 0.241749065520781
1570 0.238371102260751
1570.5 0.2399250868907369
1571 0.2386359530993364
1571.5 0.2378689466058753
1572 0.2357471832719266
1572.5 0.2384644703672658
1573 0.23691170364915
1573.5 0.2348416490282458
1574 0.2349754994208224
1574.5 0.2312749773716574
1575 0.2293222253073333
1575.5 0.2348107706392578
1576 0.2282784746579609
1576.5 0.2306571956223021
1577 0.2304326356864816
1577.5 0.2287994504534309
1578 0.227418594509942
1578.5 0.2269774946964224
1579 0.2316773067294605
1579.5 0.2264247362634564
1580 0.2256572704949208
1580.5 0.2251246504636527
1581 0.2232835351437828
1581.5 0.2234850218033908
1582 0.2233904720635162
1582.5 0.2208538187352166
1583 0.2204345066419993
1583.5 0.2187106865858992
1584 0.2173150412270523
1584.5 0.2198001218776771
1585 0.2212275993536959
1585.5 0.218035285670069
1586 0.214320405281918
1586.5 0.2160270920425479
1587 0.2151794999710669
1587.5 0.2129726775419733
1588 0.2122670195107981
1588.5 0.2104043583877429
1589 0.2107039578694034
1589.5 0.214395224331991
1590 0.2091138415460356
1590.5 0.2089977846059291
1591 0.2105285099012561
1591.5 0.2080123719958452
1592 0.2073745154219191
1592.5 0.2077665745235895
1593 0.204919062324273
1593.5 0.2063552942261229
1594 0.2036808051681387
1594.5 0.2044724070134797
1595 0.2040532952798574
1595.5 0.2036805771392474
1596 0.2036753236124645
1596.5 0.2018359976581088
1597 0.2026719006454293
1597.5 0.2004385471510782
1598 0.1995046219797927
1598.5 0.2010568322494244
1599 0.1991028042226288
1599.5 0.1991306093353011
1600 0.1984735818445543
1600.5 0.1950800116194792
1601 0.1961132193544849
1601.5 0.1950339149271197
1602 0.1978265377373141
1602.5 0.1921814378143772
1603 0.1923950870846148
1603.5 0.1915933483816893
1604 0.1926852050486461
1604.5 0.1918993415073671
1605 0.1875909460490756
1605.5 0.1895747989283932
1606 0.1902723581310765
1606.5 0.1901841254535949
1607 0.1871544712594297
1607.5 0.1894953219185314
1608 0.1861383412391343
1608.5 0.1843062004083581
1609 0.184853743989658
1609.5 0.1841975507273095
1610 0.1814982712252216
1610.5 0.1857561480734671
1611 0.1805225288157311
1611.5 0.1819405716227658
1612 0.1792492440537919
1612.5 0.1801119198606389
1613 0.1793414812579184
1613.5 0.1814299522568571
1614 0.1762930069593904
1614.5 0.1800395795812979
1615 0.1766572400187705
1615.5 0.176712094463065
1616 0.1784823060599178
1616.5 0.1753903489337917
1617 0.1736877501726791
1617.5 0.1729997005971601
1618 0.1712113349947912
1618.5 0.1726521499434873
1619 0.1710742067497328
1619.5 0.1724835570423255
1620 0.1709075995916765
1620.5 0.1687550162591695
1621 0.1684137243857416
1621.5 0.1684580375828008
1622 0.1682357403488894
1622.5 0.1672589997032462
1623 0.1670376510315371
1623.5 0.1656785195405596
1624 0.1673489680114171
1624.5 0.1637475309005287
1625 0.1622453143472323
1625.5 0.1620865444109294
1626 0.1618395343520457
1626.5 0.1602822670941162
1627 0.1630828221971149
1627.5 0.1600412392429564
1628 0.1625591816705517
1628.5 0.1606967060391004
1629 0.1585575680323447
1629.5 0.1559662272999193
1630 0.1570728321888317
1630.5 0.1531667589278009
1631 0.156118798318902
1631.5 0.1564036311431359
1632 0.1534264929059048
1632.5 0.1536248651318886
1633 0.1534431558817049
1633.5 0.1513345554616915
1634 0.1526717926615898
1634.5 0.1542406658318314
1635 0.1515670370867839
1635.5 0.1516637028096113
1636 0.1480924771735763
1636.5 0.1506783973403422
1637 0.148522145082655
1637.5 0.1468043346349003
1638 0.1438109196419486
1638.5 0.1433168786110872
1639 0.1454336495857862
1639.5 0.1440986048041073
1640 0.1404188124537652
1640.5 0.1430544936271332
1641 0.1426346140542118
1641.5 0.1394828135753494
1642 0.1430244206286018
1642.5 0.13974621045228
1643 0.1420566787155215
1643.5 0.1382638000955001
1644 0.1382806034811798
1644.5 0.1366120373400873
1645 0.1389762754340778
1645.5 0.1378991287953663
1646 0.1360899752327714
1646.5 0.1358492691641869
1647 0.1370449081011301
1647.5 0.1351677292936087
1648 0.1344976449054675
1648.5 0.1328679265346955
1649 0.1319707839310393
1649.5 0.1320482796065742
1650 0.1308951171085876
1650.5 0.1294287288997877
1651 0.1296075896112357
1651.5 0.1273295985879036
1652 0.1278092194547911
1652.5 0.1278602763029936
1653 0.1265140899170029
1653.5 0.1261526266939598
1654 0.126346917128584
1654.5 0.1259574837756194
1655 0.1253836082796655
1655.5 0.1236022394315537
1656 0.1193939254890932
1656.5 0.1211532131122516
1657 0.1227259122845823
1657.5 0.1204824312197507
1658 0.1207215337095427
1658.5 0.1198131785518043
1659 0.117504672252342
1659.5 0.1183674622253178
1660 0.1195401996157169
1660.5 0.1175750386221533
1661 0.114525003834552
1661.5 0.116346988676109
1662 0.1144859485045606
1662.5 0.1151218074691776
1663 0.1171936299660956
1663.5 0.1126606843433845
1664 0.1148299365939485
1664.5 0.1144094493877457
1665 0.1132727968580836
1665.5 0.1117302264276022
1666 0.1134736980663971
1666.5 0.1093799633073481
1667 0.1107862751457267
1667.5 0.109178763032727
1668 0.108539258403986
1668.5 0.1092158484360004
1669 0.1092483130956248
1669.5 0.1083443069239692
1670 0.1072178766702274
1670.5 0.1064836435365299
1671 0.1060013918798735
1671.5 0.1072067863056622
1672 0.1064459500083691
1672.5 0.1051568082687399
1673 0.1049687014460195
1673.5 0.1031811999224379
1674 0.1033836956165356
1674.5 0.1035998240522467
1675 0.1015385901923445
1675.5 0.1024215913930399
1676 0.1012094369827649
1676.5 0.1007887207904322
1677 0.1017536454444168
1677.5 0.09982414896426521
1678 0.09867169757974957
1678.5 0.1001062178675397
1679 0.09963204646888316
1679.5 0.1000284749047132
1680 0.0959111121012293
1680.5 0.09875077377800265
1681 0.09669310648675959
1681.5 0.09866090819434002
1682 0.09780363815945535
1682.5 0.095722626382966
1683 0.09409791843465366
1683.5 0.095966306785046
1684 0.09820334958185822
1684.5 0.09408142345561628
1685 0.09528786978410077
1685.5 0.09342133168942776
1686 0.09395520551026763
1686.5 0.09377623995385347
1687 0.09107890692835767
1687.5 0.09045039345994027
1688 0.09118977157513281
1688.5 0.09190093110781869
1689 0.09154610791111935
1689.5 0.0892674102142172
1690 0.08943282571807722
1690.5 0.08734887810857056
1691 0.0867114345608842
1691.5 0.08932874077754192
1692 0.08934398913939989
1692.5 0.08776811777904188
1693 0.08766191968246462
1693.5 0.08835722697892616
1694 0.08675753099119221
1694.5 0.0877781276332371
1695 0.08753652359031458
1695.5 0.08478826436327133
1696 0.08572691447466713
1696.5 0.08478308195389356
1697 0.08350217173631416
1697.5 0.08407486321203098
1698 0.08345789142652729
1698.5 0.08293615328162388
1699 0.0826984133709129
1699.5 0.08256883669721371
1700 0.0819406640405716
1700.5 0.0812862730590279
1701 0.08102307744394061
1701.5 0.07952226703469037
1702 0.08203060261849558
1702.5 0.08145827730987119
1703 0.07932851512097469
1703.5 0.07969809700061346
1704 0.0784304683915837
1704.5 0.07904146421274395
1705 0.07836529553845242
1705.5 0.07928361386694345
1706 0.07903637748220554
1706.5 0.07778615637062891
1707 0.07752669050627918
1707.5 0.07737440434961219
1708 0.07664809019016701
1708.5 0.07729720053632765
1709 0.07699856129826639
1709.5 0.07551389686200864
1710 0.07556299790220757
1710.5 0.07428059654039436
1711 0.07476945094551346
1711.5 0.07495184985933807
1712 0.07484162096638439
1712.5 0.07356258289387096
1713 0.07543131553417794
1713.5 0.07176520708753813
1714 0.07271784322287272
1714.5 0.07290072451778426
1715 0.07295093479392384
1715.5 0.07371586255179165
1716 0.07293208071594481
1716.5 0.07066840226633232
1717 0.07222610842767145
1717.5 0.07222367953776118
1718 0.07050545882713444
1718.5 0.07212645902035247
1719 0.07005432860605507
1719.5 0.06874876373600859
1720 0.067523710805972
1720.5 0.06891890973254088
1721 0.06827386148670277
1721.5 0.0671826306482062
1722 0.06873320883388702
1722.5 0.06743288372307256
1723 0.06622590904618805
1723.5 0.06703991394623612
1724 0.06394719123411544
1724.5 0.06574397772405403
1725 0.06622952786625291
1725.5 0.06565471315068565
1726 0.06566898505429811
1726.5 0.06640200729321172
1727 0.06390807248716082
1727.5 0.0640407796160212
1728 0.06478648493266342
1728.5 0.06300185493070246
1729 0.06181870062020637
1729.5 0.06197831295328907
1730 0.0620205876946062
1730.5 0.06315550402690689
1731 0.06491313870248265
1731.5 0.06171827743488859
1732 0.06191639324215235
1732.5 0.06038815268656004
1733 0.06220814160357811
1733.5 0.06269079520323971
1734 0.06010233775161255
1734.5 0.06074100916111851
1735 0.06052483165304077
1735.5 0.05970101882483275
1736 0.05943396494023979
1736.5 0.05888299938991527
1737 0.06017895535045953
1737.5 0.06033788104088629
1738 0.05807210668298652
1738.5 0.05776804105731714
1739 0.0580053379541768
1739.5 0.05667171435759015
1740 0.05819601801858012
1740.5 0.05652945611304881
1741 0.05681828896391415
1741.5 0.05602784030832213
1742 0.05644498250508271
1742.5 0.05496282758861329
1743 0.05754707477365426
1743.5 0.05637353087005429
1744 0.05559836279962153
1744.5 0.05465766895814736
1745 0.05470310933785007
1745.5 0.05385348770671197
1746 0.05517715929072377
1746.5 0.05333207590358391
1747 0.05434818256798387
1747.5 0.05288836086450631
1748 0.05241188732144154
1748.5 0.05085288927527441
1749 0.05365090085954115
1749.5 0.05202932264546066
1750 0.05211407637048258
1750.5 0.04992313498151706
1751 0.05241032335991572
1751.5 0.05086930921691317
1752 0.05222360096776546
1752.5 0.04954289311986937
1753 0.05206262352354579
1753.5 0.0500691909642965
1754 0.05029389146644776
1754.5 0.04996151249498447
1755 0.0487315186640031
1755.5 0.05205349005498346
1756 0.04926979580499848
1756.5 0.04820641045886935
1757 0.04867111486725419
1757.5 0.04686517212500631
1758 0.04901910529398851
1758.5 0.04724019709601299
1759 0.04762882206543428
1759.5 0.04824349299549697
1760 0.04659379184642747
1760.5 0.04694439277398901
1761 0.04672931410086587
1761.5 0.047757368851318
1762 0.04693978310692235
1762.5 0.04583469106436693
1763 0.04523217130779872
1763.5 0.04485579636481384
1764 0.04486792837231749
1764.5 0.04394164997706286
1765 0.04456700550062893
1765.5 0.04396687207575245
1766 0.04445409446178678
1766.5 0.04441644941021579
1767 0.04446617520373571
1767.5 0.04209676970241308
1768 0.04235959719978598
1768.5 0.04407939375522311
1769 0.04284699596976616
1769.5 0.04327067023662063
1770 0.04217688382030013
1770.5 0.04200393875572087
1771 0.04272543554990207
1771.5 0.04206824882241753
1772 0.04208173013640142
1772.5 0.04091726818891822
1773 0.04084462473822063
1773.5 0.04219635393416192
1774 0.04042724327538288
1774.5 0.04030549424972713
1775 0.04139557438489574
1775.5 0.03986467136927132
1776 0.03968167365858285
1776.5 0.04019010594702562
1777 0.03973571643013895
1777.5 0.03971336474084401
1778 0.03996212867756561
1778.5 0.03838789000495641
1779 0.04004030210718148
1779.5 0.03918128097188544
1780 0.03904861796374626
1780.5 0.03854745775593043
1781 0.03923812099624717
1781.5 0.03733814473445101
1782 0.03850712500328544
1782.5 0.03812997236102891
1783 0.03788802588246739
1783.5 0.03764634468872816
1784 0.03862891170852381
1784.5 0.03704144708217752
1785 0.03803546663268002
1785.5 0.03594910957757803
1786 0.03690597892360895
1786.5 0.0361773987490985
1787 0.03527884531269852
1787.5 0.03597843654809383
1788 0.03544654175394918
1788.5 0.03525622893489327
1789 0.03551646921586074
1789.5 0.03543580128995413
1790 0.03405432099463031
1790.5 0.03337914339326613
1791 0.03419846847276662
1791.5 0.03404586863327483
1792 0.0343422730736215
1792.5 0.03334107079136362
1793 0.03355270628416043
1793.5 0.03416374743962436
1794 0.03328533980103483
1794.5 0.0341256819858223
1795 0.03390113839245644
1795.5 0.03321766488413764
1796 0.03334409391304943
1796.5 0.03273410119013963
1797 0.03117177505634471
1797.5 0.03121471908058251
1798 0.03187215876242435
1798.5 0.0324806895572705
1799 0.0318728451344132
1799.5 0.03184310565388089
1800 0.03111604853847835
1800.5 0.0317596779698032
1801 0.03278690330720495
1801.5 0.03057212246048181
1802 0.03131094047425813
1802.5 0.03087392644066022
1803 0.03136010063605042
1803.5 0.03117504243395977
1804 0.02991288960586817
1804.5 0.03023128779043529
1805 0.02919822330044747
1805.5 0.02932545447379612
1806 0.02917784101142092
1806.5 0.02900651278514347
1807 0.03045788118475566
1807.5 0.02875980055986036
1808 0.02839830168643808
1808.5 0.02808483993673598
1809 0.02880735673678085
1809.5 0.02876764429419913
1810 0.02849015699791253
1810.5 0.02884283174566566
1811 0.02754412791088039
1811.5 0.02789692687410953
1812 0.02673067856267614
1812.5 0.0273562612480799
1813 0.02762560792518535
1813.5 0.02627190714455592
1814 0.02724000805800635
1814.5 0.02672806164869956
1815 0.02747015624092056
1815.5 0.02676953814351307
1816 0.02635318194232503
1816.5 0.02657479169978725
1817 0.02687874849555879
1817.5 0.02577902555559165
1818 0.025104814930469
1818.5 0.02536194740202706
1819 0.02468869933839188
1819.5 0.02441626105408374
1820 0.02534368003846577
1820.5 0.02478907900940949
1821 0.02469323551639722
1821.5 0.02371691498245176
1822 0.02585133230764319
1822.5 0.0242773036302615
1823 0.02429915343052727
1823.5 0.02477787255965615
1824 0.02489308778768029
1824.5 0.02375600899260962
1825 0.02363772928006684
1825.5 0.02405729946630808
1826 0.0234716472071252
1826.5 0.02356389003165688
1827 0.02372605115437166
1827.5 0.02360809343899937
1828 0.02281411473585174
1828.5 0.02308127124196619
1829 0.02228844145398397
1829.5 0.02211332006083701
1830 0.02192675447282935
1830.5 0.022554200766181
1831 0.02237921108615319
1831.5 0.02127535433271811
1832 0.02135659750456632
1832.5 0.02177416374146984
1833 0.02114779454802868
1833.5 0.02142595858219521
1834 0.02147218526368421
1834.5 0.0221897218927363
1835 0.02261725023487097
1835.5 0.02028084238271676
1836 0.02089383933802689
1836.5 0.02118276481717354
1837 0.02045552279075739
1837.5 0.02032901737509174
1838 0.02057164467952031
1838.5 0.02060655651662542
1839 0.02029586773955345
1839.5 0.01966316667398264
1840 0.01907717478326501
1840.5 0.02060779570125655
1841 0.01934379662335008
1841.5 0.01894272209031788
1842 0.01973612119789621
1842.5 0.01924346383634282
1843 0.01873986941416259
1843.5 0.01821389345668018
1844 0.01918925687046591
1844.5 0.01880100271560802
1845 0.0184360542716215
1845.5 0.0192267019009346
1846 0.01846181147393221
1846.5 0.0173321378817545
1847 0.01864736932131546
1847.5 0.01798674168044921
1848 0.0184674993954645
1848.5 0.01767087142177058
1849 0.01757016054768548
1849.5 0.0171165206263967
1850 0.01771052006550729
1850.5 0.01728004119520136
1851 0.01768001928302286
1851.5 0.01721592565575746
1852 0.01692269324823363
1852.5 0.01743572300348216
1853 0.01667752785164515
1853.5 0.01706540099900299
1854 0.01684087018945697
1854.5 0.01635606005120286
1855 0.01658498088381425
1855.5 0.01619134381405971
1856 0.01591121455981235
1856.5 0.01612869556346267
1857 0.01567945045464387
1857.5 0.01569359113969643
1858 0.01640733954185705
1858.5 0.01577821109415775
1859 0.01551046552836401
1859.5 0.01572744703838243
1860 0.01558387227833281
1860.5 0.0155192273696304
1861 0.01578083951535643
1861.5 0.01473810984573913
1862 0.01397739394077772
1862.5 0.0141271077221014
1863 0.01466949138051523
1863.5 0.01524494426870499
1864 0.01482193203836096
1864.5 0.01397355332436253
1865 0.01444765014499893
1865.5 0.01420483828405667
1866 0.01494680462738991
1866.5 0.01347399050202293
1867 0.01391380440845304
1867.5 0.0129457552920206
1868 0.01407753193698453
1868.5 0.01332242551842648
1869 0.01367215728609495
1869.5 0.01330817693600352
1870 0.0133567608016006
1870.5 0.0129933342131136
1871 0.01398791166958688
1871.5 0.0125456918251679
1872 0.01375064877627687
1872.5 0.01282116043179231
1873 0.01265885645100663
1873.5 0.01230805220860809
1874 0.01301139967734284
1874.5 0.01241687507212084
1875 0.01288671871613241
1875.5 0.01178345559305624
1876 0.01267374594418044
1876.5 0.01201428323731771
1877 0.01253861847309435
1877.5 0.01248773662621121
1878 0.01231540986475622
1878.5 0.01195559614464896
1879 0.01164029744294611
1879.5 0.01173335326087351
1880 0.0108894620207857
1880.5 0.01177595691910214
1881 0.01078980666871094
1881.5 0.01138930131992934
1882 0.01249407969111348
1882.5 0.01115735498711324
1883 0.01127228340679403
1883.5 0.01124433785019575
1884 0.01076644655672854
1884.5 0.01073879586054489
1885 0.01026167647097125
1885.5 0.01014665961813753
1886 0.01022889399515598
1886.5 0.01085833488113045
1887 0.009747631039158733
1887.5 0.01046413166832568
1888 0.009682665312657575
1888.5 0.01024552078115036
1889 0.009781585880616324
1889.5 0.009274495860160497
1890 0.01005477811510198
1890.5 0.009820567975679069
1891 0.009499453161509189
1891.5 0.00912423591615971
1892 0.009532943532514966
1892.5 0.009625796430687129
1893 0.009577228714796602
1893.5 0.009213622445710607
1894 0.009176180295942353
1894.5 0.009171337345613206
1895 0.009242433716529564
1895.5 0.009020714279191284
1896 0.00862584361548864
1896.5 0.009119511512224964
1897 0.008346125190398243
1897.5 0.008731224278810221
1898 0.008315705532172635
1898.5 0.008441021557545256
1899 0.007961277038621178
1899.5 0.008561695344356605
1900 0.007823408060308779
1900.5 0.008725251462683929
1901 0.007750502044134602
1901.5 0.008737624424896701
1902 0.007505453374800727
1902.5 0.007975061771118296
1903 0.007884816244507792
1903.5 0.007461375325969518
1904 0.007242544744010575
1904.5 0.007786481051383585
1905 0.007954143585315267
1905.5 0.007746124445011077
1906 0.007163014797966114
1906.5 0.007405759539173263
1907 0.007669672412029911
1907.5 0.007430115343258221
1908 0.007329916194818729
1908.5 0.007326076029229186
1909 0.007685678474737724
1909.5 0.006666692790475727
1910 0.007197113315617182
1910.5 0.007321418126686376
1911 0.007093579652058332
1911.5 0.006684733756575004
1912 0.007022226238053183
1912.5 0.006826849367282242
1913 0.006674254750337375
1913.5 0.005947302835553878
1914 0.006369540949221791
1914.5 0.006483123162293518
1915 0.006692188592872514
1915.5 0.006306484182986136
1916 0.005931792859535565
1916.5 0.006225663347981264
1917 0.006604029421212827
1917.5 0.00564705011962654
1918 0.006395947811971712
1918.5 0.006202106042305733
1919 0.006008465401641336
1919.5 0.005413260245726532
1920 0.005695757441955602
1920.5 0.005893465620581262
1921 0.005668716455280868
1921.5 0.005581360479800178
1922 0.005873724965209829
1922.5 0.005512316816845502
1923 0.00526716125248795
1923.5 0.005706634843076407
1924 0.005019649832799701
1924.5 0.005553455167024815
1925 0.005256222187418185
1925.5 0.005327041644292491
1926 0.005145750121145543
1926.5 0.004733732293666865
1927 0.004993541941146459
1927.5 0.004676395821198161
1928 0.005061721545013904
1928.5 0.004598227054151116
1929 0.004836628144963842
1929.5 0.005012000735927166
1930 0.005093068551189824
1930.5 0.004818662307594475
1931 0.004492303468952905
1931.5 0.004646605097349921
1932 0.004414599418101256
1932.5 0.004485332353796064
1933 0.00431620249603632
1933.5 0.004282709803086783
1934 0.00481165205375221
1934.5 0.004267873781694576
1935 0.003943142296252133
1935.5 0.004211471348037962
1936 0.003970249826643756
1936.5 0.00391626008304639
1937 0.004090742651253833
1937.5 0.00368391931037398
1938 0.004034662709912786
1938.5 0.004219179254307972
1939 0.003792194864262563
1939.5 0.004069847732206994
1940 0.003550224679421441
1940.5 0.003465633965797741
1941 0.003887782429194768
1941.5 0.003761765961318635
1942 0.003511928329753116
1942.5 0.003644331114214641
1943 0.003539270019929954
1943.5 0.003867473586349393
1944 0.003535629732158498
1944.5 0.0034926010620178
1945 0.003346642547462278
1945.5 0.003067036696676256
1946 0.003250622890218572
1946.5 0.00314613814901028
1947 0.003134246249120814
1947.5 0.003009385791440034
1948 0.003069435146789949
1948.5 0.003026818461585043
1949 0.003250878681288574
1949.5 0.003279960984512958
1950 0.002950451251995495
1950.5 0.003010375006436709
1951 0.002855320365756089
1951.5 0.002526533264239475
1952 0.002903513782356174
1952.5 0.002983774134401087
1953 0.002747343558957916
1953.5 0.002827600933938629
1954 0.002683315925590081
1954.5 0.002335228118176411
1955 0.002517494951384737
1955.5 0.002618078482081929
1956 0.002392739063415649
1956.5 0.002228689612238736
1957 0.002308922651476909
1957.5 0.002389073435361772
1958 0.002164309705611807
1958.5 0.002295231342975807
1959 0.002212854199621506
1959.5 0.002374053492287906
1960 0.001865824789232756
1960.5 0.002290550780659594
1961 0.002066522597080244
1961.5 0.002267966168726751
1962 0.001993578762865779
1962.5 0.001770043323821794
1963 0.00236559523488192
1963.5 0.001758136602481284
1964 0.001797637891983799
1964.5 0.001514092371193535
1965 0.001785719887732788
1965.5 0.002248660780061292
1966 0.001814139404352773
1966.5 0.001752776433031442
1967 0.002013661442603312
1967.5 0.001640300060196747
1968 0.001679698991445962
1968.5 0.001638633935306579
1969 0.001527275321146759
1969.5 0.001737397976353151
1970 0.001636139503697594
1970.5 0.001474788134606338
1971 0.001103023118710736
1971.5 0.001633650763527359
1972 0.001542666604707658
1972.5 0.001481811190203048
1973 0.001471053076881526
1973.5 0.001320276363262018
1974 0.001379589779272749
1974.5 0.001298955444706894
1975 0.001368206173639074
1975.5 0.001327586267464853
1976 0.001257076891959429
1976.5 0.001116836409621384
1977 0.001305639064193178
1977.5 0.001095783809453145
1978 0.001154969706108536
1978.5 0.001273805263001933
1979 0.00134278771279279
1979.5 0.001173103076171413
1980 0.001033399238699193
1980.5 0.001082535090479519
1981 0.001181253718935098
1981.5 0.001081442724161102
1982 0.001110646624078956
1982.5 0.001189378360116432
1983 0.0009510229186878916
1983.5 0.0008713315527191251
1984 0.0009500644678354993
1984.5 0.0008308875624503239
1985 0.0008601286402999227
1985.5 0.0007806430309580111
1986 0.0009086455782517598
1986.5 0.0009180598366547264
1987 0.0007005317008318831
1987.5 0.0007692110360311028
1988 0.0007589674376390974
1988.5 0.0006600681699494757
1989 0.0008566725769322432
1989.5 0.0005413024353623467
1990 0.000600051962798082
1990.5 0.0006784063516394429
1991 0.0006485845423716619
1991.5 0.0006580810115084774
1992 0.0006381163420304453
1992.5 0.0005592981386927887
1993 0.000784586024724328
1993.5 0.0006175515952931025
1994 0.0005976469473306289
1994.5 0.0004406660685631126
1995 0.0003425684974409975
1995.5 0.0004402245194239371
1996 0.0003617810614717943
1996.5 0.0004495566032390239
1997 0.0004297953625997666
1997.5 0.0004588697835412268
1998 0.0003805737395988626
1998.5 0.0004876709406773999
1999 0.00032170182906726
1999.5 0.0002825662964649859
2000 0.0003798129726934045
2000.5 0.0004380266969979914
2001 0.0002724137549471353
2001.5 0.0002917260719449398
2002 0.0003207384101050298
2002.5 0.0003205782611073487
2003 0.000339837518816036
2003.5 0.0003202583227429362
2004 0.0002909986664881541
2004.5 0.0003296339801525647
2005 0.0001841153617312224
2005.5 0.0002905635283561308
2006 0.0002807380758791889
2006.5 0.0002515707811682996
2007 0.0001450646827527533
2007.5 0.0001739909164684871
2008 0.0001835656271933078
2008.5 0.0002703830966889809
2009 0.0001930346625179377
2009.5 0.000202585544098863
2010 0.0002314111632078594
2010.5 0.0001638347206562591
2011 0.000115590537532887
2011.5 0.0001444163497862793
2012 0.0002020824136731706
2012.5 0.000163509248234695
2013 0.0001634280316715694
2013.5 0.0001153036768976127
2014 7.683095528224578e-05
2014.5 0.0001151892315677918
2015 4.797169699524414e-05
2015.5 6.712705798371261e-05
2016 6.709376496104605e-05
2016.5 0.0001532811353160252
2017 6.702725317830694e-05
2017.5 9.570576338451934e-05
2018 5.7395005927578e-05
2018.5 4.780547913777129e-05
2019 1.911272170767163e-05
2019.5 2.865488818986633e-05
2020 5.728140871459126e-05
2020.5 3.816870807115267e-05
2021 9.537456089218335e-06
2021.5 9.532738663254023e-06
2022 9.528024736431163e-06
2022.5 0
2023 1.903721473274986e-05
2023.5 0
2024 9.509203951422609e-06
2024.5 2.851352240548687e-05
2025 1.899962892803074e-05
2025.5 9.495124934547619e-06
2026 0
2026.5 0
2027 0
2027.5 0
2028 9.471729292494579e-06
