32.8 28
33.4 354
33.6 1
33.8 4118
34 24
34.2 824
34.4 1218
34.6 1711
34.8 3126
35 2064
35.2 2794
35.4 3091
35.6 4567
35.8 5104
36 6121
36.2 6510
36.4 7008
36.6 12841
36.8 12179
37 14798
37.2 17775
37.4 28705
37.6 50543
37.8 80698
38 115839
38.2 127393
38.4 142834
38.6 192258
38.8 193467
39 271421
39.2 303022
39.4 398022
39.6 453729
39.8 699607
40 832691
40.2 956751
40.4 1078480
40.6 1040023
40.8 1202314
41 1105617
41.2 1225208
41.4 1194438
41.6 1240964
41.8 1237625
42 1172694
42.2 1161709
42.4 1151150
42.6 1131113
42.8 1211637
43 1118760
43.2 1080575
43.4 1053130
43.6 949785
43.8 837360
44 769056
44.2 672664
44.4 683637
44.6 609265
44.8 518489
45 478773
45.2 439953
45.4 410379
45.6 363904
45.8 332762
46 293012
46.2 264436
46.4 225077
46.6 212434
46.8 189941
47 167824
47.2 153086
47.4 139726
47.6 132104
47.8 124623
48 114776
48.2 100279
48.4 96301
48.6 88439
48.8 81466
49 75992
49.2 69863
49.4 66815
49.6 63756
49.8 58741
50 55816
50.2 53115
50.4 49323
50.6 47848
50.8 43887
51 42117
51.2 41005
51.4 37574
51.6 35919
51.8 34070
52 33169
52.2 32851
52.4 30921
52.6 29211
52.8 29030
53 27605
53.2 27500
53.4 26253
53.6 25925
53.8 25751
54 24283
54.2 24067
54.4 24122
54.6 23116
54.8 22935
55 22443
55.2 21771
55.4 21441
55.6 21102
55.8 21188
56 20679
56.2 20491
56.4 20600
56.6 19847
56.8 19768
57 19599
57.2 19478
57.4 19352
57.6 19605
57.8 18878
58 18873
58.2 18840
58.4 18564
58.6 18738
58.8 18537
59 18605
59.2 18377
59.4 18373
59.6 17769
59.8 18368
60 17871
60.2 18070
60.4 17734
60.6 17598
60.8 18043
61 17712
61.2 17944
61.4 17511
61.6 17352
61.8 17629
62 17275
62.2 17493
62.4 17368
62.6 17523
62.8 17358
63 17399
63.2 17482
63.4 17103
63.6 17125
63.8 17240
64 16923
64.2 17352
64.4 17267
64.6 16858
64.8 16823
65 16991
65.2 16689
65.4 17047
65.6 16883
65.8 16798
66 16883
66.2 16880
66.4 16855
66.6 17012
66.8 16894
67 16663
67.2 16572
67.4 16690
67.6 16773
67.8 16509
68 16765
68.2 16425
68.4 16682
68.6 16544
68.8 16920
69 16589
69.2 16611
69.4 16722
69.6 16696
69.8 16664
70 16741
70.2 16660
70.4 16716
70.6 16695
70.8 16537
71 16486
71.2 16609
71.4 16601
71.6 16699
71.8 16265
72 16530
72.2 16578
72.4 16547
72.6 16642
72.8 16605
73 16330
73.2 16514
73.4 16684
73.6 16533
73.8 16533
74 16737
74.2 16470
74.4 16519
74.6 16615
74.8 16355
75 16520
75.2 16333
75.4 16377
75.6 16384
75.8 16468
76 16583
76.2 16388
76.4 16519
76.6 16575
76.8 16312
77 16318
77.2 16359
77.4 16370
77.6 16224
77.8 16880
78 16523
78.2 16465
78.4 16384
78.6 16401
78.8 16473
79 16512
79.2 16496
79.4 16455
79.6 16378
79.8 16485
80 16591
80.2 16362
80.4 16027
80.6 16640
80.8 16255
81 16193
81.2 16577
81.4 16363
81.6 16422
81.8 16293
82 16435
82.2 16594
82.4 16483
82.6 16322
82.8 16351
83 16376
83.2 16292
83.4 16601
83.6 16509
83.8 16402
84 16516
84.2 16340
84.4 16313
84.6 16413
84.8 16284
85 16219
85.2 16223
85.4 16236
85.6 16352
85.8 16099
86 16301
86.2 16420
86.4 16128
86.6 16281
86.8 16280
87 16156
87.2 16434
87.4 16414
87.6 16287
87.8 16086
88 16733
88.2 16190
88.4 16359
88.6 16252
88.8 16370
89 16176
89.2 16586
89.4 16307
89.6 16215
89.8 16149
90 16450
90.2 16186
90.4 16386
90.6 16317
90.8 16474
91 16199
91.2 16295
91.4 16050
91.6 16323
91.8 16097
92 16102
92.2 16433
92.4 16130
92.6 16255
92.8 16169
93 16448
93.2 16479
93.4 16334
93.6 16147
93.8 16304
94 16302
94.2 16302
94.4 16362
94.6 16242
94.8 16324
95 16182
95.2 16268
95.4 16429
95.6 16299
95.8 16243
96 16033
96.2 16327
96.4 16365
96.6 16412
96.8 16252
97 16232
97.2 16144
97.4 16242
97.6 16184
97.8 15943
98 16099
98.2 16192
98.4 16180
98.6 16505
98.8 16336
99 16188
99.2 16259
99.4 15906
99.6 16178
99.8 16457
100 16277
100.2 16296
100.4 16099
100.6 16406
100.8 16331
101 16174
101.2 16280
101.4 16309
101.6 16260
101.8 16129
102 16273
102.2 16121
102.4 16018
102.6 16086
102.8 16240
103 16310
103.2 16248
103.4 16182
103.6 16355
103.8 16048
104 16125
104.2 15895
104.4 16018
104.6 16187
104.8 16031
105 16036
105.2 16241
105.4 16567
105.6 16265
105.8 16233
106 16132
106.2 16209
106.4 16190
106.6 16246
106.8 16158
107 16212
107.2 16410
107.4 16409
107.6 16435
107.8 16073
108 16203
108.2 16338
108.4 16062
108.6 16209
108.8 16099
109 15980
109.2 15955
109.4 16158
109.6 16189
109.8 16248
110 16201
110.2 16219
110.4 16418
110.6 16153
110.8 16029
111 16436
111.2 15985
111.4 16170
111.6 16359
111.8 16335
112 16224
112.2 16119
112.4 16335
112.6 16349
112.8 16280
113 15979
113.2 16019
113.4 16195
113.6 16123
113.8 16273
114 15942
114.2 16207
114.4 16010
114.6 16257
114.8 15995
115 16193
115.2 16162
115.4 16075
115.6 16136
115.8 16152
116 16170
116.2 16260
116.4 16105
116.6 16189
116.8 16397
117 16096
117.2 16080
117.4 16407
117.6 16203
117.8 16208
118 16275
118.2 16442
118.4 16190
118.6 16222
118.8 16172
119 16284
119.2 16220
119.4 16432
119.6 16328
119.8 16217
120 16501
120.2 16284
120.4 16205
120.6 16178
120.8 16119
121 16084
121.2 16303
121.4 16153
121.6 16268
121.8 16145
122 16486
122.2 16223
122.4 16226
122.6 16257
122.8 16247
123 16065
123.2 16160
123.4 16203
123.6 16171
123.8 16384
124 16262
124.2 16191
124.4 16155
124.6 16203
124.8 16279
125 16188
125.2 16204
125.4 16201
125.6 16403
125.8 16365
126 16266
126.2 16351
126.4 16155
126.6 16053
126.8 16329
127 16381
127.2 16110
127.4 16090
127.6 16308
127.8 16137
128 16259
128.2 16249
128.4 16185
128.6 16231
128.8 16081
129 16086
129.2 16180
129.4 16288
129.6 16204
129.8 16179
130 16158
130.2 16186
130.4 16225
130.6 16174
130.8 16143
131 16355
131.2 16242
131.4 16203
131.6 16271
131.8 16191
132 15936
132.2 16094
132.4 16329
132.6 16219
132.8 16167
133 16301
133.2 16391
133.4 16282
133.6 15994
133.8 16322
134 16258
134.2 16357
134.4 16378
134.6 16326
134.8 16272
135 16167
135.2 16315
135.4 16327
135.6 16108
135.8 16426
136 16350
136.2 16237
136.4 16165
136.6 16237
136.8 16216
137 16337
137.2 16193
137.4 16312
137.6 16347
137.8 16387
138 16235
138.2 16176
138.4 16356
138.6 16236
138.8 16149
139 16319
139.2 16391
139.4 16191
139.6 16110
139.8 16302
140 16260
140.2 16005
140.4 16428
140.6 16210
140.8 16070
141 16340
141.2 16302
141.4 16067
141.6 16372
141.8 16137
142 16214
142.2 16233
142.4 16429
142.6 16178
142.8 16057
143 16162
143.2 16111
143.4 16313
143.6 16248
143.8 16358
144 16279
144.2 16070
144.4 16101
144.6 16363
144.8 16245
145 16299
145.2 16039
145.4 16272
145.6 16325
145.8 16353
146 16416
146.2 16117
146.4 16445
146.6 16421
146.8 16306
147 16341
147.2 16133
147.4 16258
147.6 16134
147.8 16193
148 16176
148.2 16300
148.4 16170
148.6 16340
148.8 16326
149 16148
149.2 16344
149.4 16276
149.6 16282
149.8 16415
150 16327
150.2 16359
150.4 16218
150.6 16206
150.8 16642
151 16259
151.2 16205
151.4 15777
151.6 16246
151.8 16341
152 16194
152.2 16182
152.4 16260
152.6 16342
152.8 15997
153 16336
153.2 16132
153.4 16229
153.6 16204
153.8 16368
154 16385
154.2 16269
154.4 15949
154.6 16384
154.8 16139
155 16314
155.2 16239
155.4 15969
155.6 16227
155.8 16142
156 16092
156.2 16358
156.4 16395
156.6 16136
156.8 16192
157 16197
157.2 16163
157.4 16234
157.6 16406
157.8 16254
158 16366
158.2 16452
158.4 16317
158.6 16279
158.8 16262
159 16117
159.2 16289
159.4 16246
159.6 16287
159.8 16164
160 16259
160.2 16251
160.4 16234
160.6 16230
160.8 16066
161 16343
161.2 16488
161.4 16385
161.6 16109
161.8 16227
162 16343
162.2 16399
162.4 16244
162.6 16365
162.8 16307
163 16210
163.2 16199
163.4 16110
163.6 16323
163.8 16316
164 16509
164.2 16169
164.4 16332
164.6 16155
164.8 16349
165 16379
165.2 16191
165.4 16188
165.6 16024
165.8 16199
166 16033
166.2 16230
166.4 15915
166.6 16260
166.8 16347
167 16212
167.2 16497
167.4 16219
167.6 16080
167.8 16173
168 16065
168.2 16099
168.4 16004
168.6 16449
168.8 16321
169 16295
169.2 16255
169.4 16317
169.6 16367
169.8 16245
170 16330
170.2 16271
170.4 16458
170.6 16284
170.8 16318
171 16224
171.2 16342
171.4 16433
171.6 16178
171.8 16329
172 16142
172.2 16294
172.4 16088
172.6 16118
172.8 16429
173 16098
173.2 16236
173.4 16350
173.6 16301
173.8 16284
174 16411
174.2 16358
174.4 16372
174.6 16518
174.8 16408
175 16314
175.2 16564
175.4 16327
175.6 16393
175.8 16418
176 16039
176.2 16039
176.4 16202
176.6 16070
176.8 16267
177 16417
177.2 16156
177.4 16319
177.6 16436
177.8 16175
178 16306
178.2 16266
178.4 16351
178.6 16312
178.8 16150
179 16312
179.2 16250
179.4 16347
179.6 16479
179.8 16214
180 16227
180.2 16305
180.4 16449
180.6 16131
180.8 16086
181 16296
181.2 16210
181.4 16398
181.6 16312
181.8 16363
182 16200
182.2 16402
182.4 16061
182.6 16523
182.8 16216
183 16473
183.2 16343
183.4 16176
183.6 16358
183.8 16217
184 16309
184.2 16195
184.4 16213
184.6 16432
184.8 16183
185 16193
185.2 16143
185.4 16318
185.6 16160
185.8 16404
186 16220
186.2 16356
186.4 16414
186.6 16166
186.8 16082
187 16351
187.2 16216
187.4 16400
187.6 16119
187.8 16317
188 15947
188.2 16075
188.4 16189
188.6 16156
188.8 16534
189 16402
189.2 16212
189.4 16149
189.6 16152
189.8 16494
190 16347
190.2 16305
190.4 16112
190.6 16070
190.8 15968
191 16302
191.2 16258
191.4 16294
191.6 16248
191.8 16263
192 16288
192.2 16242
192.4 16079
192.6 16394
192.8 16420
193 16344
193.2 16212
193.4 16323
193.6 16235
193.8 16225
194 16559
194.2 16212
194.4 16357
194.6 16448
194.8 16401
195 16303
195.2 16255
195.4 16369
195.6 16417
195.8 16369
196 16451
196.2 16219
196.4 16121
196.6 16318
196.8 16142
197 16253
197.2 16419
197.4 15952
197.6 16186
197.8 16136
198 16371
198.2 16165
198.4 16331
198.6 16365
198.8 16203
199 16419
199.2 16220
199.4 16302
199.6 16233
199.8 16312
200 16242
200.2 16341
200.4 16458
200.6 16365
200.8 16214
201 16370
201.2 16370
201.4 16209
201.6 16314
201.8 16186
202 16422
202.2 16188
202.4 16231
202.6 16258
202.8 16454
203 16165
203.2 16218
203.4 16315
203.6 16179
203.8 16198
204 16312
204.2 16256
204.4 16132
204.6 16193
204.8 16122
205 16291
205.2 16404
205.4 16339
205.6 16461
205.8 16299
206 16296
206.2 16253
206.4 16306
206.6 16353
206.8 16321
207 16521
207.2 16351
207.4 16356
207.6 16014
207.8 16175
208 16252
208.2 16138
208.4 16460
208.6 16303
208.8 16172
209 16526
209.2 16273
209.4 16401
209.6 16585
209.8 16286
210 16179
210.2 16278
210.4 16328
210.6 16313
210.8 16395
211 16113
211.2 16354
211.4 16354
211.6 16185
211.8 16438
212 16221
212.2 16301
212.4 16148
212.6 16369
212.8 16346
213 16403
213.2 16308
213.4 16321
213.6 16409
213.8 16282
214 16347
214.2 16186
214.4 16319
214.6 16298
214.8 16224
215 16254
215.2 16322
215.4 16390
215.6 16312
215.8 16201
216 16449
216.2 16475
216.4 16303
216.6 16231
216.8 16609
217 16253
217.2 16412
217.4 16240
217.6 16298
217.8 16213
218 16189
218.2 16188
218.4 16661
218.6 16158
218.8 16434
219 16356
219.2 16365
219.4 16266
219.6 16333
219.8 16291
220 16380
220.2 16263
220.4 16145
220.6 16261
220.8 16268
221 16351
221.2 16218
221.4 16389
221.6 16094
221.8 16293
222 16232
222.2 16271
222.4 16219
222.6 16238
222.8 16478
223 16406
223.2 16473
223.4 16495
223.6 16416
223.8 16172
224 16450
224.2 16252
224.4 16254
224.6 16318
224.8 16262
225 16617
225.2 16029
225.4 16249
225.6 16339
225.8 16421
226 16392
226.2 16264
226.4 16412
226.6 16206
226.8 16171
227 16449
227.2 16438
227.4 16567
227.6 16330
227.8 16259
228 16410
228.2 16269
228.4 16268
228.6 16320
228.8 16218
229 16175
229.2 16295
229.4 16387
229.6 16322
229.8 16338
230 16248
230.2 16482
230.4 16395
230.6 16585
230.8 16300
231 16264
231.2 16285
231.4 16401
231.6 16259
231.8 16140
232 16448
232.2 16381
232.4 16134
232.6 16443
232.8 16248
233 16183
233.2 16133
233.4 16325
233.6 16320
233.8 16476
234 16360
234.2 16418
234.4 16204
234.6 16042
234.8 16122
235 16248
235.2 16454
235.4 16089
235.6 16317
235.8 16323
236 16423
236.2 16413
236.4 16476
236.6 16191
236.8 16379
237 16365
237.2 16252
237.4 16428
237.6 16149
237.8 16314
238 16481
238.2 16322
238.4 16145
238.6 16261
238.8 16452
239 16175
239.2 16521
239.4 16381
239.6 16194
239.8 16435
240 16404
240.2 16026
240.4 16150
240.6 16100
240.8 16249
241 16417
241.2 16249
241.4 16491
241.6 16359
241.8 16310
242 16400
242.2 16174
242.4 16314
242.6 16280
242.8 16396
243 16361
243.2 16429
243.4 16259
243.6 16247
243.8 16240
244 16156
244.2 16075
244.4 16526
244.6 16466
244.8 16301
245 16403
245.2 16460
245.4 16393
245.6 16441
245.8 16285
246 16258
246.2 16263
246.4 16179
246.6 16396
246.8 16233
247 16182
247.2 16212
247.4 16266
247.6 16474
247.8 16493
248 16539
248.2 16273
248.4 16135
248.6 16185
248.8 16275
249 16275
249.2 16313
249.4 16097
249.6 16365
249.8 16371
250 16484
