0.00454795 1.25343
0.00643177 1.25358
0.00787728 1.25091
0.0090959 1.25625
0.0128635 1.24714
0.0136439 1.26783
0.0157546 1.23838
0.0181918 1.25289
0.0192953 1.24146
0.0227398 1.2362
0.0236318 1.22385
0.0257271 1.22713
0.0272877 1.21335
0.0315091 1.20954
0.0318357 1.20917
0.0321589 1.19292
0.0363836 1.17656
0.0385906 1.18154
0.0393864 1.17229
0.0409316 1.16814
0.0450224 1.14775
0.0454795 1.15509
0.0472637 1.13406
0.0500275 1.12182
0.0514542 1.12599
0.0545754 1.11256
0.055141 1.10497
0.057886 1.09378
0.0591234 1.09969
0.0630182 1.0658
0.0636713 1.06281
0.0643177 1.07213
0.0682193 1.05112
0.0707495 1.0333
0.0708955 1.04434
0.0727672 1.04154
0.0771813 1.01982
0.0773152 1.0085
0.0787728 0.998966
0.0818631 0.993445
0.083613 0.98725
0.0864111 0.980619
0.0866501 0.986362
0.0900448 0.979254
0.090959 0.969983
0.0945274 0.962152
0.095507 0.963364
0.0964766 0.952167
0.100055 0.938877
0.102405 0.942051
0.102908 0.944512
0.104603 0.935219
0.109151 0.942475
0.10934 0.94203
0.110282 0.936463
0.113699 0.934688
0.115772 0.948375
0.118159 0.935087
0.118247 0.92252
0.122204 0.941482
0.122795 0.941801
0.126036 0.938853
0.127343 0.9511
0.128635 0.934535
0.131891 0.949613
0.133914 0.952578
0.135067 0.950096
0.136439 0.95747
0.140986 0.967001
0.141499 0.953221
0.141791 0.954718
0.145534 0.966746
0.147931 0.981565
0.149668 0.978529
0.150082 0.984131
0.154363 0.983618
0.15463 0.987442
0.157546 0.979789
0.159178 1.0113
0.160794 0.98233
0.163726 1.00575
0.165423 1.00266
0.167226 1.00616
0.168274 1.00688
0.172822 1.02899
0.1733 1.01832
0.173658 1.01548
0.17737 1.00506
0.18009 1.02753
0.181177 1.03037
0.181918 1.01927
0.186466 1.0276
0.186521 1.03623
0.189055 1.02774
0.191014 1.02587
0.192953 1.03282
0.195562 1.02138
0.196932 1.03277
0.199385 1.03176
0.20011 1.02294
0.204658 1.03266
0.204809 1.03624
0.205817 1.02737
0.209206 1.02058
0.212249 1.0264
0.212687 1.02712
0.213754 1.02491
0.218302 1.04021
0.21868 1.03323
0.220564 1.03106
0.22285 1.02251
0.225112 1.01853
0.227398 1.02463
0.228441 1.01954
0.231544 1.01402
0.231945 1.02044
0.236318 1.00486
0.236493 1.01353
0.237976 1.01372
0.241041 1.00844
0.244196 1.01061
0.244407 1.00205
0.245589 0.993991
0.250137 1.00223
0.250839 0.992541
0.252073 1.00387
0.254685 0.9951
0.257271 0.999143
0.259233 0.985318
0.25995 0.968989
0.263703 0.987557
0.263781 0.996435
0.267828 0.976982
0.268329 0.992741
0.270134 0.985097
0.272877 0.97054
0.275705 0.977042
0.276566 0.98466
0.277425 0.982251
0.281973 0.976886
0.282998 0.984377
0.283582 0.962284
0.286521 0.977373
0.28943 0.969275
0.291069 0.979255
0.291459 1.00402
0.295617 0.972428
0.295862 0.988027
0.299337 0.979298
0.300165 0.978154
0.302293 0.99204
0.304713 0.971031
0.307214 0.985308
0.308725 0.985233
0.309261 0.981865
0.313809 0.993579
0.315091 0.994959
0.315157 0.995429
0.318357 0.987312
0.321589 0.992647
0.322904 1.00204
0.322969 0.983029
0.327452 0.997465
0.32802 0.99993
0.330846 0.999151
0.332 0.996606
0.334452 0.993104
0.336548 1.00973
0.338723 0.991044
0.340884 0.998641
0.341096 1.00102
0.345644 1.00689
0.3466 1.01068
0.347316 1.00102
0.350192 1.0058
0.353748 1.00505
0.354478 1.00547
0.35474 1.00165
0.359288 1.01319
0.360179 1.01695
0.362355 1.01545
0.363836 1.0187
0.366611 1.01328
0.368384 1.01221
0.370232 1.01524
0.372932 1.02005
0.373043 1.01906
0.37748 1.01402
0.378109 1.01661
0.379475 1.01053
0.382028 1.01615
0.385906 1.00426
0.385987 1.02044
0.386576 1.01462
0.391124 1.00904
0.392338 1.01468
0.393864 1.01842
0.395672 1.00515
0.39877 1.00386
0.40022 0.99919
0.401741 1.00996
0.404768 1.01694
0.405202 1.01327
0.409316 1.00523
0.409619 1.00108
0.411633 0.993808
0.413863 1.00191
0.417496 0.996056
0.418065 1.00276
0.418411 0.993337
0.422959 0.982926
0.424497 1.00982
0.425373 1.00161
0.427507 1.01437
0.430929 0.998774
0.432055 0.991686
0.43325 0.99411
0.436603 0.986878
0.437361 0.999466
0.441128 0.994596
0.441151 1.00152
0.443792 0.996383
0.445699 0.978976
0.449005 0.999113
0.450224 0.98435
0.450247 0.985881
0.454795 0.986642
0.456656 0.988545
0.456882 0.993925
0.459343 0.993956
0.463088 0.99931
0.463891 0.991317
0.46476 0.986838
0.468439 0.98559
0.469519 0.979723
0.472637 0.984496
0.472987 0.982602
0.475951 0.988988
0.477535 0.994103
0.480514 0.989096
0.482083 0.97767
0.482383 0.982822
0.486631 0.994387
0.488391 1.00384
0.488815 0.987848
0.491179 0.987035
0.495247 1.00016
0.495727 0.992961
0.496269 0.996807
0.500275 1.00115
0.501678 0.994798
0.504146 0.996955
0.504822 0.986714
0.50811 1.00541
0.50937 0.996932
0.512023 1.00892
0.513918 1.00075
0.514542 0.995543
0.518466 0.988688
0.519901 1.00361
0.520974 0.995314
0.523014 1.00063
0.527405 1.01473
0.527562 0.996444
0.527778 1.0147
0.53211 1.00887
0.533837 1.00598
0.535655 1.01534
0.536658 1.00328
0.540269 1.01204
0.541206 1.01566
0.543532 1.00078
0.545754 1.00932
0.546701 1.00956
0.550302 1.03207
0.55141 1.02165
0.553132 1.00981
0.55485 1.00848
0.559287 1.00879
0.559398 1.00625
0.559564 1.00235
0.563946 1.01721
0.565996 1.00434
0.567164 1.01062
0.568494 1.00393
0.572428 1.00892
0.573042 1.02054
0.575042 0.99858
0.57759 1.00421
0.57886 1.0049
0.582138 1.0069
0.582919 1.00626
0.585291 1.00164
0.586686 1.01692
0.590796 1.01695
0.591234 1.01362
0.591723 0.994793
0.595781 1.00281
0.598155 1.00003
0.598673 0.997086
0.600329 0.995215
0.604587 0.995942
0.604877 0.998263
0.606551 0.986744
0.609425 1.00035
0.611018 0.994114
0.613973 0.995562
0.614428 0.989063
0.61745 1.00288
0.618521 1.00351
0.622305 0.999912
0.623069 0.995821
0.623882 0.995675
0.627617 0.997095
0.630182 0.990914
0.630314 1.0014
0.632165 0.994066
0.636713 1.00237
0.636746 0.99338
0.63806 1.00929
0.641261 0.988708
0.643177 0.991885
0.645809 1.00012
0.645937 0.994879
0.649609 0.994584
0.650357 0.98765
0.653814 0.98688
0.654905 0.981103
0.656041 0.998469
0.659453 0.985762
0.661692 0.98814
0.662473 0.990981
0.664001 0.982815
0.668549 0.992939
0.668904 0.987293
0.669569 0.987594
0.673097 0.995557
0.675336 0.995723
0.677446 0.995292
0.677645 1.00836
0.681768 0.997516
0.682193 0.993006
0.685323 0.989028
0.68674 0.990191
0.6882 0.997355
0.691288 1.0023
0.693201 1.01564
0.694631 1.00057
0.695836 0.998258
0.700384 0.990685
0.701063 1.00048
0.701078 1.01189
0.704932 1.00251
0.707495 1.00453
0.708955 1.01053
0.70948 0.999925
0.713927 1.00401
0.714028 1.01655
0.716833 1.00361
0.718576 1.00794
0.720359 1.0103
0.723124 0.99626
0.72471 0.995672
0.72679 1.00817
0.727672 0.986162
0.73222 0.994068
0.732587 1.016
0.733222 1.01061
0.736768 0.995843
0.739654 0.999016
0.740464 1.00591
0.741316 1.0108
0.745864 0.990144
0.746086 0.999159
0.748342 1.00966
0.750412 0.993521
0.752517 1.01396
0.75496 1.00614
0.756219 0.984804
0.758949 1.00464
0.759508 0.999634
0.764056 0.999541
0.764096 1.00592
0.765381 1.00218
0.768604 1.00218
0.771813 0.995015
0.771974 1.01551
0.773152 1.01269
0.777699 0.984587
0.778245 0.995692
0.779851 0.99969
0.782247 1.00312
0.784676 0.994301
0.786795 0.996959
0.787728 0.989003
0.791108 0.996451
0.791343 1.00076
0.795605 0.998402
0.795891 0.986285
0.79754 1.00683
0.800439 0.995662
0.803483 0.985748
0.803972 0.996736
0.804987 0.97966
0.809535 1.00529
0.810403 0.995888
0.81136 0.986008
0.814083 0.996722
0.816835 0.992573
0.818631 0.987232
0.819237 0.996869
0.823179 0.990485
0.823267 0.990071
0.827114 1.00049
0.827727 0.989931
0.829699 0.998585
0.832275 0.995643
0.834992 0.983889
0.83613 0.997955
0.836823 1.00936
0.841371 1.00127
0.842562 1.00355
0.842869 0.996622
0.845919 1.00624
0.848994 0.997193
0.850467 0.991868
0.850746 0.9951
0.855015 0.991553
0.855426 0.999989
0.858624 0.996968
0.859563 0.998503
0.861858 0.991672
0.864111 1.02015
0.866501 1.00744
0.868289 0.994728
0.868659 1.00806
0.873206 1.00152
0.874378 1.00979
0.874721 1.00979
0.877754 0.997003
0.881153 0.99468
0.882255 0.993857
0.882302 0.993473
0.88685 1.00809
0.887585 1.00863
0.890133 1.00973
0.891398 0.998768
0.894016 1.00697
0.895946 1.00768
0.89801 1.00645
0.900448 1.02036
0.900494 1.0008
0.905042 1.00768
0.905887 0.991594
0.90688 1.00291
0.90959 1.00251
0.913312 1.01063
0.913765 1.00743
0.919744 1.0149
0.921642 1.00393
0.926175 1.01339
0.929519 0.99066
0.932607 1.00256
0.937396 0.997435
0.939039 0.990252
0.945274 1.0002
0.945471 1.00044
0.951902 0.998042
0.953151 0.994374
0.958334 1.00897
0.961028 1.0043
0.964766 0.995413
0.968906 0.999777
0.971198 0.989215
0.976783 0.988374
0.977629 1.00704
0.984061 1.00152
0.98466 0.997672
0.990493 1.0016
0.992537 0.973073
0.996925 0.998438
1.00041 0.994
1.00336 0.992551
1.00829 1.00564
1.00979 0.997247
1.01617 0.999891
1.01622 0.99836
1.02265 0.995117
1.02405 1.00355
1.02908 0.995789
1.03192 0.99535
1.03552 0.996896
1.0398 1.00515
1.04195 1.00872
1.04768 0.998078
1.04838 1.01029
1.05481 1.00261
1.05556 0.992477
1.06124 1.0026
1.06343 1.02195
1.06767 1.0006
1.07131 1.00598
1.07411 1.00284
1.07919 1.00196
1.08054 0.999903
1.08697 0.98523
1.08706 1.01469
1.0934 0.999905
1.09494 1.01217
1.09983 1.00847
1.10282 0.997379
1.10626 0.996936
1.1107 1.00989
1.1127 1.01282
1.11857 1.00189
1.11913 1.00382
1.12556 0.985286
1.12645 1.00569
1.13199 1.00829
1.13433 0.994912
1.13842 0.999848
1.14221 1.00729
1.14486 0.997986
1.15008 0.999081
1.15129 1.00086
1.15772 0.994426
1.15796 0.996051
1.16415 0.998844
1.16584 0.985313
1.17058 0.993854
1.17371 0.991673
1.17701 1.00253
1.18159 0.998819
1.18345 0.999306
1.18947 0.995919
1.18988 1.00228
1.19631 1.00756
1.19735 0.99431
1.20274 0.990416
1.20522 1.00134
1.20917 1.00732
1.2131 1.00522
1.21561 0.990886
1.22098 0.998009
1.22204 1.0003
1.22847 1.00638
1.22886 1.00182
1.2349 1.00012
1.23673 1.00977
1.24133 0.990864
1.24461 0.994727
1.24776 1.00135
1.25249 1.00461
1.2542 1.00239
1.26036 1.01176
1.26063 1.00268
1.26706 1.00013
1.26824 1.00125
1.27349 0.992462
1.27612 1.00361
1.27992 0.999567
1.284 1.0048
1.28635 1.00298
1.29187 1.00148
1.29975 0.999725
1.30763 0.995744
1.31551 0.995561
1.32338 1.00625
1.33126 0.987262
1.33914 1.0022
1.34702 0.980898
1.35489 1.00906
1.36277 0.99855
1.37065 1.00005
1.37852 1.02625
1.3864 0.99332
1.39428 1.00755
1.40216 1.00562
1.41003 1.00135
1.41791 1.00669
1.42579 0.99918
1.43367 0.99363
1.44154 1.00813
1.44942 1.00381
1.4573 0.995359
1.46517 0.986778
1.47305 1.00759
1.48093 1.00442
1.48881 1.00569
1.49668 1.0035
1.50456 1.00012
1.51244 0.991137
1.52032 1.00217
1.52819 1.00005
1.53607 0.993026
1.54395 0.999649
1.55182 0.996145
1.5597 0.98631
1.56758 0.998465
1.57546 1.00094
