0.00402477 1.35183
0.00569189 1.35098
0.00697111 1.3619
0.00804954 1.36466
0.0113838 1.34499
0.0120743 1.36411
0.0139422 1.33173
0.0160991 1.3184
0.0170757 1.33499
0.0201239 1.32643
0.0209133 1.30075
0.0227675 1.30058
0.0241486 1.2984
0.0278844 1.26499
0.0281734 1.28253
0.0284594 1.26818
0.0321982 1.24295
0.0341513 1.23035
0.0348555 1.21109
0.0362229 1.21839
0.0398432 1.19107
0.0402477 1.21476
0.0418267 1.20162
0.0442725 1.16619
0.0455351 1.15517
0.0482973 1.14384
0.0487978 1.14998
0.051227 1.12807
0.052322 1.11545
0.0557689 1.10603
0.0563468 1.11171
0.0569189 1.09555
0.0603716 1.06747
0.0626108 1.05079
0.06274 1.04554
0.0643963 1.03697
0.0683026 1.02603
0.0684211 1.02502
0.0697111 1.00936
0.0724459 1.00708
0.0739945 0.98299
0.0764707 0.966439
0.0766822 0.979836
0.0796864 0.966712
0.0804954 0.955673
0.0836533 0.955902
0.0845202 0.939837
0.0853783 0.951212
0.088545 0.942775
0.0906244 0.941845
0.0910702 0.945816
0.0925698 0.929581
0.0965945 0.919147
0.0967621 0.918191
0.0975955 0.928482
0.100619 0.917558
0.102454 0.91772
0.104567 0.926728
0.104644 0.911063
0.108146 0.928162
0.108669 0.91307
0.111538 0.925381
0.112694 0.922629
0.113838 0.923247
0.116718 0.915995
0.118509 0.933784
0.11953 0.936539
0.120743 0.945746
0.124768 0.952383
0.125222 0.951444
0.12548 0.95006
0.128793 0.949987
0.130913 0.960775
0.132451 0.963671
0.132817 0.965772
0.136605 0.974734
0.136842 0.973011
0.139422 0.979719
0.140867 0.990985
0.142297 0.986857
0.144892 1.00539
0.146393 0.998074
0.147989 1.00038
0.148917 1.00673
0.152941 1.01274
0.153364 1.01286
0.153681 1.00482
0.156966 1.02422
0.159373 1.02017
0.160336 1.02032
0.160991 1.0208
0.165016 1.04115
0.165065 1.03954
0.167307 1.04784
0.16904 1.05331
0.170757 1.03551
0.173065 1.04418
0.174278 1.03801
0.176448 1.04222
0.17709 1.04322
0.181115 1.04931
0.181249 1.04944
0.18214 1.03777
0.18514 1.059
0.187832 1.03575
0.18822 1.05481
0.189164 1.03008
0.193189 1.04723
0.193524 1.03689
0.195191 1.02899
0.197214 1.03692
0.199216 1.03469
0.201239 1.02801
0.202162 1.01773
0.204908 1.03148
0.205263 1.0256
0.209133 1.02222
0.209288 1.02524
0.2106 1.01463
0.213313 1.00937
0.216104 1.00693
0.216292 1.00879
0.217338 1.00487
0.221362 1.00423
0.221984 0.995344
0.223075 0.992372
0.225387 0.992532
0.227675 0.991861
0.229412 0.995091
0.230047 0.97366
0.233367 0.986244
0.233437 0.97472
0.237018 0.978428
0.237462 0.975878
0.239059 0.973181
0.241486 0.966867
0.243989 0.974836
0.244751 0.974383
0.245511 0.971453
0.249536 0.960546
0.250443 0.985167
0.25096 0.968082
0.253561 0.975711
0.256135 0.975184
0.257585 0.986254
0.257931 0.970697
0.26161 0.974252
0.261827 0.968392
0.264902 0.972149
0.265635 0.984214
0.267519 0.958306
0.26966 0.97997
0.271873 0.970605
0.273211 0.970153
0.273684 0.989803
0.277709 0.971769
0.278844 0.977488
0.278902 0.985156
0.281734 0.978318
0.284594 0.982774
0.285759 0.980188
0.285815 0.997599
0.289784 0.996319
0.290286 1.00038
0.292787 0.988961
0.293808 0.999053
0.295978 1.00656
0.297833 0.997189
0.299758 1.00085
0.30167 1.00853
0.301858 1.0044
0.305883 0.999745
0.306729 1.01471
0.307362 1.00706
0.309907 1.00243
0.313054 1.0129
0.3137 1.02309
0.313932 1.01954
0.317957 1.001
0.318746 1.0231
0.320671 1.01468
0.321982 1.02341
0.324438 1.0228
0.326007 1.00755
0.327642 1.03872
0.330031 1.02567
0.330129 1.01828
0.334056 1.00774
0.334613 1.00319
0.335821 1.02689
0.338081 1.01778
0.341513 1.02613
0.341584 1.02667
0.342106 1.02937
0.34613 1.03645
0.347205 1.02171
0.348555 1.01932
0.350155 1.02512
0.352897 1.02047
0.35418 1.00834
0.355527 1.01213
0.358205 1.00643
0.358589 1.0121
0.362229 0.991874
0.362498 1.00717
0.364281 1.00822
0.366254 1.02055
0.369469 1.00198
0.369973 1.0007
0.370279 1.00632
0.374304 0.999495
0.375665 0.999125
0.37644 0.998782
0.378329 1.00326
0.381356 0.998962
0.382353 1.01015
0.383411 0.988484
0.386378 0.985599
0.387048 0.987987
0.390382 1.0027
0.390403 0.994116
0.39274 0.982736
0.394428 0.994037
0.397353 0.984974
0.398432 0.991018
0.398452 0.975373
0.402477 0.990841
0.404124 0.982903
0.404324 0.993159
0.406502 0.98993
0.409816 0.983974
0.410527 0.99818
0.411295 0.987526
0.414551 0.987626
0.415508 0.99221
0.418267 0.996701
0.418576 0.973662
0.4212 0.98411
0.422601 1.00525
0.425238 0.983724
0.426626 0.999491
0.426892 0.991123
0.430651 0.980871
0.432209 0.98434
0.432583 0.988538
0.434675 0.995635
0.438275 1.00957
0.4387 1.00516
0.43918 0.995548
0.442725 1.00214
0.443967 1.00244
0.446151 1.00233
0.44675 1.00088
0.449659 1.01445
0.450774 1.00088
0.453122 1.00884
0.454799 1.0151
0.455351 0.994406
0.458824 1.0019
0.460093 1.01369
0.461043 1.00088
0.462849 1.01276
0.466735 1.0076
0.466874 1.00768
0.467064 1.00477
0.470898 1.01296
0.472427 0.999437
0.474035 1.01665
0.474923 1.007
0.478118 1.00605
0.478948 0.99706
0.481007 1.00933
0.482973 1.00826
0.48381 1.00991
0.486997 1.01816
0.487978 1.00293
0.489502 1.01171
0.491022 1.00639
0.494949 1.00646
0.495047 0.998171
0.495194 1.0137
0.499072 0.989194
0.500886 0.999945
0.50192 1.00474
0.503096 1.00584
0.506578 0.997205
0.507121 1.00526
0.508891 0.998603
0.511146 1.00137
0.51227 0.995352
0.515171 1.01371
0.515862 1.00682
0.517962 0.995679
0.519196 1.00204
0.522833 1.00605
0.52322 1.00298
0.523654 1.00299
0.527245 1.00345
0.529345 0.992795
0.529804 1.01299
0.53127 1.0025
0.535037 0.994732
0.535295 0.993009
0.536775 0.995408
0.539319 0.985316
0.540729 0.987686
0.543344 0.997853
0.543747 0.991142
0.546421 0.995867
0.547369 0.981227
0.550718 0.988826
0.551394 0.9943
0.552113 0.992323
0.555419 0.969146
0.557689 0.99671
0.557805 0.993621
0.559443 0.982548
0.563468 0.995712
0.563497 0.99363
0.56466 0.998465
0.567493 0.988402
0.569189 1.00109
0.571518 0.999343
0.571631 0.990868
0.574881 0.996783
0.575542 0.994866
0.578602 0.996316
0.579567 1.01074
0.580572 0.995553
0.583592 1.00706
0.585573 1.01072
0.586264 0.991033
0.587617 1.00985
0.591641 0.985673
0.591956 1.00604
0.592544 0.996115
0.595666 0.997736
0.597648 0.998718
0.599515 1.00082
0.599691 0.997891
0.60334 0.995818
0.603716 1.00011
0.606487 1.01097
0.607741 1.01015
0.609032 1.00466
0.611765 1.01703
0.613458 0.998796
0.614724 1.01039
0.61579 1.00997
0.619815 0.995176
0.620416 0.996157
0.620429 1.01637
0.62384 1.00715
0.626108 0.99564
0.6274 1.01038
0.627864 0.996599
0.631799 1.01345
0.631889 0.999079
0.634371 1.01147
0.635914 1.00569
0.637491 1.00497
0.639939 0.997792
0.641342 0.994558
0.643183 1.00907
0.643963 1.01697
0.647988 0.996163
0.648313 1.00053
0.648875 1.01336
0.652013 1.01915
0.654567 1.00617
0.655284 1.00622
0.656038 0.994895
0.660063 1.01072
0.660259 1.0008
0.662255 1.00614
0.664087 0.993621
0.665951 1.00302
0.668112 0.984276
0.669226 1.00532
0.671643 1.00222
0.672137 1.00009
0.676162 1.01304
0.676198 0.986666
0.677335 0.995004
0.680186 0.992046
0.683026 1.00445
0.683169 0.998549
0.684211 0.996245
0.688236 0.983354
0.688718 1.00263
0.69014 0.987701
0.692261 1.00976
0.69441 0.990881
0.696286 0.999859
0.697111 1.00091
0.700102 0.995022
0.70031 0.980637
0.704082 0.983017
0.704335 0.987361
0.705794 1.00805
0.70836 0.992454
0.711053 0.99161
0.711486 1.00076
0.712385 0.998282
0.716409 0.994221
0.717178 1.00176
0.718024 1.00091
0.720434 0.999652
0.72287 0.997763
0.724459 0.997972
0.724995 0.994009
0.728484 1.00376
0.728562 0.996848
0.731966 1.00152
0.732508 1.0004
0.734253 0.987519
0.736533 1.00449
0.738938 1.00262
0.739945 0.994756
0.740558 0.988415
0.744583 1.00764
0.745637 1.00079
0.745909 0.992832
0.748608 1.01088
0.751329 0.997785
0.752632 1.01318
0.75288 0.996713
0.756657 1.00186
0.757021 0.982455
0.759851 1.00269
0.760682 1.00389
0.762713 1.00413
0.764707 0.993275
0.766822 0.999611
0.768405 0.995777
0.768731 1.01627
0.772756 1.0208
0.773793 1.00422
0.774097 1.00784
0.776781 1.01134
0.779789 1.0047
0.780764 1.00895
0.780806 1.00617
0.784831 1.00791
0.78548 0.997631
0.787735 1.00237
0.788855 1.00028
0.791172 0.999423
0.79288 1.01277
0.794706 1.00783
0.796864 1.0084
0.796905 1.00487
0.80093 1.0034
0.801678 1.00679
0.802556 1.00197
0.804954 0.99505
0.808248 1.00072
0.808649 0.999721
0.81394 1.00156
0.81562 1.0019
0.819632 0.992736
0.822591 0.997753
0.825324 0.991979
0.829562 0.995875
0.831015 0.993662
0.836533 0.996327
0.836707 0.995876
0.842399 0.997517
0.843504 0.999222
0.848091 0.995878
0.850475 1.00478
0.853783 0.991022
0.857446 0.993869
0.859475 0.993966
0.864418 0.99364
0.865167 0.985698
0.870859 0.993347
0.871389 0.998915
0.876551 0.99424
0.87836 0.995446
0.882242 0.998254
0.885331 1.00008
0.887934 1.00555
0.892302 0.995635
0.893626 1.00064
0.899273 0.997858
0.899318 1.00073
0.90501 1.01044
0.906244 1.0103
0.910702 0.995222
0.913215 0.990863
0.916394 1.00484
0.920186 0.991481
0.922086 1.0069
0.927158 1.00786
0.927778 1.00719
0.933469 1.01005
0.934129 0.986404
0.939161 1.00595
0.9411 1.00379
0.944853 0.997998
0.948071 0.996062
0.950545 1.00561
0.955042 1.01613
0.956237 1.00527
0.961929 0.996044
0.962013 1.00915
0.967621 1.00783
0.968984 1.01662
0.973313 0.995724
0.975955 1.00545
0.979005 1.00001
0.982926 1.00076
0.984696 1.00609
0.989898 0.99606
0.990388 1.00121
0.99608 1.00113
0.996869 1.00324
1.00177 0.997319
1.00384 0.989384
1.00746 1.00266
1.01081 0.992794
1.01316 0.994439
1.01778 0.993331
1.01885 0.998965
1.02454 1.00506
1.02475 0.993405
1.03023 0.995388
1.03172 1.00012
1.03592 1.00576
1.0387 0.997013
1.04162 0.999814
1.04567 0.991242
1.04731 0.998817
1.05264 0.993655
1.053 1.00599
1.05869 0.999645
1.05961 1.0037
1.06438 0.995579
1.06658 1.0127
1.07007 0.999876
1.07355 1.01064
1.07577 0.997451
1.08052 0.993087
1.08146 1.00935
1.08715 0.997699
1.08749 0.997314
1.09284 1.00891
1.09446 0.987438
1.09853 1.00435
1.10144 0.999571
1.10423 0.999112
1.10841 1.0002
1.10992 1.00914
1.11538 1.00184
1.11561 1.0029
1.1213 1.00206
1.12235 0.996379
1.12699 1.00846
1.12932 0.997413
1.13269 1.00325
1.13629 0.998272
1.13838 1.00169
1.14326 0.997651
1.15023 0.987397
1.1572 0.995152
1.16418 1.00701
1.17115 1.00279
1.17812 1.01417
1.18509 0.996844
1.19206 1.00282
1.19903 1.00351
1.206 0.999243
1.21297 0.994444
1.21994 1.01101
1.22692 0.979671
1.23389 0.994596
1.24086 1.00501
1.24783 1.01142
1.2548 1.00898
1.26177 0.985729
1.26874 1.00538
1.27571 0.995447
1.28268 0.997427
1.28966 0.995857
1.29663 0.996587
1.3036 0.999092
1.31057 0.995952
1.31754 0.992086
1.32451 1.00117
1.33148 0.987474
1.33845 1.00927
1.34542 0.998489
1.3524 1.00014
1.35937 1.00463
1.36634 0.992365
1.37331 1.00031
1.38028 0.999118
1.38725 0.990992
1.39422 0.990416
