0.00454795 4.34497
0.00643177 4.26976
0.00787728 4.1355
0.0090959 4.08902
0.0128635 3.81293
0.0136439 3.78516
0.0157546 3.59607
0.0181918 3.35855
0.0192953 3.24745
0.0227398 2.94723
0.0236318 2.858
0.0257271 2.64866
0.0272877 2.51468
0.0315091 2.16574
0.0318357 2.15748
0.0321589 2.12838
0.0363836 1.84154
0.0385906 1.71662
0.0393864 1.67955
0.0409316 1.60813
0.0450224 1.44196
0.0454795 1.42453
0.0472637 1.3594
0.0500275 1.27993
0.0514542 1.24824
0.0545754 1.17676
0.055141 1.1802
0.057886 1.11831
0.0591234 1.09071
0.0630182 1.02775
0.0636713 1.02936
0.0643177 1.0246
0.0682193 0.976851
0.0707495 0.945394
0.0708955 0.948457
0.0727672 0.909966
0.0771813 0.883951
0.0773152 0.88966
0.0787728 0.87382
0.0818631 0.840699
0.083613 0.841428
0.0864111 0.826485
0.0866501 0.830057
0.0900448 0.80535
0.090959 0.804671
0.0945274 0.793661
0.095507 0.795382
0.0964766 0.794335
0.100055 0.800321
0.102405 0.788806
0.102908 0.790873
0.104603 0.784246
0.109151 0.793476
0.10934 0.790695
0.110282 0.79276
0.113699 0.802254
0.115772 0.805422
0.118159 0.815812
0.118247 0.809839
0.122204 0.833699
0.122795 0.830772
0.126036 0.839943
0.127343 0.849989
0.128635 0.861358
0.131891 0.882464
0.133914 0.897407
0.135067 0.898746
0.136439 0.910532
0.140986 0.941371
0.141499 0.944672
0.141791 0.939211
0.145534 0.964241
0.147931 0.998876
0.149668 1.00563
0.150082 1.00965
0.154363 1.05144
0.15463 1.04288
0.157546 1.0699
0.159178 1.08502
0.160794 1.09378
0.163726 1.09957
0.165423 1.11299
0.167226 1.11585
0.168274 1.12726
0.172822 1.14395
0.1733 1.1415
0.173658 1.14459
0.17737 1.14599
0.18009 1.14414
0.181177 1.14331
0.181918 1.14415
0.186466 1.12037
0.186521 1.1253
0.189055 1.12004
0.191014 1.10088
0.192953 1.09886
0.195562 1.08312
0.196932 1.08364
0.199385 1.08288
0.20011 1.07597
0.204658 1.05268
0.204809 1.03904
0.205817 1.0488
0.209206 1.03905
0.212249 1.0222
0.212687 1.0201
0.213754 1.00263
0.218302 0.994658
0.21868 0.989451
0.220564 0.98358
0.22285 0.984588
0.225112 0.968912
0.227398 0.966217
0.228441 0.966154
0.231544 0.954663
0.231945 0.952458
0.236318 0.95419
0.236493 0.948355
0.237976 0.950299
0.241041 0.945141
0.244196 0.947696
0.244407 0.940482
0.245589 0.942845
0.250137 0.938837
0.250839 0.944769
0.252073 0.930652
0.254685 0.948314
0.257271 0.949881
0.259233 0.944292
0.25995 0.943258
0.263703 0.950327
0.263781 0.95777
0.267828 0.953509
0.268329 0.958115
0.270134 0.949123
0.272877 0.966063
0.275705 0.969101
0.276566 0.972157
0.277425 0.978181
0.281973 0.979354
0.282998 0.982266
0.283582 0.980415
0.286521 0.99819
0.28943 0.995642
0.291069 0.998669
0.291459 0.993376
0.295617 1.01557
0.295862 1.01089
0.299337 1.01363
0.300165 1.01594
0.302293 1.01148
0.304713 1.00855
0.307214 1.02123
0.308725 1.0202
0.309261 1.03722
0.313809 1.02321
0.315091 1.02478
0.315157 1.02643
0.318357 1.02926
0.321589 1.03261
0.322904 1.02187
0.322969 1.02929
0.327452 1.0261
0.32802 1.02862
0.330846 1.01879
0.332 1.02321
0.334452 1.02176
0.336548 1.03009
0.338723 1.02681
0.340884 1.02453
0.341096 1.01429
0.345644 1.02586
0.3466 1.01868
0.347316 1.01855
0.350192 1.02134
0.353748 1.01403
0.354478 1.01135
0.35474 1.01661
0.359288 1.01419
0.360179 1.00254
0.362355 1.00563
0.363836 1.00306
0.366611 0.999304
0.368384 1.00848
0.370232 0.995642
0.372932 0.995738
0.373043 0.996472
0.37748 0.989144
0.378109 0.989952
0.379475 0.9997
0.382028 0.98821
0.385906 0.994681
0.385987 0.987939
0.386576 0.993073
0.391124 0.98759
0.392338 0.989663
0.393864 0.988863
0.395672 0.989892
0.39877 0.988266
0.40022 0.992459
0.401741 0.983754
0.404768 0.986068
0.405202 0.993916
0.409316 0.998906
0.409619 0.991351
0.411633 0.983042
0.413863 0.98476
0.417496 0.992199
0.418065 0.991377
0.418411 0.999872
0.422959 1.00233
0.424497 0.993297
0.425373 0.999724
0.427507 0.986005
0.430929 1.00098
0.432055 1.00686
0.43325 1.00561
0.436603 0.997512
0.437361 1.01202
0.441128 1.00138
0.441151 1.00447
0.443792 1.0061
0.445699 1.00984
0.449005 1.00312
0.450224 1.00627
0.450247 1.00667
0.454795 1.00394
0.456656 1.00615
0.456882 1.00033
0.459343 1.00585
0.463088 1.00645
0.463891 1.00092
0.46476 0.999351
0.468439 1.00035
0.469519 1.00018
0.472637 1.00051
0.472987 0.995358
0.475951 0.995278
0.477535 0.994433
0.480514 0.999057
0.482083 0.999412
0.482383 0.998992
0.486631 0.988495
0.488391 0.99859
0.488815 1.00569
0.491179 0.993384
0.495247 0.994818
0.495727 0.992488
0.496269 0.999798
0.500275 0.997358
0.501678 0.997944
0.504146 1.00028
0.504822 0.992857
0.50811 0.994363
0.50937 1.00101
0.512023 1.0018
0.513918 0.987393
0.514542 0.993285
0.518466 0.994504
0.519901 0.996155
0.520974 1.00362
0.523014 1.00171
0.527405 0.995918
0.527562 1.00363
0.527778 1.00501
0.53211 0.998958
0.533837 0.996293
0.535655 0.993759
0.536658 0.992813
0.540269 0.999855
0.541206 1.00396
0.543532 0.998424
0.545754 0.995317
0.546701 1.00216
0.550302 1.01689
0.55141 1.00793
0.553132 1.01319
0.55485 1.002
0.559287 0.997792
0.559398 1.00182
0.559564 0.999222
0.563946 1.00887
0.565996 1.00302
0.567164 1.00965
0.568494 1.01445
0.572428 1.01004
0.573042 1.00631
0.575042 1.00798
0.57759 1.01378
0.57886 0.998859
0.582138 1.00221
0.582919 1.00202
0.585291 1.011
0.586686 0.999887
0.590796 1.00444
0.591234 1.00485
0.591723 1.0063
0.595781 1.00428
0.598155 0.997753
0.598673 1.00393
0.600329 1.00021
0.604587 0.999554
0.604877 1.00189
0.606551 1.00411
0.609425 1.01311
0.611018 1.00704
0.613973 0.992916
0.614428 0.995442
0.61745 1.00161
0.618521 0.998053
0.622305 1.00344
0.623069 0.997403
0.623882 0.997307
0.627617 0.995952
0.630182 0.99079
0.630314 0.995784
0.632165 1.00211
0.636713 0.995894
0.636746 0.989492
0.63806 0.991241
0.641261 0.995695
0.643177 0.99525
0.645809 0.989082
0.645937 0.9888
0.649609 0.98694
0.650357 0.988897
0.653814 0.995105
0.654905 0.995871
0.656041 0.990972
0.659453 0.98033
0.661692 0.990362
0.662473 0.993004
0.664001 0.992531
0.668549 0.993753
0.668904 0.997662
0.669569 0.989719
0.673097 0.998188
0.675336 0.994093
0.677446 0.997192
0.677645 1.0086
0.681768 0.995556
0.682193 0.999767
0.685323 1.00276
0.68674 1.00327
0.6882 0.996666
0.691288 0.995259
0.693201 1.00628
0.694631 1.00259
0.695836 0.997555
0.700384 1.00868
0.701063 1.0035
0.701078 1.00877
0.704932 0.998528
0.707495 0.997765
0.708955 1.0152
0.70948 1.01419
0.713927 1.01717
0.714028 1.0093
0.716833 1.0009
0.718576 1.01513
0.720359 1.00185
0.723124 1.01812
0.72471 1.01374
0.72679 1.01297
0.727672 1.00748
0.73222 1.00749
0.732587 1.01222
0.733222 1.00867
0.736768 1.01379
0.739654 1.00487
0.740464 1.00478
0.741316 1.00654
0.745864 0.991398
0.746086 1.00434
0.748342 0.999146
0.750412 1.01408
0.752517 1.01084
0.75496 0.997254
0.756219 1.00757
0.758949 1.00825
0.759508 0.996929
0.764056 1.00554
0.764096 1.00492
0.765381 0.99864
0.768604 1.00877
0.771813 0.992648
0.771974 0.995681
0.773152 0.994174
0.777699 1.00203
0.778245 0.990565
0.779851 0.992118
0.782247 0.990857
0.784676 0.994344
0.786795 0.999516
0.787728 0.985652
0.791108 0.989678
0.791343 1.00138
0.795605 0.995048
0.795891 0.984201
0.79754 0.992929
0.800439 0.989294
0.803483 0.992396
0.803972 1.00252
0.804987 0.993479
0.809535 0.999315
0.810403 1.00056
0.81136 0.998246
0.814083 0.982666
0.816835 0.995872
0.818631 0.981922
0.819237 0.993872
0.823179 0.99036
0.823267 0.999162
0.827114 0.991088
0.827727 0.994295
0.829699 1.00038
0.832275 0.991387
0.834992 0.991989
0.83613 0.994525
0.836823 1.00007
0.841371 0.995848
0.842562 1.00141
0.842869 0.996153
0.845919 0.997034
0.848994 1.00213
0.850467 1.01555
0.850746 1.00397
0.855015 1.01255
0.855426 1.00093
0.858624 1.00696
0.859563 0.9992
0.861858 1.01202
0.864111 1.00691
0.866501 1.0006
0.868289 1.01161
0.868659 0.9962
0.873206 1.00928
0.874378 1.00291
0.874721 1.00593
0.877754 1.00717
0.881153 1.013
0.882255 1.00065
0.882302 1.00775
0.88685 1.01225
0.887585 1.00943
0.890133 1.00728
0.891398 1.00294
0.894016 1.00525
0.895946 1.00601
0.89801 1.01685
0.900448 1.00165
0.900494 1.01275
0.905042 0.99825
0.905887 0.99522
0.90688 1.00095
0.90959 0.997202
0.913312 1.0022
0.913765 1.0062
0.919744 1.00774
0.921642 0.999248
0.926175 1.00829
0.929519 1.00448
0.932607 0.998528
0.937396 1.00134
0.939039 0.999258
0.945274 1.0008
0.945471 1.0031
0.951902 1.00231
0.953151 0.998385
0.958334 0.99323
0.961028 0.999126
0.964766 0.993271
0.968906 0.988845
0.971198 0.998557
0.976783 1.00355
0.977629 0.99255
0.984061 0.991272
0.98466 0.989284
0.990493 0.999887
0.992537 0.99586
0.996925 1.00257
1.00041 0.991929
1.00336 0.994885
1.00829 0.994615
1.00979 0.996792
1.01617 1.00762
1.01622 0.987516
1.02265 0.9947
1.02405 1.00889
1.02908 0.991191
1.03192 0.999741
1.03552 1.00532
1.0398 1.00688
1.04195 1.00614
1.04768 0.99534
1.04838 1.00234
1.05481 1.00651
1.05556 1.00031
1.06124 1.00355
1.06343 1.006
1.06767 1.00136
1.07131 1.00321
1.07411 1.00656
1.07919 0.999219
1.08054 1.00646
1.08697 1.0009
1.08706 1.00391
1.0934 1.00896
1.09494 1.00643
1.09983 1.00311
1.10282 0.988759
1.10626 0.989243
1.1107 0.995841
1.1127 0.999705
1.11857 1.00068
1.11913 1.00073
1.12556 0.997382
1.12645 0.989435
1.13199 0.995589
1.13433 0.995457
1.13842 0.997614
1.14221 0.998815
1.14486 0.998599
1.15008 0.990275
1.15129 0.9941
1.15772 0.998161
1.15796 0.994461
1.16415 1.00216
1.16584 0.994922
1.17058 0.999924
1.17371 1.00155
1.17701 0.99529
1.18159 0.990757
1.18345 0.990652
1.18947 0.990136
1.18988 0.998221
1.19631 1.0109
1.19735 1.0078
1.20274 1.00625
1.20522 0.990919
1.20917 0.99801
1.2131 1.00271
1.21561 0.997735
1.22098 0.990685
1.22204 1.00592
1.22847 1.00651
1.22886 1.00795
1.2349 1.0065
1.23673 1.00104
1.24133 1.00158
1.24461 0.998627
1.24776 1.00175
1.25249 1.0018
1.2542 1.0037
1.26036 1.00755
1.26063 0.991961
1.26706 0.999841
1.26824 0.999783
1.27349 1.0047
1.27612 0.998373
1.27992 0.995837
1.284 0.996702
1.28635 0.998722
1.29187 0.989331
1.29975 0.994489
1.30763 1.00609
1.31551 0.997415
1.32338 0.997322
1.33126 0.995278
1.33914 1.00404
1.34702 0.985332
1.35489 1.00258
1.36277 0.99731
1.37065 1.0001
1.37852 0.991708
1.3864 1.00879
1.39428 1.00038
1.40216 1.00853
1.41003 1.00147
1.41791 1.00264
1.42579 0.999672
1.43367 1.00795
1.44154 1.00321
1.44942 0.999877
1.4573 0.991169
1.46517 1.0007
1.47305 0.999649
1.48093 1.00398
1.48881 0.994864
1.49668 0.994516
1.50456 0.997321
1.51244 0.996561
1.52032 0.994595
1.52819 1.00033
1.53607 1.01081
1.54395 0.989378
1.55182 0.999121
1.5597 0.992157
1.56758 1.01489
1.57546 1.00889
