#total particle-self-energy nonbondedEM
100 -1940.929012656212 0 -1940.929012656212
200 -1984.573635411965 0 -1984.573635411965
300 -1990.716209322214 0 -1990.716209322214
400 -1991.751887713239 0 -1991.751887713239
500 -2050.505309517263 0 -2050.505309517263
600 -1960.907067323744 0 -1960.907067323744
700 -1981.588064600015 0 -1981.588064600015
800 -1992.208806381328 0 -1992.208806381328
900 -2041.571004723839 0 -2041.571004723839
1000 -2034.338983402398 0 -2034.338983402398
1100 -1936.04700085985 0 -1936.04700085985
1200 -1928.409069377347 0 -1928.409069377347
1300 -1981.027755173884 0 -1981.027755173884
1400 -1960.202476267761 0 -1960.202476267761
1500 -1911.268210558977 0 -1911.268210558977
1600 -1891.350121570053 0 -1891.350121570053
1700 -1879.882850419963 0 -1879.882850419963
1800 -1867.867277808458 0 -1867.867277808458
1900 -1904.662013505585 0 -1904.662013505585
2000 -1888.18197544734 0 -1888.18197544734
2100 -1908.576786852675 0 -1908.576786852675
2200 -1967.548063685361 0 -1967.548063685361
2300 -1846.312768304953 0 -1846.312768304953
2400 -1827.334259780822 0 -1827.334259780822
2500 -1839.086151314434 0 -1839.086151314434
2600 -1823.666737599997 0 -1823.666737599997
2700 -1826.509535645862 0 -1826.509535645862
2800 -1799.795831337105 0 -1799.795831337105
2900 -1829.285448635696 0 -1829.285448635696
3000 -1825.821022599237 0 -1825.821022599237
3100 -1817.304568517953 0 -1817.304568517953
3200 -1768.603776979959 0 -1768.603776979959
3300 -1794.754995866504 0 -1794.754995866504
3400 -1858.611743773858 0 -1858.611743773858
3500 -1782.73320185137 0 -1782.73320185137
3600 -1839.04682352324 0 -1839.04682352324
3700 -1836.656362079782 0 -1836.656362079782
3800 -1840.804986967938 0 -1840.804986967938
3900 -1810.618215328432 0 -1810.618215328432
4000 -1796.87271612254 0 -1796.87271612254
4100 -1807.728688155359 0 -1807.728688155359
4200 -1840.190036329266 0 -1840.190036329266
4300 -1798.101676638704 0 -1798.101676638704
4400 -1807.455563701922 0 -1807.455563701922
4500 -1736.757722110953 0 -1736.757722110953
4600 -1721.076226327103 0 -1721.076226327103
4700 -1701.178371026181 0 -1701.178371026181
4800 -1762.014461417217 0 -1762.014461417217
4900 -1750.815859903807 0 -1750.815859903807
5000 -1858.1368930178 0 -1858.1368930178
5100 -1813.028305289219 0 -1813.028305289219
5200 -1782.356824317831 0 -1782.356824317831
5300 -1809.770587803854 0 -1809.770587803854
5400 -1827.634202337242 0 -1827.634202337242
5500 -1869.345336096972 0 -1869.345336096972
5600 -1858.704744884977 0 -1858.704744884977
5700 -1842.743657266605 0 -1842.743657266605
5800 -1847.945350616064 0 -1847.945350616064
5900 -1849.944519228477 0 -1849.944519228477
6000 -1867.884006634355 0 -1867.884006634355
6100 -1879.409034217213 0 -1879.409034217213
6200 -1883.192670101853 0 -1883.192670101853
6300 -1893.468523862161 0 -1893.468523862161
6400 -1947.448307596613 0 -1947.448307596613
6500 -1960.388991307933 0 -1960.388991307933
6600 -1945.762191274553 0 -1945.762191274553
6700 -1978.338046214543 0 -1978.338046214543
6800 -1904.074300298467 0 -1904.074300298467
6900 -1988.184903516085 0 -1988.184903516085
7000 -2004.302009293111 0 -2004.302009293111
7100 -2011.347062350716 0 -2011.347062350716
7200 -1982.092279873294 0 -1982.092279873294
7300 -1921.184699432459 0 -1921.184699432459
7400 -1914.487691143702 0 -1914.487691143702
7500 -1969.514525806764 0 -1969.514525806764
7600 -1951.552747539594 0 -1951.552747539594
7700 -1967.337840148481 0 -1967.337840148481
7800 -1931.248919357116 0 -1931.248919357116
7900 -1955.18696911633 0 -1955.18696911633
8000 -1916.970629572868 0 -1916.970629572868
8100 -1906.128340637079 0 -1906.128340637079
8200 -1864.311731605092 0 -1864.311731605092
8300 -1944.420944429003 0 -1944.420944429003
8400 -1893.259751979378 0 -1893.259751979378
8500 -1895.129100115271 0 -1895.129100115271
8600 -1867.364768120402 0 -1867.364768120402
8700 -1889.721356389928 0 -1889.721356389928
8800 -1882.210376139788 0 -1882.210376139788
8900 -1825.302600764437 0 -1825.302600764437
9000 -1766.240273709642 0 -1766.240273709642
9100 -1785.391043073148 0 -1785.391043073148
9200 -1774.359103345836 0 -1774.359103345836
9300 -1804.329023984261 0 -1804.329023984261
9400 -1831.326433552662 0 -1831.326433552662
9500 -1848.623339992133 0 -1848.623339992133
9600 -1794.321287331404 0 -1794.321287331404
9700 -1727.935131560487 0 -1727.935131560487
9800 -1781.804746590613 0 -1781.804746590613
9900 -1809.308509026538 0 -1809.308509026538
10000 -1830.055151285836 0 -1830.055151285836
10100 -1841.681933738611 0 -1841.681933738611
10200 -1814.488150638994 0 -1814.488150638994
10300 -1832.921474189621 0 -1832.921474189621
10400 -1856.844381140349 0 -1856.844381140349
10500 -1931.209243855388 0 -1931.209243855388
10600 -1869.143241152837 0 -1869.143241152837
10700 -1814.204706254939 0 -1814.204706254939
10800 -1870.551415566137 0 -1870.551415566137
10900 -1832.412133431062 0 -1832.412133431062
11000 -1826.279798303411 0 -1826.279798303411
11100 -1766.582585195021 0 -1766.582585195021
11200 -1812.944882249867 0 -1812.944882249867
11300 -1894.801437148242 0 -1894.801437148242
11400 -1931.159807300661 0 -1931.159807300661
11500 -1916.558297941461 0 -1916.558297941461
11600 -1865.599195836716 0 -1865.599195836716
11700 -1860.134095526999 0 -1860.134095526999
11800 -1865.508064105874 0 -1865.508064105874
11900 -1754.66301402403 0 -1754.66301402403
12000 -1753.680031849071 0 -1753.680031849071
12100 -1785.198980109068 0 -1785.198980109068
12200 -1809.364102890897 0 -1809.364102890897
12300 -1700.669996070792 0 -1700.669996070792
12400 -1764.973479768028 0 -1764.973479768028
12500 -1813.124138243322 0 -1813.124138243322
12600 -1811.293407777091 0 -1811.293407777091
12700 -1784.043723611743 0 -1784.043723611743
12800 -1794.100001782819 0 -1794.100001782819
12900 -1794.044108918984 0 -1794.044108918984
13000 -1839.802512645256 0 -1839.802512645256
13100 -1817.058702886803 0 -1817.058702886803
13200 -1792.295313211391 0 -1792.295313211391
13300 -1785.675484067478 0 -1785.675484067478
13400 -1775.999722957291 0 -1775.999722957291
13500 -1828.853172552481 0 -1828.853172552481
13600 -1819.055991461384 0 -1819.055991461384
13700 -1719.911914078752 0 -1719.911914078752
13800 -1752.82369101662 0 -1752.82369101662
13900 -1743.074978017048 0 -1743.074978017048
14000 -1743.777541848864 0 -1743.777541848864
14100 -1760.214963736478 0 -1760.214963736478
14200 -1773.269220193848 0 -1773.269220193848
14300 -1785.277356311446 0 -1785.277356311446
14400 -1797.016982879024 0 -1797.016982879024
14500 -1781.886943136342 0 -1781.886943136342
14600 -1800.710115067195 0 -1800.710115067195
14700 -1820.765356061282 0 -1820.765356061282
14800 -1827.870281027281 0 -1827.870281027281
14900 -1862.380078544607 0 -1862.380078544607
15000 -1886.350351048517 0 -1886.350351048517
15100 -1848.906781926518 0 -1848.906781926518
15200 -1837.693837036612 0 -1837.693837036612
15300 -1824.324713453272 0 -1824.324713453272
15400 -1832.339779687114 0 -1832.339779687114
15500 -1840.671254399233 0 -1840.671254399233
15600 -1834.947329539398 0 -1834.947329539398
15700 -1763.433192145778 0 -1763.433192145778
15800 -1773.350507319497 0 -1773.350507319497
15900 -1811.91963039228 0 -1811.91963039228
16000 -1795.029912056401 0 -1795.029912056401
16100 -1787.37600424327 0 -1787.37600424327
16200 -1846.516924819211 0 -1846.516924819211
16300 -1897.687827763148 0 -1897.687827763148
16400 -1919.423448981892 0 -1919.423448981892
16500 -1917.359852164285 0 -1917.359852164285
16600 -1938.997534418479 0 -1938.997534418479
16700 -1913.116899161076 0 -1913.116899161076
16800 -1877.430412991787 0 -1877.430412991787
16900 -1888.45199717849 0 -1888.45199717849
17000 -1936.707802391931 0 -1936.707802391931
17100 -1905.703537214402 0 -1905.703537214402
17200 -1870.874418722 0 -1870.874418722
17300 -1902.655803976581 0 -1902.655803976581
17400 -1889.424884748529 0 -1889.424884748529
17500 -1842.580741082435 0 -1842.580741082435
17600 -1830.277332481113 0 -1830.277332481113
17700 -1815.657056875105 0 -1815.657056875105
17800 -1844.358484458178 0 -1844.358484458178
17900 -1804.087193053216 0 -1804.087193053216
18000 -1816.56982997153 0 -1816.56982997153
18100 -1806.432700883946 0 -1806.432700883946
18200 -1839.298241928103 0 -1839.298241928103
18300 -1868.856942049577 0 -1868.856942049577
18400 -1816.454809451825 0 -1816.454809451825
18500 -1777.837128655985 0 -1777.837128655985
18600 -1776.186145134037 0 -1776.186145134037
18700 -1830.662620574934 0 -1830.662620574934
18800 -1759.702672846732 0 -1759.702672846732
18900 -1708.978340175701 0 -1708.978340175701
19000 -1730.284359429264 0 -1730.284359429264
19100 -1740.990331077366 0 -1740.990331077366
19200 -1745.683860681136 0 -1745.683860681136
19300 -1751.25260462088 0 -1751.25260462088
19400 -1741.150090694602 0 -1741.150090694602
19500 -1758.330214307294 0 -1758.330214307294
19600 -1752.295485186129 0 -1752.295485186129
19700 -1769.588670270256 0 -1769.588670270256
19800 -1796.544471588655 0 -1796.544471588655
19900 -1725.22563050437 0 -1725.22563050437
20000 -1728.009432765422 0 -1728.009432765422
20100 -1650.365385520738 0 -1650.365385520738
20200 -1706.534430942032 0 -1706.534430942032
20300 -1679.021781449206 0 -1679.021781449206
20400 -1714.32027528109 0 -1714.32027528109
20500 -1640.170284240856 0 -1640.170284240856
20600 -1648.771131546295 0 -1648.771131546295
20700 -1565.025041228277 0 -1565.025041228277
20800 -1606.403642389596 0 -1606.403642389596
20900 -1672.876802443992 0 -1672.876802443992
21000 -1737.002320834203 0 -1737.002320834203
21100 -1707.409990912623 0 -1707.409990912623
21200 -1639.38692650618 0 -1639.38692650618
21300 -1701.148994068615 0 -1701.148994068615
21400 -1743.090502421837 0 -1743.090502421837
21500 -1720.212952013128 0 -1720.212952013128
21600 -1746.158882259624 0 -1746.158882259624
21700 -1767.745911250589 0 -1767.745911250589
21800 -1767.577068846324 0 -1767.577068846324
21900 -1787.796581378934 0 -1787.796581378934
22000 -1808.100780089444 0 -1808.100780089444
22100 -1789.58576651453 0 -1789.58576651453
22200 -1777.229314777491 0 -1777.229314777491
22300 -1767.339313403641 0 -1767.339313403641
22400 -1742.771159716416 0 -1742.771159716416
22500 -1746.803660581994 0 -1746.803660581994
22600 -1792.390368540793 0 -1792.390368540793
22700 -1824.653620859201 0 -1824.653620859201
22800 -1849.423423410917 0 -1849.423423410917
22900 -1828.334194079187 0 -1828.334194079187
23000 -1835.152813722205 0 -1835.152813722205
23100 -1759.468245820142 0 -1759.468245820142
23200 -1762.394653075025 0 -1762.394653075025
23300 -1790.623881068779 0 -1790.623881068779
23400 -1794.896183002391 0 -1794.896183002391
23500 -1778.022587456828 0 -1778.022587456828
23600 -1722.186823405995 0 -1722.186823405995
23700 -1656.224297763139 0 -1656.224297763139
23800 -1595.465055959765 0 -1595.465055959765
23900 -1599.347776952782 0 -1599.347776952782
24000 -1585.868969928124 0 -1585.868969928124
24100 -1637.632375571644 0 -1637.632375571644
24200 -1659.181885898055 0 -1659.181885898055
24300 -1715.943406069477 0 -1715.943406069477
24400 -1712.189118446957 0 -1712.189118446957
24500 -1637.597907107905 0 -1637.597907107905
24600 -1644.854290538817 0 -1644.854290538817
24700 -1637.811345602735 0 -1637.811345602735
24800 -1594.358192700893 0 -1594.358192700893
24900 -1611.628034955706 0 -1611.628034955706
25000 -1601.957339331508 0 -1601.957339331508
25100 -1611.307560850779 0 -1611.307560850779
25200 -1649.690066945215 0 -1649.690066945215
25300 -1688.699204505887 0 -1688.699204505887
25400 -1693.586216145661 0 -1693.586216145661
25500 -1707.529677757295 0 -1707.529677757295
25600 -1725.879301396664 0 -1725.879301396664
25700 -1664.36379584833 0 -1664.36379584833
25800 -1664.34799550008 0 -1664.34799550008
25900 -1685.281692407792 0 -1685.281692407792
26000 -1664.030713367625 0 -1664.030713367625
26100 -1676.487111770548 0 -1676.487111770548
26200 -1721.315796645358 0 -1721.315796645358
26300 -1771.930283599067 0 -1771.930283599067
26400 -1776.930096996599 0 -1776.930096996599
26500 -1801.876055218338 0 -1801.876055218338
26600 -1789.879411543952 0 -1789.879411543952
26700 -1830.903279747756 0 -1830.903279747756
26800 -1781.387919354835 0 -1781.387919354835
26900 -1747.344005562365 0 -1747.344005562365
27000 -1789.375382628874 0 -1789.375382628874
27100 -1845.246135976282 0 -1845.246135976282
27200 -1920.163400355377 0 -1920.163400355377
27300 -1836.224268239457 0 -1836.224268239457
27400 -1857.130381446797 0 -1857.130381446797
27500 -1866.394269587938 0 -1866.394269587938
27600 -1820.405318779522 0 -1820.405318779522
27700 -1858.051389011904 0 -1858.051389011904
27800 -1853.391204544867 0 -1853.391204544867
27900 -1871.401777707506 0 -1871.401777707506
28000 -1870.689588878071 0 -1870.689588878071
28100 -1808.360506164609 0 -1808.360506164609
28200 -1839.600337096024 0 -1839.600337096024
28300 -1855.732110837242 0 -1855.732110837242
28400 -1872.137401063344 0 -1872.137401063344
28500 -1869.16408890509 0 -1869.16408890509
28600 -1855.781872045016 0 -1855.781872045016
28700 -1841.390132034081 0 -1841.390132034081
28800 -1863.154436971061 0 -1863.154436971061
28900 -1873.887763511157 0 -1873.887763511157
29000 -1907.135095017962 0 -1907.135095017962
29100 -1936.85008385207 0 -1936.85008385207
29200 -1856.588434704812 0 -1856.588434704812
29300 -1861.96259399585 0 -1861.96259399585
29400 -1816.405224954186 0 -1816.405224954186
29500 -1881.630228135909 0 -1881.630228135909
29600 -1925.276697275694 0 -1925.276697275694
29700 -1887.115016908967 0 -1887.115016908967
29800 -1860.551578799379 0 -1860.551578799379
29900 -1878.525409042428 0 -1878.525409042428
30000 -1854.985125053674 0 -1854.985125053674
30100 -1847.394262606482 0 -1847.394262606482
30200 -1868.597140695201 0 -1868.597140695201
30300 -1826.918776727398 0 -1826.918776727398
30400 -1851.214884519752 0 -1851.214884519752
30500 -1876.937902205624 0 -1876.937902205624
30600 -1847.00445840694 0 -1847.00445840694
30700 -1864.506093653385 0 -1864.506093653385
30800 -1867.7771962611 0 -1867.7771962611
30900 -1839.893204038643 0 -1839.893204038643
31000 -1794.710169417362 0 -1794.710169417362
31100 -1895.89564064017 0 -1895.89564064017
31200 -1932.237273859791 0 -1932.237273859791
31300 -1957.049365768442 0 -1957.049365768442
31400 -1996.198601430515 0 -1996.198601430515
31500 -1977.236704274925 0 -1977.236704274925
31600 -1969.811180615579 0 -1969.811180615579
31700 -1925.834669019328 0 -1925.834669019328
31800 -1954.18983881548 0 -1954.18983881548
31900 -1896.424451219616 0 -1896.424451219616
32000 -1957.606710490072 0 -1957.606710490072
32100 -1954.305675505428 0 -1954.305675505428
32200 -1902.864635661943 0 -1902.864635661943
32300 -1800.756256508816 0 -1800.756256508816
32400 -1850.26544640155 0 -1850.26544640155
32500 -1862.155265725916 0 -1862.155265725916
32600 -1876.395272684051 0 -1876.395272684051
32700 -1908.334744531894 0 -1908.334744531894
32800 -1900.409999413067 0 -1900.409999413067
32900 -1903.943687480409 0 -1903.943687480409
33000 -1938.934784422163 0 -1938.934784422163
33100 -1890.506748175016 0 -1890.506748175016
33200 -1854.0464602024 0 -1854.0464602024
33300 -1812.216065622692 0 -1812.216065622692
33400 -1873.677969777258 0 -1873.677969777258
33500 -1820.90521303576 0 -1820.90521303576
33600 -1860.146401275648 0 -1860.146401275648
33700 -1901.04792041122 0 -1901.04792041122
33800 -1919.081355321454 0 -1919.081355321454
33900 -1864.20242430974 0 -1864.20242430974
34000 -1882.157311320305 0 -1882.157311320305
34100 -1866.363918144489 0 -1866.363918144489
34200 -1839.060512610013 0 -1839.060512610013
34300 -1868.355066367658 0 -1868.355066367658
34400 -1865.356434374233 0 -1865.356434374233
34500 -1848.470061979315 0 -1848.470061979315
34600 -1824.103998668608 0 -1824.103998668608
34700 -1878.140965539264 0 -1878.140965539264
34800 -1809.927331069193 0 -1809.927331069193
34900 -1828.239315446233 0 -1828.239315446233
35000 -1783.649802885717 0 -1783.649802885717
35100 -1748.157977813389 0 -1748.157977813389
35200 -1770.802820418961 0 -1770.802820418961
35300 -1828.001192986732 0 -1828.001192986732
35400 -1777.382042294019 0 -1777.382042294019
35500 -1823.87723109941 0 -1823.87723109941
35600 -1791.447984185084 0 -1791.447984185084
35700 -1790.628082436815 0 -1790.628082436815
35800 -1760.69252096166 0 -1760.69252096166
35900 -1771.780892749724 0 -1771.780892749724
36000 -1803.043900198478 0 -1803.043900198478
36100 -1780.180698157696 0 -1780.180698157696
36200 -1772.838886956044 0 -1772.838886956044
36300 -1708.193206653697 0 -1708.193206653697
36400 -1711.770260317833 0 -1711.770260317833
36500 -1710.563345367089 0 -1710.563345367089
36600 -1761.781851915002 0 -1761.781851915002
36700 -1746.214799087495 0 -1746.214799087495
36800 -1758.006667509908 0 -1758.006667509908
36900 -1761.911407175954 0 -1761.911407175954
37000 -1737.29250772181 0 -1737.29250772181
37100 -1723.474895709893 0 -1723.474895709893
37200 -1697.430119749624 0 -1697.430119749624
37300 -1707.755301428959 0 -1707.755301428959
37400 -1708.776142891031 0 -1708.776142891031
37500 -1692.498961775782 0 -1692.498961775782
37600 -1712.158045314834 0 -1712.158045314834
37700 -1728.256309437682 0 -1728.256309437682
37800 -1712.855139938678 0 -1712.855139938678
37900 -1746.527382110304 0 -1746.527382110304
38000 -1737.335071005917 0 -1737.335071005917
38100 -1721.089318701648 0 -1721.089318701648
38200 -1726.799924413208 0 -1726.799924413208
38300 -1734.564546162321 0 -1734.564546162321
38400 -1732.502999879478 0 -1732.502999879478
38500 -1725.744279107312 0 -1725.744279107312
38600 -1721.582442741128 0 -1721.582442741128
38700 -1754.926589239738 0 -1754.926589239738
38800 -1818.849791777553 0 -1818.849791777553
38900 -1802.524505312787 0 -1802.524505312787
39000 -1789.185262652929 0 -1789.185262652929
39100 -1784.834455133881 0 -1784.834455133881
39200 -1801.20503813331 0 -1801.20503813331
39300 -1799.277795573464 0 -1799.277795573464
39400 -1833.276165687712 0 -1833.276165687712
39500 -1805.886838248814 0 -1805.886838248814
39600 -1793.817839579307 0 -1793.817839579307
39700 -1855.267724786187 0 -1855.267724786187
39800 -1891.20059949602 0 -1891.20059949602
39900 -1798.293788752053 0 -1798.293788752053
40000 -1876.608354230528 0 -1876.608354230528
40100 -1856.750068578986 0 -1856.750068578986
40200 -1872.908188510708 0 -1872.908188510708
40300 -1813.867602877785 0 -1813.867602877785
40400 -1848.725993211381 0 -1848.725993211381
40500 -1938.502966960892 0 -1938.502966960892
40600 -1865.707780885044 0 -1865.707780885044
40700 -1871.505726476404 0 -1871.505726476404
40800 -1903.171633904218 0 -1903.171633904218
40900 -1881.489582084003 0 -1881.489582084003
41000 -1890.166815222474 0 -1890.166815222474
41100 -1845.738401936367 0 -1845.738401936367
41200 -1901.654098974541 0 -1901.654098974541
41300 -1779.838101366535 0 -1779.838101366535
41400 -1781.044414243428 0 -1781.044414243428
41500 -1784.847200507764 0 -1784.847200507764
41600 -1791.476017047069 0 -1791.476017047069
41700 -1834.924839153653 0 -1834.924839153653
41800 -1880.296279001283 0 -1880.296279001283
41900 -1914.021270562196 0 -1914.021270562196
42000 -1911.70227611158 0 -1911.70227611158
42100 -1910.323015437694 0 -1910.323015437694
42200 -1950.021968431887 0 -1950.021968431887
42300 -1963.37202221097 0 -1963.37202221097
42400 -1889.000893331598 0 -1889.000893331598
42500 -1919.382709868252 0 -1919.382709868252
42600 -1909.56603836664 0 -1909.56603836664
42700 -1935.785669363919 0 -1935.785669363919
42800 -1870.856218709145 0 -1870.856218709145
42900 -1875.365411730716 0 -1875.365411730716
43000 -1897.766502954299 0 -1897.766502954299
43100 -1939.645427027368 0 -1939.645427027368
43200 -2011.32661525812 0 -2011.32661525812
43300 -1917.985362776788 0 -1917.985362776788
43400 -1893.474697930505 0 -1893.474697930505
43500 -1898.313553361688 0 -1898.313553361688
43600 -1917.465403730515 0 -1917.465403730515
43700 -1961.727430607425 0 -1961.727430607425
43800 -1913.837238532375 0 -1913.837238532375
43900 -1921.393989072414 0 -1921.393989072414
44000 -1910.441826175898 0 -1910.441826175898
44100 -1825.776316490141 0 -1825.776316490141
44200 -1875.759567782516 0 -1875.759567782516
44300 -1890.56274091173 0 -1890.56274091173
44400 -1845.760781762889 0 -1845.760781762889
44500 -1835.445125421276 0 -1835.445125421276
44600 -1843.911103431135 0 -1843.911103431135
44700 -1798.812639207579 0 -1798.812639207579
44800 -1893.852903991472 0 -1893.852903991472
44900 -1886.034658970311 0 -1886.034658970311
45000 -1899.435200175649 0 -1899.435200175649
45100 -1868.821762464009 0 -1868.821762464009
45200 -1840.616374363308 0 -1840.616374363308
45300 -1895.760921398411 0 -1895.760921398411
45400 -1872.104121517623 0 -1872.104121517623
45500 -1867.031333159539 0 -1867.031333159539
45600 -1882.732107846823 0 -1882.732107846823
45700 -1837.295356714632 0 -1837.295356714632
45800 -1847.565139188198 0 -1847.565139188198
45900 -1863.85239058407 0 -1863.85239058407
46000 -1891.900799334049 0 -1891.900799334049
46100 -1903.043037660187 0 -1903.043037660187
46200 -1909.211609605583 0 -1909.211609605583
46300 -1887.655084077967 0 -1887.655084077967
46400 -1931.677931032376 0 -1931.677931032376
46500 -1892.297271214426 0 -1892.297271214426
46600 -1946.12261483958 0 -1946.12261483958
46700 -1939.901194067672 0 -1939.901194067672
46800 -1962.917502642842 0 -1962.917502642842
46900 -1932.262364686932 0 -1932.262364686932
47000 -1896.595514868619 0 -1896.595514868619
47100 -1993.256469484069 0 -1993.256469484069
47200 -2003.664006607607 0 -2003.664006607607
47300 -1953.520604035351 0 -1953.520604035351
47400 -1978.272719623055 0 -1978.272719623055
47500 -1961.739262702409 0 -1961.739262702409
47600 -1938.857386615709 0 -1938.857386615709
47700 -1948.336344580399 0 -1948.336344580399
47800 -1917.80300057889 0 -1917.80300057889
47900 -1971.847235034453 0 -1971.847235034453
48000 -1957.83736717049 0 -1957.83736717049
48100 -1935.359105146024 0 -1935.359105146024
48200 -1961.044149339665 0 -1961.044149339665
48300 -1942.472047534364 0 -1942.472047534364
48400 -1890.105306320082 0 -1890.105306320082
48500 -1932.250869029667 0 -1932.250869029667
48600 -1976.435400784947 0 -1976.435400784947
48700 -1949.211296876718 0 -1949.211296876718
48800 -1966.774567830376 0 -1966.774567830376
48900 -1841.177856911672 0 -1841.177856911672
49000 -1913.004471527413 0 -1913.004471527413
49100 -1925.711673711194 0 -1925.711673711194
49200 -1949.527446208005 0 -1949.527446208005
49300 -1857.187657150789 0 -1857.187657150789
49400 -1865.120933790517 0 -1865.120933790517
49500 -1871.664340962423 0 -1871.664340962423
49600 -1866.746195659274 0 -1866.746195659274
49700 -1832.66234467621 0 -1832.66234467621
49800 -1882.168401870644 0 -1882.168401870644
49900 -1858.298783234786 0 -1858.298783234786
50000 -1794.461238918127 0 -1794.461238918127
50100 -1773.94127520523 0 -1773.94127520523
50200 -1801.156519175274 0 -1801.156519175274
50300 -1814.126290540269 0 -1814.126290540269
50400 -1742.898784948455 0 -1742.898784948455
50500 -1732.273276475258 0 -1732.273276475258
50600 -1765.022517890902 0 -1765.022517890902
50700 -1765.959934110986 0 -1765.959934110986
50800 -1752.589533993509 0 -1752.589533993509
50900 -1690.735594739934 0 -1690.735594739934
51000 -1789.679833069211 0 -1789.679833069211
51100 -1739.195413524503 0 -1739.195413524503
51200 -1780.564535492551 0 -1780.564535492551
51300 -1745.9249390107 0 -1745.9249390107
51400 -1726.327847714303 0 -1726.327847714303
51500 -1777.993927213596 0 -1777.993927213596
51600 -1778.932114520983 0 -1778.932114520983
51700 -1826.66550608736 0 -1826.66550608736
51800 -1776.203425667947 0 -1776.203425667947
51900 -1786.458691972191 0 -1786.458691972191
52000 -1813.641119555978 0 -1813.641119555978
52100 -1839.100411328487 0 -1839.100411328487
52200 -1913.832524492405 0 -1913.832524492405
52300 -1977.110521076014 0 -1977.110521076014
52400 -1979.899336468196 0 -1979.899336468196
52500 -1964.388916327094 0 -1964.388916327094
52600 -1931.378335780464 0 -1931.378335780464
52700 -1931.668658368086 0 -1931.668658368086
52800 -1972.437589295936 0 -1972.437589295936
52900 -1936.191074527334 0 -1936.191074527334
53000 -1932.462118529947 0 -1932.462118529947
53100 -1913.922952322289 0 -1913.922952322289
53200 -1878.285228179942 0 -1878.285228179942
53300 -1870.598423636751 0 -1870.598423636751
53400 -1866.647461066954 0 -1866.647461066954
53500 -1818.166624062229 0 -1818.166624062229
53600 -1889.523743490325 0 -1889.523743490325
53700 -1880.237020347035 0 -1880.237020347035
53800 -1857.588846819795 0 -1857.588846819795
53900 -1812.436979508027 0 -1812.436979508027
54000 -1814.755142785376 0 -1814.755142785376
54100 -1811.711634390056 0 -1811.711634390056
54200 -1766.383805320133 0 -1766.383805320133
54300 -1801.674913933733 0 -1801.674913933733
54400 -1770.159220977424 0 -1770.159220977424
54500 -1742.194852257846 0 -1742.194852257846
54600 -1764.956778018095 0 -1764.956778018095
54700 -1801.228041124297 0 -1801.228041124297
54800 -1799.377472751541 0 -1799.377472751541
54900 -1832.184942199383 0 -1832.184942199383
55000 -1779.101541332435 0 -1779.101541332435
55100 -1786.89782759524 0 -1786.89782759524
55200 -1747.161501333117 0 -1747.161501333117
55300 -1729.954195548547 0 -1729.954195548547
55400 -1719.205375646241 0 -1719.205375646241
55500 -1739.659840574488 0 -1739.659840574488
55600 -1689.97046273567 0 -1689.97046273567
55700 -1693.454797340557 0 -1693.454797340557
55800 -1720.578491607972 0 -1720.578491607972
55900 -1756.230397264299 0 -1756.230397264299
56000 -1753.902653888799 0 -1753.902653888799
56100 -1766.892743490986 0 -1766.892743490986
56200 -1720.325406088203 0 -1720.325406088203
56300 -1745.462193564163 0 -1745.462193564163
56400 -1686.599625001545 0 -1686.599625001545
56500 -1679.375114892144 0 -1679.375114892144
56600 -1702.480636331369 0 -1702.480636331369
56700 -1705.772838359 0 -1705.772838359
56800 -1755.655102052959 0 -1755.655102052959
56900 -1763.741283690557 0 -1763.741283690557
57000 -1772.57495916613 0 -1772.57495916613
57100 -1768.450165276648 0 -1768.450165276648
57200 -1721.26895459299 0 -1721.26895459299
57300 -1690.642851199023 0 -1690.642851199023
57400 -1708.106982743251 0 -1708.106982743251
57500 -1737.368607054697 0 -1737.368607054697
57600 -1760.709399485961 0 -1760.709399485961
57700 -1751.55326270347 0 -1751.55326270347
57800 -1783.582547754282 0 -1783.582547754282
57900 -1719.259948346997 0 -1719.259948346997
58000 -1721.347030857112 0 -1721.347030857112
58100 -1773.650240460178 0 -1773.650240460178
58200 -1780.687940031523 0 -1780.687940031523
58300 -1782.43890444818 0 -1782.43890444818
58400 -1780.15867577563 0 -1780.15867577563
58500 -1805.77080000838 0 -1805.77080000838
58600 -1849.900997992372 0 -1849.900997992372
58700 -1790.12495286495 0 -1790.12495286495
58800 -1819.541030421504 0 -1819.541030421504
58900 -1782.605827153777 0 -1782.605827153777
59000 -1776.204143819516 0 -1776.204143819516
59100 -1705.660836726194 0 -1705.660836726194
59200 -1740.965985106392 0 -1740.965985106392
59300 -1702.191105322912 0 -1702.191105322912
59400 -1708.594107023673 0 -1708.594107023673
59500 -1725.941678009927 0 -1725.941678009927
59600 -1742.664794665528 0 -1742.664794665528
59700 -1741.999491396709 0 -1741.999491396709
59800 -1706.451049440773 0 -1706.451049440773
59900 -1699.206766583316 0 -1699.206766583316
60000 -1683.78611668231 0 -1683.78611668231
60100 -1650.965594327776 0 -1650.965594327776
60200 -1670.356529641431 0 -1670.356529641431
60300 -1615.122603159747 0 -1615.122603159747
60400 -1631.719686464057 0 -1631.719686464057
60500 -1631.263733965461 0 -1631.263733965461
60600 -1621.798720832856 0 -1621.798720832856
60700 -1690.985969922054 0 -1690.985969922054
60800 -1658.722723946223 0 -1658.722723946223
60900 -1646.594793528842 0 -1646.594793528842
61000 -1643.796008993057 0 -1643.796008993057
61100 -1670.320827857602 0 -1670.320827857602
61200 -1678.376696655934 0 -1678.376696655934
61300 -1635.673697286868 0 -1635.673697286868
61400 -1634.42953668772 0 -1634.42953668772
61500 -1629.1350868179 0 -1629.1350868179
61600 -1632.21857426723 0 -1632.21857426723
61700 -1583.92941129324 0 -1583.92941129324
61800 -1503.511320258491 0 -1503.511320258491
61900 -1467.58632274135 0 -1467.58632274135
62000 -1537.848481330817 0 -1537.848481330817
62100 -1484.547331961308 0 -1484.547331961308
62200 -1542.470439678989 0 -1542.470439678989
62300 -1557.498591247378 0 -1557.498591247378
62400 -1552.361436162144 0 -1552.361436162144
62500 -1537.66598285631 0 -1537.66598285631
62600 -1608.233582466375 0 -1608.233582466375
62700 -1574.290439197328 0 -1574.290439197328
62800 -1604.742940495024 0 -1604.742940495024
62900 -1640.25291396043 0 -1640.25291396043
63000 -1644.83815011612 0 -1644.83815011612
63100 -1708.26945533359 0 -1708.26945533359
63200 -1700.801514181192 0 -1700.801514181192
63300 -1729.439413516433 0 -1729.439413516433
63400 -1706.187730585807 0 -1706.187730585807
63500 -1734.992243485773 0 -1734.992243485773
63600 -1728.394251379468 0 -1728.394251379468
63700 -1700.355009815888 0 -1700.355009815888
63800 -1725.591134617222 0 -1725.591134617222
63900 -1737.403881033126 0 -1737.403881033126
64000 -1681.055831986712 0 -1681.055831986712
64100 -1625.505709528457 0 -1625.505709528457
64200 -1648.850808932504 0 -1648.850808932504
64300 -1628.849236244161 0 -1628.849236244161
64400 -1653.741748413187 0 -1653.741748413187
64500 -1640.088632524945 0 -1640.088632524945
64600 -1557.946408898104 0 -1557.946408898104
64700 -1587.745946553303 0 -1587.745946553303
64800 -1566.014009111561 0 -1566.014009111561
64900 -1598.052287145372 0 -1598.052287145372
65000 -1582.863756162347 0 -1582.863756162347
65100 -1641.478583591292 0 -1641.478583591292
65200 -1653.381141244434 0 -1653.381141244434
65300 -1624.409694286238 0 -1624.409694286238
65400 -1544.318476607557 0 -1544.318476607557
65500 -1434.074972808128 0 -1434.074972808128
65600 -1459.834714012395 0 -1459.834714012395
65700 -1410.374201164348 0 -1410.374201164348
65800 -1418.016177437268 0 -1418.016177437268
65900 -1473.942190909031 0 -1473.942190909031
66000 -1473.29845464963 0 -1473.29845464963
66100 -1537.909634690208 0 -1537.909634690208
66200 -1552.76210788358 0 -1552.76210788358
66300 -1547.791558496654 0 -1547.791558496654
66400 -1594.150833042338 0 -1594.150833042338
66500 -1572.60929422616 0 -1572.60929422616
66600 -1520.667699967278 0 -1520.667699967278
66700 -1508.532246880815 0 -1508.532246880815
66800 -1559.463602435775 0 -1559.463602435775
66900 -1554.831506083952 0 -1554.831506083952
67000 -1483.917744242586 0 -1483.917744242586
67100 -1481.432356288191 0 -1481.432356288191
67200 -1501.595492413748 0 -1501.595492413748
67300 -1526.753980787704 0 -1526.753980787704
67400 -1547.94194885483 0 -1547.94194885483
67500 -1555.544067474548 0 -1555.544067474548
67600 -1584.432243020274 0 -1584.432243020274
67700 -1572.881690545706 0 -1572.881690545706
67800 -1628.293560501188 0 -1628.293560501188
67900 -1644.911023402819 0 -1644.911023402819
68000 -1635.827600606135 0 -1635.827600606135
68100 -1646.46079994156 0 -1646.46079994156
68200 -1620.395751621982 0 -1620.395751621982
68300 -1699.894817501539 0 -1699.894817501539
68400 -1673.918271040369 0 -1673.918271040369
68500 -1659.913584210066 0 -1659.913584210066
68600 -1636.721357919974 0 -1636.721357919974
68700 -1607.583527353709 0 -1607.583527353709
68800 -1597.444838520722 0 -1597.444838520722
68900 -1635.613868962246 0 -1635.613868962246
69000 -1605.393612601329 0 -1605.393612601329
69100 -1678.571480944054 0 -1678.571480944054
69200 -1652.561389845097 0 -1652.561389845097
69300 -1591.491061408105 0 -1591.491061408105
69400 -1619.896794020431 0 -1619.896794020431
69500 -1613.346133126412 0 -1613.346133126412
69600 -1602.096942929085 0 -1602.096942929085
69700 -1631.234529803274 0 -1631.234529803274
69800 -1602.416233076248 0 -1602.416233076248
69900 -1550.325628220853 0 -1550.325628220853
70000 -1585.343242819188 0 -1585.343242819188
70100 -1564.983980623074 0 -1564.983980623074
70200 -1654.692510630237 0 -1654.692510630237
70300 -1530.995653895196 0 -1530.995653895196
70400 -1585.761977829272 0 -1585.761977829272
70500 -1572.247414349578 0 -1572.247414349578
70600 -1577.36587051698 0 -1577.36587051698
70700 -1609.541109169833 0 -1609.541109169833
70800 -1630.518864679965 0 -1630.518864679965
70900 -1628.181838020799 0 -1628.181838020799
71000 -1617.723431814229 0 -1617.723431814229
71100 -1597.665751123219 0 -1597.665751123219
71200 -1643.865722980467 0 -1643.865722980467
71300 -1639.632313468494 0 -1639.632313468494
71400 -1643.401172470418 0 -1643.401172470418
71500 -1678.674745643279 0 -1678.674745643279
71600 -1666.227642628714 0 -1666.227642628714
71700 -1683.326853854698 0 -1683.326853854698
71800 -1741.737223960226 0 -1741.737223960226
71900 -1733.736702802591 0 -1733.736702802591
72000 -1794.685679419665 0 -1794.685679419665
72100 -1793.519190565959 0 -1793.519190565959
72200 -1744.791935238289 0 -1744.791935238289
72300 -1717.089231014485 0 -1717.089231014485
72400 -1623.190219243756 0 -1623.190219243756
72500 -1636.548563782824 0 -1636.548563782824
72600 -1674.79547768944 0 -1674.79547768944
72700 -1637.233769239763 0 -1637.233769239763
72800 -1705.7862711778 0 -1705.7862711778
72900 -1675.219223504566 0 -1675.219223504566
73000 -1654.647189349052 0 -1654.647189349052
73100 -1619.375330704148 0 -1619.375330704148
73200 -1616.369023925858 0 -1616.369023925858
73300 -1616.494536554179 0 -1616.494536554179
73400 -1676.399093635147 0 -1676.399093635147
73500 -1646.414700214169 0 -1646.414700214169
73600 -1629.140732400119 0 -1629.140732400119
73700 -1600.670183975017 0 -1600.670183975017
73800 -1592.598306658212 0 -1592.598306658212
73900 -1562.079053649912 0 -1562.079053649912
74000 -1481.77457935072 0 -1481.77457935072
74100 -1563.631956617581 0 -1563.631956617581
74200 -1541.764720577979 0 -1541.764720577979
74300 -1606.574003886431 0 -1606.574003886431
74400 -1617.756576690124 0 -1617.756576690124
74500 -1623.648452612106 0 -1623.648452612106
74600 -1620.966800192837 0 -1620.966800192837
74700 -1590.470507222228 0 -1590.470507222228
74800 -1549.459233382542 0 -1549.459233382542
74900 -1534.877910710522 0 -1534.877910710522
75000 -1565.61016739218 0 -1565.61016739218
75100 -1559.832928116084 0 -1559.832928116084
75200 -1516.107293569483 0 -1516.107293569483
75300 -1490.969136323838 0 -1490.969136323838
75400 -1482.739995965967 0 -1482.739995965967
75500 -1507.328282280825 0 -1507.328282280825
75600 -1533.114802883007 0 -1533.114802883007
75700 -1571.708315780153 0 -1571.708315780153
75800 -1550.79156425246 0 -1550.79156425246
75900 -1542.971624293597 0 -1542.971624293597
76000 -1511.487145809922 0 -1511.487145809922
76100 -1486.543825312052 0 -1486.543825312052
76200 -1447.163740037708 0 -1447.163740037708
76300 -1487.582028565579 0 -1487.582028565579
76400 -1511.22972241044 0 -1511.22972241044
76500 -1560.919761714526 0 -1560.919761714526
76600 -1563.810374638531 0 -1563.810374638531
76700 -1573.70869065047 0 -1573.70869065047
76800 -1670.278604759136 0 -1670.278604759136
76900 -1683.280185522279 0 -1683.280185522279
77000 -1661.605404241476 0 -1661.605404241476
77100 -1646.167606516276 0 -1646.167606516276
77200 -1623.760319848545 0 -1623.760319848545
77300 -1622.867344759055 0 -1622.867344759055
77400 -1638.624650340993 0 -1638.624650340993
77500 -1597.43345556478 0 -1597.43345556478
77600 -1602.550209952286 0 -1602.550209952286
77700 -1618.21768004389 0 -1618.21768004389
77800 -1666.976407263195 0 -1666.976407263195
77900 -1669.49507114687 0 -1669.49507114687
78000 -1709.262819786316 0 -1709.262819786316
78100 -1702.661091120564 0 -1702.661091120564
78200 -1658.603229376022 0 -1658.603229376022
78300 -1701.340225687367 0 -1701.340225687367
78400 -1657.886163389572 0 -1657.886163389572
78500 -1535.720897692954 0 -1535.720897692954
78600 -1518.227087695617 0 -1518.227087695617
78700 -1504.953966518398 0 -1504.953966518398
78800 -1579.405821500604 0 -1579.405821500604
78900 -1545.956395185785 0 -1545.956395185785
79000 -1563.971102516516 0 -1563.971102516516
79100 -1557.447918201331 0 -1557.447918201331
79200 -1633.019818946486 0 -1633.019818946486
79300 -1637.65181617043 0 -1637.65181617043
79400 -1636.603121938766 0 -1636.603121938766
79500 -1604.178079747828 0 -1604.178079747828
79600 -1583.880596728763 0 -1583.880596728763
79700 -1562.093226208643 0 -1562.093226208643
79800 -1660.919821181626 0 -1660.919821181626
79900 -1658.879998785676 0 -1658.879998785676
80000 -1639.229666367173 0 -1639.229666367173
80100 -1636.662817703094 0 -1636.662817703094
80200 -1612.673478627112 0 -1612.673478627112
80300 -1587.053251696983 0 -1587.053251696983
80400 -1577.483895919519 0 -1577.483895919519
80500 -1594.333154153544 0 -1594.333154153544
80600 -1605.938236126909 0 -1605.938236126909
80700 -1639.335269832984 0 -1639.335269832984
80800 -1661.903150418366 0 -1661.903150418366
80900 -1666.581492679659 0 -1666.581492679659
81000 -1696.485109091023 0 -1696.485109091023
81100 -1655.557562202928 0 -1655.557562202928
81200 -1532.316592439078 0 -1532.316592439078
81300 -1622.294862492476 0 -1622.294862492476
81400 -1600.652486853767 0 -1600.652486853767
81500 -1663.048475942225 0 -1663.048475942225
81600 -1708.488851684378 0 -1708.488851684378
81700 -1659.734021109296 0 -1659.734021109296
81800 -1624.324365304434 0 -1624.324365304434
81900 -1610.181287068408 0 -1610.181287068408
82000 -1633.78964240849 0 -1633.78964240849
82100 -1614.021432400681 0 -1614.021432400681
82200 -1667.108638043515 0 -1667.108638043515
82300 -1708.334834730253 0 -1708.334834730253
82400 -1739.376842158614 0 -1739.376842158614
82500 -1738.724385969224 0 -1738.724385969224
82600 -1733.565962251741 0 -1733.565962251741
82700 -1721.444472920848 0 -1721.444472920848
82800 -1715.101255022018 0 -1715.101255022018
82900 -1707.619169076206 0 -1707.619169076206
83000 -1630.815772574628 0 -1630.815772574628
83100 -1591.396935216151 0 -1591.396935216151
83200 -1652.774291522102 0 -1652.774291522102
83300 -1652.414695334155 0 -1652.414695334155
83400 -1690.776060216245 0 -1690.776060216245
83500 -1687.159230254358 0 -1687.159230254358
83600 -1660.084970812459 0 -1660.084970812459
83700 -1635.090895902365 0 -1635.090895902365
83800 -1581.052350199316 0 -1581.052350199316
83900 -1647.018200735401 0 -1647.018200735401
84000 -1552.674774174578 0 -1552.674774174578
84100 -1568.780356312869 0 -1568.780356312869
84200 -1606.996725234785 0 -1606.996725234785
84300 -1577.346186674898 0 -1577.346186674898
84400 -1671.429103403818 0 -1671.429103403818
84500 -1623.827197377803 0 -1623.827197377803
84600 -1612.025618729414 0 -1612.025618729414
84700 -1715.368512762361 0 -1715.368512762361
84800 -1617.995008541271 0 -1617.995008541271
84900 -1631.388359569479 0 -1631.388359569479
85000 -1725.501878746669 0 -1725.501878746669
85100 -1693.75573296356 0 -1693.75573296356
85200 -1690.2777326543 0 -1690.2777326543
85300 -1688.916028495121 0 -1688.916028495121
85400 -1731.936530532781 0 -1731.936530532781
85500 -1677.418140698224 0 -1677.418140698224
85600 -1731.201816365588 0 -1731.201816365588
85700 -1744.156045050302 0 -1744.156045050302
85800 -1742.43075113988 0 -1742.43075113988
85900 -1715.739058712265 0 -1715.739058712265
86000 -1700.304199593142 0 -1700.304199593142
86100 -1699.216651004972 0 -1699.216651004972
86200 -1738.06525393053 0 -1738.06525393053
86300 -1691.907646821812 0 -1691.907646821812
86400 -1715.403078487609 0 -1715.403078487609
86500 -1762.805266212439 0 -1762.805266212439
86600 -1805.592742178909 0 -1805.592742178909
86700 -1823.008511445019 0 -1823.008511445019
86800 -1873.716228002973 0 -1873.716228002973
86900 -1815.898617688101 0 -1815.898617688101
87000 -1828.760119829094 0 -1828.760119829094
87100 -1796.656859355862 0 -1796.656859355862
87200 -1751.126694944222 0 -1751.126694944222
87300 -1733.573899424198 0 -1733.573899424198
87400 -1740.429259719793 0 -1740.429259719793
87500 -1775.393614945933 0 -1775.393614945933
87600 -1787.915514877532 0 -1787.915514877532
87700 -1782.465221858933 0 -1782.465221858933
87800 -1736.526737787994 0 -1736.526737787994
87900 -1745.502894046251 0 -1745.502894046251
88000 -1777.866176975658 0 -1777.866176975658
88100 -1775.569507159293 0 -1775.569507159293
88200 -1803.513781373389 0 -1803.513781373389
88300 -1747.426910173846 0 -1747.426910173846
88400 -1764.266067485325 0 -1764.266067485325
88500 -1791.237377232494 0 -1791.237377232494
88600 -1810.698421174195 0 -1810.698421174195
88700 -1806.069890195271 0 -1806.069890195271
88800 -1793.372739358689 0 -1793.372739358689
88900 -1836.712330048205 0 -1836.712330048205
89000 -1839.658410719669 0 -1839.658410719669
89100 -1874.759963173885 0 -1874.759963173885
89200 -1892.206406828191 0 -1892.206406828191
89300 -1939.359069970204 0 -1939.359069970204
89400 -1871.378460997017 0 -1871.378460997017
89500 -1836.310482130386 0 -1836.310482130386
89600 -1926.686111896764 0 -1926.686111896764
89700 -1865.096267029643 0 -1865.096267029643
89800 -1844.099645830691 0 -1844.099645830691
89900 -1868.769306919537 0 -1868.769306919537
90000 -1894.582003894029 0 -1894.582003894029
90100 -1859.314966800041 0 -1859.314966800041
90200 -1865.072751466185 0 -1865.072751466185
90300 -1877.425455631455 0 -1877.425455631455
90400 -1852.665719383163 0 -1852.665719383163
90500 -1896.6862586895 0 -1896.6862586895
90600 -1879.587783166207 0 -1879.587783166207
90700 -1890.999022810836 0 -1890.999022810836
90800 -1877.094792209798 0 -1877.094792209798
90900 -1866.7943871319 0 -1866.7943871319
91000 -1855.010999376653 0 -1855.010999376653
91100 -1850.966055251891 0 -1850.966055251891
91200 -1808.923675849102 0 -1808.923675849102
91300 -1817.145602674573 0 -1817.145602674573
91400 -1789.372708271258 0 -1789.372708271258
91500 -1848.070685190847 0 -1848.070685190847
91600 -1835.068611990951 0 -1835.068611990951
91700 -1780.318164137774 0 -1780.318164137774
91800 -1825.751924496843 0 -1825.751924496843
91900 -1825.55393859325 0 -1825.55393859325
92000 -1824.927273859503 0 -1824.927273859503
92100 -1852.65068416344 0 -1852.65068416344
92200 -1890.701909454307 0 -1890.701909454307
92300 -1834.477248153744 0 -1834.477248153744
92400 -1814.706707999321 0 -1814.706707999321
92500 -1807.511675717986 0 -1807.511675717986
92600 -1820.588823842816 0 -1820.588823842816
92700 -1797.259168838849 0 -1797.259168838849
92800 -1809.414295812137 0 -1809.414295812137
92900 -1833.093490866071 0 -1833.093490866071
93000 -1879.396970644069 0 -1879.396970644069
93100 -1881.202566390399 0 -1881.202566390399
93200 -1906.228895022301 0 -1906.228895022301
93300 -1920.182778598741 0 -1920.182778598741
93400 -1976.327785676345 0 -1976.327785676345
93500 -1964.087173542939 0 -1964.087173542939
93600 -1964.908151641255 0 -1964.908151641255
93700 -1988.163343357155 0 -1988.163343357155
93800 -1971.829793604906 0 -1971.829793604906
93900 -1956.886486193631 0 -1956.886486193631
94000 -1994.882936487877 0 -1994.882936487877
94100 -2013.875218223518 0 -2013.875218223518
94200 -2013.899972321116 0 -2013.899972321116
94300 -1947.255365309014 0 -1947.255365309014
94400 -1922.857548683663 0 -1922.857548683663
94500 -1950.670949335443 0 -1950.670949335443
94600 -1906.4548670894 0 -1906.4548670894
94700 -1910.842395736079 0 -1910.842395736079
94800 -1892.322031866177 0 -1892.322031866177
94900 -1972.920073205896 0 -1972.920073205896
95000 -1957.684386314417 0 -1957.684386314417
95100 -1951.177943770861 0 -1951.177943770861
95200 -1933.447156596434 0 -1933.447156596434
95300 -1955.154999565537 0 -1955.154999565537
95400 -1932.108097794233 0 -1932.108097794233
95500 -1894.42740283045 0 -1894.42740283045
95600 -1925.566731457831 0 -1925.566731457831
95700 -1947.272820612416 0 -1947.272820612416
95800 -1951.368580159266 0 -1951.368580159266
95900 -1958.147941535921 0 -1958.147941535921
96000 -1911.930367717054 0 -1911.930367717054
96100 -1887.536431002198 0 -1887.536431002198
96200 -1763.692848432111 0 -1763.692848432111
96300 -1931.092772425851 0 -1931.092772425851
96400 -1914.081814731704 0 -1914.081814731704
96500 -1853.956713407388 0 -1853.956713407388
96600 -1892.136942308163 0 -1892.136942308163
96700 -1866.258380408864 0 -1866.258380408864
96800 -2003.691480282927 0 -2003.691480282927
96900 -1961.364324841765 0 -1961.364324841765
97000 -1953.382025267929 0 -1953.382025267929
97100 -1895.934349689167 0 -1895.934349689167
97200 -1913.531161924824 0 -1913.531161924824
97300 -1876.963184579508 0 -1876.963184579508
97400 -1895.762856781483 0 -1895.762856781483
97500 -1928.79678456008 0 -1928.79678456008
97600 -1936.710091522604 0 -1936.710091522604
97700 -1920.67083461961 0 -1920.67083461961
97800 -1915.608972183458 0 -1915.608972183458
97900 -1902.705473362817 0 -1902.705473362817
98000 -1932.832633823389 0 -1932.832633823389
98100 -1898.089919493126 0 -1898.089919493126
98200 -1877.92166437686 0 -1877.92166437686
98300 -1868.25862083619 0 -1868.25862083619
98400 -1847.940420206171 0 -1847.940420206171
98500 -1803.054233541247 0 -1803.054233541247
98600 -1794.87059559497 0 -1794.87059559497
98700 -1785.397087400779 0 -1785.397087400779
98800 -1752.089198186761 0 -1752.089198186761
98900 -1745.866330592195 0 -1745.866330592195
99000 -1742.708264162531 0 -1742.708264162531
99100 -1752.030019261641 0 -1752.030019261641
99200 -1768.785519722616 0 -1768.785519722616
99300 -1800.605287923419 0 -1800.605287923419
99400 -1795.062772257719 0 -1795.062772257719
99500 -1770.012749223504 0 -1770.012749223504
99600 -1785.034603465814 0 -1785.034603465814
99700 -1752.711243667174 0 -1752.711243667174
99800 -1738.674471800914 0 -1738.674471800914
99900 -1750.08689617482 0 -1750.08689617482
100000 -1803.912997460924 0 -1803.912997460924
100100 -1828.082367001145 0 -1828.082367001145
100200 -1849.077285939362 0 -1849.077285939362
100300 -1811.953904012684 0 -1811.953904012684
100400 -1877.780082000419 0 -1877.780082000419
100500 -1858.359954830725 0 -1858.359954830725
100600 -1862.379657841986 0 -1862.379657841986
100700 -1886.976726414985 0 -1886.976726414985
100800 -1865.835574520985 0 -1865.835574520985
100900 -1894.729614103562 0 -1894.729614103562
101000 -1909.835448755053 0 -1909.835448755053
101100 -1921.014862652868 0 -1921.014862652868
101200 -1945.66101959988 0 -1945.66101959988
101300 -1965.319791382877 0 -1965.319791382877
101400 -2040.207306034397 0 -2040.207306034397
101500 -1987.264456102275 0 -1987.264456102275
101600 -1968.973515845602 0 -1968.973515845602
101700 -1986.31017512735 0 -1986.31017512735
101800 -1980.616571579827 0 -1980.616571579827
101900 -1952.766676315397 0 -1952.766676315397
102000 -1902.53896705911 0 -1902.53896705911
102100 -1902.815913929837 0 -1902.815913929837
102200 -1875.728382931789 0 -1875.728382931789
102300 -1901.049492113758 0 -1901.049492113758
102400 -1913.747738023056 0 -1913.747738023056
102500 -1907.186521444237 0 -1907.186521444237
102600 -1843.7039124578 0 -1843.7039124578
102700 -1820.470942632179 0 -1820.470942632179
102800 -1758.464614341268 0 -1758.464614341268
102900 -1797.086826995946 0 -1797.086826995946
103000 -1744.220695283613 0 -1744.220695283613
103100 -1780.961433208868 0 -1780.961433208868
103200 -1717.807282245427 0 -1717.807282245427
103300 -1781.473026886786 0 -1781.473026886786
103400 -1870.867091696156 0 -1870.867091696156
103500 -1826.661118045915 0 -1826.661118045915
103600 -1842.92320078006 0 -1842.92320078006
103700 -1810.923714970879 0 -1810.923714970879
103800 -1821.216211907449 0 -1821.216211907449
103900 -1856.749232707778 0 -1856.749232707778
104000 -1892.020019673277 0 -1892.020019673277
104100 -1884.777845181525 0 -1884.777845181525
104200 -1889.494196950225 0 -1889.494196950225
104300 -1902.801125962986 0 -1902.801125962986
104400 -1929.376858026517 0 -1929.376858026517
104500 -1944.04318858427 0 -1944.04318858427
104600 -1927.670723486226 0 -1927.670723486226
104700 -1891.955115424469 0 -1891.955115424469
104800 -1937.359882727149 0 -1937.359882727149
104900 -1983.097299590008 0 -1983.097299590008
105000 -1889.743543353397 0 -1889.743543353397
105100 -1847.610013462603 0 -1847.610013462603
105200 -1878.459008193109 0 -1878.459008193109
105300 -1861.700381848263 0 -1861.700381848263
105400 -1846.564280911523 0 -1846.564280911523
105500 -1903.980525259394 0 -1903.980525259394
105600 -1894.533875627676 0 -1894.533875627676
105700 -1937.332377630337 0 -1937.332377630337
105800 -1978.134707520599 0 -1978.134707520599
105900 -1933.795611399692 0 -1933.795611399692
106000 -1957.34101235494 0 -1957.34101235494
106100 -1935.966088929214 0 -1935.966088929214
106200 -1929.585701971038 0 -1929.585701971038
106300 -1929.030544908135 0 -1929.030544908135
106400 -1945.128634630382 0 -1945.128634630382
106500 -1957.234409718774 0 -1957.234409718774
106600 -1929.063780838856 0 -1929.063780838856
106700 -2015.378539787838 0 -2015.378539787838
106800 -2016.885916004656 0 -2016.885916004656
106900 -1967.853706336813 0 -1967.853706336813
107000 -1984.377846926916 0 -1984.377846926916
107100 -2009.407425788901 0 -2009.407425788901
107200 -1991.551372959017 0 -1991.551372959017
107300 -2010.491979213868 0 -2010.491979213868
107400 -2018.109519802514 0 -2018.109519802514
107500 -2008.964728654595 0 -2008.964728654595
107600 -1978.313424919965 0 -1978.313424919965
107700 -1935.03184678196 0 -1935.03184678196
107800 -1981.242049771361 0 -1981.242049771361
107900 -1964.263900557533 0 -1964.263900557533
108000 -1966.059441152727 0 -1966.059441152727
108100 -1992.740073361085 0 -1992.740073361085
108200 -1920.095742140238 0 -1920.095742140238
108300 -1965.744413632317 0 -1965.744413632317
108400 -1964.937006463559 0 -1964.937006463559
108500 -1956.344201603322 0 -1956.344201603322
108600 -2029.657558985709 0 -2029.657558985709
108700 -1973.615462504793 0 -1973.615462504793
108800 -2047.85118293541 0 -2047.85118293541
108900 -2091.066397730727 0 -2091.066397730727
109000 -2101.889461896382 0 -2101.889461896382
109100 -2085.50390246755 0 -2085.50390246755
109200 -2054.275395493256 0 -2054.275395493256
109300 -2026.600169246551 0 -2026.600169246551
109400 -2019.717214253265 0 -2019.717214253265
109500 -2015.869644833962 0 -2015.869644833962
109600 -1934.534902878047 0 -1934.534902878047
109700 -1901.698763569526 0 -1901.698763569526
109800 -1910.321342658543 0 -1910.321342658543
109900 -1923.218615361955 0 -1923.218615361955
110000 -1899.222723463783 0 -1899.222723463783
110100 -1879.255380952847 0 -1879.255380952847
110200 -1893.854507029639 0 -1893.854507029639
110300 -1826.241742194397 0 -1826.241742194397
110400 -1829.809611466539 0 -1829.809611466539
110500 -1743.668383142678 0 -1743.668383142678
110600 -1771.381183364429 0 -1771.381183364429
110700 -1756.208126176381 0 -1756.208126176381
110800 -1747.425494990777 0 -1747.425494990777
110900 -1749.40248253732 0 -1749.40248253732
111000 -1770.401181525551 0 -1770.401181525551
111100 -1703.185989051359 0 -1703.185989051359
111200 -1695.913729740307 0 -1695.913729740307
111300 -1657.927975026309 0 -1657.927975026309
111400 -1755.802415475249 0 -1755.802415475249
111500 -1629.948722846806 0 -1629.948722846806
111600 -1648.606450180057 0 -1648.606450180057
111700 -1654.829144167015 0 -1654.829144167015
111800 -1717.902050038334 0 -1717.902050038334
111900 -1693.068438595306 0 -1693.068438595306
112000 -1685.734198446968 0 -1685.734198446968
112100 -1640.588445643756 0 -1640.588445643756
112200 -1627.261704763165 0 -1627.261704763165
112300 -1649.539744761889 0 -1649.539744761889
112400 -1602.996797567001 0 -1602.996797567001
112500 -1596.974684574983 0 -1596.974684574983
112600 -1580.960961766075 0 -1580.960961766075
112700 -1579.419357631123 0 -1579.419357631123
112800 -1615.731938563404 0 -1615.731938563404
112900 -1628.013152456144 0 -1628.013152456144
113000 -1627.615828823298 0 -1627.615828823298
113100 -1625.049416719819 0 -1625.049416719819
113200 -1619.625420219265 0 -1619.625420219265
113300 -1637.12836666673 0 -1637.12836666673
113400 -1635.353531053523 0 -1635.353531053523
113500 -1588.620696699247 0 -1588.620696699247
113600 -1553.577527017791 0 -1553.577527017791
113700 -1548.208513521124 0 -1548.208513521124
113800 -1598.224156603683 0 -1598.224156603683
113900 -1609.05431137071 0 -1609.05431137071
114000 -1601.058390665217 0 -1601.058390665217
114100 -1634.749342344323 0 -1634.749342344323
114200 -1585.342302628211 0 -1585.342302628211
114300 -1625.855607169447 0 -1625.855607169447
114400 -1593.157499633962 0 -1593.157499633962
114500 -1584.97491146531 0 -1584.97491146531
114600 -1540.569963664529 0 -1540.569963664529
114700 -1605.151824427798 0 -1605.151824427798
114800 -1618.05359281617 0 -1618.05359281617
114900 -1618.690507526742 0 -1618.690507526742
115000 -1609.798876978224 0 -1609.798876978224
115100 -1694.77873899322 0 -1694.77873899322
115200 -1687.993144038948 0 -1687.993144038948
115300 -1647.933463227528 0 -1647.933463227528
115400 -1665.709761910053 0 -1665.709761910053
115500 -1664.638074442977 0 -1664.638074442977
115600 -1690.967534295167 0 -1690.967534295167
115700 -1710.619915005518 0 -1710.619915005518
115800 -1720.256618653075 0 -1720.256618653075
115900 -1769.299988308921 0 -1769.299988308921
116000 -1751.919572663261 0 -1751.919572663261
116100 -1777.461123203626 0 -1777.461123203626
116200 -1720.243241789052 0 -1720.243241789052
116300 -1698.263410620857 0 -1698.263410620857
116400 -1641.398860865913 0 -1641.398860865913
116500 -1621.019060477236 0 -1621.019060477236
116600 -1597.75738407718 0 -1597.75738407718
116700 -1584.869785364834 0 -1584.869785364834
116800 -1640.196837567026 0 -1640.196837567026
116900 -1644.64278000535 0 -1644.64278000535
117000 -1629.772961350624 0 -1629.772961350624
117100 -1622.624654319487 0 -1622.624654319487
117200 -1616.528344593127 0 -1616.528344593127
117300 -1674.377451070352 0 -1674.377451070352
117400 -1672.589035595302 0 -1672.589035595302
117500 -1753.309931156342 0 -1753.309931156342
117600 -1809.304541334044 0 -1809.304541334044
117700 -1764.400439534103 0 -1764.400439534103
117800 -1781.595966317778 0 -1781.595966317778
117900 -1822.341321805434 0 -1822.341321805434
118000 -1775.318477587309 0 -1775.318477587309
118100 -1886.186418205616 0 -1886.186418205616
118200 -1821.691873270669 0 -1821.691873270669
118300 -1841.686764753773 0 -1841.686764753773
118400 -1798.902781030396 0 -1798.902781030396
118500 -1790.870430383366 0 -1790.870430383366
118600 -1759.66914029239 0 -1759.66914029239
118700 -1724.012604853342 0 -1724.012604853342
118800 -1770.250989705499 0 -1770.250989705499
118900 -1766.362676375022 0 -1766.362676375022
119000 -1786.252632627846 0 -1786.252632627846
119100 -1706.909435377078 0 -1706.909435377078
119200 -1712.272665904879 0 -1712.272665904879
119300 -1772.727624280262 0 -1772.727624280262
119400 -1748.920958067505 0 -1748.920958067505
119500 -1808.033985970833 0 -1808.033985970833
119600 -1800.785676867497 0 -1800.785676867497
119700 -1825.558455699356 0 -1825.558455699356
119800 -1781.071980020963 0 -1781.071980020963
119900 -1793.60960138822 0 -1793.60960138822
120000 -1793.828921223903 0 -1793.828921223903
120100 -1787.474392972537 0 -1787.474392972537
120200 -1812.457485545892 0 -1812.457485545892
120300 -1811.648471941473 0 -1811.648471941473
120400 -1795.472352889657 0 -1795.472352889657
120500 -1776.671778858406 0 -1776.671778858406
120600 -1884.894224332646 0 -1884.894224332646
120700 -1811.196451805532 0 -1811.196451805532
120800 -1845.88215615321 0 -1845.88215615321
120900 -1890.954394459841 0 -1890.954394459841
121000 -1832.072787654935 0 -1832.072787654935
121100 -1828.747405064059 0 -1828.747405064059
121200 -1833.218157431926 0 -1833.218157431926
121300 -1856.527963353205 0 -1856.527963353205
121400 -1844.357553123147 0 -1844.357553123147
121500 -1915.783063313924 0 -1915.783063313924
121600 -1913.083954439498 0 -1913.083954439498
121700 -1897.882885800311 0 -1897.882885800311
121800 -1912.700725588307 0 -1912.700725588307
121900 -1940.12205150153 0 -1940.12205150153
122000 -1924.15909555729 0 -1924.15909555729
122100 -1905.274658816372 0 -1905.274658816372
122200 -1870.873244709315 0 -1870.873244709315
122300 -1844.180041095853 0 -1844.180041095853
122400 -1914.146644228138 0 -1914.146644228138
122500 -1905.359300549942 0 -1905.359300549942
122600 -1894.58528488125 0 -1894.58528488125
122700 -1919.336313744523 0 -1919.336313744523
122800 -1869.973557513731 0 -1869.973557513731
122900 -1875.864230034407 0 -1875.864230034407
123000 -1859.52325675051 0 -1859.52325675051
123100 -1860.371939010918 0 -1860.371939010918
123200 -1866.436158333556 0 -1866.436158333556
123300 -1856.562941328302 0 -1856.562941328302
123400 -1902.827444045106 0 -1902.827444045106
123500 -1898.743891528109 0 -1898.743891528109
123600 -1866.473097860813 0 -1866.473097860813
123700 -1826.688209185624 0 -1826.688209185624
123800 -1805.651073891553 0 -1805.651073891553
123900 -1829.58142687066 0 -1829.58142687066
124000 -1834.761355956369 0 -1834.761355956369
124100 -1834.835545259411 0 -1834.835545259411
124200 -1783.729849470488 0 -1783.729849470488
124300 -1849.33378162107 0 -1849.33378162107
124400 -1831.321090129437 0 -1831.321090129437
124500 -1848.836151505049 0 -1848.836151505049
124600 -1836.937090543099 0 -1836.937090543099
124700 -1883.132235280704 0 -1883.132235280704
124800 -1879.001723380094 0 -1879.001723380094
124900 -1831.47612821887 0 -1831.47612821887
125000 -1868.781820393709 0 -1868.781820393709
125100 -1844.659203398885 0 -1844.659203398885
125200 -1785.526314441893 0 -1785.526314441893
125300 -1763.920029613269 0 -1763.920029613269
125400 -1763.48290263419 0 -1763.48290263419
125500 -1703.74714451551 0 -1703.74714451551
125600 -1757.44778428915 0 -1757.44778428915
125700 -1769.167282082606 0 -1769.167282082606
125800 -1772.172779233893 0 -1772.172779233893
125900 -1763.980692156591 0 -1763.980692156591
126000 -1724.147218423284 0 -1724.147218423284
126100 -1821.123287381239 0 -1821.123287381239
126200 -1791.22711855751 0 -1791.22711855751
126300 -1788.134717844543 0 -1788.134717844543
126400 -1717.249687238913 0 -1717.249687238913
126500 -1767.734303698002 0 -1767.734303698002
126600 -1806.942534316971 0 -1806.942534316971
126700 -1775.157630130639 0 -1775.157630130639
126800 -1775.457131965843 0 -1775.457131965843
126900 -1783.718753962225 0 -1783.718753962225
127000 -1739.038911232405 0 -1739.038911232405
127100 -1729.898588904645 0 -1729.898588904645
127200 -1715.046176456031 0 -1715.046176456031
127300 -1718.709519280121 0 -1718.709519280121
127400 -1746.024352039327 0 -1746.024352039327
127500 -1800.021957334364 0 -1800.021957334364
127600 -1808.046662754146 0 -1808.046662754146
127700 -1799.630379545037 0 -1799.630379545037
127800 -1821.17240914586 0 -1821.17240914586
127900 -1774.642240677356 0 -1774.642240677356
128000 -1784.185513992095 0 -1784.185513992095
128100 -1837.555143052246 0 -1837.555143052246
128200 -1813.209976064507 0 -1813.209976064507
128300 -1859.872496822733 0 -1859.872496822733
128400 -1825.292337700725 0 -1825.292337700725
128500 -1723.903751751954 0 -1723.903751751954
128600 -1770.982892741435 0 -1770.982892741435
128700 -1755.468780190451 0 -1755.468780190451
128800 -1718.414634590721 0 -1718.414634590721
128900 -1704.951895016478 0 -1704.951895016478
129000 -1678.976585156342 0 -1678.976585156342
129100 -1653.459166275105 0 -1653.459166275105
129200 -1691.449482121505 0 -1691.449482121505
129300 -1737.745016004425 0 -1737.745016004425
129400 -1846.50587537908 0 -1846.50587537908
129500 -1798.141579198418 0 -1798.141579198418
129600 -1795.756121400278 0 -1795.756121400278
129700 -1802.462573061755 0 -1802.462573061755
129800 -1847.712600598112 0 -1847.712600598112
129900 -1910.739179834723 0 -1910.739179834723
130000 -1877.692290454987 0 -1877.692290454987
130100 -1891.594232925912 0 -1891.594232925912
130200 -1892.719692629995 0 -1892.719692629995
130300 -1917.813707138645 0 -1917.813707138645
130400 -1921.694875082932 0 -1921.694875082932
130500 -1914.397243179847 0 -1914.397243179847
130600 -1900.308463278925 0 -1900.308463278925
130700 -1891.004907199531 0 -1891.004907199531
130800 -1911.042708839639 0 -1911.042708839639
130900 -1953.272616501752 0 -1953.272616501752
131000 -1889.138224751921 0 -1889.138224751921
131100 -1959.625658287776 0 -1959.625658287776
131200 -1982.040922375629 0 -1982.040922375629
131300 -1936.628281812067 0 -1936.628281812067
131400 -1933.020049447427 0 -1933.020049447427
131500 -1907.270285142236 0 -1907.270285142236
131600 -1957.606214006664 0 -1957.606214006664
131700 -1930.317991142045 0 -1930.317991142045
131800 -1951.046344836592 0 -1951.046344836592
131900 -1964.652185587212 0 -1964.652185587212
132000 -1937.469184580958 0 -1937.469184580958
132100 -1921.722933997706 0 -1921.722933997706
132200 -1942.891068052035 0 -1942.891068052035
132300 -1959.754953391879 0 -1959.754953391879
132400 -1936.154631560086 0 -1936.154631560086
132500 -1929.861112698098 0 -1929.861112698098
132600 -1960.527047830168 0 -1960.527047830168
132700 -1886.082441460807 0 -1886.082441460807
132800 -1895.895364221651 0 -1895.895364221651
132900 -1963.986809081864 0 -1963.986809081864
133000 -1948.219489011128 0 -1948.219489011128
133100 -2006.867010189191 0 -2006.867010189191
133200 -1925.866529589286 0 -1925.866529589286
133300 -1922.896445891121 0 -1922.896445891121
133400 -1902.158566812053 0 -1902.158566812053
133500 -1913.478080533911 0 -1913.478080533911
133600 -1873.109055876361 0 -1873.109055876361
133700 -1946.532212710939 0 -1946.532212710939
133800 -1997.525770642096 0 -1997.525770642096
133900 -1984.212891253876 0 -1984.212891253876
134000 -1943.542120283942 0 -1943.542120283942
134100 -1954.230598940921 0 -1954.230598940921
134200 -1936.420038940734 0 -1936.420038940734
134300 -1913.19506728719 0 -1913.19506728719
134400 -1941.532017572783 0 -1941.532017572783
134500 -1922.243213752226 0 -1922.243213752226
134600 -1931.605226178421 0 -1931.605226178421
134700 -1944.029886312434 0 -1944.029886312434
134800 -1935.159722491459 0 -1935.159722491459
134900 -1875.818972815818 0 -1875.818972815818
135000 -1873.856042280328 0 -1873.856042280328
135100 -1924.395222089006 0 -1924.395222089006
135200 -1934.962874517543 0 -1934.962874517543
135300 -1914.883176202187 0 -1914.883176202187
135400 -1886.471186171286 0 -1886.471186171286
135500 -1868.766747031361 0 -1868.766747031361
135600 -1901.205255585839 0 -1901.205255585839
135700 -1859.273908929608 0 -1859.273908929608
135800 -1923.714750477462 0 -1923.714750477462
135900 -1902.963842327707 0 -1902.963842327707
136000 -1928.705284131458 0 -1928.705284131458
136100 -1923.028675373876 0 -1923.028675373876
136200 -1881.07851292938 0 -1881.07851292938
136300 -1838.164414510364 0 -1838.164414510364
136400 -1762.625314717647 0 -1762.625314717647
136500 -1751.873392795213 0 -1751.873392795213
136600 -1718.960765756317 0 -1718.960765756317
136700 -1699.132928339182 0 -1699.132928339182
136800 -1702.160475943238 0 -1702.160475943238
136900 -1726.016408233438 0 -1726.016408233438
137000 -1769.496373549802 0 -1769.496373549802
137100 -1792.032021171675 0 -1792.032021171675
137200 -1840.722075979458 0 -1840.722075979458
137300 -1837.148366818728 0 -1837.148366818728
137400 -1862.994942875346 0 -1862.994942875346
137500 -1852.83253154438 0 -1852.83253154438
137600 -1859.595309299708 0 -1859.595309299708
137700 -1917.753998103552 0 -1917.753998103552
137800 -1868.502437500865 0 -1868.502437500865
137900 -1901.774012444075 0 -1901.774012444075
138000 -1949.306593728019 0 -1949.306593728019
138100 -1960.525877861073 0 -1960.525877861073
138200 -1951.868326617056 0 -1951.868326617056
138300 -1889.871584863635 0 -1889.871584863635
138400 -1917.026282023173 0 -1917.026282023173
138500 -1938.432232207386 0 -1938.432232207386
138600 -1923.565278069815 0 -1923.565278069815
138700 -1917.564636744559 0 -1917.564636744559
138800 -1938.93534345529 0 -1938.93534345529
138900 -1931.050103034126 0 -1931.050103034126
139000 -1966.372557400959 0 -1966.372557400959
139100 -1960.947230976541 0 -1960.947230976541
139200 -1896.786481370444 0 -1896.786481370444
139300 -1883.536346393987 0 -1883.536346393987
139400 -1863.348726967626 0 -1863.348726967626
139500 -1891.432915088255 0 -1891.432915088255
139600 -1974.705748526903 0 -1974.705748526903
139700 -2007.252862199908 0 -2007.252862199908
139800 -1991.084591211053 0 -1991.084591211053
139900 -1974.692602337804 0 -1974.692602337804
140000 -1994.516664524097 0 -1994.516664524097
140100 -1965.966326843365 0 -1965.966326843365
140200 -2018.865678178874 0 -2018.865678178874
140300 -2072.970910599339 0 -2072.970910599339
140400 -2069.744148896891 0 -2069.744148896891
140500 -2022.932845141622 0 -2022.932845141622
140600 -2011.693028681213 0 -2011.693028681213
140700 -1981.816748944228 0 -1981.816748944228
140800 -1979.139178527519 0 -1979.139178527519
140900 -2013.692034555599 0 -2013.692034555599
141000 -1958.962504406925 0 -1958.962504406925
141100 -1942.301000020234 0 -1942.301000020234
141200 -1991.749028788181 0 -1991.749028788181
141300 -1967.145060979296 0 -1967.145060979296
141400 -1968.700041466393 0 -1968.700041466393
141500 -1982.113841123879 0 -1982.113841123879
141600 -1928.981822785223 0 -1928.981822785223
141700 -1928.037651546067 0 -1928.037651546067
141800 -1879.868456852331 0 -1879.868456852331
141900 -1881.350221798348 0 -1881.350221798348
142000 -1887.954859753838 0 -1887.954859753838
142100 -1880.2686851084 0 -1880.2686851084
142200 -1892.553987868596 0 -1892.553987868596
142300 -1899.733310434618 0 -1899.733310434618
142400 -1890.853767088047 0 -1890.853767088047
142500 -1853.059187551262 0 -1853.059187551262
142600 -1867.041060936404 0 -1867.041060936404
142700 -1876.214492253028 0 -1876.214492253028
142800 -1868.920119549613 0 -1868.920119549613
142900 -1912.048182194412 0 -1912.048182194412
143000 -1940.464847921859 0 -1940.464847921859
143100 -1912.612627028691 0 -1912.612627028691
143200 -1932.4137922097 0 -1932.4137922097
143300 -1979.582692879951 0 -1979.582692879951
143400 -1988.542782941018 0 -1988.542782941018
143500 -1971.277606170042 0 -1971.277606170042
143600 -2017.97414763656 0 -2017.97414763656
143700 -2072.233238646644 0 -2072.233238646644
143800 -2006.174387214007 0 -2006.174387214007
143900 -1961.693680102035 0 -1961.693680102035
144000 -1986.003159483138 0 -1986.003159483138
144100 -1984.595276960172 0 -1984.595276960172
144200 -1969.02568375587 0 -1969.02568375587
144300 -1966.434541078052 0 -1966.434541078052
144400 -1947.39410352672 0 -1947.39410352672
144500 -1984.121462703803 0 -1984.121462703803
144600 -1987.223992263782 0 -1987.223992263782
144700 -1967.575947013684 0 -1967.575947013684
144800 -2023.492760398192 0 -2023.492760398192
144900 -1970.598396145971 0 -1970.598396145971
145000 -1961.130796540412 0 -1961.130796540412
145100 -1931.090827029431 0 -1931.090827029431
145200 -1901.029864613665 0 -1901.029864613665
145300 -1972.948754881101 0 -1972.948754881101
145400 -1946.461326775607 0 -1946.461326775607
145500 -2006.592574319569 0 -2006.592574319569
145600 -1945.430857850704 0 -1945.430857850704
145700 -1937.44531210768 0 -1937.44531210768
145800 -1917.103046451462 0 -1917.103046451462
145900 -1965.109881232493 0 -1965.109881232493
146000 -1927.60077940952 0 -1927.60077940952
146100 -1884.919382605469 0 -1884.919382605469
146200 -1833.169933798257 0 -1833.169933798257
146300 -1810.486190812895 0 -1810.486190812895
146400 -1851.008773694513 0 -1851.008773694513
146500 -1910.698014773661 0 -1910.698014773661
146600 -1866.969451466342 0 -1866.969451466342
146700 -1857.14220149722 0 -1857.14220149722
146800 -1848.821152470307 0 -1848.821152470307
146900 -1857.002368109883 0 -1857.002368109883
147000 -1794.870341354981 0 -1794.870341354981
147100 -1787.24950356828 0 -1787.24950356828
147200 -1798.196334317676 0 -1798.196334317676
147300 -1701.019962344086 0 -1701.019962344086
147400 -1697.11008736724 0 -1697.11008736724
147500 -1745.131898412947 0 -1745.131898412947
147600 -1758.035286049184 0 -1758.035286049184
147700 -1714.633735331765 0 -1714.633735331765
147800 -1733.753329846309 0 -1733.753329846309
147900 -1814.119607163128 0 -1814.119607163128
148000 -1791.744202879083 0 -1791.744202879083
148100 -1802.403553463519 0 -1802.403553463519
148200 -1759.04898165958 0 -1759.04898165958
148300 -1731.164472770062 0 -1731.164472770062
148400 -1719.483636162709 0 -1719.483636162709
148500 -1779.93857184489 0 -1779.93857184489
148600 -1755.754517441033 0 -1755.754517441033
148700 -1728.240986167686 0 -1728.240986167686
148800 -1772.300434696255 0 -1772.300434696255
148900 -1770.148912466859 0 -1770.148912466859
149000 -1828.966992567061 0 -1828.966992567061
149100 -1829.203009185381 0 -1829.203009185381
149200 -1826.177702384703 0 -1826.177702384703
149300 -1872.02771689876 0 -1872.02771689876
149400 -1794.325440504705 0 -1794.325440504705
149500 -1752.51251039491 0 -1752.51251039491
149600 -1745.042916051461 0 -1745.042916051461
149700 -1804.996478816494 0 -1804.996478816494
149800 -1790.940659164917 0 -1790.940659164917
149900 -1827.301082758466 0 -1827.301082758466
150000 -1788.286308713839 0 -1788.286308713839
150100 -1809.290606236784 0 -1809.290606236784
150200 -1784.023337920895 0 -1784.023337920895
150300 -1753.951200870215 0 -1753.951200870215
150400 -1776.724190089808 0 -1776.724190089808
150500 -1782.560978333699 0 -1782.560978333699
150600 -1810.312128889404 0 -1810.312128889404
150700 -1690.724781820492 0 -1690.724781820492
150800 -1647.580370937474 0 -1647.580370937474
150900 -1717.704033382295 0 -1717.704033382295
151000 -1748.113876334217 0 -1748.113876334217
151100 -1805.575420227833 0 -1805.575420227833
151200 -1782.686353052617 0 -1782.686353052617
151300 -1758.785547595471 0 -1758.785547595471
151400 -1825.006980061065 0 -1825.006980061065
151500 -1840.774302148144 0 -1840.774302148144
151600 -1851.89456573152 0 -1851.89456573152
151700 -1855.506553352112 0 -1855.506553352112
151800 -1865.297488943441 0 -1865.297488943441
151900 -1886.433326639235 0 -1886.433326639235
152000 -1828.545426315861 0 -1828.545426315861
152100 -1817.867246433161 0 -1817.867246433161
152200 -1832.308014670387 0 -1832.308014670387
152300 -1821.053960512858 0 -1821.053960512858
152400 -1797.054992296966 0 -1797.054992296966
152500 -1798.936198097188 0 -1798.936198097188
152600 -1757.960011950461 0 -1757.960011950461
152700 -1757.452048732666 0 -1757.452048732666
152800 -1796.918305808213 0 -1796.918305808213
152900 -1788.311099868442 0 -1788.311099868442
153000 -1769.723498676685 0 -1769.723498676685
153100 -1835.166610459768 0 -1835.166610459768
153200 -1816.09953517234 0 -1816.09953517234
153300 -1854.622171876254 0 -1854.622171876254
153400 -1799.165262539872 0 -1799.165262539872
153500 -1798.03702277987 0 -1798.03702277987
153600 -1822.734482586209 0 -1822.734482586209
153700 -1871.148465334962 0 -1871.148465334962
153800 -1852.826925862872 0 -1852.826925862872
153900 -1921.206798558793 0 -1921.206798558793
154000 -1948.692090023513 0 -1948.692090023513
154100 -1860.606336005934 0 -1860.606336005934
154200 -1876.909882405977 0 -1876.909882405977
154300 -1810.941101249889 0 -1810.941101249889
154400 -1805.466105218395 0 -1805.466105218395
154500 -1835.258636308252 0 -1835.258636308252
154600 -1850.750489461079 0 -1850.750489461079
154700 -1826.283738286293 0 -1826.283738286293
154800 -1808.887893915293 0 -1808.887893915293
154900 -1796.066041875747 0 -1796.066041875747
155000 -1828.549444649572 0 -1828.549444649572
155100 -1853.132818869519 0 -1853.132818869519
155200 -1852.498522326554 0 -1852.498522326554
155300 -1774.88435030356 0 -1774.88435030356
155400 -1739.640249923337 0 -1739.640249923337
155500 -1814.138416596805 0 -1814.138416596805
155600 -1823.981272464443 0 -1823.981272464443
155700 -1734.057431867346 0 -1734.057431867346
155800 -1773.465285720071 0 -1773.465285720071
155900 -1767.917279589688 0 -1767.917279589688
156000 -1752.948009199812 0 -1752.948009199812
156100 -1717.042540369439 0 -1717.042540369439
156200 -1705.386175007327 0 -1705.386175007327
156300 -1669.652296280256 0 -1669.652296280256
156400 -1722.026316439966 0 -1722.026316439966
156500 -1724.185063758167 0 -1724.185063758167
156600 -1736.124320075847 0 -1736.124320075847
156700 -1702.279002140043 0 -1702.279002140043
156800 -1737.251218501478 0 -1737.251218501478
156900 -1712.984959621448 0 -1712.984959621448
157000 -1759.085028517526 0 -1759.085028517526
157100 -1711.787427022355 0 -1711.787427022355
157200 -1727.022106360877 0 -1727.022106360877
157300 -1723.427095192892 0 -1723.427095192892
157400 -1673.17050126812 0 -1673.17050126812
157500 -1703.486260384554 0 -1703.486260384554
157600 -1705.720229026163 0 -1705.720229026163
157700 -1683.912846785737 0 -1683.912846785737
157800 -1658.3702000021 0 -1658.3702000021
157900 -1687.073113087274 0 -1687.073113087274
158000 -1680.657031225972 0 -1680.657031225972
158100 -1712.154571881052 0 -1712.154571881052
158200 -1711.961399399326 0 -1711.961399399326
158300 -1675.753792641917 0 -1675.753792641917
158400 -1754.458052561735 0 -1754.458052561735
158500 -1774.811238907278 0 -1774.811238907278
158600 -1763.012005993631 0 -1763.012005993631
158700 -1766.043556806049 0 -1766.043556806049
158800 -1708.30849356699 0 -1708.30849356699
158900 -1724.604433293454 0 -1724.604433293454
159000 -1718.707098653656 0 -1718.707098653656
159100 -1716.348926837323 0 -1716.348926837323
159200 -1712.549518113025 0 -1712.549518113025
159300 -1695.197595452424 0 -1695.197595452424
159400 -1729.548264990095 0 -1729.548264990095
159500 -1734.011794086779 0 -1734.011794086779
159600 -1674.359749568859 0 -1674.359749568859
159700 -1623.45131617412 0 -1623.45131617412
159800 -1680.526537982514 0 -1680.526537982514
159900 -1662.235845375952 0 -1662.235845375952
160000 -1660.520870819222 0 -1660.520870819222
160100 -1638.164418701781 0 -1638.164418701781
160200 -1672.383775492519 0 -1672.383775492519
160300 -1759.271194503643 0 -1759.271194503643
160400 -1740.095908949734 0 -1740.095908949734
160500 -1676.575377505389 0 -1676.575377505389
160600 -1686.107122958754 0 -1686.107122958754
160700 -1719.632066396414 0 -1719.632066396414
160800 -1715.595501778531 0 -1715.595501778531
160900 -1758.288533360581 0 -1758.288533360581
161000 -1783.801714833564 0 -1783.801714833564
161100 -1791.546760151396 0 -1791.546760151396
161200 -1809.086821240024 0 -1809.086821240024
161300 -1791.78947918117 0 -1791.78947918117
161400 -1857.388999437215 0 -1857.388999437215
161500 -1852.123349167174 0 -1852.123349167174
161600 -1842.963773087598 0 -1842.963773087598
161700 -1827.739453941351 0 -1827.739453941351
161800 -1837.520217655459 0 -1837.520217655459
161900 -1828.731868528528 0 -1828.731868528528
162000 -1750.807103811181 0 -1750.807103811181
162100 -1752.867612255504 0 -1752.867612255504
162200 -1755.06872207066 0 -1755.06872207066
162300 -1819.222970890289 0 -1819.222970890289
162400 -1805.868579796515 0 -1805.868579796515
162500 -1740.36721894634 0 -1740.36721894634
162600 -1744.211041073286 0 -1744.211041073286
162700 -1682.911439319607 0 -1682.911439319607
162800 -1712.58932330925 0 -1712.58932330925
162900 -1742.312147215242 0 -1742.312147215242
163000 -1743.296921598725 0 -1743.296921598725
163100 -1761.961832182948 0 -1761.961832182948
163200 -1783.588115949184 0 -1783.588115949184
163300 -1808.757747999392 0 -1808.757747999392
163400 -1771.579961493262 0 -1771.579961493262
163500 -1736.608050967334 0 -1736.608050967334
163600 -1748.772048475686 0 -1748.772048475686
163700 -1802.033204503823 0 -1802.033204503823
163800 -1835.06130448496 0 -1835.06130448496
163900 -1789.33770023426 0 -1789.33770023426
164000 -1792.714465508936 0 -1792.714465508936
164100 -1842.634533277247 0 -1842.634533277247
164200 -1842.897291707341 0 -1842.897291707341
164300 -1884.962780645117 0 -1884.962780645117
164400 -1829.135874981759 0 -1829.135874981759
164500 -1812.872875393368 0 -1812.872875393368
164600 -1861.963378625762 0 -1861.963378625762
164700 -1850.861772047985 0 -1850.861772047985
164800 -1879.721266679117 0 -1879.721266679117
164900 -1821.674647328909 0 -1821.674647328909
165000 -1796.836377382639 0 -1796.836377382639
165100 -1786.053993396068 0 -1786.053993396068
165200 -1767.13591542322 0 -1767.13591542322
165300 -1774.850078998832 0 -1774.850078998832
165400 -1762.552633458516 0 -1762.552633458516
165500 -1712.290653476259 0 -1712.290653476259
165600 -1770.744100204203 0 -1770.744100204203
165700 -1769.746884259512 0 -1769.746884259512
165800 -1787.874185679713 0 -1787.874185679713
165900 -1778.763216200285 0 -1778.763216200285
166000 -1790.898437679745 0 -1790.898437679745
166100 -1762.168085381156 0 -1762.168085381156
166200 -1766.222761496902 0 -1766.222761496902
166300 -1693.46788299008 0 -1693.46788299008
166400 -1751.81701027439 0 -1751.81701027439
166500 -1721.180939411744 0 -1721.180939411744
166600 -1722.69813900895 0 -1722.69813900895
166700 -1767.912713982572 0 -1767.912713982572
166800 -1702.141306546706 0 -1702.141306546706
166900 -1697.464669763634 0 -1697.464669763634
167000 -1693.181603791425 0 -1693.181603791425
167100 -1667.676207735443 0 -1667.676207735443
167200 -1688.033160194289 0 -1688.033160194289
167300 -1744.993332254933 0 -1744.993332254933
167400 -1719.680132740468 0 -1719.680132740468
167500 -1712.630179663771 0 -1712.630179663771
167600 -1741.999241415811 0 -1741.999241415811
167700 -1712.563371359254 0 -1712.563371359254
167800 -1654.762448530179 0 -1654.762448530179
167900 -1594.750939425081 0 -1594.750939425081
168000 -1663.550257024355 0 -1663.550257024355
168100 -1621.206470521531 0 -1621.206470521531
168200 -1647.792122150073 0 -1647.792122150073
168300 -1646.656512935646 0 -1646.656512935646
168400 -1571.472861904243 0 -1571.472861904243
168500 -1562.50086796633 0 -1562.50086796633
168600 -1587.054253720795 0 -1587.054253720795
168700 -1652.763910386711 0 -1652.763910386711
168800 -1719.780846246402 0 -1719.780846246402
168900 -1761.524187252478 0 -1761.524187252478
169000 -1732.250363721512 0 -1732.250363721512
169100 -1778.732317866758 0 -1778.732317866758
169200 -1708.321944789262 0 -1708.321944789262
169300 -1766.387204106431 0 -1766.387204106431
169400 -1694.969617474824 0 -1694.969617474824
169500 -1697.91067702166 0 -1697.91067702166
169600 -1682.353666770738 0 -1682.353666770738
169700 -1712.765899643914 0 -1712.765899643914
169800 -1673.710268324008 0 -1673.710268324008
169900 -1688.245965072652 0 -1688.245965072652
170000 -1690.061394123826 0 -1690.061394123826
170100 -1615.980814188799 0 -1615.980814188799
170200 -1608.607661898946 0 -1608.607661898946
170300 -1616.234956071479 0 -1616.234956071479
170400 -1593.276570022339 0 -1593.276570022339
170500 -1578.477755992441 0 -1578.477755992441
170600 -1623.209341815789 0 -1623.209341815789
170700 -1565.551497009816 0 -1565.551497009816
170800 -1605.884697536472 0 -1605.884697536472
170900 -1625.634992314328 0 -1625.634992314328
171000 -1602.669323089765 0 -1602.669323089765
171100 -1670.754631582065 0 -1670.754631582065
171200 -1714.125944803629 0 -1714.125944803629
171300 -1692.60380923585 0 -1692.60380923585
171400 -1726.636005109387 0 -1726.636005109387
171500 -1730.188851066341 0 -1730.188851066341
171600 -1673.752440065145 0 -1673.752440065145
171700 -1706.515395185095 0 -1706.515395185095
171800 -1767.476705741465 0 -1767.476705741465
171900 -1751.239493660985 0 -1751.239493660985
172000 -1711.94782596716 0 -1711.94782596716
172100 -1721.301979864191 0 -1721.301979864191
172200 -1770.440603738651 0 -1770.440603738651
172300 -1733.987347795861 0 -1733.987347795861
172400 -1725.465518423123 0 -1725.465518423123
172500 -1724.920560657978 0 -1724.920560657978
172600 -1762.423906679731 0 -1762.423906679731
172700 -1701.236006307648 0 -1701.236006307648
172800 -1759.803265854833 0 -1759.803265854833
172900 -1810.305749183928 0 -1810.305749183928
173000 -1764.816301652172 0 -1764.816301652172
173100 -1804.033329164609 0 -1804.033329164609
173200 -1794.299715623143 0 -1794.299715623143
173300 -1785.338356109569 0 -1785.338356109569
173400 -1744.016063955409 0 -1744.016063955409
173500 -1801.916487963914 0 -1801.916487963914
173600 -1819.699891544296 0 -1819.699891544296
173700 -1865.236355010536 0 -1865.236355010536
173800 -1867.728126378264 0 -1867.728126378264
173900 -1815.708351409761 0 -1815.708351409761
174000 -1818.713716738741 0 -1818.713716738741
174100 -1832.007749887067 0 -1832.007749887067
174200 -1822.262004744611 0 -1822.262004744611
174300 -1745.700347972335 0 -1745.700347972335
174400 -1774.256348602357 0 -1774.256348602357
174500 -1656.969417341519 0 -1656.969417341519
174600 -1721.840696157771 0 -1721.840696157771
174700 -1697.046796884155 0 -1697.046796884155
174800 -1716.810451703845 0 -1716.810451703845
174900 -1798.448673545849 0 -1798.448673545849
175000 -1808.705152962124 0 -1808.705152962124
175100 -1799.738142255927 0 -1799.738142255927
175200 -1797.504746224498 0 -1797.504746224498
175300 -1754.648628701456 0 -1754.648628701456
175400 -1785.695752067259 0 -1785.695752067259
175500 -1743.44367310268 0 -1743.44367310268
175600 -1728.023759109696 0 -1728.023759109696
175700 -1735.757272683957 0 -1735.757272683957
175800 -1641.369053644768 0 -1641.369053644768
175900 -1606.394834523846 0 -1606.394834523846
176000 -1658.687359264244 0 -1658.687359264244
176100 -1654.32463659146 0 -1654.32463659146
176200 -1625.355876813177 0 -1625.355876813177
176300 -1604.5320312517 0 -1604.5320312517
176400 -1655.439247592469 0 -1655.439247592469
176500 -1678.588827974629 0 -1678.588827974629
176600 -1709.187777404906 0 -1709.187777404906
176700 -1630.711422323515 0 -1630.711422323515
176800 -1636.217558531673 0 -1636.217558531673
176900 -1650.557723261416 0 -1650.557723261416
177000 -1631.541071694344 0 -1631.541071694344
177100 -1606.67187949596 0 -1606.67187949596
177200 -1637.130800608749 0 -1637.130800608749
177300 -1628.404971294221 0 -1628.404971294221
177400 -1591.248963056831 0 -1591.248963056831
177500 -1629.087920463528 0 -1629.087920463528
177600 -1641.219640350086 0 -1641.219640350086
177700 -1607.345748896128 0 -1607.345748896128
177800 -1674.518108212564 0 -1674.518108212564
177900 -1682.465207050205 0 -1682.465207050205
178000 -1677.542628638097 0 -1677.542628638097
178100 -1721.553843910573 0 -1721.553843910573
178200 -1800.694497046527 0 -1800.694497046527
178300 -1762.913175958674 0 -1762.913175958674
178400 -1811.713538309094 0 -1811.713538309094
178500 -1761.330251494306 0 -1761.330251494306
178600 -1771.386262437329 0 -1771.386262437329
178700 -1666.946632227628 0 -1666.946632227628
178800 -1716.70501852053 0 -1716.70501852053
178900 -1696.891091768164 0 -1696.891091768164
179000 -1697.703469925676 0 -1697.703469925676
179100 -1691.14108696708 0 -1691.14108696708
179200 -1672.673601050512 0 -1672.673601050512
179300 -1625.369530617958 0 -1625.369530617958
179400 -1669.243915987172 0 -1669.243915987172
179500 -1654.999451327036 0 -1654.999451327036
179600 -1611.698638527538 0 -1611.698638527538
179700 -1628.254971161135 0 -1628.254971161135
179800 -1615.771871156438 0 -1615.771871156438
179900 -1606.509576653596 0 -1606.509576653596
180000 -1643.267728671053 0 -1643.267728671053
180100 -1605.897884995327 0 -1605.897884995327
180200 -1648.31285188999 0 -1648.31285188999
180300 -1661.760922024259 0 -1661.760922024259
180400 -1617.630789432442 0 -1617.630789432442
180500 -1580.726439423044 0 -1580.726439423044
180600 -1617.5297399314 0 -1617.5297399314
180700 -1616.175139743129 0 -1616.175139743129
180800 -1633.023771532287 0 -1633.023771532287
180900 -1621.346414128027 0 -1621.346414128027
181000 -1691.107479273807 0 -1691.107479273807
181100 -1650.515526062227 0 -1650.515526062227
181200 -1704.994068863103 0 -1704.994068863103
181300 -1688.541582762729 0 -1688.541582762729
181400 -1720.83929355524 0 -1720.83929355524
181500 -1734.846507663373 0 -1734.846507663373
181600 -1751.714063721854 0 -1751.714063721854
181700 -1819.263304530992 0 -1819.263304530992
181800 -1786.885023706011 0 -1786.885023706011
181900 -1800.310123690404 0 -1800.310123690404
182000 -1798.666386674624 0 -1798.666386674624
182100 -1768.88282198715 0 -1768.88282198715
182200 -1737.191024622967 0 -1737.191024622967
182300 -1713.073749521107 0 -1713.073749521107
182400 -1733.630657698028 0 -1733.630657698028
182500 -1711.161355646233 0 -1711.161355646233
182600 -1724.726312528132 0 -1724.726312528132
182700 -1776.195081830025 0 -1776.195081830025
182800 -1802.59862546064 0 -1802.59862546064
182900 -1836.198554071976 0 -1836.198554071976
183000 -1827.419207783983 0 -1827.419207783983
183100 -1804.272847457585 0 -1804.272847457585
183200 -1829.937402453623 0 -1829.937402453623
183300 -1873.778804586836 0 -1873.778804586836
183400 -1857.750243955321 0 -1857.750243955321
183500 -1866.026683199801 0 -1866.026683199801
183600 -1871.942260289914 0 -1871.942260289914
183700 -1817.290421454934 0 -1817.290421454934
183800 -1832.653350009634 0 -1832.653350009634
183900 -1833.036821073154 0 -1833.036821073154
184000 -1843.124244281382 0 -1843.124244281382
184100 -1843.70869202161 0 -1843.70869202161
184200 -1810.762682617409 0 -1810.762682617409
184300 -1790.480869124294 0 -1790.480869124294
184400 -1807.19080819888 0 -1807.19080819888
184500 -1829.876169015872 0 -1829.876169015872
184600 -1833.824025058508 0 -1833.824025058508
184700 -1806.147811419913 0 -1806.147811419913
184800 -1877.677153907483 0 -1877.677153907483
184900 -1863.018528178451 0 -1863.018528178451
185000 -1834.096778621664 0 -1834.096778621664
185100 -1935.682546799304 0 -1935.682546799304
185200 -1952.543823163956 0 -1952.543823163956
185300 -1991.787989911856 0 -1991.787989911856
185400 -1977.126296427741 0 -1977.126296427741
185500 -1979.253126124386 0 -1979.253126124386
185600 -2008.787824159372 0 -2008.787824159372
185700 -2033.97530007083 0 -2033.97530007083
185800 -2016.718662002939 0 -2016.718662002939
185900 -2054.787612817832 0 -2054.787612817832
186000 -2026.754441084806 0 -2026.754441084806
186100 -2028.633092270698 0 -2028.633092270698
186200 -1950.866239541094 0 -1950.866239541094
186300 -1950.769371470924 0 -1950.769371470924
186400 -1913.936697115852 0 -1913.936697115852
186500 -1939.828827955993 0 -1939.828827955993
186600 -1969.880816270597 0 -1969.880816270597
186700 -2011.66984731867 0 -2011.66984731867
186800 -2032.266393265454 0 -2032.266393265454
186900 -2037.832523069461 0 -2037.832523069461
187000 -2049.703180253855 0 -2049.703180253855
187100 -2009.031076384592 0 -2009.031076384592
187200 -2008.115969078382 0 -2008.115969078382
187300 -1972.657304301159 0 -1972.657304301159
187400 -1968.418583827952 0 -1968.418583827952
187500 -1997.741604430379 0 -1997.741604430379
187600 -2024.254058979684 0 -2024.254058979684
187700 -2011.08457459975 0 -2011.08457459975
187800 -1997.180196694797 0 -1997.180196694797
187900 -1986.325112069957 0 -1986.325112069957
188000 -2023.528494530707 0 -2023.528494530707
188100 -2041.072475756286 0 -2041.072475756286
188200 -2009.917551814578 0 -2009.917551814578
188300 -2022.555841391673 0 -2022.555841391673
188400 -2008.02014512755 0 -2008.02014512755
188500 -2095.416780488333 0 -2095.416780488333
188600 -2053.29684953019 0 -2053.29684953019
188700 -2072.804616064182 0 -2072.804616064182
188800 -2119.462528344709 0 -2119.462528344709
188900 -2084.81999279093 0 -2084.81999279093
189000 -2093.42254393443 0 -2093.42254393443
189100 -2088.672293442578 0 -2088.672293442578
189200 -2036.95515431145 0 -2036.95515431145
189300 -2072.74668747955 0 -2072.74668747955
189400 -2069.337711509201 0 -2069.337711509201
189500 -2109.205655403901 0 -2109.205655403901
189600 -2064.331127206329 0 -2064.331127206329
189700 -2108.934323673602 0 -2108.934323673602
189800 -2061.363840587757 0 -2061.363840587757
189900 -2040.417868164601 0 -2040.417868164601
190000 -2042.858534676488 0 -2042.858534676488
190100 -1979.945266549941 0 -1979.945266549941
190200 -2023.436856462853 0 -2023.436856462853
190300 -2076.625389615772 0 -2076.625389615772
190400 -2081.08407657221 0 -2081.08407657221
190500 -2052.383862744318 0 -2052.383862744318
190600 -2044.579271444585 0 -2044.579271444585
190700 -2028.13216044748 0 -2028.13216044748
190800 -1980.247992138378 0 -1980.247992138378
190900 -2022.189997349866 0 -2022.189997349866
191000 -2003.954844560911 0 -2003.954844560911
191100 -2019.221220561536 0 -2019.221220561536
191200 -2001.753446289251 0 -2001.753446289251
191300 -2005.225476797437 0 -2005.225476797437
191400 -2042.736981877591 0 -2042.736981877591
191500 -2044.111630039522 0 -2044.111630039522
191600 -2025.47587138135 0 -2025.47587138135
191700 -2017.021292098099 0 -2017.021292098099
191800 -2051.791188458446 0 -2051.791188458446
191900 -2037.957102216315 0 -2037.957102216315
192000 -2000.83621276659 0 -2000.83621276659
192100 -2033.371446318415 0 -2033.371446318415
192200 -2089.551251495024 0 -2089.551251495024
192300 -2085.465060242335 0 -2085.465060242335
192400 -2088.376628883649 0 -2088.376628883649
192500 -2024.648434269562 0 -2024.648434269562
192600 -2020.733835252526 0 -2020.733835252526
192700 -2078.12888359616 0 -2078.12888359616
192800 -2057.38916817226 0 -2057.38916817226
192900 -2009.95406069803 0 -2009.95406069803
193000 -1970.950263423147 0 -1970.950263423147
193100 -2029.192297186586 0 -2029.192297186586
193200 -2019.739312433754 0 -2019.739312433754
193300 -1985.326137946453 0 -1985.326137946453
193400 -1939.168754892657 0 -1939.168754892657
193500 -1895.846804470115 0 -1895.846804470115
193600 -1906.024209758732 0 -1906.024209758732
193700 -1926.233795953915 0 -1926.233795953915
193800 -1871.768513436662 0 -1871.768513436662
193900 -1898.637663982576 0 -1898.637663982576
194000 -1854.951833620667 0 -1854.951833620667
194100 -1812.826963816653 0 -1812.826963816653
194200 -1802.105677555919 0 -1802.105677555919
194300 -1825.576154829061 0 -1825.576154829061
194400 -1888.390773655381 0 -1888.390773655381
194500 -1905.422827146249 0 -1905.422827146249
194600 -1893.509258620819 0 -1893.509258620819
194700 -1883.797875959193 0 -1883.797875959193
194800 -1957.727256016049 0 -1957.727256016049
194900 -1951.194872364169 0 -1951.194872364169
195000 -2002.627813314204 0 -2002.627813314204
195100 -1981.068221590715 0 -1981.068221590715
195200 -2041.938903439208 0 -2041.938903439208
195300 -2013.151511178468 0 -2013.151511178468
195400 -2096.498696319992 0 -2096.498696319992
195500 -2063.902374903439 0 -2063.902374903439
195600 -2064.827320074925 0 -2064.827320074925
195700 -2052.822205359582 0 -2052.822205359582
195800 -2017.727502253954 0 -2017.727502253954
195900 -1979.313013743376 0 -1979.313013743376
196000 -2005.038177683018 0 -2005.038177683018
196100 -2030.713111802703 0 -2030.713111802703
196200 -2038.493582734198 0 -2038.493582734198
196300 -2000.440537797258 0 -2000.440537797258
196400 -2028.904520341835 0 -2028.904520341835
196500 -2005.099789075553 0 -2005.099789075553
196600 -1982.562704637356 0 -1982.562704637356
196700 -1924.426811321406 0 -1924.426811321406
196800 -1917.839918161597 0 -1917.839918161597
196900 -1913.404597218992 0 -1913.404597218992
197000 -1918.914585741237 0 -1918.914585741237
197100 -1909.10295701283 0 -1909.10295701283
197200 -1930.511772190686 0 -1930.511772190686
197300 -2034.309299291344 0 -2034.309299291344
197400 -1996.948292446556 0 -1996.948292446556
197500 -1983.681131957448 0 -1983.681131957448
197600 -1912.644408199994 0 -1912.644408199994
197700 -1986.61619606358 0 -1986.61619606358
197800 -1926.964960505837 0 -1926.964960505837
197900 -1957.296378329629 0 -1957.296378329629
198000 -1977.069935591309 0 -1977.069935591309
198100 -1946.036328092625 0 -1946.036328092625
198200 -1923.529277954134 0 -1923.529277954134
198300 -1987.284965146275 0 -1987.284965146275
198400 -1972.290712549817 0 -1972.290712549817
198500 -1928.614559829468 0 -1928.614559829468
198600 -1961.741908770171 0 -1961.741908770171
198700 -1950.579386225203 0 -1950.579386225203
198800 -1972.70843772497 0 -1972.70843772497
198900 -1932.187205266906 0 -1932.187205266906
199000 -1917.233727328712 0 -1917.233727328712
199100 -1903.931467538001 0 -1903.931467538001
199200 -1911.725127143785 0 -1911.725127143785
199300 -1982.044986374443 0 -1982.044986374443
199400 -1986.66711001005 0 -1986.66711001005
199500 -1982.792239584029 0 -1982.792239584029
199600 -1965.671944695758 0 -1965.671944695758
199700 -1994.429503985419 0 -1994.429503985419
199800 -2003.544711521361 0 -2003.544711521361
199900 -1999.587792059348 0 -1999.587792059348
200000 -2006.011784893577 0 -2006.011784893577
