34.942133	2.8610322563439095
35.635566	5.0207367625827635
36.328998999999996	0.15921048347075653
37.022432	-1.4598653692662984
37.715865	-1.0669047582255446
38.409298	-0.9285215156681678
39.102731	-0.7900101021110102
39.796164	-0.41280938072785256
40.489596999999996	-0.4019594977980049
41.18303	-0.2834776051793463
41.876463	-0.3248176494223659
42.569896	-0.2521101462796424
43.263329	-0.45748702617538084
43.956762	-0.518926322825674
44.650195	-0.38872999131528657
45.343627999999995	-0.28448713985492463
46.037061	-0.2116565976606843
46.730494	-0.15162602539661027
47.423927	-0.13083622708494674
48.11736	-0.10527512350397714
48.810793	-0.09356878963625889
49.504226	-0.07233464984100789
50.197659	-0.08374280100360948
50.891092	-0.07845137355898003
51.584525	-0.07432490641721402
52.277958	-0.06378175605481394
52.971391	-0.04721371210205185
53.664823999999996	-0.03914878819208238
54.358256999999995	-0.03406962192561332
55.051689999999994	-0.026723686337305298
55.745123	-0.021474953009915497
56.438556	-0.015354737200767606
57.131989	-0.011889547246853724
57.825422	-0.008236470798485317
58.518855	-0.006025388653502917
59.212288	-0.004133392444403245
59.905721	-0.0028432449575655923
60.599154	-0.0017820785694954155
61.292587	-0.0011288858007346392
61.986019999999996	-0.000478591861878251
62.679452999999995	-0.00012180429250936573
63.372885999999994	0.0001893489557554526
64.066319	0.00030582653660786555
64.75975199999999	0.0004552748247911476
65.45318499999999	0.0005157418704782336
66.14661799999999	0.0006253987365456321
66.84005099999999	0.0005941969180310027
67.533484	0.0006492993846992667
68.226917	0.0006581284668536236
68.92035	0.0006013177433467236
69.613783	0.0005773167210711286
70.307216	0.0006199671995282813
71.000649	0.0005752641825742903
71.694082	0.0005267322696309338
72.38751500000001	0.0005005074941286114
73.080948	0.00048036316305349153
73.774381	0.00046334945693575166
74.467814	0.0004144490711961005
75.161247	0.00038556309716976096
75.85468	0.00037881862384058965
76.548113	0.00032742367981032985
77.241546	0.0003294838783400657
77.934979	0.0002890536019131425
78.628412	0.00025664435635264145
79.321845	0.00024801588161872966
80.015278	0.00023207403918831693
80.708711	0.00020154719588262715
81.40214399999999	0.0001912390538597022
82.09557699999999	0.00017575796130819753
82.78900999999999	0.00016399097849975744
83.48244299999999	0.0001464312941271938
84.17587599999999	0.0001261468372194743
84.86930899999999	0.00012135707271596155
85.562742	0.0001020231249600498
86.256175	9.4010834495348e-05
86.949608	8.244039444068242e-05
87.643041	7.892810599255615e-05
88.336474	7.631485487981409e-05
89.029907	6.223123688956423e-05
89.72334	5.599113481147592e-05
90.416773	5.054870674682604e-05
91.110206	4.216288282375549e-05
91.803639	3.851507615600286e-05
92.497072	3.4255047352591286e-05
93.190505	3.0887691360931955e-05
93.883938	2.897281056766677e-05
94.577371	2.729058464370072e-05
95.270804	2.6658498914946643e-05
95.964237	2.6962596524571245e-05
96.65767	2.6334007153540065e-05
97.351103	2.2888551180480345e-05
98.044536	2.0484609222226143e-05
98.73796899999999	1.7314286457659402e-05
99.43140199999999	1.4032861922360984e-05
100.12483499999999	9.087993896098086e-06
100.818268	1.3503093818295956e-06
101.511701	4.951076623183204e-06
102.205134	9.649866491987032e-06
102.898567	3.0245611934144957e-05
103.592	1.615259717603987e-05
