#total particle-self-energy nonbondedEM
100 -274.9485168331303 0 -274.9485168331303
200 -238.4181420034729 0 -238.4181420034729
300 -251.7853962581139 0 -251.7853962581139
400 -237.4512362531386 0 -237.4512362531386
500 -234.876368393423 0 -234.876368393423
600 -239.3258943823166 0 -239.3258943823166
700 -196.0988909953739 0 -196.0988909953739
800 -185.8547970878426 0 -185.8547970878426
900 -188.024147101678 0 -188.024147101678
1000 -192.8132731334772 0 -192.8132731334772
1100 -195.8584016948007 0 -195.8584016948007
1200 -187.8752134868409 0 -187.8752134868409
1300 -179.8933932459913 0 -179.8933932459913
1400 -187.8550644961651 0 -187.8550644961651
1500 -181.0644000910688 0 -181.0644000910688
1600 -183.9350683956873 0 -183.9350683956873
1700 -168.6744045382366 0 -168.6744045382366
1800 -179.6592346141115 0 -179.6592346141115
1900 -175.6631664724555 0 -175.6631664724555
2000 -167.4430084540509 0 -167.4430084540509
2100 -174.1268900625873 0 -174.1268900625873
2200 -169.5945656930562 0 -169.5945656930562
2300 -167.9249590847176 0 -167.9249590847176
2400 -165.1518925919663 0 -165.1518925919663
2500 -183.0117129601131 0 -183.0117129601131
2600 -176.7882712734863 0 -176.7882712734863
2700 -166.5536253591999 0 -166.5536253591999
2800 -131.0330371488817 0 -131.0330371488817
2900 -132.179798883386 0 -132.179798883386
3000 -140.0734434355982 0 -140.0734434355982
3100 -161.8426325693727 0 -161.8426325693727
3200 -161.8813000246882 0 -161.8813000246882
3300 -181.5587178322021 0 -181.5587178322021
3400 -186.3079782417044 0 -186.3079782417044
3500 -172.0291302916594 0 -172.0291302916594
3600 -166.3010517954826 0 -166.3010517954826
3700 -150.6615250196774 0 -150.6615250196774
3800 -131.2959790150635 0 -131.2959790150635
3900 -146.1095871648286 0 -146.1095871648286
4000 -155.787324730074 0 -155.787324730074
4100 -166.461616076529 0 -166.461616076529
4200 -173.5778496935964 0 -173.5778496935964
4300 -163.2867680052295 0 -163.2867680052295
4400 -176.2180106455926 0 -176.2180106455926
4500 -170.6086873384193 0 -170.6086873384193
4600 -174.6909760956187 0 -174.6909760956187
4700 -194.6751632587984 0 -194.6751632587984
4800 -182.9251379889902 0 -182.9251379889902
4900 -195.5620595165528 0 -195.5620595165528
5000 -205.3403242020868 0 -205.3403242020868
5100 -208.0618023667485 0 -208.0618023667485
5200 -203.7548518439289 0 -203.7548518439289
5300 -209.0514100175351 0 -209.0514100175351
5400 -228.1216163644567 0 -228.1216163644567
5500 -206.2963663316332 0 -206.2963663316332
5600 -181.7798002816271 0 -181.7798002816271
5700 -188.1298175847623 0 -188.1298175847623
5800 -187.5427906855475 0 -187.5427906855475
5900 -190.4692407555413 0 -190.4692407555413
6000 -189.9628043109551 0 -189.9628043109551
6100 -209.8756342947017 0 -209.8756342947017
6200 -190.232400767738 0 -190.232400767738
6300 -182.6426433590241 0 -182.6426433590241
6400 -200.799999111332 0 -200.799999111332
6500 -209.4629086563364 0 -209.4629086563364
6600 -195.2039364352822 0 -195.2039364352822
6700 -185.9037954427768 0 -185.9037954427768
6800 -191.1646995954216 0 -191.1646995954216
6900 -175.7192735890858 0 -175.7192735890858
7000 -175.2159574958496 0 -175.2159574958496
7100 -169.107177731581 0 -169.107177731581
7200 -174.1502194607165 0 -174.1502194607165
7300 -166.6092699153814 0 -166.6092699153814
7400 -204.0403711094987 0 -204.0403711094987
7500 -180.0553144824225 0 -180.0553144824225
7600 -158.6409722790122 0 -158.6409722790122
7700 -158.7820893961471 0 -158.7820893961471
7800 -158.908320437884 0 -158.908320437884
7900 -197.0211856129463 0 -197.0211856129463
8000 -173.9224171196111 0 -173.9224171196111
8100 -168.2491641473025 0 -168.2491641473025
8200 -206.6833014418371 0 -206.6833014418371
8300 -176.0754969122354 0 -176.0754969122354
8400 -181.1028996033128 0 -181.1028996033128
8500 -194.3293200570624 0 -194.3293200570624
8600 -166.3117266467307 0 -166.3117266467307
8700 -159.7397382389754 0 -159.7397382389754
8800 -158.4482240176294 0 -158.4482240176294
8900 -169.3702384708449 0 -169.3702384708449
9000 -155.3699660741258 0 -155.3699660741258
9100 -147.461298283888 0 -147.461298283888
9200 -132.0151039664634 0 -132.0151039664634
9300 -141.6036985928658 0 -141.6036985928658
9400 -172.3489466065075 0 -172.3489466065075
9500 -192.250404197257 0 -192.250404197257
9600 -215.8139766131644 0 -215.8139766131644
9700 -186.4742447207682 0 -186.4742447207682
9800 -183.8206358347088 0 -183.8206358347088
9900 -213.970940193627 0 -213.970940193627
10000 -193.1595883921254 0 -193.1595883921254
10100 -208.1280190707184 0 -208.1280190707184
10200 -223.5851843652781 0 -223.5851843652781
10300 -188.7660735989921 0 -188.7660735989921
10400 -168.5852972641587 0 -168.5852972641587
10500 -187.2063689236529 0 -187.2063689236529
10600 -196.7295788517222 0 -196.7295788517222
10700 -181.4413579399697 0 -181.4413579399697
10800 -185.6523765353486 0 -185.6523765353486
10900 -190.7359409937635 0 -190.7359409937635
11000 -208.4936230059247 0 -208.4936230059247
11100 -223.1624370876234 0 -223.1624370876234
11200 -216.8924880828708 0 -216.8924880828708
11300 -224.8780127845239 0 -224.8780127845239
11400 -251.0260139461607 0 -251.0260139461607
11500 -217.0231327586807 0 -217.0231327586807
11600 -254.2844716086984 0 -254.2844716086984
11700 -226.1531860029791 0 -226.1531860029791
11800 -211.9537171348929 0 -211.9537171348929
11900 -206.3594030258246 0 -206.3594030258246
12000 -230.575453213416 0 -230.575453213416
12100 -203.6472986035515 0 -203.6472986035515
12200 -217.4969695718028 0 -217.4969695718028
12300 -225.7291368013248 0 -225.7291368013248
12400 -212.3762228100095 0 -212.3762228100095
12500 -235.7864642343484 0 -235.7864642343484
12600 -246.1180075509474 0 -246.1180075509474
12700 -250.9761584009975 0 -250.9761584009975
12800 -249.8854031125084 0 -249.8854031125084
12900 -249.849069791846 0 -249.849069791846
13000 -241.2770893536508 0 -241.2770893536508
13100 -204.8381855627522 0 -204.8381855627522
13200 -226.2936159293167 0 -226.2936159293167
13300 -225.4385681613348 0 -225.4385681613348
13400 -233.6519361424726 0 -233.6519361424726
13500 -229.0992608752567 0 -229.0992608752567
13600 -241.2746835795697 0 -241.2746835795697
13700 -226.4393943736795 0 -226.4393943736795
13800 -238.6079788685311 0 -238.6079788685311
13900 -241.3703855320346 0 -241.3703855320346
14000 -233.6332226614468 0 -233.6332226614468
14100 -234.5129283471615 0 -234.5129283471615
14200 -253.83284714818 0 -253.83284714818
14300 -259.3258529857267 0 -259.3258529857267
14400 -269.5451031015255 0 -269.5451031015255
14500 -271.4593741248827 0 -271.4593741248827
14600 -264.6268577473238 0 -264.6268577473238
14700 -259.9528228247073 0 -259.9528228247073
14800 -240.3818148025312 0 -240.3818148025312
14900 -255.0159975455608 0 -255.0159975455608
15000 -270.5453040578868 0 -270.5453040578868
15100 -265.6245649466291 0 -265.6245649466291
15200 -298.8665845973883 0 -298.8665845973883
15300 -312.4026667305734 0 -312.4026667305734
15400 -317.2477879328653 0 -317.2477879328653
15500 -295.6657926701009 0 -295.6657926701009
15600 -293.6512005028781 0 -293.6512005028781
15700 -269.2316940878518 0 -269.2316940878518
15800 -309.5325114764273 0 -309.5325114764273
15900 -293.4116779631004 0 -293.4116779631004
16000 -293.1495577332098 0 -293.1495577332098
16100 -310.4224326922558 0 -310.4224326922558
16200 -295.1899686825927 0 -295.1899686825927
16300 -262.8967655745801 0 -262.8967655745801
16400 -269.9958750889637 0 -269.9958750889637
16500 -269.9457682522479 0 -269.9457682522479
16600 -268.4854611293413 0 -268.4854611293413
16700 -286.8862595972605 0 -286.8862595972605
16800 -264.6971906127874 0 -264.6971906127874
16900 -256.8192640396301 0 -256.8192640396301
17000 -264.9479935409036 0 -264.9479935409036
17100 -244.1039919019677 0 -244.1039919019677
17200 -255.6171196533833 0 -255.6171196533833
17300 -248.0155580949504 0 -248.0155580949504
17400 -254.9578202376142 0 -254.9578202376142
17500 -267.330293511739 0 -267.330293511739
17600 -262.3890921869315 0 -262.3890921869315
17700 -272.7257628873922 0 -272.7257628873922
17800 -268.101700906409 0 -268.101700906409
17900 -298.2048958949163 0 -298.2048958949163
18000 -301.5092152475845 0 -301.5092152475845
18100 -320.8434256911278 0 -320.8434256911278
18200 -297.444521917263 0 -297.444521917263
18300 -299.8898319294676 0 -299.8898319294676
18400 -294.2145107318647 0 -294.2145107318647
18500 -335.1901797568426 0 -335.1901797568426
18600 -314.893487341702 0 -314.893487341702
18700 -332.1588516095653 0 -332.1588516095653
18800 -324.1834087003954 0 -324.1834087003954
18900 -316.3713629755657 0 -316.3713629755657
19000 -346.1595229210798 0 -346.1595229210798
19100 -353.7382985493168 0 -353.7382985493168
19200 -359.768086390337 0 -359.768086390337
19300 -345.7878113465849 0 -345.7878113465849
19400 -359.3136185642797 0 -359.3136185642797
19500 -331.5977187175304 0 -331.5977187175304
19600 -326.4393790529575 0 -326.4393790529575
19700 -353.263989634579 0 -353.263989634579
19800 -343.7678740310948 0 -343.7678740310948
19900 -357.5020136318635 0 -357.5020136318635
20000 -375.6644727210514 0 -375.6644727210514
20100 -384.0640329190064 0 -384.0640329190064
20200 -379.9814997813664 0 -379.9814997813664
20300 -403.0514413055498 0 -403.0514413055498
20400 -389.179573563626 0 -389.179573563626
20500 -382.2321951715276 0 -382.2321951715276
20600 -396.1877339123748 0 -396.1877339123748
20700 -386.153278686339 0 -386.153278686339
20800 -383.1768957492895 0 -383.1768957492895
20900 -357.491979287006 0 -357.491979287006
21000 -372.1863707206212 0 -372.1863707206212
21100 -388.9636192605831 0 -388.9636192605831
21200 -378.0599893229082 0 -378.0599893229082
21300 -383.3149380744435 0 -383.3149380744435
21400 -400.0745519921184 0 -400.0745519921184
21500 -397.5902933306061 0 -397.5902933306061
21600 -404.1686943685636 0 -404.1686943685636
21700 -367.8516224201303 0 -367.8516224201303
21800 -363.5720947128721 0 -363.5720947128721
21900 -356.551148135215 0 -356.551148135215
22000 -364.9923690822907 0 -364.9923690822907
22100 -372.1639664266258 0 -372.1639664266258
22200 -368.4708340060897 0 -368.4708340060897
22300 -352.4335320801474 0 -352.4335320801474
22400 -357.7178176210728 0 -357.7178176210728
22500 -381.7385483188555 0 -381.7385483188555
22600 -399.1518245511688 0 -399.1518245511688
22700 -367.3592772311531 0 -367.3592772311531
22800 -368.2332656800281 0 -368.2332656800281
22900 -369.7559179659002 0 -369.7559179659002
23000 -392.5534847346134 0 -392.5534847346134
23100 -399.4256975898752 0 -399.4256975898752
23200 -354.2136290858034 0 -354.2136290858034
23300 -353.1806094239 0 -353.1806094239
23400 -338.4964316054247 0 -338.4964316054247
23500 -342.3522972171195 0 -342.3522972171195
23600 -354.7256182704587 0 -354.7256182704587
23700 -343.4956074375659 0 -343.4956074375659
23800 -329.2753338182811 0 -329.2753338182811
23900 -329.1201261288952 0 -329.1201261288952
24000 -345.918016009964 0 -345.918016009964
24100 -361.1761537732091 0 -361.1761537732091
24200 -357.8709412962198 0 -357.8709412962198
24300 -337.4173298238311 0 -337.4173298238311
24400 -334.0844465829432 0 -334.0844465829432
24500 -317.7334248076659 0 -317.7334248076659
24600 -319.9744040179648 0 -319.9744040179648
24700 -345.5338996637147 0 -345.5338996637147
24800 -329.4527593285311 0 -329.4527593285311
24900 -324.2143009356223 0 -324.2143009356223
25000 -313.9690194132272 0 -313.9690194132272
25100 -322.5217973585241 0 -322.5217973585241
25200 -275.684294690378 0 -275.684294690378
25300 -278.4632423825096 0 -278.4632423825096
25400 -267.0183197658043 0 -267.0183197658043
25500 -232.9049411346205 0 -232.9049411346205
25600 -257.7837974091526 0 -257.7837974091526
25700 -253.5621583245229 0 -253.5621583245229
25800 -242.2031473070383 0 -242.2031473070383
25900 -241.0929345283657 0 -241.0929345283657
26000 -242.0264395722188 0 -242.0264395722188
26100 -228.119757205015 0 -228.119757205015
26200 -246.3320364460815 0 -246.3320364460815
26300 -226.7305772178806 0 -226.7305772178806
26400 -222.7859722001012 0 -222.7859722001012
26500 -245.7334193761926 0 -245.7334193761926
26600 -260.6593838403933 0 -260.6593838403933
26700 -237.2680249281693 0 -237.2680249281693
26800 -242.069036657922 0 -242.069036657922
26900 -243.3520713034086 0 -243.3520713034086
27000 -236.8686000858434 0 -236.8686000858434
27100 -237.2881720075384 0 -237.2881720075384
27200 -246.5136421164498 0 -246.5136421164498
27300 -263.8142726311926 0 -263.8142726311926
27400 -292.060522482032 0 -292.060522482032
27500 -307.9897028303239 0 -307.9897028303239
27600 -323.6075803211424 0 -323.6075803211424
27700 -302.1322822759394 0 -302.1322822759394
27800 -302.0936815615278 0 -302.0936815615278
27900 -268.2911871180404 0 -268.2911871180404
28000 -265.1116822182667 0 -265.1116822182667
28100 -289.7692250367254 0 -289.7692250367254
28200 -301.1775342009496 0 -301.1775342009496
28300 -307.2794282543473 0 -307.2794282543473
28400 -318.9385755299591 0 -318.9385755299591
28500 -291.7762834993191 0 -291.7762834993191
28600 -262.7977031820919 0 -262.7977031820919
28700 -245.8538241044153 0 -245.8538241044153
28800 -268.1372350447346 0 -268.1372350447346
28900 -266.0681175636128 0 -266.0681175636128
29000 -271.6813675248995 0 -271.6813675248995
29100 -244.6005925496574 0 -244.6005925496574
29200 -254.0144474285189 0 -254.0144474285189
29300 -286.7213950715959 0 -286.7213950715959
29400 -266.8896852440666 0 -266.8896852440666
29500 -270.9281214557122 0 -270.9281214557122
29600 -283.9615763858892 0 -283.9615763858892
29700 -279.4124606573023 0 -279.4124606573023
29800 -276.4848090293817 0 -276.4848090293817
29900 -268.353607185185 0 -268.353607185185
30000 -284.514347795397 0 -284.514347795397
30100 -255.3090456440113 0 -255.3090456440113
30200 -276.3428490506485 0 -276.3428490506485
30300 -289.5413116959389 0 -289.5413116959389
30400 -289.8097217970062 0 -289.8097217970062
30500 -289.1720560856629 0 -289.1720560856629
30600 -266.5234344033524 0 -266.5234344033524
30700 -274.8766661141999 0 -274.8766661141999
30800 -275.432078470476 0 -275.432078470476
30900 -277.5475042534526 0 -277.5475042534526
31000 -267.9792721895501 0 -267.9792721895501
31100 -279.9231892824173 0 -279.9231892824173
31200 -262.5783917836379 0 -262.5783917836379
31300 -264.1056329936255 0 -264.1056329936255
31400 -257.3916476727463 0 -257.3916476727463
31500 -273.1931454073638 0 -273.1931454073638
31600 -262.2631872117054 0 -262.2631872117054
31700 -273.3402876814362 0 -273.3402876814362
31800 -312.5591630276758 0 -312.5591630276758
31900 -285.0843719700351 0 -285.0843719700351
32000 -268.4477300089784 0 -268.4477300089784
32100 -270.3876269289758 0 -270.3876269289758
32200 -275.7628939645365 0 -275.7628939645365
32300 -293.1948634204455 0 -293.1948634204455
32400 -283.0984264495783 0 -283.0984264495783
32500 -294.2762635042891 0 -294.2762635042891
32600 -285.5293979989365 0 -285.5293979989365
32700 -285.2490236035082 0 -285.2490236035082
32800 -329.8057144193444 0 -329.8057144193444
32900 -309.1967206187546 0 -309.1967206187546
33000 -303.0130241308361 0 -303.0130241308361
33100 -277.4830209175125 0 -277.4830209175125
33200 -294.3473300365731 0 -294.3473300365731
33300 -289.1112092281692 0 -289.1112092281692
33400 -291.2385132007767 0 -291.2385132007767
33500 -301.7786709372886 0 -301.7786709372886
33600 -301.5778298445512 0 -301.5778298445512
33700 -322.7817805060185 0 -322.7817805060185
33800 -312.4322930148337 0 -312.4322930148337
33900 -316.1502001907211 0 -316.1502001907211
34000 -322.170618043514 0 -322.170618043514
34100 -311.6786358240061 0 -311.6786358240061
34200 -314.0867246754933 0 -314.0867246754933
34300 -304.1757204919122 0 -304.1757204919122
34400 -331.0896314790007 0 -331.0896314790007
34500 -332.6319182789885 0 -332.6319182789885
34600 -302.2244607801549 0 -302.2244607801549
34700 -317.4886457931716 0 -317.4886457931716
34800 -312.7014085671399 0 -312.7014085671399
34900 -318.1039891242981 0 -318.1039891242981
35000 -329.1560725895688 0 -329.1560725895688
35100 -344.3906106373761 0 -344.3906106373761
35200 -361.2616934513208 0 -361.2616934513208
35300 -351.3067030203529 0 -351.3067030203529
35400 -334.3234374604654 0 -334.3234374604654
35500 -337.8793178200722 0 -337.8793178200722
35600 -336.5120319735724 0 -336.5120319735724
35700 -342.136483557988 0 -342.136483557988
35800 -326.8200606079772 0 -326.8200606079772
35900 -338.1111066280864 0 -338.1111066280864
36000 -320.1193556585349 0 -320.1193556585349
36100 -316.4725744409952 0 -316.4725744409952
36200 -290.8059881699737 0 -290.8059881699737
36300 -298.6634828697424 0 -298.6634828697424
36400 -287.7342370077968 0 -287.7342370077968
36500 -279.2581866225228 0 -279.2581866225228
36600 -292.9016287738923 0 -292.9016287738923
36700 -287.5850785358343 0 -287.5850785358343
36800 -319.6383676400874 0 -319.6383676400874
36900 -304.6926323862281 0 -304.6926323862281
37000 -328.3382909956854 0 -328.3382909956854
37100 -336.9298486120533 0 -336.9298486120533
37200 -323.87676174636 0 -323.87676174636
37300 -294.6482369254809 0 -294.6482369254809
37400 -289.0790626497474 0 -289.0790626497474
37500 -329.2063262886368 0 -329.2063262886368
37600 -281.3744879760779 0 -281.3744879760779
37700 -308.66461935197 0 -308.66461935197
37800 -329.0398654900491 0 -329.0398654900491
37900 -303.642653826857 0 -303.642653826857
38000 -302.8170164313633 0 -302.8170164313633
38100 -303.5225805859081 0 -303.5225805859081
38200 -315.3360918920953 0 -315.3360918920953
38300 -288.245806917781 0 -288.245806917781
38400 -292.2940887084696 0 -292.2940887084696
38500 -323.8356708805077 0 -323.8356708805077
38600 -308.382105473429 0 -308.382105473429
38700 -306.1991465971805 0 -306.1991465971805
38800 -310.586844057776 0 -310.586844057776
38900 -312.4548785202205 0 -312.4548785202205
39000 -334.7992313895375 0 -334.7992313895375
39100 -337.2871558896732 0 -337.2871558896732
39200 -328.7412127158605 0 -328.7412127158605
39300 -316.8940182272345 0 -316.8940182272345
39400 -319.6000176377129 0 -319.6000176377129
39500 -343.5504974215291 0 -343.5504974215291
39600 -333.5477061970159 0 -333.5477061970159
39700 -345.3639086682815 0 -345.3639086682815
39800 -321.1017894516699 0 -321.1017894516699
39900 -351.6228600328322 0 -351.6228600328322
40000 -333.0482519161887 0 -333.0482519161887
40100 -347.2160203361418 0 -347.2160203361418
40200 -332.3367764635477 0 -332.3367764635477
40300 -303.9181704488001 0 -303.9181704488001
40400 -320.8382878908888 0 -320.8382878908888
40500 -307.6234145923518 0 -307.6234145923518
40600 -314.6682717499789 0 -314.6682717499789
40700 -319.1478079147637 0 -319.1478079147637
40800 -315.5008766301908 0 -315.5008766301908
40900 -318.0321898506954 0 -318.0321898506954
41000 -311.0973565608729 0 -311.0973565608729
41100 -323.7911326801404 0 -323.7911326801404
41200 -337.0629916626494 0 -337.0629916626494
41300 -348.2192424857058 0 -348.2192424857058
41400 -367.9158764882013 0 -367.9158764882013
41500 -387.5345761864446 0 -387.5345761864446
41600 -375.1581388046034 0 -375.1581388046034
41700 -399.0351444990374 0 -399.0351444990374
41800 -375.1470094325487 0 -375.1470094325487
41900 -373.3213221183978 0 -373.3213221183978
42000 -368.9576760102063 0 -368.9576760102063
42100 -359.5484459097497 0 -359.5484459097497
42200 -347.825159544358 0 -347.825159544358
42300 -313.443376542069 0 -313.443376542069
42400 -328.556535129901 0 -328.556535129901
42500 -298.8402461868245 0 -298.8402461868245
42600 -324.9463453043718 0 -324.9463453043718
42700 -308.669708346948 0 -308.669708346948
42800 -312.6263329610229 0 -312.6263329610229
42900 -282.8763242925052 0 -282.8763242925052
43000 -295.8034003344364 0 -295.8034003344364
43100 -289.7377135348506 0 -289.7377135348506
43200 -313.5071861837059 0 -313.5071861837059
43300 -317.4165152707137 0 -317.4165152707137
43400 -318.4262294969521 0 -318.4262294969521
43500 -316.3090017300565 0 -316.3090017300565
43600 -313.1569790358189 0 -313.1569790358189
43700 -321.3091203237418 0 -321.3091203237418
43800 -319.5666755451821 0 -319.5666755451821
43900 -346.6670898552984 0 -346.6670898552984
44000 -338.1722839691211 0 -338.1722839691211
44100 -327.5520938897971 0 -327.5520938897971
44200 -330.2663447926752 0 -330.2663447926752
44300 -330.3375596501864 0 -330.3375596501864
44400 -340.3460871758871 0 -340.3460871758871
44500 -343.1981621484738 0 -343.1981621484738
44600 -346.0242412695661 0 -346.0242412695661
44700 -346.6549550504424 0 -346.6549550504424
44800 -328.4580285535194 0 -328.4580285535194
44900 -358.3376753404737 0 -358.3376753404737
45000 -344.819271354645 0 -344.819271354645
45100 -347.1738685970195 0 -347.1738685970195
45200 -361.0311633674428 0 -361.0311633674428
45300 -357.6524538750527 0 -357.6524538750527
45400 -356.9124235569034 0 -356.9124235569034
45500 -354.9025896491949 0 -354.9025896491949
45600 -359.5512425266206 0 -359.5512425266206
45700 -364.1951431026682 0 -364.1951431026682
45800 -348.9317870242521 0 -348.9317870242521
45900 -346.9693360393867 0 -346.9693360393867
46000 -344.6615255007055 0 -344.6615255007055
46100 -315.7216166649014 0 -315.7216166649014
46200 -320.7165635053534 0 -320.7165635053534
46300 -333.7529248718638 0 -333.7529248718638
46400 -357.9411202906631 0 -357.9411202906631
46500 -316.0292365991045 0 -316.0292365991045
46600 -325.0037520984188 0 -325.0037520984188
46700 -331.8019601504784 0 -331.8019601504784
46800 -299.0973179554567 0 -299.0973179554567
46900 -299.7600987858605 0 -299.7600987858605
47000 -313.0517486985773 0 -313.0517486985773
47100 -304.8634242312983 0 -304.8634242312983
47200 -308.3031718963757 0 -308.3031718963757
47300 -289.6823876600247 0 -289.6823876600247
47400 -282.1978126151953 0 -282.1978126151953
47500 -268.4014173843898 0 -268.4014173843898
47600 -297.7352988088969 0 -297.7352988088969
47700 -260.6250243708491 0 -260.6250243708491
47800 -269.627361406805 0 -269.627361406805
47900 -300.1945831056219 0 -300.1945831056219
48000 -281.4902274189517 0 -281.4902274189517
48100 -261.1226610280573 0 -261.1226610280573
48200 -276.4912108418066 0 -276.4912108418066
48300 -278.4880058264825 0 -278.4880058264825
48400 -277.4032150127459 0 -277.4032150127459
48500 -291.1506257972214 0 -291.1506257972214
48600 -270.4568795419764 0 -270.4568795419764
48700 -268.2984250697773 0 -268.2984250697773
48800 -280.1135514534544 0 -280.1135514534544
48900 -260.2965760768857 0 -260.2965760768857
49000 -329.8558667474426 0 -329.8558667474426
49100 -354.005042684963 0 -354.005042684963
49200 -327.1069974966813 0 -327.1069974966813
49300 -344.7258586103562 0 -344.7258586103562
49400 -353.0615808495786 0 -353.0615808495786
49500 -343.3725260375068 0 -343.3725260375068
49600 -339.9209002899006 0 -339.9209002899006
49700 -361.1738190825563 0 -361.1738190825563
49800 -335.8416571868584 0 -335.8416571868584
49900 -361.5364297400229 0 -361.5364297400229
50000 -377.6742881948594 0 -377.6742881948594
50100 -347.7842842289247 0 -347.7842842289247
50200 -335.8057605144568 0 -335.8057605144568
50300 -376.6246145041659 0 -376.6246145041659
50400 -417.8790849235374 0 -417.8790849235374
50500 -391.7028268345166 0 -391.7028268345166
50600 -389.0051098775584 0 -389.0051098775584
50700 -384.1278235767968 0 -384.1278235767968
50800 -384.5605902310926 0 -384.5605902310926
50900 -358.8560481360182 0 -358.8560481360182
51000 -385.6298747481778 0 -385.6298747481778
51100 -353.9811298216227 0 -353.9811298216227
51200 -367.1054457761347 0 -367.1054457761347
51300 -373.3039426174946 0 -373.3039426174946
51400 -380.8624765339773 0 -380.8624765339773
51500 -374.4957485247287 0 -374.4957485247287
51600 -372.1726860813797 0 -372.1726860813797
51700 -350.6961104739457 0 -350.6961104739457
51800 -354.1353448962327 0 -354.1353448962327
51900 -351.333220008295 0 -351.333220008295
52000 -345.4613347894046 0 -345.4613347894046
52100 -359.6429493750911 0 -359.6429493750911
52200 -342.4827403186355 0 -342.4827403186355
52300 -354.3778264210559 0 -354.3778264210559
52400 -351.788523704512 0 -351.788523704512
52500 -369.7389628926758 0 -369.7389628926758
52600 -354.7481774783228 0 -354.7481774783228
52700 -328.3956666293088 0 -328.3956666293088
52800 -346.5852523674257 0 -346.5852523674257
52900 -361.011794246966 0 -361.011794246966
53000 -345.6016182459425 0 -345.6016182459425
53100 -361.8656845015939 0 -361.8656845015939
53200 -369.4462305023335 0 -369.4462305023335
53300 -371.6510100922314 0 -371.6510100922314
53400 -387.9844690822065 0 -387.9844690822065
53500 -394.6574724321254 0 -394.6574724321254
53600 -380.1593347368762 0 -380.1593347368762
53700 -367.3981114046182 0 -367.3981114046182
53800 -343.8560030562803 0 -343.8560030562803
53900 -352.4047236330807 0 -352.4047236330807
54000 -360.4076637544204 0 -360.4076637544204
54100 -378.5478188891429 0 -378.5478188891429
54200 -349.4274628164712 0 -349.4274628164712
54300 -378.2663951145951 0 -378.2663951145951
54400 -383.8891934782732 0 -383.8891934782732
54500 -384.2874725572765 0 -384.2874725572765
54600 -402.1192288999446 0 -402.1192288999446
54700 -387.5245052420069 0 -387.5245052420069
54800 -373.3212388819084 0 -373.3212388819084
54900 -355.0773092412855 0 -355.0773092412855
55000 -334.6416267266031 0 -334.6416267266031
55100 -357.3612848001067 0 -357.3612848001067
55200 -348.2172249837313 0 -348.2172249837313
55300 -340.663911649026 0 -340.663911649026
55400 -348.2082543456927 0 -348.2082543456927
55500 -357.9991253428161 0 -357.9991253428161
55600 -349.0313011188991 0 -349.0313011188991
55700 -382.4361107312143 0 -382.4361107312143
55800 -380.7223381653894 0 -380.7223381653894
55900 -352.5173700954765 0 -352.5173700954765
56000 -332.8716359464452 0 -332.8716359464452
56100 -341.1161721968092 0 -341.1161721968092
56200 -364.6355248275213 0 -364.6355248275213
56300 -389.9546600210015 0 -389.9546600210015
56400 -402.1048257341608 0 -402.1048257341608
56500 -371.8982405525167 0 -371.8982405525167
56600 -375.132288825349 0 -375.132288825349
56700 -364.1813364049885 0 -364.1813364049885
56800 -353.6208564762492 0 -353.6208564762492
56900 -354.7859207063448 0 -354.7859207063448
57000 -335.6495580975898 0 -335.6495580975898
57100 -363.5203646305017 0 -363.5203646305017
57200 -363.7656742769759 0 -363.7656742769759
57300 -367.1739271208644 0 -367.1739271208644
57400 -372.2873841407709 0 -372.2873841407709
57500 -328.0376478144899 0 -328.0376478144899
57600 -339.5390211881604 0 -339.5390211881604
57700 -350.7155382395722 0 -350.7155382395722
57800 -345.1117286842782 0 -345.1117286842782
57900 -333.4423226779327 0 -333.4423226779327
58000 -332.7003603426274 0 -332.7003603426274
58100 -333.3359525313135 0 -333.3359525313135
58200 -312.0250595877878 0 -312.0250595877878
58300 -327.8524242658168 0 -327.8524242658168
58400 -341.7431515662465 0 -341.7431515662465
58500 -323.8630808878224 0 -323.8630808878224
58600 -321.4401414734311 0 -321.4401414734311
58700 -312.1380763030611 0 -312.1380763030611
58800 -303.4373575323261 0 -303.4373575323261
58900 -307.9567117323168 0 -307.9567117323168
59000 -314.8663376898039 0 -314.8663376898039
59100 -300.5279826547485 0 -300.5279826547485
59200 -334.9053001161665 0 -334.9053001161665
59300 -321.0160579383373 0 -321.0160579383373
59400 -327.9831639763433 0 -327.9831639763433
59500 -335.1727769891731 0 -335.1727769891731
59600 -322.9417967698537 0 -322.9417967698537
59700 -329.4843381666578 0 -329.4843381666578
59800 -338.9930862757028 0 -338.9930862757028
59900 -358.2655748296529 0 -358.2655748296529
60000 -357.8742378586903 0 -357.8742378586903
60100 -335.05828939192 0 -335.05828939192
60200 -344.7841069183778 0 -344.7841069183778
60300 -325.9573564811144 0 -325.9573564811144
60400 -326.7459143176675 0 -326.7459143176675
60500 -314.6454873271286 0 -314.6454873271286
60600 -293.267748154467 0 -293.267748154467
60700 -310.3619521639775 0 -310.3619521639775
60800 -306.4750587814488 0 -306.4750587814488
60900 -304.7932791144121 0 -304.7932791144121
61000 -309.7528943887446 0 -309.7528943887446
61100 -301.9170118821785 0 -301.9170118821785
61200 -302.241318006767 0 -302.241318006767
61300 -283.9052389787976 0 -283.9052389787976
61400 -298.8492485766765 0 -298.8492485766765
61500 -255.9279195195995 0 -255.9279195195995
61600 -288.5338838258758 0 -288.5338838258758
61700 -299.9318310960662 0 -299.9318310960662
61800 -295.8359786965884 0 -295.8359786965884
61900 -309.5228900986258 0 -309.5228900986258
62000 -302.4841937106103 0 -302.4841937106103
62100 -314.9110351146664 0 -314.9110351146664
62200 -341.2700122648384 0 -341.2700122648384
62300 -363.589369968744 0 -363.589369968744
62400 -368.6636082222685 0 -368.6636082222685
62500 -353.126787394518 0 -353.126787394518
62600 -355.8724491221365 0 -355.8724491221365
62700 -332.9688174512703 0 -332.9688174512703
62800 -352.4417693712749 0 -352.4417693712749
62900 -342.4798830647487 0 -342.4798830647487
63000 -331.0829422886018 0 -331.0829422886018
63100 -329.6669011565391 0 -329.6669011565391
63200 -352.2651771274395 0 -352.2651771274395
63300 -330.4370502494276 0 -330.4370502494276
63400 -299.2785198919009 0 -299.2785198919009
63500 -297.9246906635817 0 -297.9246906635817
63600 -319.7046455901582 0 -319.7046455901582
63700 -305.3048406534363 0 -305.3048406534363
63800 -300.5087011177093 0 -300.5087011177093
63900 -320.8679526024498 0 -320.8679526024498
64000 -323.7627415983006 0 -323.7627415983006
64100 -313.0823200445157 0 -313.0823200445157
64200 -336.9873507446609 0 -336.9873507446609
64300 -328.3661357548553 0 -328.3661357548553
64400 -346.7264481417369 0 -346.7264481417369
64500 -337.240645480575 0 -337.240645480575
64600 -333.049783580238 0 -333.049783580238
64700 -341.087004405912 0 -341.087004405912
64800 -356.7651858928148 0 -356.7651858928148
64900 -326.5867841006257 0 -326.5867841006257
65000 -334.1696168172639 0 -334.1696168172639
65100 -334.8132860478945 0 -334.8132860478945
65200 -341.3466084646061 0 -341.3466084646061
65300 -352.3411463333759 0 -352.3411463333759
65400 -348.8054700768553 0 -348.8054700768553
65500 -334.0806554723531 0 -334.0806554723531
65600 -340.6647144388407 0 -340.6647144388407
65700 -343.5671361982822 0 -343.5671361982822
65800 -337.4072638256475 0 -337.4072638256475
65900 -354.9188841781579 0 -354.9188841781579
66000 -353.7563552653883 0 -353.7563552653883
66100 -325.6985932046082 0 -325.6985932046082
66200 -371.201429738896 0 -371.201429738896
66300 -378.0847175789531 0 -378.0847175789531
66400 -375.1571012369823 0 -375.1571012369823
66500 -364.4537974486593 0 -364.4537974486593
66600 -355.5622155303136 0 -355.5622155303136
66700 -345.0840261364356 0 -345.0840261364356
66800 -346.2075125291012 0 -346.2075125291012
66900 -349.8203338261228 0 -349.8203338261228
67000 -368.0500856211875 0 -368.0500856211875
67100 -352.3544138870202 0 -352.3544138870202
67200 -353.4369281055406 0 -353.4369281055406
67300 -356.4053937098943 0 -356.4053937098943
67400 -369.3446276285686 0 -369.3446276285686
67500 -369.7985933856107 0 -369.7985933856107
67600 -389.833808607189 0 -389.833808607189
67700 -392.034656091826 0 -392.034656091826
67800 -351.4991682416294 0 -351.4991682416294
67900 -352.7641795922536 0 -352.7641795922536
68000 -352.9379503007513 0 -352.9379503007513
68100 -372.1154727982357 0 -372.1154727982357
68200 -345.8207623967901 0 -345.8207623967901
68300 -341.0164207268972 0 -341.0164207268972
68400 -332.2713627514895 0 -332.2713627514895
68500 -324.9846893132199 0 -324.9846893132199
68600 -336.3710880619474 0 -336.3710880619474
68700 -340.1308496796992 0 -340.1308496796992
68800 -362.8285064494703 0 -362.8285064494703
68900 -330.6706785308197 0 -330.6706785308197
69000 -346.6456634639762 0 -346.6456634639762
69100 -349.8546725464985 0 -349.8546725464985
69200 -367.9512827612925 0 -367.9512827612925
69300 -353.760995792225 0 -353.760995792225
69400 -358.2920919773169 0 -358.2920919773169
69500 -349.4374276776798 0 -349.4374276776798
69600 -365.3687154096551 0 -365.3687154096551
69700 -376.346356743481 0 -376.346356743481
69800 -354.5908852848224 0 -354.5908852848224
69900 -350.3803492726292 0 -350.3803492726292
70000 -354.8902017972432 0 -354.8902017972432
70100 -331.5172859011218 0 -331.5172859011218
70200 -355.7488557058387 0 -355.7488557058387
70300 -350.5095385864843 0 -350.5095385864843
70400 -332.8298866741825 0 -332.8298866741825
70500 -325.665054972982 0 -325.665054972982
70600 -341.6672768287826 0 -341.6672768287826
70700 -335.425639298046 0 -335.425639298046
70800 -319.0892502286006 0 -319.0892502286006
70900 -321.5487537232693 0 -321.5487537232693
71000 -323.0387396812439 0 -323.0387396812439
71100 -342.4415248208679 0 -342.4415248208679
71200 -361.6150743854232 0 -361.6150743854232
71300 -339.7057055095211 0 -339.7057055095211
71400 -358.1057373736985 0 -358.1057373736985
71500 -330.6053644765634 0 -330.6053644765634
71600 -331.6244939784519 0 -331.6244939784519
71700 -325.0474088911433 0 -325.0474088911433
71800 -343.7178581063636 0 -343.7178581063636
71900 -342.9935784284025 0 -342.9935784284025
72000 -325.8113376882393 0 -325.8113376882393
72100 -317.5948011435103 0 -317.5948011435103
72200 -297.6741185602732 0 -297.6741185602732
72300 -312.1992688868195 0 -312.1992688868195
72400 -331.1488803778775 0 -331.1488803778775
72500 -330.6411627228372 0 -330.6411627228372
72600 -328.1129620950669 0 -328.1129620950669
72700 -300.4916112832725 0 -300.4916112832725
72800 -297.0530920503661 0 -297.0530920503661
72900 -302.1076675616205 0 -302.1076675616205
73000 -288.9174185837619 0 -288.9174185837619
73100 -300.6747253451031 0 -300.6747253451031
73200 -312.7881356936414 0 -312.7881356936414
73300 -286.0595630733296 0 -286.0595630733296
73400 -286.364228103077 0 -286.364228103077
73500 -286.8138956057373 0 -286.8138956057373
73600 -295.7887650700286 0 -295.7887650700286
73700 -334.6586503235158 0 -334.6586503235158
73800 -321.9375673780451 0 -321.9375673780451
73900 -305.3030204332899 0 -305.3030204332899
74000 -308.9589652214199 0 -308.9589652214199
74100 -326.6408886238933 0 -326.6408886238933
74200 -316.3910789105576 0 -316.3910789105576
74300 -295.5930563781876 0 -295.5930563781876
74400 -297.7736566762906 0 -297.7736566762906
74500 -286.7113143464085 0 -286.7113143464085
74600 -298.6049934867769 0 -298.6049934867769
74700 -298.8997603191528 0 -298.8997603191528
74800 -307.1764332007151 0 -307.1764332007151
74900 -319.9138106494211 0 -319.9138106494211
75000 -295.5492764291703 0 -295.5492764291703
75100 -299.7855243433733 0 -299.7855243433733
75200 -298.155418077542 0 -298.155418077542
75300 -295.5489761289209 0 -295.5489761289209
75400 -303.4834427281749 0 -303.4834427281749
75500 -317.0063173279632 0 -317.0063173279632
75600 -319.455471098423 0 -319.455471098423
75700 -311.2735759431962 0 -311.2735759431962
75800 -305.9342624905985 0 -305.9342624905985
75900 -295.9306078949012 0 -295.9306078949012
76000 -286.3492162192706 0 -286.3492162192706
76100 -274.0338723354507 0 -274.0338723354507
76200 -252.0383305267897 0 -252.0383305267897
76300 -246.6501473423559 0 -246.6501473423559
76400 -255.4406303258147 0 -255.4406303258147
76500 -264.7000699439086 0 -264.7000699439086
76600 -274.5865891554859 0 -274.5865891554859
76700 -285.8427642190363 0 -285.8427642190363
76800 -296.7815966734197 0 -296.7815966734197
76900 -278.590754209552 0 -278.590754209552
77000 -287.7633243058808 0 -287.7633243058808
77100 -270.8762762348633 0 -270.8762762348633
77200 -278.9138513156213 0 -278.9138513156213
77300 -277.1267621577717 0 -277.1267621577717
77400 -277.5190055433195 0 -277.5190055433195
77500 -273.3990310393274 0 -273.3990310393274
77600 -308.6292910778429 0 -308.6292910778429
77700 -276.6429653079249 0 -276.6429653079249
77800 -256.6980724988971 0 -256.6980724988971
77900 -264.6682526350487 0 -264.6682526350487
78000 -246.6139818602242 0 -246.6139818602242
78100 -230.5430829250254 0 -230.5430829250254
78200 -234.8535156007856 0 -234.8535156007856
78300 -206.717759340303 0 -206.717759340303
78400 -196.1050464666332 0 -196.1050464666332
78500 -178.09499662905 0 -178.09499662905
78600 -191.5318675430026 0 -191.5318675430026
78700 -164.9758058714215 0 -164.9758058714215
78800 -197.4800529587083 0 -197.4800529587083
78900 -200.7333770192927 0 -200.7333770192927
79000 -211.3798600456212 0 -211.3798600456212
79100 -212.7770236840006 0 -212.7770236840006
79200 -216.8449915563688 0 -216.8449915563688
79300 -186.431369187776 0 -186.431369187776
79400 -188.1213340885006 0 -188.1213340885006
79500 -198.8811945482157 0 -198.8811945482157
79600 -205.2001869918313 0 -205.2001869918313
79700 -214.2967374480795 0 -214.2967374480795
79800 -211.3173740794882 0 -211.3173740794882
79900 -217.5154068204574 0 -217.5154068204574
80000 -190.8624563808553 0 -190.8624563808553
80100 -197.8149686045945 0 -197.8149686045945
80200 -214.2894916839432 0 -214.2894916839432
80300 -226.2558334213682 0 -226.2558334213682
80400 -228.5310040949844 0 -228.5310040949844
80500 -220.7690198074561 0 -220.7690198074561
80600 -222.2067463637795 0 -222.2067463637795
80700 -219.5598148684949 0 -219.5598148684949
80800 -224.46510462882 0 -224.46510462882
80900 -212.8173466990702 0 -212.8173466990702
81000 -199.3630063296296 0 -199.3630063296296
81100 -204.1755335549824 0 -204.1755335549824
81200 -218.6716240178794 0 -218.6716240178794
81300 -209.776726922486 0 -209.776726922486
81400 -214.5048418140505 0 -214.5048418140505
81500 -209.350692932494 0 -209.350692932494
81600 -245.4347288638819 0 -245.4347288638819
81700 -234.3355622952804 0 -234.3355622952804
81800 -266.2281093122438 0 -266.2281093122438
81900 -223.410669734003 0 -223.410669734003
82000 -232.0608331307303 0 -232.0608331307303
82100 -205.7848358612973 0 -205.7848358612973
82200 -214.1837128004991 0 -214.1837128004991
82300 -226.0095249814913 0 -226.0095249814913
82400 -227.035412912257 0 -227.035412912257
82500 -175.4014730222989 0 -175.4014730222989
82600 -197.2661620655563 0 -197.2661620655563
82700 -203.2414185467642 0 -203.2414185467642
82800 -225.7732059890404 0 -225.7732059890404
82900 -177.5996520828921 0 -177.5996520828921
83000 -171.1945389551111 0 -171.1945389551111
83100 -161.294406756293 0 -161.294406756293
83200 -171.9985861245077 0 -171.9985861245077
83300 -197.7413758772891 0 -197.7413758772891
83400 -206.0494024774525 0 -206.0494024774525
83500 -200.3655723351985 0 -200.3655723351985
83600 -204.8907204114366 0 -204.8907204114366
83700 -194.5315992028918 0 -194.5315992028918
83800 -203.2554417916108 0 -203.2554417916108
83900 -202.1442955422681 0 -202.1442955422681
84000 -214.1482469560578 0 -214.1482469560578
84100 -183.7389739595819 0 -183.7389739595819
84200 -185.1518940422684 0 -185.1518940422684
84300 -194.2472830549814 0 -194.2472830549814
84400 -186.9568591557909 0 -186.9568591557909
84500 -191.4580787164159 0 -191.4580787164159
84600 -190.0438929467928 0 -190.0438929467928
84700 -222.3970110137016 0 -222.3970110137016
84800 -201.9915806571953 0 -201.9915806571953
84900 -183.2812258456834 0 -183.2812258456834
85000 -172.9100956800394 0 -172.9100956800394
85100 -181.2873210026883 0 -181.2873210026883
85200 -193.792391724186 0 -193.792391724186
85300 -218.3799698622897 0 -218.3799698622897
85400 -207.318125406513 0 -207.318125406513
85500 -190.9725844027707 0 -190.9725844027707
85600 -222.5339329917915 0 -222.5339329917915
85700 -201.8991863152478 0 -201.8991863152478
85800 -234.8559727775864 0 -234.8559727775864
85900 -217.9108915950637 0 -217.9108915950637
86000 -220.7782866037451 0 -220.7782866037451
86100 -222.0198321016505 0 -222.0198321016505
86200 -212.2668618245516 0 -212.2668618245516
86300 -219.6794661025051 0 -219.6794661025051
86400 -239.0542729978915 0 -239.0542729978915
86500 -267.4971582777798 0 -267.4971582777798
86600 -199.4536552254576 0 -199.4536552254576
86700 -184.7574406699277 0 -184.7574406699277
86800 -180.9937153612264 0 -180.9937153612264
86900 -171.8316557290964 0 -171.8316557290964
87000 -178.444971683668 0 -178.444971683668
87100 -170.2606974239461 0 -170.2606974239461
87200 -188.8880673665553 0 -188.8880673665553
87300 -172.4207221958786 0 -172.4207221958786
87400 -170.3106130145607 0 -170.3106130145607
87500 -176.3265328858979 0 -176.3265328858979
87600 -187.1555418416392 0 -187.1555418416392
87700 -168.5984209771268 0 -168.5984209771268
87800 -135.4031945944298 0 -135.4031945944298
87900 -157.6547814905643 0 -157.6547814905643
88000 -156.5890485187992 0 -156.5890485187992
88100 -166.7973814853467 0 -166.7973814853467
88200 -152.8352998183109 0 -152.8352998183109
88300 -172.4421620925423 0 -172.4421620925423
88400 -191.4000961862039 0 -191.4000961862039
88500 -177.175761402119 0 -177.175761402119
88600 -197.9787066082936 0 -197.9787066082936
88700 -207.7338840144221 0 -207.7338840144221
88800 -189.0941974403104 0 -189.0941974403104
88900 -208.3889781683683 0 -208.3889781683683
89000 -208.6500820594374 0 -208.6500820594374
89100 -165.959247519495 0 -165.959247519495
89200 -200.4969241258223 0 -200.4969241258223
89300 -190.8633000343107 0 -190.8633000343107
89400 -217.5746379492339 0 -217.5746379492339
89500 -191.0718598652165 0 -191.0718598652165
89600 -211.558984547155 0 -211.558984547155
89700 -191.2415115733165 0 -191.2415115733165
89800 -184.6971607012674 0 -184.6971607012674
89900 -159.5524218420032 0 -159.5524218420032
90000 -175.2816170712467 0 -175.2816170712467
90100 -181.3009768819902 0 -181.3009768819902
90200 -180.9005182723049 0 -180.9005182723049
90300 -197.7107952805236 0 -197.7107952805236
90400 -206.9585580853745 0 -206.9585580853745
90500 -189.4636772880331 0 -189.4636772880331
90600 -178.9237163558137 0 -178.9237163558137
90700 -180.9818143041339 0 -180.9818143041339
90800 -186.8287375383079 0 -186.8287375383079
90900 -193.3725340245292 0 -193.3725340245292
91000 -203.4296592005994 0 -203.4296592005994
91100 -227.7911556791514 0 -227.7911556791514
91200 -217.6964966263622 0 -217.6964966263622
91300 -208.8241163233761 0 -208.8241163233761
91400 -223.2651814748533 0 -223.2651814748533
91500 -196.2913955000695 0 -196.2913955000695
91600 -208.1461933052633 0 -208.1461933052633
91700 -214.3308120735455 0 -214.3308120735455
91800 -215.2876010467298 0 -215.2876010467298
91900 -177.2658877475187 0 -177.2658877475187
92000 -201.0010886692908 0 -201.0010886692908
92100 -173.1582500737277 0 -173.1582500737277
92200 -184.3850899965037 0 -184.3850899965037
92300 -185.4284407456871 0 -185.4284407456871
92400 -192.8045599199831 0 -192.8045599199831
92500 -196.9684933914687 0 -196.9684933914687
92600 -165.9678243307862 0 -165.9678243307862
92700 -167.7990203432273 0 -167.7990203432273
92800 -186.56953261327 0 -186.56953261327
92900 -179.9557367023081 0 -179.9557367023081
93000 -194.8371274548117 0 -194.8371274548117
93100 -196.4933879157761 0 -196.4933879157761
93200 -197.7019134089351 0 -197.7019134089351
93300 -211.9672139659524 0 -211.9672139659524
93400 -167.2926464208867 0 -167.2926464208867
93500 -163.5707866037264 0 -163.5707866037264
93600 -154.3881476514507 0 -154.3881476514507
93700 -147.7984341210686 0 -147.7984341210686
93800 -166.5951367514208 0 -166.5951367514208
93900 -175.2474931769539 0 -175.2474931769539
94000 -165.3022822337225 0 -165.3022822337225
94100 -147.7327583367005 0 -147.7327583367005
94200 -139.7677617568988 0 -139.7677617568988
94300 -159.7063757588621 0 -159.7063757588621
94400 -151.4177070539445 0 -151.4177070539445
94500 -166.0733087398112 0 -166.0733087398112
94600 -161.8736883206293 0 -161.8736883206293
94700 -171.0654753562994 0 -171.0654753562994
94800 -176.2058983945753 0 -176.2058983945753
94900 -193.5907710520551 0 -193.5907710520551
95000 -180.8571779718623 0 -180.8571779718623
95100 -188.062085627811 0 -188.062085627811
95200 -177.108771677129 0 -177.108771677129
95300 -170.0354817048647 0 -170.0354817048647
95400 -153.6935319127515 0 -153.6935319127515
95500 -170.34250278736 0 -170.34250278736
95600 -158.6347441931721 0 -158.6347441931721
95700 -181.3210659995675 0 -181.3210659995675
95800 -185.9149915038142 0 -185.9149915038142
95900 -206.9829930430278 0 -206.9829930430278
96000 -192.8171667209826 0 -192.8171667209826
96100 -184.0847177763935 0 -184.0847177763935
96200 -156.9775517776143 0 -156.9775517776143
96300 -157.5438122302294 0 -157.5438122302294
96400 -166.9190617024433 0 -166.9190617024433
96500 -171.8741391326766 0 -171.8741391326766
96600 -147.9878197833896 0 -147.9878197833896
96700 -180.6445207870565 0 -180.6445207870565
96800 -195.5336594711989 0 -195.5336594711989
96900 -171.9846465573646 0 -171.9846465573646
97000 -197.0467239520513 0 -197.0467239520513
97100 -196.0870303388219 0 -196.0870303388219
97200 -158.0481099358294 0 -158.0481099358294
97300 -146.1091437540017 0 -146.1091437540017
97400 -161.8975960633834 0 -161.8975960633834
97500 -200.5322485573124 0 -200.5322485573124
97600 -166.3183401515707 0 -166.3183401515707
97700 -184.6225372371264 0 -184.6225372371264
97800 -214.9358037291095 0 -214.9358037291095
97900 -203.9906582187396 0 -203.9906582187396
98000 -211.0024947824422 0 -211.0024947824422
98100 -213.8887077549007 0 -213.8887077549007
98200 -211.7431666124612 0 -211.7431666124612
98300 -206.1032636275049 0 -206.1032636275049
98400 -210.7122600490693 0 -210.7122600490693
98500 -226.5043240683153 0 -226.5043240683153
98600 -228.452377816895 0 -228.452377816895
98700 -230.2569408945274 0 -230.2569408945274
98800 -257.5744518556166 0 -257.5744518556166
98900 -284.1333481674083 0 -284.1333481674083
99000 -271.6654607588425 0 -271.6654607588425
99100 -267.0109661759343 0 -267.0109661759343
99200 -287.2147761736996 0 -287.2147761736996
99300 -268.744025856955 0 -268.744025856955
99400 -244.0004617723171 0 -244.0004617723171
99500 -221.4000145818572 0 -221.4000145818572
99600 -221.4169262840878 0 -221.4169262840878
99700 -229.548113824334 0 -229.548113824334
99800 -225.6382929363754 0 -225.6382929363754
99900 -244.2696517044678 0 -244.2696517044678
100000 -240.2129427134059 0 -240.2129427134059
