34 4
34.8 274
35 23
35.2 7
35.4 410
35.8 29
36 163
36.2 508
36.4 372
36.6 134
36.8 993
37 12
37.2 803
37.4 3555
37.6 11748
37.8 9796
38 6247
38.2 11551
38.4 8428
38.6 19733
38.8 13012
39 11083
39.2 16008
39.4 6628
39.6 8735
39.8 6823
40 8636
40.2 8439
40.4 5204
40.6 9645
40.8 8548
41 2826
41.2 10048
41.4 7306
41.6 8862
41.8 8927
42 11561
42.2 7925
42.4 6906
42.6 8618
42.8 5550
43 7686
43.2 4945
43.4 5569
43.6 9969
43.8 6704
44 8130
44.2 7051
44.4 8596
44.6 6531
44.8 5248
45 5448
45.2 5110
45.4 3738
45.6 4883
45.8 4972
46 4367
46.2 3974
46.4 4360
46.6 4123
46.8 3376
47 3224
47.2 3434
47.4 2955
47.6 2605
47.8 2488
48 2802
48.2 2258
48.4 2402
48.6 2241
48.8 2233
49 2003
49.2 2176
49.4 1790
49.6 1828
49.8 1941
50 1759
50.2 1458
50.4 1492
50.6 1478
50.8 1389
51 1392
51.2 1211
51.4 1215
51.6 1226
51.8 1260
52 932
52.2 1067
52.4 1066
52.6 991
52.8 905
53 862
53.2 952
53.4 875
53.6 849
53.8 827
54 881
54.2 748
54.4 825
54.6 782
54.8 743
55 807
55.2 770
55.4 666
55.6 684
55.8 759
56 689
56.2 696
56.4 639
56.6 741
56.8 719
57 731
57.2 700
57.4 673
57.6 701
57.8 745
58 652
58.2 751
58.4 689
58.6 618
58.8 635
59 695
59.2 752
59.4 600
59.6 670
59.8 630
60 625
60.2 611
60.4 625
60.6 637
60.8 600
61 621
61.2 592
61.4 598
61.6 619
61.8 677
62 640
62.2 582
62.4 631
62.6 646
62.8 659
63 608
63.2 596
63.4 639
63.6 590
63.8 605
64 616
64.2 642
64.4 587
64.6 552
64.8 588
65 575
65.2 593
65.4 665
65.6 603
65.8 596
66 600
66.2 564
66.4 642
66.6 627
66.8 582
67 602
67.2 612
67.4 610
67.6 583
67.8 627
68 595
68.2 599
68.4 640
68.6 621
68.8 586
69 532
69.2 561
69.4 591
69.6 634
69.8 591
70 594
70.2 579
70.4 583
70.6 611
70.8 599
71 600
71.2 579
71.4 607
71.6 562
71.8 539
72 638
72.2 628
72.4 615
72.6 579
72.8 625
73 565
73.2 591
73.4 554
73.6 573
73.8 602
74 583
74.2 633
74.4 625
74.6 640
74.8 639
75 573
75.2 579
75.4 557
75.6 596
75.8 555
76 600
76.2 599
76.4 622
76.6 627
76.8 572
77 574
77.2 582
77.4 603
77.6 589
77.8 587
78 586
78.2 595
78.4 582
78.6 602
78.8 575
79 565
79.2 572
79.4 606
79.6 543
79.8 571
80 564
80.2 574
80.4 542
80.6 627
80.8 610
81 590
81.2 596
81.4 605
81.6 610
81.8 610
82 600
82.2 594
82.4 583
82.6 585
82.8 588
83 592
83.2 591
83.4 594
83.6 598
83.8 572
84 564
84.2 610
84.4 623
84.6 578
84.8 606
85 583
85.2 602
85.4 585
85.6 567
85.8 578
86 576
86.2 590
86.4 593
86.6 588
86.8 583
87 553
87.2 606
87.4 604
87.6 591
87.8 532
88 582
88.2 578
88.4 545
88.6 581
88.8 561
89 549
89.2 575
89.4 583
89.6 596
89.8 575
90 597
90.2 561
90.4 599
90.6 580
90.8 575
91 592
91.2 582
91.4 596
91.6 588
91.8 615
92 622
92.2 632
92.4 575
92.6 573
92.8 570
93 601
93.2 636
93.4 601
93.6 583
93.8 599
94 552
94.2 559
94.4 608
94.6 594
94.8 580
95 580
95.2 604
95.4 627
95.6 604
95.8 567
96 631
96.2 581
96.4 606
96.6 595
96.8 603
97 583
97.2 564
97.4 589
97.6 562
97.8 634
98 568
98.2 556
98.4 569
98.6 566
98.8 576
99 635
99.2 588
99.4 552
99.6 577
99.8 601
100 549
100.2 600
100.4 602
100.6 593
100.8 588
101 623
101.2 628
101.4 579
101.6 595
101.8 578
102 584
102.2 614
102.4 603
102.6 580
102.8 596
103 598
103.2 576
103.4 572
103.6 603
103.8 564
104 555
104.2 569
104.4 570
104.6 595
104.8 593
105 612
105.2 585
105.4 572
105.6 614
105.8 580
106 554
106.2 585
106.4 606
106.6 568
106.8 571
107 623
107.2 591
107.4 598
107.6 571
107.8 607
108 538
108.2 631
108.4 620
108.6 641
108.8 585
109 616
109.2 559
109.4 588
109.6 606
109.8 577
110 592
110.2 593
110.4 624
110.6 593
110.8 595
111 578
111.2 587
111.4 560
111.6 582
111.8 547
112 583
112.2 594
112.4 565
112.6 582
112.8 582
113 601
113.2 638
113.4 564
113.6 616
113.8 563
114 609
114.2 618
114.4 581
114.6 560
114.8 614
115 546
115.2 583
115.4 594
115.6 630
115.8 599
116 584
116.2 631
116.4 609
116.6 595
116.8 655
117 584
117.2 588
117.4 597
117.6 594
117.8 587
118 633
118.2 610
118.4 560
118.6 614
118.8 580
119 587
119.2 580
119.4 606
119.6 562
119.8 614
120 607
120.2 611
120.4 602
120.6 591
120.8 626
121 588
121.2 588
121.4 552
121.6 591
121.8 574
122 524
122.2 617
122.4 595
122.6 604
122.8 588
123 574
123.2 567
123.4 613
123.6 588
123.8 597
124 557
124.2 611
124.4 592
124.6 591
124.8 593
125 599
125.2 627
125.4 556
125.6 584
125.8 585
126 624
126.2 587
126.4 571
126.6 629
126.8 593
127 572
127.2 579
127.4 593
127.6 631
127.8 622
128 583
128.2 581
128.4 550
128.6 545
128.8 596
129 595
129.2 607
129.4 620
129.6 569
129.8 644
130 587
130.2 597
130.4 577
130.6 585
130.8 593
131 586
131.2 576
131.4 585
131.6 596
131.8 582
132 589
132.2 618
132.4 584
132.6 597
132.8 598
133 562
133.2 586
133.4 575
133.6 600
133.8 600
134 573
134.2 605
134.4 573
134.6 557
134.8 655
135 639
135.2 576
135.4 549
135.6 634
135.8 580
136 609
136.2 613
136.4 616
136.6 589
136.8 591
137 624
137.2 586
137.4 582
137.6 573
137.8 558
138 602
138.2 605
138.4 634
138.6 595
138.8 557
139 560
139.2 616
139.4 590
139.6 562
139.8 593
140 622
140.2 587
140.4 591
140.6 605
140.8 572
141 584
141.2 573
141.4 583
141.6 569
141.8 630
142 561
142.2 564
142.4 560
142.6 584
142.8 565
143 599
143.2 597
143.4 594
143.6 655
143.8 568
144 569
144.2 597
144.4 589
144.6 653
144.8 601
145 559
145.2 575
145.4 607
145.6 578
145.8 561
146 608
146.2 588
146.4 584
146.6 553
146.8 558
147 595
147.2 567
147.4 579
147.6 606
147.8 619
148 642
148.2 540
148.4 575
148.6 584
148.8 582
149 580
149.2 573
149.4 554
149.6 616
149.8 578
150 614
150.2 580
150.4 588
150.6 579
150.8 558
151 570
151.2 602
151.4 597
151.6 579
151.8 574
152 580
152.2 615
152.4 568
152.6 588
152.8 562
153 582
153.2 546
153.4 586
153.6 573
153.8 559
154 578
154.2 566
154.4 591
154.6 584
154.8 522
155 590
155.2 544
155.4 562
155.6 584
155.8 616
156 593
156.2 547
156.4 576
156.6 567
156.8 558
157 579
157.2 544
157.4 569
157.6 563
157.8 549
158 609
158.2 601
158.4 591
158.6 569
158.8 567
159 540
159.2 630
159.4 578
159.6 582
159.8 612
160 583
160.2 589
160.4 547
160.6 557
160.8 597
161 587
161.2 562
161.4 585
161.6 532
161.8 625
162 550
162.2 583
162.4 538
162.6 587
162.8 582
163 581
163.2 587
163.4 596
163.6 546
163.8 541
164 570
164.2 566
164.4 533
164.6 551
164.8 537
165 582
165.2 530
165.4 575
165.6 555
165.8 604
166 547
166.2 591
166.4 577
166.6 599
166.8 537
167 573
167.2 541
167.4 543
167.6 571
167.8 558
168 552
168.2 566
168.4 565
168.6 546
168.8 587
169 563
169.2 536
169.4 587
169.6 543
169.8 565
170 540
170.2 560
170.4 607
170.6 568
170.8 558
171 573
171.2 541
171.4 566
171.6 588
171.8 545
172 580
172.2 588
172.4 567
172.6 576
172.8 592
173 570
173.2 554
173.4 581
173.6 572
173.8 594
174 558
174.2 562
174.4 551
174.6 640
174.8 548
175 593
175.2 639
175.4 591
175.6 585
175.8 550
176 554
176.2 509
176.4 557
176.6 562
176.8 571
177 536
177.2 537
177.4 563
177.6 579
177.8 551
178 586
178.2 577
178.4 566
178.6 580
178.8 574
179 545
179.2 549
179.4 571
179.6 566
179.8 558
180 574
180.2 551
180.4 545
180.6 591
180.8 535
181 600
181.2 592
181.4 583
181.6 552
181.8 571
182 574
182.2 567
182.4 534
182.6 572
182.8 536
183 541
183.2 571
183.4 579
183.6 554
183.8 567
184 570
184.2 564
184.4 565
184.6 551
184.8 561
185 543
185.2 587
185.4 548
185.6 528
185.8 541
186 637
186.2 540
186.4 535
186.6 501
186.8 567
187 572
187.2 594
187.4 570
187.6 561
187.8 579
188 614
188.2 534
188.4 565
188.6 550
188.8 577
189 547
189.2 555
189.4 590
189.6 543
189.8 569
190 576
190.2 608
190.4 595
190.6 538
190.8 586
191 570
191.2 518
191.4 544
191.6 562
191.8 551
192 573
192.2 546
192.4 577
192.6 590
192.8 583
193 531
193.2 560
193.4 576
193.6 539
193.8 582
194 576
194.2 583
194.4 588
194.6 540
194.8 570
195 570
195.2 536
195.4 597
195.6 551
195.8 609
196 555
196.2 560
196.4 578
196.6 571
196.8 573
197 564
197.2 582
197.4 567
197.6 571
197.8 542
198 545
198.2 548
198.4 577
198.6 546
198.8 604
199 566
199.2 576
199.4 574
199.6 563
199.8 561
200 600
200.2 541
200.4 554
200.6 585
200.8 561
201 547
201.2 582
201.4 578
201.6 559
201.8 515
202 591
202.2 551
202.4 560
202.6 601
202.8 550
203 575
203.2 567
203.4 571
203.6 534
203.8 560
204 535
204.2 599
204.4 561
204.6 574
204.8 567
205 546
205.2 547
205.4 556
205.6 599
205.8 543
206 548
206.2 562
206.4 563
206.6 573
206.8 554
207 618
207.2 572
207.4 575
207.6 543
207.8 567
208 564
208.2 572
208.4 608
208.6 573
208.8 603
209 598
209.2 530
209.4 565
209.6 558
209.8 582
210 585
210.2 563
210.4 547
210.6 556
210.8 551
211 591
211.2 565
211.4 558
211.6 575
211.8 546
212 550
212.2 532
212.4 559
212.6 552
212.8 537
213 583
213.2 561
213.4 553
213.6 566
213.8 558
214 588
214.2 587
214.4 527
214.6 548
214.8 559
215 518
215.2 587
215.4 545
215.6 560
215.8 554
216 548
216.2 526
216.4 543
216.6 534
216.8 611
217 590
217.2 542
217.4 548
217.6 558
217.8 574
218 510
218.2 595
218.4 546
218.6 547
218.8 581
219 565
219.2 560
219.4 573
219.6 561
219.8 556
220 550
220.2 552
220.4 565
220.6 551
220.8 554
221 562
221.2 558
221.4 568
221.6 556
221.8 537
222 567
222.2 568
222.4 583
222.6 542
222.8 512
223 585
223.2 545
223.4 576
223.6 573
223.8 568
224 567
224.2 561
224.4 573
224.6 570
224.8 562
225 552
225.2 549
225.4 590
225.6 577
225.8 541
226 548
226.2 534
226.4 545
226.6 540
226.8 537
227 492
227.2 586
227.4 529
227.6 583
227.8 579
228 563
228.2 558
228.4 587
228.6 532
228.8 587
229 572
229.2 568
229.4 545
229.6 552
229.8 563
230 595
230.2 529
230.4 571
230.6 550
230.8 549
231 595
231.2 550
231.4 556
231.6 582
231.8 548
232 519
232.2 568
232.4 553
232.6 524
232.8 588
233 508
233.2 571
233.4 557
233.6 543
233.8 562
234 552
234.2 561
234.4 538
234.6 533
234.8 547
235 508
235.2 535
235.4 543
235.6 549
235.8 550
236 533
236.2 553
236.4 552
236.6 553
236.8 536
237 610
237.2 566
237.4 516
237.6 576
237.8 537
238 561
238.2 535
238.4 560
238.6 574
238.8 619
239 498
239.2 531
239.4 601
239.6 559
239.8 592
240 556
240.2 525
240.4 555
240.6 557
240.8 565
241 564
241.2 555
241.4 513
241.6 610
241.8 573
242 540
242.2 562
242.4 527
242.6 582
242.8 555
243 526
243.2 568
243.4 536
243.6 551
243.8 528
244 577
244.2 582
244.4 568
244.6 541
244.8 571
245 546
245.2 553
245.4 560
245.6 575
245.8 538
246 571
246.2 511
246.4 549
246.6 534
246.8 549
247 533
247.2 601
247.4 512
247.6 547
247.8 512
248 579
248.2 559
248.4 544
248.6 523
248.8 539
249 552
249.2 529
249.4 543
249.6 580
249.8 554
250 530
