#total particle-self-energy nonbondedEM
100 -688.8888958469033 0 -688.8888958469033
200 -715.9428447727114 0 -715.9428447727114
300 -718.8211886836216 0 -718.8211886836216
400 -695.758926784154 0 -695.758926784154
500 -728.6773401277605 0 -728.6773401277605
600 -695.544630383607 0 -695.544630383607
700 -704.5138051625108 0 -704.5138051625108
800 -702.4227481789421 0 -702.4227481789421
900 -726.7821827607695 0 -726.7821827607695
1000 -773.8709220588207 0 -773.8709220588207
1100 -752.6839951593429 0 -752.6839951593429
1200 -721.6065184205072 0 -721.6065184205072
1300 -716.9906253945082 0 -716.9906253945082
1400 -710.0096694386448 0 -710.0096694386448
1500 -703.125221106573 0 -703.125221106573
1600 -713.2181719971122 0 -713.2181719971122
1700 -713.9113443307579 0 -713.9113443307579
1800 -750.0371408616193 0 -750.0371408616193
1900 -753.286084757885 0 -753.286084757885
2000 -732.2481867163442 0 -732.2481867163442
2100 -697.5697514752392 0 -697.5697514752392
2200 -714.7599570290186 0 -714.7599570290186
2300 -683.3739235321991 0 -683.3739235321991
2400 -693.9344589449465 0 -693.9344589449465
2500 -694.0784567668452 0 -694.0784567668452
2600 -699.818824116519 0 -699.818824116519
2700 -732.3245138181373 0 -732.3245138181373
2800 -793.8280950081535 0 -793.8280950081535
2900 -783.141583295539 0 -783.141583295539
3000 -716.5744533713441 0 -716.5744533713441
3100 -730.1462220225949 0 -730.1462220225949
3200 -681.1901709660888 0 -681.1901709660888
3300 -760.9843860110268 0 -760.9843860110268
3400 -732.7430641090032 0 -732.7430641090032
3500 -744.941907355329 0 -744.941907355329
3600 -739.354546546936 0 -739.354546546936
3700 -697.9850906999782 0 -697.9850906999782
3800 -724.1813144600019 0 -724.1813144600019
3900 -740.0437617325224 0 -740.0437617325224
4000 -705.3943251308519 0 -705.3943251308519
4100 -678.9534952426329 0 -678.9534952426329
4200 -659.2146129568573 0 -659.2146129568573
4300 -667.8770636592526 0 -667.8770636592526
4400 -667.6939730675804 0 -667.6939730675804
4500 -664.7127684666775 0 -664.7127684666775
4600 -635.7919273572043 0 -635.7919273572043
4700 -615.968720180681 0 -615.968720180681
4800 -702.5391925980803 0 -702.5391925980803
4900 -664.984232140705 0 -664.984232140705
5000 -665.2132401198614 0 -665.2132401198614
5100 -635.2334112345707 0 -635.2334112345707
5200 -701.7602856131271 0 -701.7602856131271
5300 -675.1543098678812 0 -675.1543098678812
5400 -680.0325698994566 0 -680.0325698994566
5500 -672.5613167968113 0 -672.5613167968113
5600 -701.7988678887486 0 -701.7988678887486
5700 -696.9194868432824 0 -696.9194868432824
5800 -721.9131010971032 0 -721.9131010971032
5900 -697.409166706726 0 -697.409166706726
6000 -718.8794873049483 0 -718.8794873049483
6100 -741.2563423039392 0 -741.2563423039392
6200 -698.9621603428386 0 -698.9621603428386
6300 -742.9294214865658 0 -742.9294214865658
6400 -695.6782301320927 0 -695.6782301320927
6500 -717.8297007610672 0 -717.8297007610672
6600 -801.2497321295086 0 -801.2497321295086
6700 -783.6450800286257 0 -783.6450800286257
6800 -782.5458085141145 0 -782.5458085141145
6900 -739.7943211197853 0 -739.7943211197853
7000 -723.1386519342195 0 -723.1386519342195
7100 -798.576116576558 0 -798.576116576558
7200 -761.991569026839 0 -761.991569026839
7300 -766.703264757758 0 -766.703264757758
7400 -788.3335320064798 0 -788.3335320064798
7500 -751.6995763166342 0 -751.6995763166342
7600 -738.4755003924947 0 -738.4755003924947
7700 -781.2362798424438 0 -781.2362798424438
7800 -759.7153055469971 0 -759.7153055469971
7900 -737.0498481867835 0 -737.0498481867835
8000 -756.8336576036527 0 -756.8336576036527
8100 -708.2225744135212 0 -708.2225744135212
8200 -711.1857793042436 0 -711.1857793042436
8300 -693.1117894269992 0 -693.1117894269992
8400 -698.3646275508218 0 -698.3646275508218
8500 -636.2625864082947 0 -636.2625864082947
8600 -679.0694013172761 0 -679.0694013172761
8700 -657.0296152103692 0 -657.0296152103692
8800 -703.800127080176 0 -703.800127080176
8900 -685.8254814567044 0 -685.8254814567044
9000 -661.7298162146471 0 -661.7298162146471
9100 -671.1167896750849 0 -671.1167896750849
9200 -666.368456824217 0 -666.368456824217
9300 -667.3032449154125 0 -667.3032449154125
9400 -676.5498758340254 0 -676.5498758340254
9500 -692.0875245869684 0 -692.0875245869684
9600 -653.572704402497 0 -653.572704402497
9700 -645.2046133379918 0 -645.2046133379918
9800 -629.7118121753447 0 -629.7118121753447
9900 -673.7343414768111 0 -673.7343414768111
10000 -656.7905732169747 0 -656.7905732169747
10100 -632.3879636573838 0 -632.3879636573838
10200 -627.6085485632066 0 -627.6085485632066
10300 -630.7205526696052 0 -630.7205526696052
10400 -625.606407636893 0 -625.606407636893
10500 -648.2093086645473 0 -648.2093086645473
10600 -643.867378331488 0 -643.867378331488
10700 -639.9917260175571 0 -639.9917260175571
10800 -648.3898513184395 0 -648.3898513184395
10900 -627.3197456044145 0 -627.3197456044145
11000 -607.8659189885948 0 -607.8659189885948
11100 -660.273802771233 0 -660.273802771233
11200 -666.8321784012951 0 -666.8321784012951
11300 -670.430300445063 0 -670.430300445063
11400 -604.7771480565425 0 -604.7771480565425
11500 -629.0502901376458 0 -629.0502901376458
11600 -649.5903224974172 0 -649.5903224974172
11700 -632.9911168466788 0 -632.9911168466788
11800 -633.4367927254643 0 -633.4367927254643
11900 -591.1281041866168 0 -591.1281041866168
12000 -623.2342390120029 0 -623.2342390120029
12100 -579.9768323721364 0 -579.9768323721364
12200 -564.492717463756 0 -564.492717463756
12300 -566.6946258808021 0 -566.6946258808021
12400 -524.807849335717 0 -524.807849335717
12500 -565.3003170505399 0 -565.3003170505399
12600 -575.8091957287397 0 -575.8091957287397
12700 -521.3289669267833 0 -521.3289669267833
12800 -538.5378298717551 0 -538.5378298717551
12900 -526.604428055929 0 -526.604428055929
13000 -532.265315082157 0 -532.265315082157
13100 -583.6505833570845 0 -583.6505833570845
13200 -535.2197820754955 0 -535.2197820754955
13300 -519.8163819781039 0 -519.8163819781039
13400 -572.0194063277449 0 -572.0194063277449
13500 -571.6553509326186 0 -571.6553509326186
13600 -572.6366274463944 0 -572.6366274463944
13700 -546.4752079551108 0 -546.4752079551108
13800 -524.69872069126 0 -524.69872069126
13900 -548.9730620135088 0 -548.9730620135088
14000 -588.2610059485305 0 -588.2610059485305
14100 -640.4273204142228 0 -640.4273204142228
14200 -592.7961169485934 0 -592.7961169485934
14300 -603.0620728379581 0 -603.0620728379581
14400 -612.839086338412 0 -612.839086338412
14500 -592.3018385122996 0 -592.3018385122996
14600 -621.599102121545 0 -621.599102121545
14700 -608.0993684001733 0 -608.0993684001733
14800 -568.6840682087932 0 -568.6840682087932
14900 -578.1307016806677 0 -578.1307016806677
15000 -550.6769374776632 0 -550.6769374776632
15100 -582.9323522464838 0 -582.9323522464838
15200 -578.5246937954798 0 -578.5246937954798
15300 -576.7147595512215 0 -576.7147595512215
15400 -583.7640338428319 0 -583.7640338428319
15500 -597.0326102059335 0 -597.0326102059335
15600 -660.8143323259428 0 -660.8143323259428
15700 -625.1482067676261 0 -625.1482067676261
15800 -601.6654036946129 0 -601.6654036946129
15900 -621.9266018241178 0 -621.9266018241178
16000 -605.5043226198759 0 -605.5043226198759
16100 -603.696563698817 0 -603.696563698817
16200 -633.2018510876223 0 -633.2018510876223
16300 -606.8362355397549 0 -606.8362355397549
16400 -569.3252438441268 0 -569.3252438441268
16500 -573.403323929524 0 -573.403323929524
16600 -564.4065418229438 0 -564.4065418229438
16700 -559.9133946071379 0 -559.9133946071379
16800 -637.9137285286561 0 -637.9137285286561
16900 -699.6521139412653 0 -699.6521139412653
17000 -673.224344376009 0 -673.224344376009
17100 -735.4642300889827 0 -735.4642300889827
17200 -752.6319501677062 0 -752.6319501677062
17300 -745.7991109088034 0 -745.7991109088034
17400 -740.9570584428584 0 -740.9570584428584
17500 -786.7092531833332 0 -786.7092531833332
17600 -742.1379909409443 0 -742.1379909409443
17700 -776.7449986289721 0 -776.7449986289721
17800 -782.9026640551165 0 -782.9026640551165
17900 -803.0753229355905 0 -803.0753229355905
18000 -845.5158393050078 0 -845.5158393050078
18100 -821.3126474840101 0 -821.3126474840101
18200 -868.2887637671083 0 -868.2887637671083
18300 -889.5266906678735 0 -889.5266906678735
18400 -867.0265667478088 0 -867.0265667478088
18500 -871.5368530309643 0 -871.5368530309643
18600 -896.9454051279463 0 -896.9454051279463
18700 -872.0306202350184 0 -872.0306202350184
18800 -852.3320295927115 0 -852.3320295927115
18900 -794.6183384178148 0 -794.6183384178148
19000 -811.6482455902733 0 -811.6482455902733
19100 -828.8524408801459 0 -828.8524408801459
19200 -800.327992384322 0 -800.327992384322
19300 -799.0407110487577 0 -799.0407110487577
19400 -772.5713566776831 0 -772.5713566776831
19500 -783.8774106849451 0 -783.8774106849451
19600 -792.5553611335345 0 -792.5553611335345
19700 -800.097829423612 0 -800.097829423612
19800 -808.7700653076172 0 -808.7700653076172
19900 -774.027263330936 0 -774.027263330936
20000 -757.6451220519375 0 -757.6451220519375
20100 -808.3734820089303 0 -808.3734820089303
20200 -770.6834480399266 0 -770.6834480399266
20300 -766.8485488707665 0 -766.8485488707665
20400 -724.78529570112 0 -724.78529570112
20500 -748.7574318675324 0 -748.7574318675324
20600 -717.0200360605959 0 -717.0200360605959
20700 -731.6658613479231 0 -731.6658613479231
20800 -757.3755316663637 0 -757.3755316663637
20900 -768.3923048987053 0 -768.3923048987053
21000 -733.3310229114722 0 -733.3310229114722
21100 -772.8701158149634 0 -772.8701158149634
21200 -796.9100038148463 0 -796.9100038148463
21300 -813.9671430491726 0 -813.9671430491726
21400 -834.5849058950553 0 -834.5849058950553
21500 -833.8134799464606 0 -833.8134799464606
21600 -860.4534376480151 0 -860.4534376480151
21700 -888.4066511295969 0 -888.4066511295969
21800 -853.3760252369102 0 -853.3760252369102
21900 -866.4371435502544 0 -866.4371435502544
22000 -840.6688334080391 0 -840.6688334080391
22100 -816.1034601584543 0 -816.1034601584543
22200 -863.3735528606921 0 -863.3735528606921
22300 -783.9781200715806 0 -783.9781200715806
22400 -816.8538256431348 0 -816.8538256431348
22500 -766.3118519035634 0 -766.3118519035634
22600 -750.1494546469767 0 -750.1494546469767
22700 -798.3668639590032 0 -798.3668639590032
22800 -834.3419791350607 0 -834.3419791350607
22900 -819.1635471009067 0 -819.1635471009067
23000 -806.8289606664912 0 -806.8289606664912
23100 -813.5190256671049 0 -813.5190256671049
23200 -789.237086200621 0 -789.237086200621
23300 -776.4247534160968 0 -776.4247534160968
23400 -805.6923128657509 0 -805.6923128657509
23500 -796.5644651576877 0 -796.5644651576877
23600 -836.5889274480287 0 -836.5889274480287
23700 -835.1844426668249 0 -835.1844426668249
23800 -821.3311738782213 0 -821.3311738782213
23900 -847.809093446238 0 -847.809093446238
24000 -857.1118874140084 0 -857.1118874140084
24100 -857.1139668480027 0 -857.1139668480027
24200 -835.629029796226 0 -835.629029796226
24300 -819.7969722396228 0 -819.7969722396228
24400 -823.2905188284349 0 -823.2905188284349
24500 -842.1912328263279 0 -842.1912328263279
24600 -897.9016323536634 0 -897.9016323536634
24700 -855.0834581963718 0 -855.0834581963718
24800 -831.1110500888899 0 -831.1110500888899
24900 -857.3486268990673 0 -857.3486268990673
25000 -892.0141440439038 0 -892.0141440439038
25100 -889.1232941683847 0 -889.1232941683847
25200 -863.6805730788037 0 -863.6805730788037
25300 -872.2819678694941 0 -872.2819678694941
25400 -869.4625149935018 0 -869.4625149935018
25500 -880.512739361031 0 -880.512739361031
25600 -880.8478484873194 0 -880.8478484873194
25700 -895.8460227267351 0 -895.8460227267351
25800 -889.6231816385407 0 -889.6231816385407
25900 -874.6510298247449 0 -874.6510298247449
26000 -883.5684091870207 0 -883.5684091870207
26100 -924.1811235886998 0 -924.1811235886998
26200 -879.4051705561578 0 -879.4051705561578
26300 -869.038408304099 0 -869.038408304099
26400 -904.4690276295878 0 -904.4690276295878
26500 -881.977115288144 0 -881.977115288144
26600 -830.7515577671584 0 -830.7515577671584
26700 -885.1965503958054 0 -885.1965503958054
26800 -857.8325250188354 0 -857.8325250188354
26900 -877.4003065978468 0 -877.4003065978468
27000 -867.8622587299906 0 -867.8622587299906
27100 -852.7720994132105 0 -852.7720994132105
27200 -872.120990506839 0 -872.120990506839
27300 -912.414332449669 0 -912.414332449669
27400 -945.4452991667204 0 -945.4452991667204
27500 -932.5228341484908 0 -932.5228341484908
27600 -932.341957065044 0 -932.341957065044
27700 -903.2631911279168 0 -903.2631911279168
27800 -941.811514219502 0 -941.811514219502
27900 -934.4012543170247 0 -934.4012543170247
28000 -943.4414293246809 0 -943.4414293246809
28100 -930.6203128325287 0 -930.6203128325287
28200 -889.149735965766 0 -889.149735965766
28300 -921.9498133780435 0 -921.9498133780435
28400 -898.6472724601626 0 -898.6472724601626
28500 -896.2130538320635 0 -896.2130538320635
28600 -845.5516105019487 0 -845.5516105019487
28700 -864.6152917016298 0 -864.6152917016298
28800 -862.3185969947372 0 -862.3185969947372
28900 -882.9471216758247 0 -882.9471216758247
29000 -864.8022222374566 0 -864.8022222374566
29100 -863.124339725473 0 -863.124339725473
29200 -893.8570970206056 0 -893.8570970206056
29300 -898.9118728055619 0 -898.9118728055619
29400 -919.2483095773496 0 -919.2483095773496
29500 -908.7376806144603 0 -908.7376806144603
29600 -927.5499472971424 0 -927.5499472971424
29700 -972.3575850948691 0 -972.3575850948691
29800 -969.9049791267607 0 -969.9049791267607
29900 -935.9340300145559 0 -935.9340300145559
30000 -928.4062234281446 0 -928.4062234281446
30100 -918.4305031117401 0 -918.4305031117401
30200 -897.9794290837017 0 -897.9794290837017
30300 -909.8734628814273 0 -909.8734628814273
30400 -902.35813211184 0 -902.35813211184
30500 -864.7470375646371 0 -864.7470375646371
30600 -870.1189874759875 0 -870.1189874759875
30700 -867.6731646305416 0 -867.6731646305416
30800 -882.9909570985474 0 -882.9909570985474
30900 -795.9888959467062 0 -795.9888959467062
31000 -801.2133922534995 0 -801.2133922534995
31100 -808.2972807877231 0 -808.2972807877231
31200 -802.4588065228891 0 -802.4588065228891
31300 -838.2777784764767 0 -838.2777784764767
31400 -811.4907154804096 0 -811.4907154804096
31500 -830.2003069573548 0 -830.2003069573548
31600 -823.0194784111809 0 -823.0194784111809
31700 -845.6243988981005 0 -845.6243988981005
31800 -852.1825713184662 0 -852.1825713184662
31900 -864.7488068537787 0 -864.7488068537787
32000 -904.7266693394631 0 -904.7266693394631
32100 -868.2228670485783 0 -868.2228670485783
32200 -866.9598429382313 0 -866.9598429382313
32300 -806.7738664969802 0 -806.7738664969802
32400 -802.9967417658772 0 -802.9967417658772
32500 -829.1151410111343 0 -829.1151410111343
32600 -855.5061664215755 0 -855.5061664215755
32700 -875.8960687448271 0 -875.8960687448271
32800 -834.7149108818267 0 -834.7149108818267
32900 -820.6319861004595 0 -820.6319861004595
33000 -827.4146078012418 0 -827.4146078012418
33100 -842.9488245656248 0 -842.9488245656248
33200 -822.1641218371224 0 -822.1641218371224
33300 -827.0782747056801 0 -827.0782747056801
33400 -840.0231613537762 0 -840.0231613537762
33500 -856.5255093815504 0 -856.5255093815504
33600 -842.3602249459364 0 -842.3602249459364
33700 -809.6894724799786 0 -809.6894724799786
33800 -793.570668671513 0 -793.570668671513
33900 -835.989858091576 0 -835.989858091576
34000 -843.1950335609727 0 -843.1950335609727
34100 -847.1794488654996 0 -847.1794488654996
34200 -837.8590841847472 0 -837.8590841847472
34300 -854.402117111953 0 -854.402117111953
34400 -886.8084108475596 0 -886.8084108475596
34500 -834.8721387092955 0 -834.8721387092955
34600 -873.3661334789358 0 -873.3661334789358
34700 -915.1966432305053 0 -915.1966432305053
34800 -888.9221238263417 0 -888.9221238263417
34900 -868.2421663911082 0 -868.2421663911082
35000 -852.6958693172783 0 -852.6958693172783
35100 -850.3969808050897 0 -850.3969808050897
35200 -842.1874194543343 0 -842.1874194543343
35300 -841.0260769445449 0 -841.0260769445449
35400 -836.602188278106 0 -836.602188278106
35500 -837.878239040263 0 -837.878239040263
35600 -864.7509286412969 0 -864.7509286412969
35700 -814.3359294526745 0 -814.3359294526745
35800 -793.1234545621555 0 -793.1234545621555
35900 -805.705271308776 0 -805.705271308776
36000 -820.9202637840062 0 -820.9202637840062
36100 -763.4806519004633 0 -763.4806519004633
36200 -797.6604646846536 0 -797.6604646846536
36300 -787.9365978379501 0 -787.9365978379501
36400 -829.7285645110533 0 -829.7285645110533
36500 -832.1559576527216 0 -832.1559576527216
36600 -833.3160946443677 0 -833.3160946443677
36700 -774.5889919078909 0 -774.5889919078909
36800 -806.5236506524961 0 -806.5236506524961
36900 -832.9117467470933 0 -832.9117467470933
37000 -815.8255525394343 0 -815.8255525394343
37100 -845.0596855357289 0 -845.0596855357289
37200 -849.1877188545186 0 -849.1877188545186
37300 -841.8453351375647 0 -841.8453351375647
37400 -888.7155462348601 0 -888.7155462348601
37500 -859.8113035939168 0 -859.8113035939168
37600 -912.9371925797313 0 -912.9371925797313
37700 -934.4668517727405 0 -934.4668517727405
37800 -869.0075324270874 0 -869.0075324270874
37900 -919.9168408885598 0 -919.9168408885598
38000 -910.8543780567124 0 -910.8543780567124
38100 -934.9344411205093 0 -934.9344411205093
38200 -917.2630436499603 0 -917.2630436499603
38300 -960.2805898203515 0 -960.2805898203515
38400 -889.6873148812447 0 -889.6873148812447
38500 -910.5876718911459 0 -910.5876718911459
38600 -901.0268005863763 0 -901.0268005863763
38700 -919.4632244859822 0 -919.4632244859822
38800 -934.1907577835955 0 -934.1907577835955
38900 -873.740602750564 0 -873.740602750564
39000 -913.3585766041651 0 -913.3585766041651
39100 -915.5231535213534 0 -915.5231535213534
39200 -873.7331185187213 0 -873.7331185187213
39300 -878.5940556525311 0 -878.5940556525311
39400 -829.7700543948449 0 -829.7700543948449
39500 -861.7366260404233 0 -861.7366260404233
39600 -901.8567445005756 0 -901.8567445005756
39700 -904.4546229180414 0 -904.4546229180414
39800 -898.0814275541343 0 -898.0814275541343
39900 -923.1149118999019 0 -923.1149118999019
40000 -895.6558838773053 0 -895.6558838773053
40100 -910.3425820360426 0 -910.3425820360426
40200 -929.7782879145816 0 -929.7782879145816
40300 -944.0674506765208 0 -944.0674506765208
40400 -904.374707669951 0 -904.374707669951
40500 -970.0425916688982 0 -970.0425916688982
40600 -932.255843214225 0 -932.255843214225
40700 -864.8814343458507 0 -864.8814343458507
40800 -844.1180468800012 0 -844.1180468800012
40900 -854.7873551847879 0 -854.7873551847879
41000 -850.1022409172729 0 -850.1022409172729
41100 -876.8599658193125 0 -876.8599658193125
41200 -884.6558502449188 0 -884.6558502449188
41300 -841.0760891744867 0 -841.0760891744867
41400 -828.5997212743387 0 -828.5997212743387
41500 -808.7190161417238 0 -808.7190161417238
41600 -801.9594434604514 0 -801.9594434604514
41700 -806.594835648546 0 -806.594835648546
41800 -798.6748686330393 0 -798.6748686330393
41900 -813.318536239909 0 -813.318536239909
42000 -804.7647629028652 0 -804.7647629028652
42100 -789.7929626055993 0 -789.7929626055993
42200 -807.6562214106089 0 -807.6562214106089
42300 -785.4152715308592 0 -785.4152715308592
42400 -808.8742948453873 0 -808.8742948453873
42500 -812.7348191961646 0 -812.7348191961646
42600 -771.9512267774517 0 -771.9512267774517
42700 -761.6989572336897 0 -761.6989572336897
42800 -742.3553329219576 0 -742.3553329219576
42900 -773.7727004040498 0 -773.7727004040498
43000 -726.860511113191 0 -726.860511113191
43100 -694.0217595244758 0 -694.0217595244758
43200 -691.9819618880283 0 -691.9819618880283
43300 -670.1983467510436 0 -670.1983467510436
43400 -651.6296434695832 0 -651.6296434695832
43500 -616.4330209295731 0 -616.4330209295731
43600 -620.264702017419 0 -620.264702017419
43700 -630.4848173095379 0 -630.4848173095379
43800 -587.7266772664152 0 -587.7266772664152
43900 -638.747045467142 0 -638.747045467142
44000 -681.6667026738869 0 -681.6667026738869
44100 -663.6067698122934 0 -663.6067698122934
44200 -622.0264165378176 0 -622.0264165378176
44300 -613.5310716521926 0 -613.5310716521926
44400 -645.7912688886281 0 -645.7912688886281
44500 -633.4758811877109 0 -633.4758811877109
44600 -645.3995795559604 0 -645.3995795559604
44700 -651.9449532369617 0 -651.9449532369617
44800 -629.7098315332551 0 -629.7098315332551
44900 -686.1581276268698 0 -686.1581276268698
45000 -678.3193948313128 0 -678.3193948313128
45100 -699.0981007814407 0 -699.0981007814407
45200 -691.6674503432587 0 -691.6674503432587
45300 -724.6225822959095 0 -724.6225822959095
45400 -676.7667548451573 0 -676.7667548451573
45500 -661.8781001435127 0 -661.8781001435127
45600 -696.7901425745804 0 -696.7901425745804
45700 -690.3240978552494 0 -690.3240978552494
45800 -679.5759491126519 0 -679.5759491126519
45900 -666.026867157314 0 -666.026867157314
46000 -660.1423168468755 0 -660.1423168468755
46100 -654.9012680451851 0 -654.9012680451851
46200 -663.5076389182359 0 -663.5076389182359
46300 -626.9458805713803 0 -626.9458805713803
46400 -654.5677252185997 0 -654.5677252185997
46500 -657.783315961482 0 -657.783315961482
46600 -651.6557407295331 0 -651.6557407295331
46700 -651.3857918157009 0 -651.3857918157009
46800 -625.5851135100238 0 -625.5851135100238
46900 -625.9225463632029 0 -625.9225463632029
47000 -636.4211350684054 0 -636.4211350684054
47100 -645.7700451349374 0 -645.7700451349374
47200 -684.2602605852298 0 -684.2602605852298
47300 -644.7924801716581 0 -644.7924801716581
47400 -682.7558130922262 0 -682.7558130922262
47500 -707.5739418871235 0 -707.5739418871235
47600 -709.1079052905552 0 -709.1079052905552
47700 -718.0102414875291 0 -718.0102414875291
47800 -733.9637362626381 0 -733.9637362626381
47900 -778.4119416561443 0 -778.4119416561443
48000 -703.8916040626355 0 -703.8916040626355
48100 -719.4521019384265 0 -719.4521019384265
48200 -711.7676542352419 0 -711.7676542352419
48300 -735.1667700274847 0 -735.1667700274847
48400 -692.873709875159 0 -692.873709875159
48500 -713.3699473261368 0 -713.3699473261368
48600 -731.6848883822095 0 -731.6848883822095
48700 -741.8813724585343 0 -741.8813724585343
48800 -754.2547549062874 0 -754.2547549062874
48900 -743.6527179251425 0 -743.6527179251425
49000 -734.994398714276 0 -734.994398714276
49100 -756.3464798410423 0 -756.3464798410423
49200 -746.4130247181747 0 -746.4130247181747
49300 -752.4656386037823 0 -752.4656386037823
49400 -721.147341939155 0 -721.147341939155
49500 -706.6104155636276 0 -706.6104155636276
49600 -701.1357629174599 0 -701.1357629174599
49700 -700.9730806904845 0 -700.9730806904845
49800 -664.3869995926507 0 -664.3869995926507
49900 -659.9324890291318 0 -659.9324890291318
50000 -584.3370749978931 0 -584.3370749978931
50100 -549.0751013914705 0 -549.0751013914705
50200 -563.2796444669366 0 -563.2796444669366
50300 -606.2472885418683 0 -606.2472885418683
50400 -597.553949785186 0 -597.553949785186
50500 -592.0149236824363 0 -592.0149236824363
50600 -613.6482720584609 0 -613.6482720584609
50700 -587.2516292429063 0 -587.2516292429063
50800 -628.8490664050914 0 -628.8490664050914
50900 -642.2017937458586 0 -642.2017937458586
51000 -615.7304841810837 0 -615.7304841810837
51100 -592.015503841918 0 -592.015503841918
51200 -602.2336441748776 0 -602.2336441748776
51300 -596.8980937045999 0 -596.8980937045999
51400 -610.5328364183661 0 -610.5328364183661
51500 -567.70514559187 0 -567.70514559187
51600 -573.4449882619083 0 -573.4449882619083
51700 -587.667825874174 0 -587.667825874174
51800 -604.4269588331226 0 -604.4269588331226
51900 -607.6989960355713 0 -607.6989960355713
52000 -597.7595407814952 0 -597.7595407814952
52100 -625.937165371608 0 -625.937165371608
52200 -617.9510017940775 0 -617.9510017940775
52300 -547.3747104317881 0 -547.3747104317881
52400 -544.3139649182558 0 -544.3139649182558
52500 -542.9196512844646 0 -542.9196512844646
52600 -544.0292974910699 0 -544.0292974910699
52700 -609.0721042461228 0 -609.0721042461228
52800 -635.3504652681295 0 -635.3504652681295
52900 -621.0197366219945 0 -621.0197366219945
53000 -600.5521775602829 0 -600.5521775602829
53100 -639.6239203365985 0 -639.6239203365985
53200 -596.4517970993184 0 -596.4517970993184
53300 -593.0138274577912 0 -593.0138274577912
53400 -589.6361848479137 0 -589.6361848479137
53500 -580.4117667907849 0 -580.4117667907849
53600 -611.6931694915984 0 -611.6931694915984
53700 -602.9938133251853 0 -602.9938133251853
53800 -624.5692156041041 0 -624.5692156041041
53900 -600.9256859701127 0 -600.9256859701127
54000 -647.2193035844248 0 -647.2193035844248
54100 -660.3751026766258 0 -660.3751026766258
54200 -678.5036891205236 0 -678.5036891205236
54300 -703.4631108879112 0 -703.4631108879112
54400 -646.1418852740899 0 -646.1418852740899
54500 -650.006138542667 0 -650.006138542667
54600 -655.9088579558302 0 -655.9088579558302
54700 -606.2879769306164 0 -606.2879769306164
54800 -638.6551884105429 0 -638.6551884105429
54900 -628.5562906567939 0 -628.5562906567939
55000 -618.9368740385398 0 -618.9368740385398
55100 -638.1336549723055 0 -638.1336549723055
55200 -621.8006473358255 0 -621.8006473358255
55300 -596.5538809879217 0 -596.5538809879217
55400 -649.9805364930071 0 -649.9805364930071
55500 -640.8809432073031 0 -640.8809432073031
55600 -701.8309887074865 0 -701.8309887074865
55700 -708.3013958267402 0 -708.3013958267402
55800 -663.4281861246563 0 -663.4281861246563
55900 -638.2380626783706 0 -638.2380626783706
56000 -661.7952894978225 0 -661.7952894978225
56100 -614.0429671506863 0 -614.0429671506863
56200 -651.6305290299933 0 -651.6305290299933
56300 -691.1165340658627 0 -691.1165340658627
56400 -716.2608170292806 0 -716.2608170292806
56500 -691.2056370994542 0 -691.2056370994542
56600 -697.0666609313339 0 -697.0666609313339
56700 -729.3212468361016 0 -729.3212468361016
56800 -700.100309148198 0 -700.100309148198
56900 -736.9181248084642 0 -736.9181248084642
57000 -727.0537749894429 0 -727.0537749894429
57100 -726.114197200397 0 -726.114197200397
57200 -774.0416373813059 0 -774.0416373813059
57300 -749.952807249967 0 -749.952807249967
57400 -726.1724833219196 0 -726.1724833219196
57500 -710.8189451047219 0 -710.8189451047219
57600 -714.4875370888039 0 -714.4875370888039
57700 -771.9184060295811 0 -771.9184060295811
57800 -735.2121970811859 0 -735.2121970811859
57900 -731.6459138796199 0 -731.6459138796199
58000 -710.2738701221533 0 -710.2738701221533
58100 -685.6337062828243 0 -685.6337062828243
58200 -701.6837190417573 0 -701.6837190417573
58300 -783.9893835932016 0 -783.9893835932016
58400 -747.3787122293143 0 -747.3787122293143
58500 -770.8390458224749 0 -770.8390458224749
58600 -768.7429273577873 0 -768.7429273577873
58700 -815.3466732944362 0 -815.3466732944362
58800 -798.0341948124114 0 -798.0341948124114
58900 -785.4347147243097 0 -785.4347147243097
59000 -771.0128101920709 0 -771.0128101920709
59100 -751.4505789402174 0 -751.4505789402174
59200 -752.8304270901717 0 -752.8304270901717
59300 -738.3938994393684 0 -738.3938994393684
59400 -749.0710018875543 0 -749.0710018875543
59500 -697.9458734579384 0 -697.9458734579384
59600 -704.5302226427011 0 -704.5302226427011
59700 -680.4864746143576 0 -680.4864746143576
59800 -676.4695083522238 0 -676.4695083522238
59900 -666.5714392828522 0 -666.5714392828522
60000 -681.0126824006438 0 -681.0126824006438
60100 -697.3164190975949 0 -697.3164190975949
60200 -660.2872245742474 0 -660.2872245742474
60300 -692.9963077597786 0 -692.9963077597786
60400 -734.6145771341398 0 -734.6145771341398
60500 -749.0672676989343 0 -749.0672676989343
60600 -738.288507264806 0 -738.288507264806
60700 -717.7027419095393 0 -717.7027419095393
60800 -762.3176128969062 0 -762.3176128969062
60900 -779.3554015036207 0 -779.3554015036207
61000 -796.4204616134521 0 -796.4204616134521
61100 -801.401288829511 0 -801.401288829511
61200 -794.2871080660261 0 -794.2871080660261
61300 -768.8045986180659 0 -768.8045986180659
61400 -787.8522872929461 0 -787.8522872929461
61500 -763.8914211315569 0 -763.8914211315569
61600 -776.599271381041 0 -776.599271381041
61700 -772.7610518382862 0 -772.7610518382862
61800 -784.045888556866 0 -784.045888556866
61900 -788.9341585922521 0 -788.9341585922521
62000 -806.7685432699509 0 -806.7685432699509
62100 -799.6268132301047 0 -799.6268132301047
62200 -814.6128329571802 0 -814.6128329571802
62300 -829.2236073776148 0 -829.2236073776148
62400 -795.8548512307461 0 -795.8548512307461
62500 -759.2087966667023 0 -759.2087966667023
62600 -757.6475776795705 0 -757.6475776795705
62700 -766.7421989584691 0 -766.7421989584691
62800 -739.8049970711581 0 -739.8049970711581
62900 -762.2758990528528 0 -762.2758990528528
63000 -815.6058120571543 0 -815.6058120571543
63100 -806.5759587706998 0 -806.5759587706998
63200 -823.4688181786332 0 -823.4688181786332
63300 -822.6105237291777 0 -822.6105237291777
63400 -792.667046447983 0 -792.667046447983
63500 -833.2828756882809 0 -833.2828756882809
63600 -845.0358079269063 0 -845.0358079269063
63700 -833.1626836776268 0 -833.1626836776268
63800 -828.6248597055674 0 -828.6248597055674
63900 -796.2191781091969 0 -796.2191781091969
64000 -807.0119380785618 0 -807.0119380785618
64100 -843.3590387997683 0 -843.3590387997683
64200 -813.1310061844997 0 -813.1310061844997
64300 -784.8504742891528 0 -784.8504742891528
64400 -775.5967000003438 0 -775.5967000003438
64500 -795.7943501335103 0 -795.7943501335103
64600 -781.922382618417 0 -781.922382618417
64700 -817.2160720161628 0 -817.2160720161628
64800 -800.0017816592008 0 -800.0017816592008
64900 -824.5255268241744 0 -824.5255268241744
65000 -792.8238326392602 0 -792.8238326392602
65100 -789.8023256114684 0 -789.8023256114684
65200 -807.2193389558233 0 -807.2193389558233
65300 -790.0516698253341 0 -790.0516698253341
65400 -782.8530484668445 0 -782.8530484668445
65500 -727.6365733551793 0 -727.6365733551793
65600 -778.1692654013168 0 -778.1692654013168
65700 -768.0857235793374 0 -768.0857235793374
65800 -801.4201434154529 0 -801.4201434154529
65900 -790.3961110374366 0 -790.3961110374366
66000 -731.4774559745565 0 -731.4774559745565
66100 -779.1852033648174 0 -779.1852033648174
66200 -740.4561146297492 0 -740.4561146297492
66300 -776.1673695622012 0 -776.1673695622012
66400 -753.2517709529493 0 -753.2517709529493
66500 -751.1025071442127 0 -751.1025071442127
66600 -832.1261865489651 0 -832.1261865489651
66700 -843.3684233371168 0 -843.3684233371168
66800 -834.0300588738173 0 -834.0300588738173
66900 -864.9866944500245 0 -864.9866944500245
67000 -790.0992335069459 0 -790.0992335069459
67100 -817.528160310816 0 -817.528160310816
67200 -812.6722814715467 0 -812.6722814715467
67300 -817.4198903897777 0 -817.4198903897777
67400 -833.3610382881016 0 -833.3610382881016
67500 -829.6819645455107 0 -829.6819645455107
67600 -803.9562520831823 0 -803.9562520831823
67700 -854.1501290551387 0 -854.1501290551387
67800 -870.8161214117426 0 -870.8161214117426
67900 -858.3696241367143 0 -858.3696241367143
68000 -836.3890149968211 0 -836.3890149968211
68100 -815.2931491690688 0 -815.2931491690688
68200 -809.3254884076305 0 -809.3254884076305
68300 -817.2943614101387 0 -817.2943614101387
68400 -808.2225090954453 0 -808.2225090954453
68500 -780.0669113320764 0 -780.0669113320764
68600 -821.4038500580937 0 -821.4038500580937
68700 -810.383188781736 0 -810.383188781736
68800 -796.5000422452576 0 -796.5000422452576
68900 -870.5005773147568 0 -870.5005773147568
69000 -843.5714769694023 0 -843.5714769694023
69100 -846.1782442221884 0 -846.1782442221884
69200 -856.9993335744366 0 -856.9993335744366
69300 -848.1560524753295 0 -848.1560524753295
69400 -857.066428984981 0 -857.066428984981
69500 -820.7899236283847 0 -820.7899236283847
69600 -855.5841329430696 0 -855.5841329430696
69700 -854.1092198684346 0 -854.1092198684346
69800 -864.4095873420592 0 -864.4095873420592
69900 -827.3386028718669 0 -827.3386028718669
70000 -829.7240623226389 0 -829.7240623226389
70100 -818.7323238074314 0 -818.7323238074314
70200 -811.5562135837972 0 -811.5562135837972
70300 -761.3301500170492 0 -761.3301500170492
70400 -812.9985815997934 0 -812.9985815997934
70500 -801.1968090496957 0 -801.1968090496957
70600 -744.847455618903 0 -744.847455618903
70700 -806.7279138453305 0 -806.7279138453305
70800 -835.2291738109197 0 -835.2291738109197
70900 -831.6397037720308 0 -831.6397037720308
71000 -776.012528113788 0 -776.012528113788
71100 -744.0232184207998 0 -744.0232184207998
71200 -663.2634126092307 0 -663.2634126092307
71300 -634.6468255256768 0 -634.6468255256768
71400 -673.857308370294 0 -673.857308370294
71500 -652.4473837215919 0 -652.4473837215919
71600 -704.2605964338873 0 -704.2605964338873
71700 -657.8866614487488 0 -657.8866614487488
71800 -648.7819712685887 0 -648.7819712685887
71900 -667.2163138350006 0 -667.2163138350006
72000 -688.409103105776 0 -688.409103105776
72100 -691.2176901635248 0 -691.2176901635248
72200 -673.249161336862 0 -673.249161336862
72300 -613.485448657535 0 -613.485448657535
72400 -700.5570082638878 0 -700.5570082638878
72500 -663.5348045115825 0 -663.5348045115825
72600 -674.4368704210501 0 -674.4368704210501
72700 -667.4615122303803 0 -667.4615122303803
72800 -677.3469552756287 0 -677.3469552756287
72900 -672.451543873176 0 -672.451543873176
73000 -657.3696095687337 0 -657.3696095687337
73100 -654.4767535240389 0 -654.4767535240389
73200 -759.6709605194628 0 -759.6709605194628
73300 -727.6183243438136 0 -727.6183243438136
73400 -761.3648129252251 0 -761.3648129252251
73500 -773.7897137398832 0 -773.7897137398832
73600 -746.8727692440152 0 -746.8727692440152
73700 -766.1024569466244 0 -766.1024569466244
73800 -757.2121741669253 0 -757.2121741669253
73900 -719.4572919306811 0 -719.4572919306811
74000 -690.1469664988108 0 -690.1469664988108
74100 -757.7946601661388 0 -757.7946601661388
74200 -755.6007247455418 0 -755.6007247455418
74300 -773.9425300233997 0 -773.9425300233997
74400 -752.5615825506393 0 -752.5615825506393
74500 -749.3645457425155 0 -749.3645457425155
74600 -788.3242114766035 0 -788.3242114766035
74700 -768.1352412933484 0 -768.1352412933484
74800 -751.8734722225927 0 -751.8734722225927
74900 -779.3977835583501 0 -779.3977835583501
75000 -796.2157441044692 0 -796.2157441044692
75100 -745.090355940396 0 -745.090355940396
75200 -744.8104624499101 0 -744.8104624499101
75300 -744.4578268064652 0 -744.4578268064652
75400 -836.3987042219378 0 -836.3987042219378
75500 -822.4968407298438 0 -822.4968407298438
75600 -815.2821214611176 0 -815.2821214611176
75700 -815.0443502226844 0 -815.0443502226844
75800 -776.4090223161693 0 -776.4090223161693
75900 -769.189047932392 0 -769.189047932392
76000 -702.2656953558908 0 -702.2656953558908
76100 -712.5854446077719 0 -712.5854446077719
76200 -663.7524310043082 0 -663.7524310043082
76300 -700.6040600305423 0 -700.6040600305423
76400 -674.0289021455683 0 -674.0289021455683
76500 -737.9054206644651 0 -737.9054206644651
76600 -754.5282184709795 0 -754.5282184709795
76700 -773.1492902038153 0 -773.1492902038153
76800 -747.7199185313657 0 -747.7199185313657
76900 -757.6190680582076 0 -757.6190680582076
77000 -804.0526625327766 0 -804.0526625327766
77100 -758.5563991048839 0 -758.5563991048839
77200 -745.905914637493 0 -745.905914637493
77300 -770.695725076599 0 -770.695725076599
77400 -782.6717723640613 0 -782.6717723640613
77500 -797.671493782429 0 -797.671493782429
77600 -740.85889156349 0 -740.85889156349
77700 -720.4702299644705 0 -720.4702299644705
77800 -698.4542309772223 0 -698.4542309772223
77900 -688.8848589349072 0 -688.8848589349072
78000 -710.7586905010976 0 -710.7586905010976
78100 -683.0768466002773 0 -683.0768466002773
78200 -737.7788093981799 0 -737.7788093981799
78300 -693.3046173707116 0 -693.3046173707116
78400 -714.4628512877971 0 -714.4628512877971
78500 -702.5539835712407 0 -702.5539835712407
78600 -695.91288560885 0 -695.91288560885
78700 -641.723843783373 0 -641.723843783373
78800 -695.2825762913562 0 -695.2825762913562
78900 -711.8475302774459 0 -711.8475302774459
79000 -665.4087146830279 0 -665.4087146830279
79100 -653.6914453773061 0 -653.6914453773061
79200 -678.1258402763269 0 -678.1258402763269
79300 -685.9769089423935 0 -685.9769089423935
79400 -651.9606278904248 0 -651.9606278904248
79500 -679.2278591215145 0 -679.2278591215145
79600 -721.0735855263192 0 -721.0735855263192
79700 -714.696755803423 0 -714.696755803423
79800 -705.8481477277819 0 -705.8481477277819
79900 -706.0684810024686 0 -706.0684810024686
80000 -698.6964792713989 0 -698.6964792713989
80100 -673.6143646677956 0 -673.6143646677956
80200 -687.0798019280192 0 -687.0798019280192
80300 -661.694896544097 0 -661.694896544097
80400 -650.8062198548578 0 -650.8062198548578
80500 -597.9271883463953 0 -597.9271883463953
80600 -660.0363968003076 0 -660.0363968003076
80700 -644.9673033703584 0 -644.9673033703584
80800 -617.1202938607894 0 -617.1202938607894
80900 -694.7117427843623 0 -694.7117427843623
81000 -652.26661383803 0 -652.26661383803
81100 -629.6526695699431 0 -629.6526695699431
81200 -597.9217801757623 0 -597.9217801757623
81300 -606.9946135217324 0 -606.9946135217324
81400 -697.4984881978016 0 -697.4984881978016
81500 -664.2010575073655 0 -664.2010575073655
81600 -658.54368374357 0 -658.54368374357
81700 -582.8964126259671 0 -582.8964126259671
81800 -586.7687657095958 0 -586.7687657095958
81900 -612.9842231967486 0 -612.9842231967486
82000 -637.4313341798261 0 -637.4313341798261
82100 -622.9807190864813 0 -622.9807190864813
82200 -561.23192205339 0 -561.23192205339
82300 -599.4949650429189 0 -599.4949650429189
82400 -614.9852590353694 0 -614.9852590353694
82500 -623.6797573288204 0 -623.6797573288204
82600 -640.3229780260008 0 -640.3229780260008
82700 -668.2407502064016 0 -668.2407502064016
82800 -733.0272548410576 0 -733.0272548410576
82900 -776.4645279110409 0 -776.4645279110409
83000 -778.3116062431363 0 -778.3116062431363
83100 -769.0847675050609 0 -769.0847675050609
83200 -752.7456143859308 0 -752.7456143859308
83300 -730.3803743459284 0 -730.3803743459284
83400 -728.3393776556477 0 -728.3393776556477
83500 -731.8026659037569 0 -731.8026659037569
83600 -702.3592984944116 0 -702.3592984944116
83700 -745.9034486887977 0 -745.9034486887977
83800 -728.6203256258741 0 -728.6203256258741
83900 -689.6935641616583 0 -689.6935641616583
84000 -644.9924234778155 0 -644.9924234778155
84100 -693.7925881536212 0 -693.7925881536212
84200 -667.5150695794728 0 -667.5150695794728
84300 -676.3939925758168 0 -676.3939925758168
84400 -701.3078958466649 0 -701.3078958466649
84500 -634.6473592035472 0 -634.6473592035472
84600 -645.9809156879783 0 -645.9809156879783
84700 -650.1791586494073 0 -650.1791586494073
84800 -601.3506590577308 0 -601.3506590577308
84900 -652.3691375143826 0 -652.3691375143826
85000 -599.0233211650047 0 -599.0233211650047
85100 -586.0291656840127 0 -586.0291656840127
85200 -566.1703564072959 0 -566.1703564072959
85300 -592.616122294683 0 -592.616122294683
85400 -630.1006049669813 0 -630.1006049669813
85500 -634.1538079639431 0 -634.1538079639431
85600 -676.2536178398877 0 -676.2536178398877
85700 -667.169450773159 0 -667.169450773159
85800 -666.8673628687393 0 -666.8673628687393
85900 -631.324628647184 0 -631.324628647184
86000 -651.2813075021841 0 -651.2813075021841
86100 -659.6762017549481 0 -659.6762017549481
86200 -672.9902028015931 0 -672.9902028015931
86300 -676.5543243626016 0 -676.5543243626016
86400 -714.9647921426222 0 -714.9647921426222
86500 -679.447666969616 0 -679.447666969616
86600 -674.0444193920121 0 -674.0444193920121
86700 -661.7392442328855 0 -661.7392442328855
86800 -616.9089169229846 0 -616.9089169229846
86900 -589.2916560706217 0 -589.2916560706217
87000 -600.4282691346016 0 -600.4282691346016
87100 -611.8462582142092 0 -611.8462582142092
87200 -574.9733333443291 0 -574.9733333443291
87300 -562.5073258345947 0 -562.5073258345947
87400 -579.2432344432455 0 -579.2432344432455
87500 -612.6098996046931 0 -612.6098996046931
87600 -597.3674869053066 0 -597.3674869053066
87700 -572.9832445958164 0 -572.9832445958164
87800 -621.9227892851923 0 -621.9227892851923
87900 -617.5406642009038 0 -617.5406642009038
88000 -637.0547356272582 0 -637.0547356272582
88100 -616.325929380022 0 -616.325929380022
88200 -641.9570221288595 0 -641.9570221288595
88300 -691.8737436286174 0 -691.8737436286174
88400 -655.9231798797846 0 -655.9231798797846
88500 -623.1695575204212 0 -623.1695575204212
88600 -595.0423352795187 0 -595.0423352795187
88700 -603.5161581442226 0 -603.5161581442226
88800 -594.8833032157272 0 -594.8833032157272
88900 -598.0949013228528 0 -598.0949013228528
89000 -662.9976101641078 0 -662.9976101641078
89100 -647.3107861462049 0 -647.3107861462049
89200 -612.889259226853 0 -612.889259226853
89300 -570.9487064308487 0 -570.9487064308487
89400 -589.6696361070499 0 -589.6696361070499
89500 -608.6648324080743 0 -608.6648324080743
89600 -612.0861138303299 0 -612.0861138303299
89700 -618.3448626713362 0 -618.3448626713362
89800 -623.5087161979172 0 -623.5087161979172
89900 -628.2277765450999 0 -628.2277765450999
90000 -576.9932862888672 0 -576.9932862888672
90100 -615.6063181479112 0 -615.6063181479112
90200 -639.5502647855319 0 -639.5502647855319
90300 -671.3801300856285 0 -671.3801300856285
90400 -650.3450593606103 0 -650.3450593606103
90500 -696.7270050062798 0 -696.7270050062798
90600 -704.4887313491199 0 -704.4887313491199
90700 -693.2160684545233 0 -693.2160684545233
90800 -696.7996655041352 0 -696.7996655041352
90900 -702.1080140946433 0 -702.1080140946433
91000 -778.6571279605851 0 -778.6571279605851
91100 -753.5024407703895 0 -753.5024407703895
91200 -730.8521656512748 0 -730.8521656512748
91300 -717.2752206446603 0 -717.2752206446603
91400 -698.4383889415767 0 -698.4383889415767
91500 -689.8541554068215 0 -689.8541554068215
91600 -724.257972977357 0 -724.257972977357
91700 -677.9437760163564 0 -677.9437760163564
91800 -659.1540794812609 0 -659.1540794812609
91900 -683.0042289048433 0 -683.0042289048433
92000 -672.1748169299681 0 -672.1748169299681
92100 -663.582811165601 0 -663.582811165601
92200 -663.7713693690021 0 -663.7713693690021
92300 -658.1600506687537 0 -658.1600506687537
92400 -659.5570085383952 0 -659.5570085383952
92500 -676.5616065734066 0 -676.5616065734066
92600 -648.3844189229421 0 -648.3844189229421
92700 -637.7854714640416 0 -637.7854714640416
92800 -668.1233997521922 0 -668.1233997521922
92900 -646.3897526052315 0 -646.3897526052315
93000 -646.6440961428452 0 -646.6440961428452
93100 -666.0159996203438 0 -666.0159996203438
93200 -615.1539921341464 0 -615.1539921341464
93300 -583.323759198669 0 -583.323759198669
93400 -560.5616343088914 0 -560.5616343088914
93500 -579.4758816910908 0 -579.4758816910908
93600 -590.1068800418871 0 -590.1068800418871
93700 -639.7672853237018 0 -639.7672853237018
93800 -603.2730173231103 0 -603.2730173231103
93900 -583.5310140047222 0 -583.5310140047222
94000 -562.8023045402952 0 -562.8023045402952
94100 -563.7955782078207 0 -563.7955782078207
94200 -504.5329027213156 0 -504.5329027213156
94300 -527.3271621339954 0 -527.3271621339954
94400 -498.1003268044442 0 -498.1003268044442
94500 -494.1630951955449 0 -494.1630951955449
94600 -512.4382820148021 0 -512.4382820148021
94700 -514.4956398380455 0 -514.4956398380455
94800 -520.8202558520716 0 -520.8202558520716
94900 -508.8103398636449 0 -508.8103398636449
95000 -499.166806220077 0 -499.166806220077
95100 -496.7779171646107 0 -496.7779171646107
95200 -519.8607606958831 0 -519.8607606958831
95300 -497.3577509333845 0 -497.3577509333845
95400 -464.2679397882894 0 -464.2679397882894
95500 -444.4542215859983 0 -444.4542215859983
95600 -477.9686549445614 0 -477.9686549445614
95700 -424.1908270183485 0 -424.1908270183485
95800 -435.5870442385785 0 -435.5870442385785
95900 -455.4385391944088 0 -455.4385391944088
96000 -478.4498671693727 0 -478.4498671693727
96100 -496.2196944828611 0 -496.2196944828611
96200 -520.8757847589441 0 -520.8757847589441
96300 -480.2752264377195 0 -480.2752264377195
96400 -529.5344049127307 0 -529.5344049127307
96500 -472.6864843042567 0 -472.6864843042567
96600 -479.2785609757993 0 -479.2785609757993
96700 -520.614458009135 0 -520.614458009135
96800 -489.8302503484301 0 -489.8302503484301
96900 -496.0002524327138 0 -496.0002524327138
97000 -481.7546494207345 0 -481.7546494207345
97100 -440.9928204512689 0 -440.9928204512689
97200 -491.6543055090588 0 -491.6543055090588
97300 -511.089877966675 0 -511.089877966675
97400 -577.9024321429897 0 -577.9024321429897
97500 -524.6837868411967 0 -524.6837868411967
97600 -560.126851208508 0 -560.126851208508
97700 -571.6807774691842 0 -571.6807774691842
97800 -611.8522935023066 0 -611.8522935023066
97900 -596.0935834671836 0 -596.0935834671836
98000 -631.3919205353595 0 -631.3919205353595
98100 -618.1520506620873 0 -618.1520506620873
98200 -663.3300167014822 0 -663.3300167014822
98300 -670.3727256527636 0 -670.3727256527636
98400 -679.2049232773716 0 -679.2049232773716
98500 -700.0931620907504 0 -700.0931620907504
98600 -688.976386528695 0 -688.976386528695
98700 -667.5157332755625 0 -667.5157332755625
98800 -689.2493640137836 0 -689.2493640137836
98900 -644.8039712493774 0 -644.8039712493774
99000 -661.9126166219357 0 -661.9126166219357
99100 -672.8063955900725 0 -672.8063955900725
99200 -646.0057700774632 0 -646.0057700774632
99300 -631.8425324445125 0 -631.8425324445125
99400 -685.9376586014405 0 -685.9376586014405
99500 -699.2698243157938 0 -699.2698243157938
99600 -680.7147857234813 0 -680.7147857234813
99700 -763.2270558180753 0 -763.2270558180753
99800 -704.6998521636706 0 -704.6998521636706
99900 -726.2105684650596 0 -726.2105684650596
100000 -729.4099226165563 0 -729.4099226165563
100100 -740.5069438528735 0 -740.5069438528735
100200 -714.1299925122876 0 -714.1299925122876
100300 -736.9537676149048 0 -736.9537676149048
100400 -763.6175506135914 0 -763.6175506135914
100500 -803.576756515773 0 -803.576756515773
100600 -832.8892516427441 0 -832.8892516427441
100700 -774.4730387916788 0 -774.4730387916788
100800 -790.304625199642 0 -790.304625199642
100900 -770.8735622907989 0 -770.8735622907989
101000 -747.0927465569694 0 -747.0927465569694
101100 -746.247788839275 0 -746.247788839275
101200 -748.1192379738204 0 -748.1192379738204
101300 -711.9539804444648 0 -711.9539804444648
101400 -728.9891081414244 0 -728.9891081414244
101500 -700.845416542259 0 -700.845416542259
101600 -756.0359571650624 0 -756.0359571650624
101700 -759.9834563368931 0 -759.9834563368931
101800 -766.0496914533142 0 -766.0496914533142
101900 -817.6082559249771 0 -817.6082559249771
102000 -778.4208716084249 0 -778.4208716084249
102100 -716.725506980205 0 -716.725506980205
102200 -706.4503279989585 0 -706.4503279989585
102300 -753.4885442827363 0 -753.4885442827363
102400 -743.7774286470376 0 -743.7774286470376
102500 -703.5571391780395 0 -703.5571391780395
102600 -742.241769992339 0 -742.241769992339
102700 -755.507685772609 0 -755.507685772609
102800 -783.8758189980872 0 -783.8758189980872
102900 -790.1751530654728 0 -790.1751530654728
103000 -763.8460290010553 0 -763.8460290010553
103100 -801.9833807505202 0 -801.9833807505202
103200 -837.9361205496825 0 -837.9361205496825
103300 -840.6311986416113 0 -840.6311986416113
103400 -812.995696855709 0 -812.995696855709
103500 -811.1240855462383 0 -811.1240855462383
103600 -807.1707918737084 0 -807.1707918737084
103700 -807.8427974649239 0 -807.8427974649239
103800 -808.1876385798678 0 -808.1876385798678
103900 -811.4290830409154 0 -811.4290830409154
104000 -801.906075343024 0 -801.906075343024
104100 -797.256630218355 0 -797.256630218355
104200 -729.4805854186416 0 -729.4805854186416
104300 -762.9430029148934 0 -762.9430029148934
104400 -806.1226165459957 0 -806.1226165459957
104500 -826.9987065223977 0 -826.9987065223977
104600 -823.9091829536483 0 -823.9091829536483
104700 -816.7540312365163 0 -816.7540312365163
104800 -798.6758641758934 0 -798.6758641758934
104900 -842.975206377203 0 -842.975206377203
105000 -839.2960227283183 0 -839.2960227283183
105100 -828.0800711151678 0 -828.0800711151678
105200 -889.3505638127681 0 -889.3505638127681
105300 -835.7457910744706 0 -835.7457910744706
105400 -895.1415674479213 0 -895.1415674479213
105500 -860.3957195749972 0 -860.3957195749972
105600 -871.1729723697063 0 -871.1729723697063
105700 -838.0580504497048 0 -838.0580504497048
105800 -876.680867345538 0 -876.680867345538
105900 -846.5325799763668 0 -846.5325799763668
106000 -822.6120917695516 0 -822.6120917695516
106100 -815.8079232862219 0 -815.8079232862219
106200 -834.621941789519 0 -834.621941789519
106300 -832.383377552731 0 -832.383377552731
106400 -824.6994273208547 0 -824.6994273208547
106500 -817.8862275327556 0 -817.8862275327556
106600 -824.9944979634602 0 -824.9944979634602
106700 -855.1784561197273 0 -855.1784561197273
106800 -825.4637005601544 0 -825.4637005601544
106900 -791.9740824885666 0 -791.9740824885666
107000 -852.9830767449166 0 -852.9830767449166
107100 -769.7628630722756 0 -769.7628630722756
107200 -841.7742785520386 0 -841.7742785520386
107300 -887.1107863506768 0 -887.1107863506768
107400 -897.5703470672015 0 -897.5703470672015
107500 -888.9857714180835 0 -888.9857714180835
107600 -979.5829849825241 0 -979.5829849825241
107700 -916.021792188636 0 -916.021792188636
107800 -924.9097645650618 0 -924.9097645650618
107900 -877.1962734127883 0 -877.1962734127883
108000 -870.8314078764524 0 -870.8314078764524
108100 -871.1881609444972 0 -871.1881609444972
108200 -904.3717704212759 0 -904.3717704212759
108300 -902.8916265524458 0 -902.8916265524458
108400 -907.5500403812621 0 -907.5500403812621
108500 -888.3134330513421 0 -888.3134330513421
108600 -842.9724811564665 0 -842.9724811564665
108700 -802.284435812966 0 -802.284435812966
108800 -820.884369607782 0 -820.884369607782
108900 -858.1406442387961 0 -858.1406442387961
109000 -862.4534161884803 0 -862.4534161884803
109100 -858.9278368300293 0 -858.9278368300293
109200 -910.1284910961986 0 -910.1284910961986
109300 -876.835680331802 0 -876.835680331802
109400 -847.3938953522593 0 -847.3938953522593
109500 -884.7286089982372 0 -884.7286089982372
109600 -849.8424668253865 0 -849.8424668253865
109700 -857.6955632625613 0 -857.6955632625613
109800 -881.390228090575 0 -881.390228090575
109900 -903.3239306595642 0 -903.3239306595642
110000 -911.7567458709236 0 -911.7567458709236
110100 -939.1380641210126 0 -939.1380641210126
110200 -932.0236543080537 0 -932.0236543080537
110300 -966.5046165990643 0 -966.5046165990643
110400 -959.0622416946571 0 -959.0622416946571
110500 -971.486892842222 0 -971.486892842222
110600 -896.8830416738056 0 -896.8830416738056
110700 -885.9279429360759 0 -885.9279429360759
110800 -917.5600042939186 0 -917.5600042939186
110900 -920.9821281200275 0 -920.9821281200275
111000 -897.3260917956941 0 -897.3260917956941
111100 -907.8342915717512 0 -907.8342915717512
111200 -823.925761538907 0 -823.925761538907
111300 -856.3888967150124 0 -856.3888967150124
111400 -850.771594526479 0 -850.771594526479
111500 -867.4504268409219 0 -867.4504268409219
111600 -881.5730616550427 0 -881.5730616550427
111700 -873.3721391633153 0 -873.3721391633153
111800 -854.3393926331773 0 -854.3393926331773
111900 -880.8857108780649 0 -880.8857108780649
112000 -881.0548949566437 0 -881.0548949566437
112100 -890.8441715794615 0 -890.8441715794615
112200 -874.0114013755228 0 -874.0114013755228
112300 -843.5369544178247 0 -843.5369544178247
112400 -825.1800836448092 0 -825.1800836448092
112500 -757.7140717196744 0 -757.7140717196744
112600 -792.4885211512446 0 -792.4885211512446
112700 -786.2390933206771 0 -786.2390933206771
112800 -815.4418600762729 0 -815.4418600762729
112900 -811.8705616779625 0 -811.8705616779625
113000 -815.1050017706584 0 -815.1050017706584
113100 -829.9771478394978 0 -829.9771478394978
113200 -819.7547776305582 0 -819.7547776305582
113300 -820.9584724253509 0 -820.9584724253509
113400 -780.0006841793656 0 -780.0006841793656
113500 -728.3270734590478 0 -728.3270734590478
113600 -757.8820669297129 0 -757.8820669297129
113700 -749.7628242623177 0 -749.7628242623177
113800 -765.4932687869295 0 -765.4932687869295
113900 -726.1730960160494 0 -726.1730960160494
114000 -744.908488699235 0 -744.908488699235
114100 -793.3216712837457 0 -793.3216712837457
114200 -758.016416501021 0 -758.016416501021
114300 -787.4051190989558 0 -787.4051190989558
114400 -819.2813758589327 0 -819.2813758589327
114500 -823.8470986773027 0 -823.8470986773027
114600 -848.1390845640562 0 -848.1390845640562
114700 -810.2674693150911 0 -810.2674693150911
114800 -792.5847806842066 0 -792.5847806842066
114900 -763.3223609805573 0 -763.3223609805573
115000 -782.6788073978387 0 -782.6788073978387
115100 -773.2445333255455 0 -773.2445333255455
115200 -823.8179773287848 0 -823.8179773287848
115300 -784.3146894129895 0 -784.3146894129895
115400 -758.1092362626223 0 -758.1092362626223
115500 -770.9555790071608 0 -770.9555790071608
115600 -803.0360139477998 0 -803.0360139477998
115700 -782.918313190341 0 -782.918313190341
115800 -774.3568680472672 0 -774.3568680472672
115900 -816.3650409702677 0 -816.3650409702677
116000 -752.6784399729222 0 -752.6784399729222
116100 -770.1175728500821 0 -770.1175728500821
116200 -737.3826765818521 0 -737.3826765818521
116300 -705.319624240743 0 -705.319624240743
116400 -699.424565596506 0 -699.424565596506
116500 -733.4876936266664 0 -733.4876936266664
116600 -727.7270050919615 0 -727.7270050919615
116700 -710.3858243543655 0 -710.3858243543655
116800 -767.8675064868294 0 -767.8675064868294
116900 -793.5668739590328 0 -793.5668739590328
117000 -750.9787252303213 0 -750.9787252303213
117100 -773.3049287004396 0 -773.3049287004396
117200 -792.9414916944224 0 -792.9414916944224
117300 -775.7407338148914 0 -775.7407338148914
117400 -789.9675513296388 0 -789.9675513296388
117500 -772.2671751906164 0 -772.2671751906164
117600 -765.6178031757008 0 -765.6178031757008
117700 -784.3298171260394 0 -784.3298171260394
117800 -811.9666512429249 0 -811.9666512429249
117900 -824.8840841534548 0 -824.8840841534548
118000 -851.8501455648802 0 -851.8501455648802
118100 -823.8972708035726 0 -823.8972708035726
118200 -814.0045125628822 0 -814.0045125628822
118300 -851.9639618452638 0 -851.9639618452638
118400 -831.1823065869976 0 -831.1823065869976
118500 -865.4966245752294 0 -865.4966245752294
118600 -844.5716366111301 0 -844.5716366111301
118700 -851.9414411990438 0 -851.9414411990438
118800 -879.5137226693332 0 -879.5137226693332
118900 -858.871946698986 0 -858.871946698986
119000 -820.5525605573785 0 -820.5525605573785
119100 -791.1611818964593 0 -791.1611818964593
119200 -811.5423797410913 0 -811.5423797410913
119300 -833.6436682727654 0 -833.6436682727654
119400 -872.7900476285722 0 -872.7900476285722
119500 -825.1772444439121 0 -825.1772444439121
119600 -841.5485352384858 0 -841.5485352384858
119700 -875.6931569417939 0 -875.6931569417939
119800 -809.2762746487278 0 -809.2762746487278
119900 -766.5358246481046 0 -766.5358246481046
120000 -806.8623360986821 0 -806.8623360986821
120100 -796.0266571664251 0 -796.0266571664251
120200 -802.751296096947 0 -802.751296096947
120300 -800.3972125111759 0 -800.3972125111759
120400 -805.385634000646 0 -805.385634000646
120500 -818.5786263465416 0 -818.5786263465416
120600 -857.0533203552477 0 -857.0533203552477
120700 -849.7458876991877 0 -849.7458876991877
120800 -878.54441947327 0 -878.54441947327
120900 -841.965574212838 0 -841.965574212838
121000 -824.489586269483 0 -824.489586269483
121100 -822.9959000744857 0 -822.9959000744857
121200 -806.0459657800384 0 -806.0459657800384
121300 -781.3354525188915 0 -781.3354525188915
121400 -776.555887960596 0 -776.555887960596
121500 -757.226043562172 0 -757.226043562172
121600 -778.8588148904964 0 -778.8588148904964
121700 -818.8821751723299 0 -818.8821751723299
121800 -806.7215550681576 0 -806.7215550681576
121900 -833.0449686949141 0 -833.0449686949141
122000 -816.6365699528251 0 -816.6365699528251
122100 -762.6197340935469 0 -762.6197340935469
122200 -803.6503613297828 0 -803.6503613297828
122300 -792.1788966092281 0 -792.1788966092281
122400 -782.8640285802539 0 -782.8640285802539
122500 -776.77602875093 0 -776.77602875093
122600 -784.7381475800648 0 -784.7381475800648
122700 -815.3397642909549 0 -815.3397642909549
122800 -828.4096704851836 0 -828.4096704851836
122900 -835.3605729895644 0 -835.3605729895644
123000 -813.7789775044657 0 -813.7789775044657
123100 -852.5582904755138 0 -852.5582904755138
123200 -812.0180223963689 0 -812.0180223963689
123300 -842.2617233508499 0 -842.2617233508499
123400 -863.4116302778712 0 -863.4116302778712
123500 -830.1817792712245 0 -830.1817792712245
123600 -829.9224222535267 0 -829.9224222535267
123700 -761.8734578327276 0 -761.8734578327276
123800 -825.5922201869544 0 -825.5922201869544
123900 -839.5815193157177 0 -839.5815193157177
124000 -876.3646399137797 0 -876.3646399137797
124100 -843.7229411818553 0 -843.7229411818553
124200 -837.8166709893849 0 -837.8166709893849
124300 -873.6192027957877 0 -873.6192027957877
124400 -825.4879091149196 0 -825.4879091149196
124500 -814.9214491511229 0 -814.9214491511229
124600 -867.1069079313893 0 -867.1069079313893
124700 -832.2025128658861 0 -832.2025128658861
124800 -860.5544641211745 0 -860.5544641211745
124900 -813.3475314448588 0 -813.3475314448588
125000 -809.9679566833656 0 -809.9679566833656
125100 -819.4428493031301 0 -819.4428493031301
125200 -783.8611829001456 0 -783.8611829001456
125300 -806.7237144063693 0 -806.7237144063693
125400 -794.1953227138147 0 -794.1953227138147
125500 -780.866354705533 0 -780.866354705533
125600 -837.2638265909627 0 -837.2638265909627
125700 -811.4636073904112 0 -811.4636073904112
125800 -787.0067019257694 0 -787.0067019257694
125900 -742.1508731269278 0 -742.1508731269278
126000 -783.7145356063265 0 -783.7145356063265
126100 -781.0747501889709 0 -781.0747501889709
126200 -770.9546023223666 0 -770.9546023223666
126300 -806.9211170596536 0 -806.9211170596536
126400 -785.9606740316376 0 -785.9606740316376
126500 -817.7063869533595 0 -817.7063869533595
126600 -795.0010684116278 0 -795.0010684116278
126700 -795.3983347197063 0 -795.3983347197063
126800 -742.1704260641709 0 -742.1704260641709
126900 -737.3344627609476 0 -737.3344627609476
127000 -689.5183790391311 0 -689.5183790391311
127100 -698.7467063053045 0 -698.7467063053045
127200 -710.6979901276063 0 -710.6979901276063
127300 -668.8966174116358 0 -668.8966174116358
127400 -690.6182353838813 0 -690.6182353838813
127500 -720.3797883077059 0 -720.3797883077059
127600 -736.476158673875 0 -736.476158673875
127700 -710.1156014384469 0 -710.1156014384469
127800 -699.2983857546933 0 -699.2983857546933
127900 -712.4522493476979 0 -712.4522493476979
128000 -793.8142822585069 0 -793.8142822585069
128100 -772.0546030886471 0 -772.0546030886471
128200 -751.506618008716 0 -751.506618008716
128300 -722.0886289544869 0 -722.0886289544869
128400 -704.8818808309734 0 -704.8818808309734
128500 -705.7043770463206 0 -705.7043770463206
128600 -713.0308156684041 0 -713.0308156684041
128700 -743.6467712039594 0 -743.6467712039594
128800 -779.2270020789001 0 -779.2270020789001
128900 -740.4520189785399 0 -740.4520189785399
129000 -707.8469807105139 0 -707.8469807105139
129100 -708.6391321939882 0 -708.6391321939882
129200 -720.8436203370802 0 -720.8436203370802
129300 -720.1152193064336 0 -720.1152193064336
129400 -733.9531661106739 0 -733.9531661106739
129500 -699.0194800714962 0 -699.0194800714962
129600 -703.5228572094347 0 -703.5228572094347
129700 -704.417489540996 0 -704.417489540996
129800 -727.9787487501744 0 -727.9787487501744
129900 -756.4066694309004 0 -756.4066694309004
130000 -750.3116285658907 0 -750.3116285658907
130100 -761.362206609454 0 -761.362206609454
130200 -738.9336827595253 0 -738.9336827595253
130300 -709.4677297445014 0 -709.4677297445014
130400 -722.2592708598822 0 -722.2592708598822
130500 -693.0295948574785 0 -693.0295948574785
130600 -706.2283566319384 0 -706.2283566319384
130700 -727.4349340042099 0 -727.4349340042099
130800 -700.7357190861367 0 -700.7357190861367
130900 -751.3349178833887 0 -751.3349178833887
131000 -747.3023888823227 0 -747.3023888823227
131100 -724.8812063266523 0 -724.8812063266523
131200 -739.682302391855 0 -739.682302391855
131300 -710.5313795576803 0 -710.5313795576803
131400 -700.7723356175702 0 -700.7723356175702
131500 -748.0256788954139 0 -748.0256788954139
131600 -774.3787569508422 0 -774.3787569508422
131700 -729.8972437267657 0 -729.8972437267657
131800 -732.7264066170901 0 -732.7264066170901
131900 -767.2688374260906 0 -767.2688374260906
132000 -755.1447038741026 0 -755.1447038741026
132100 -784.5791993867606 0 -784.5791993867606
132200 -747.8950147693977 0 -747.8950147693977
132300 -806.8176997869741 0 -806.8176997869741
132400 -762.2288496629335 0 -762.2288496629335
132500 -798.0739078377374 0 -798.0739078377374
132600 -728.7102913133567 0 -728.7102913133567
132700 -778.7029399191961 0 -778.7029399191961
132800 -732.9653252756689 0 -732.9653252756689
132900 -774.5147295801435 0 -774.5147295801435
133000 -696.0629452674184 0 -696.0629452674184
133100 -723.3480051655788 0 -723.3480051655788
133200 -730.2678936708253 0 -730.2678936708253
133300 -736.4768890379928 0 -736.4768890379928
133400 -731.8477723118849 0 -731.8477723118849
133500 -786.4969771779142 0 -786.4969771779142
133600 -813.5132952141576 0 -813.5132952141576
133700 -785.377107830951 0 -785.377107830951
133800 -742.9554163408466 0 -742.9554163408466
133900 -780.7840263410471 0 -780.7840263410471
134000 -775.2942215959774 0 -775.2942215959774
134100 -736.5716093559749 0 -736.5716093559749
134200 -777.1597822192125 0 -777.1597822192125
134300 -795.1884765930008 0 -795.1884765930008
134400 -769.2975948899984 0 -769.2975948899984
134500 -761.4896353012882 0 -761.4896353012882
134600 -755.1741365368944 0 -755.1741365368944
134700 -722.5810731656384 0 -722.5810731656384
134800 -741.8553816464264 0 -741.8553816464264
134900 -744.7051690446679 0 -744.7051690446679
135000 -691.887189185014 0 -691.887189185014
135100 -702.9529390078969 0 -702.9529390078969
135200 -744.746604396496 0 -744.746604396496
135300 -697.7760435433593 0 -697.7760435433593
135400 -664.2242301309016 0 -664.2242301309016
135500 -637.3646317184903 0 -637.3646317184903
135600 -645.3442723352928 0 -645.3442723352928
135700 -707.0631330388132 0 -707.0631330388132
135800 -691.2332743438892 0 -691.2332743438892
135900 -662.4168350994587 0 -662.4168350994587
136000 -642.7827642445918 0 -642.7827642445918
136100 -603.6151793063618 0 -603.6151793063618
136200 -592.8433600326534 0 -592.8433600326534
136300 -595.4397494995501 0 -595.4397494995501
136400 -608.5904088006355 0 -608.5904088006355
136500 -656.7836725600064 0 -656.7836725600064
136600 -622.8146119574085 0 -622.8146119574085
136700 -611.6709164420608 0 -611.6709164420608
136800 -599.9785465234891 0 -599.9785465234891
136900 -619.0787824401632 0 -619.0787824401632
137000 -636.7876491430216 0 -636.7876491430216
137100 -620.9285955510568 0 -620.9285955510568
137200 -591.6221814835444 0 -591.6221814835444
137300 -593.1209451011382 0 -593.1209451011382
137400 -583.5791829861701 0 -583.5791829861701
137500 -595.576287001837 0 -595.576287001837
137600 -571.769899061881 0 -571.769899061881
137700 -583.4055213262327 0 -583.4055213262327
137800 -657.2315678277519 0 -657.2315678277519
137900 -633.3182420107769 0 -633.3182420107769
138000 -614.6277019203117 0 -614.6277019203117
138100 -620.6108289032709 0 -620.6108289032709
138200 -593.1021602570545 0 -593.1021602570545
138300 -617.1818550510798 0 -617.1818550510798
138400 -622.0405382928438 0 -622.0405382928438
138500 -599.0849113659351 0 -599.0849113659351
138600 -610.0203731784131 0 -610.0203731784131
138700 -557.3439613105729 0 -557.3439613105729
138800 -645.5304235294461 0 -645.5304235294461
138900 -649.5765252485871 0 -649.5765252485871
139000 -618.9422893617302 0 -618.9422893617302
139100 -605.0490816666279 0 -605.0490816666279
139200 -644.8773515490466 0 -644.8773515490466
139300 -631.9722542101517 0 -631.9722542101517
139400 -618.6946114557795 0 -618.6946114557795
139500 -639.4630205658032 0 -639.4630205658032
139600 -636.287944638636 0 -636.287944638636
139700 -633.5040979259647 0 -633.5040979259647
139800 -631.4100358337164 0 -631.4100358337164
139900 -621.9681257493794 0 -621.9681257493794
140000 -606.2746903358493 0 -606.2746903358493
140100 -620.7326703362633 0 -620.7326703362633
140200 -586.760573895881 0 -586.760573895881
140300 -581.0866312358994 0 -581.0866312358994
140400 -603.3111593360081 0 -603.3111593360081
140500 -610.2859722198918 0 -610.2859722198918
140600 -637.8451740080491 0 -637.8451740080491
140700 -634.3434519695584 0 -634.3434519695584
140800 -662.7656434664968 0 -662.7656434664968
140900 -648.8839399032295 0 -648.8839399032295
141000 -664.0923849422252 0 -664.0923849422252
141100 -652.1743884535972 0 -652.1743884535972
141200 -721.0148048514966 0 -721.0148048514966
141300 -693.435793462093 0 -693.435793462093
141400 -688.4120617047884 0 -688.4120617047884
141500 -699.3707334811334 0 -699.3707334811334
141600 -705.3831040371442 0 -705.3831040371442
141700 -678.9178429581225 0 -678.9178429581225
141800 -679.4059246068355 0 -679.4059246068355
141900 -680.9415135469753 0 -680.9415135469753
142000 -732.1585099869408 0 -732.1585099869408
142100 -758.3736290857196 0 -758.3736290857196
142200 -749.2021117003169 0 -749.2021117003169
142300 -703.3218106948771 0 -703.3218106948771
142400 -722.1213788469322 0 -722.1213788469322
142500 -722.7322181275231 0 -722.7322181275231
142600 -745.9704367755912 0 -745.9704367755912
142700 -695.6805600633379 0 -695.6805600633379
142800 -689.3502120848279 0 -689.3502120848279
142900 -699.9425958013162 0 -699.9425958013162
143000 -686.5219298831653 0 -686.5219298831653
143100 -713.8137441321742 0 -713.8137441321742
143200 -724.4728501904756 0 -724.4728501904756
143300 -678.1544728390872 0 -678.1544728390872
143400 -667.6122726520989 0 -667.6122726520989
143500 -656.4928336699959 0 -656.4928336699959
143600 -686.5786322697531 0 -686.5786322697531
143700 -648.9727649178822 0 -648.9727649178822
143800 -645.4015462475363 0 -645.4015462475363
143900 -647.9518700467888 0 -647.9518700467888
144000 -628.4372370066121 0 -628.4372370066121
144100 -608.9871474235697 0 -608.9871474235697
144200 -669.6080058303196 0 -669.6080058303196
144300 -684.1623188576195 0 -684.1623188576195
144400 -662.2775264144875 0 -662.2775264144875
144500 -670.9469020934775 0 -670.9469020934775
144600 -694.0361904390156 0 -694.0361904390156
144700 -668.9097404468339 0 -668.9097404468339
144800 -680.1173672471195 0 -680.1173672471195
144900 -674.0104760657996 0 -674.0104760657996
145000 -688.9350785525166 0 -688.9350785525166
145100 -653.8491929336451 0 -653.8491929336451
145200 -651.5423817380797 0 -651.5423817380797
145300 -657.5087450509891 0 -657.5087450509891
145400 -624.8138813900296 0 -624.8138813900296
145500 -660.3904976185877 0 -660.3904976185877
145600 -669.6112133522984 0 -669.6112133522984
145700 -632.1741168037988 0 -632.1741168037988
145800 -596.3468975059222 0 -596.3468975059222
145900 -627.3207636857405 0 -627.3207636857405
146000 -606.3211483566556 0 -606.3211483566556
146100 -605.9482666261028 0 -605.9482666261028
146200 -602.720857285196 0 -602.720857285196
146300 -618.4309302386828 0 -618.4309302386828
146400 -571.9009544026922 0 -571.9009544026922
146500 -570.1836045128293 0 -570.1836045128293
146600 -556.9073997528758 0 -556.9073997528758
146700 -552.7068822204601 0 -552.7068822204601
146800 -534.4885741067119 0 -534.4885741067119
146900 -541.0173276574351 0 -541.0173276574351
147000 -584.6734741686378 0 -584.6734741686378
147100 -548.604589990573 0 -548.604589990573
147200 -576.4471083853859 0 -576.4471083853859
147300 -553.7942537034396 0 -553.7942537034396
147400 -562.7559275650419 0 -562.7559275650419
147500 -571.6107638012618 0 -571.6107638012618
147600 -603.8366194877308 0 -603.8366194877308
147700 -589.202021737583 0 -589.202021737583
147800 -587.2203488987871 0 -587.2203488987871
147900 -600.0559972993797 0 -600.0559972993797
148000 -635.4824715699069 0 -635.4824715699069
148100 -610.5885136609431 0 -610.5885136609431
148200 -617.3409539763816 0 -617.3409539763816
148300 -569.7011340151075 0 -569.7011340151075
148400 -546.9790918405633 0 -546.9790918405633
148500 -582.4247172812466 0 -582.4247172812466
148600 -573.4736821874976 0 -573.4736821874976
148700 -622.6212181940209 0 -622.6212181940209
148800 -569.7914295340888 0 -569.7914295340888
148900 -598.3357120889705 0 -598.3357120889705
149000 -596.343209531391 0 -596.343209531391
149100 -618.2151770859491 0 -618.2151770859491
149200 -669.1849116152152 0 -669.1849116152152
149300 -680.5027376487851 0 -680.5027376487851
149400 -707.1713154183235 0 -707.1713154183235
149500 -671.3097876238171 0 -671.3097876238171
149600 -664.3374466097448 0 -664.3374466097448
149700 -702.2205698620528 0 -702.2205698620528
149800 -663.5896846315591 0 -663.5896846315591
149900 -663.8505550271366 0 -663.8505550271366
150000 -638.0419056625105 0 -638.0419056625105
150100 -615.0198302434292 0 -615.0198302434292
150200 -656.8540681039449 0 -656.8540681039449
150300 -638.4558193078265 0 -638.4558193078265
150400 -638.2115922267549 0 -638.2115922267549
150500 -654.7080042157322 0 -654.7080042157322
150600 -634.3426734746899 0 -634.3426734746899
150700 -612.850835663965 0 -612.850835663965
150800 -668.3792057610117 0 -668.3792057610117
150900 -671.5835680309101 0 -671.5835680309101
151000 -674.0855315604713 0 -674.0855315604713
151100 -681.2053093817085 0 -681.2053093817085
151200 -717.0855267173611 0 -717.0855267173611
151300 -689.9676067289547 0 -689.9676067289547
151400 -676.2952223161119 0 -676.2952223161119
151500 -709.8614389842842 0 -709.8614389842842
151600 -678.93745875475 0 -678.93745875475
151700 -654.6230653019156 0 -654.6230653019156
151800 -631.3981612541247 0 -631.3981612541247
151900 -630.2707339832559 0 -630.2707339832559
152000 -607.7226807994302 0 -607.7226807994302
152100 -601.8647425216623 0 -601.8647425216623
152200 -608.0273967336398 0 -608.0273967336398
152300 -593.7799745302182 0 -593.7799745302182
152400 -612.005071764579 0 -612.005071764579
152500 -614.2326893180143 0 -614.2326893180143
152600 -607.0259315313306 0 -607.0259315313306
152700 -604.6024995872285 0 -604.6024995872285
152800 -542.7173415871803 0 -542.7173415871803
152900 -547.938255999703 0 -547.938255999703
153000 -583.2078013280407 0 -583.2078013280407
153100 -580.4425885369419 0 -580.4425885369419
153200 -597.0645389212295 0 -597.0645389212295
153300 -595.7995086819865 0 -595.7995086819865
153400 -614.169195511844 0 -614.169195511844
153500 -589.2614524515811 0 -589.2614524515811
153600 -554.0715540974634 0 -554.0715540974634
153700 -587.6334013522719 0 -587.6334013522719
153800 -571.436789381085 0 -571.436789381085
153900 -594.6607897479553 0 -594.6607897479553
154000 -584.793940305477 0 -584.793940305477
154100 -615.9508989013266 0 -615.9508989013266
154200 -655.531782354461 0 -655.531782354461
154300 -641.3487649480812 0 -641.3487649480812
154400 -619.3874377862085 0 -619.3874377862085
154500 -619.9288829382276 0 -619.9288829382276
154600 -553.600567139918 0 -553.600567139918
154700 -574.8307202970609 0 -574.8307202970609
154800 -607.12238442339 0 -607.12238442339
154900 -576.9323616097681 0 -576.9323616097681
155000 -568.8445226287004 0 -568.8445226287004
155100 -563.3863518603612 0 -563.3863518603612
155200 -597.9593437092844 0 -597.9593437092844
155300 -634.927629259415 0 -634.927629259415
155400 -625.7461735780817 0 -625.7461735780817
155500 -582.2191342459992 0 -582.2191342459992
155600 -604.7123630128335 0 -604.7123630128335
155700 -559.7655174529646 0 -559.7655174529646
155800 -620.9949361756444 0 -620.9949361756444
155900 -611.4254807068501 0 -611.4254807068501
156000 -612.7967546756845 0 -612.7967546756845
156100 -609.3472632118501 0 -609.3472632118501
156200 -647.1928236913518 0 -647.1928236913518
156300 -725.6185225758236 0 -725.6185225758236
156400 -671.2012834046036 0 -671.2012834046036
156500 -684.1853029222693 0 -684.1853029222693
156600 -639.1996648416389 0 -639.1996648416389
156700 -662.863268568588 0 -662.863268568588
156800 -637.9956992198713 0 -637.9956992198713
156900 -646.1727965509053 0 -646.1727965509053
157000 -676.8049394744448 0 -676.8049394744448
157100 -657.8836237869691 0 -657.8836237869691
157200 -671.7718196199276 0 -671.7718196199276
157300 -624.8611358444905 0 -624.8611358444905
157400 -615.4091033276636 0 -615.4091033276636
157500 -616.4959524032747 0 -616.4959524032747
157600 -648.1566955253948 0 -648.1566955253948
157700 -621.1581547751557 0 -621.1581547751557
157800 -618.7900910598692 0 -618.7900910598692
157900 -624.2065128027461 0 -624.2065128027461
158000 -656.1919138338417 0 -656.1919138338417
158100 -697.395447403891 0 -697.395447403891
158200 -697.2684079210376 0 -697.2684079210376
158300 -666.8798465307336 0 -666.8798465307336
158400 -648.7571972927544 0 -648.7571972927544
158500 -632.3631124105304 0 -632.3631124105304
158600 -654.7296690912917 0 -654.7296690912917
158700 -620.8403729693964 0 -620.8403729693964
158800 -629.1352516256738 0 -629.1352516256738
158900 -630.7086825915612 0 -630.7086825915612
159000 -621.6375165493228 0 -621.6375165493228
159100 -645.0004948491696 0 -645.0004948491696
159200 -657.6102663523052 0 -657.6102663523052
159300 -669.7623833427206 0 -669.7623833427206
159400 -666.9505810993724 0 -666.9505810993724
159500 -704.3027552657295 0 -704.3027552657295
159600 -711.4927803899627 0 -711.4927803899627
159700 -712.3132320654113 0 -712.3132320654113
159800 -670.1137198528741 0 -670.1137198528741
159900 -694.6367097951006 0 -694.6367097951006
160000 -713.0938919265755 0 -713.0938919265755
160100 -738.5969586020801 0 -738.5969586020801
160200 -774.980601049494 0 -774.980601049494
160300 -766.5843851082027 0 -766.5843851082027
160400 -763.8265031561023 0 -763.8265031561023
160500 -743.3041086769663 0 -743.3041086769663
160600 -747.560120676877 0 -747.560120676877
160700 -747.0521375462995 0 -747.0521375462995
160800 -705.4441707564984 0 -705.4441707564984
160900 -720.2304075304419 0 -720.2304075304419
161000 -752.7740281305742 0 -752.7740281305742
161100 -740.7377208161633 0 -740.7377208161633
161200 -753.8757084372919 0 -753.8757084372919
161300 -807.6848252579803 0 -807.6848252579803
161400 -809.0622633008752 0 -809.0622633008752
161500 -728.5718678885605 0 -728.5718678885605
161600 -691.538681136677 0 -691.538681136677
161700 -705.0951493941247 0 -705.0951493941247
161800 -659.9245591366198 0 -659.9245591366198
161900 -680.4202338829054 0 -680.4202338829054
162000 -709.874388260534 0 -709.874388260534
162100 -720.2562236925587 0 -720.2562236925587
162200 -693.9090095914435 0 -693.9090095914435
162300 -723.7707858928479 0 -723.7707858928479
162400 -758.1520752664655 0 -758.1520752664655
162500 -743.7716632970842 0 -743.7716632970842
162600 -735.8483796620276 0 -735.8483796620276
162700 -709.1420544215944 0 -709.1420544215944
162800 -720.2072999048978 0 -720.2072999048978
162900 -648.5281221854966 0 -648.5281221854966
163000 -651.6892670770176 0 -651.6892670770176
163100 -628.9788931093644 0 -628.9788931093644
163200 -637.5795019578654 0 -637.5795019578654
163300 -657.6448442370165 0 -657.6448442370165
163400 -663.2409486831166 0 -663.2409486831166
163500 -686.2225409145467 0 -686.2225409145467
163600 -676.1210805391893 0 -676.1210805391893
163700 -654.716795689892 0 -654.716795689892
163800 -643.1095765137579 0 -643.1095765137579
163900 -685.3752094416413 0 -685.3752094416413
164000 -614.3075696059968 0 -614.3075696059968
164100 -598.7153667842504 0 -598.7153667842504
164200 -608.9674709073734 0 -608.9674709073734
164300 -620.6852814541198 0 -620.6852814541198
164400 -628.709107350558 0 -628.709107350558
164500 -624.3607569111045 0 -624.3607569111045
164600 -675.1984484568238 0 -675.1984484568238
164700 -663.6433951926883 0 -663.6433951926883
164800 -653.0196870705113 0 -653.0196870705113
164900 -690.9387020920403 0 -690.9387020920403
165000 -685.842386049917 0 -685.842386049917
165100 -705.903653560672 0 -705.903653560672
165200 -704.0221097336616 0 -704.0221097336616
165300 -690.3668567191344 0 -690.3668567191344
165400 -733.2175786863081 0 -733.2175786863081
165500 -677.9581661096308 0 -677.9581661096308
165600 -689.7083940075245 0 -689.7083940075245
165700 -656.4108463912853 0 -656.4108463912853
165800 -654.5568288795184 0 -654.5568288795184
165900 -646.8823089988437 0 -646.8823089988437
166000 -621.9466417839285 0 -621.9466417839285
166100 -614.3314472975908 0 -614.3314472975908
166200 -579.8950646035373 0 -579.8950646035373
166300 -599.2962957702111 0 -599.2962957702111
166400 -613.3500855825841 0 -613.3500855825841
166500 -582.2684141539503 0 -582.2684141539503
166600 -615.4953756048344 0 -615.4953756048344
166700 -577.2017316045822 0 -577.2017316045822
166800 -646.8017820087261 0 -646.8017820087261
166900 -615.1887964894995 0 -615.1887964894995
167000 -625.3426289320923 0 -625.3426289320923
167100 -626.2796798888594 0 -626.2796798888594
167200 -642.75665971954 0 -642.75665971954
167300 -618.4934196786489 0 -618.4934196786489
167400 -588.8894776948728 0 -588.8894776948728
167500 -593.5530457338318 0 -593.5530457338318
167600 -613.8162779714912 0 -613.8162779714912
167700 -606.517757141497 0 -606.517757141497
167800 -559.5647039518226 0 -559.5647039518226
167900 -600.5782089045388 0 -600.5782089045388
168000 -610.0982232186943 0 -610.0982232186943
168100 -677.3084711449337 0 -677.3084711449337
168200 -621.5289924538229 0 -621.5289924538229
168300 -636.2530181924812 0 -636.2530181924812
168400 -552.1026821141131 0 -552.1026821141131
168500 -538.2944713053294 0 -538.2944713053294
168600 -535.0176275724079 0 -535.0176275724079
168700 -567.9100842585322 0 -567.9100842585322
168800 -550.7530915923417 0 -550.7530915923417
168900 -542.2758201609831 0 -542.2758201609831
169000 -571.3053792919964 0 -571.3053792919964
169100 -591.5940581273753 0 -591.5940581273753
169200 -623.8387943643611 0 -623.8387943643611
169300 -574.1061958565842 0 -574.1061958565842
169400 -571.5913966896478 0 -571.5913966896478
169500 -616.4488441380672 0 -616.4488441380672
169600 -571.6416385904886 0 -571.6416385904886
169700 -619.7189109143801 0 -619.7189109143801
169800 -639.4672792046331 0 -639.4672792046331
169900 -609.6999235223047 0 -609.6999235223047
170000 -614.0727168202866 0 -614.0727168202866
170100 -608.8637269120663 0 -608.8637269120663
170200 -585.6279716957361 0 -585.6279716957361
170300 -557.3579774780665 0 -557.3579774780665
170400 -577.568971124012 0 -577.568971124012
170500 -597.8002775938949 0 -597.8002775938949
170600 -601.7001738782274 0 -601.7001738782274
170700 -587.3443862868007 0 -587.3443862868007
170800 -539.0821253433824 0 -539.0821253433824
170900 -544.5122438878752 0 -544.5122438878752
171000 -595.3365005909 0 -595.3365005909
171100 -609.029214607086 0 -609.029214607086
171200 -582.2523430893198 0 -582.2523430893198
171300 -590.7246956320014 0 -590.7246956320014
171400 -545.1662669824436 0 -545.1662669824436
171500 -574.192610392347 0 -574.192610392347
171600 -558.4387707296992 0 -558.4387707296992
171700 -559.1435404978693 0 -559.1435404978693
171800 -571.8347602963913 0 -571.8347602963913
171900 -565.8303326972673 0 -565.8303326972673
172000 -605.0852984029334 0 -605.0852984029334
172100 -625.5527329980396 0 -625.5527329980396
172200 -619.0841978106182 0 -619.0841978106182
172300 -620.8464873216581 0 -620.8464873216581
172400 -591.4665991528891 0 -591.4665991528891
172500 -606.855723407818 0 -606.855723407818
172600 -639.7462138971314 0 -639.7462138971314
172700 -686.8000660871621 0 -686.8000660871621
172800 -628.8175281980075 0 -628.8175281980075
172900 -583.825596914161 0 -583.825596914161
173000 -545.0292904812377 0 -545.0292904812377
173100 -614.3274312072899 0 -614.3274312072899
173200 -600.8866433522198 0 -600.8866433522198
173300 -576.2311307305936 0 -576.2311307305936
173400 -621.6712125893682 0 -621.6712125893682
173500 -640.5376638586167 0 -640.5376638586167
173600 -637.8376897922717 0 -637.8376897922717
173700 -617.3908011715394 0 -617.3908011715394
173800 -618.0918338572374 0 -618.0918338572374
173900 -604.5190792477224 0 -604.5190792477224
174000 -612.9037720195483 0 -612.9037720195483
174100 -606.6173735662596 0 -606.6173735662596
174200 -583.7854845845141 0 -583.7854845845141
174300 -638.9959316931199 0 -638.9959316931199
174400 -605.0322538882028 0 -605.0322538882028
174500 -588.6215103277937 0 -588.6215103277937
174600 -507.2036918485537 0 -507.2036918485537
174700 -564.9161148769781 0 -564.9161148769781
174800 -570.5313096756581 0 -570.5313096756581
174900 -587.1814613083843 0 -587.1814613083843
175000 -612.9496419476345 0 -612.9496419476345
175100 -628.5758283690084 0 -628.5758283690084
175200 -610.7348349671811 0 -610.7348349671811
175300 -564.8138342788443 0 -564.8138342788443
175400 -561.2911280209664 0 -561.2911280209664
175500 -568.3162179656792 0 -568.3162179656792
175600 -576.6125581406523 0 -576.6125581406523
175700 -598.4510681277607 0 -598.4510681277607
175800 -625.3431693029415 0 -625.3431693029415
175900 -632.6480289669707 0 -632.6480289669707
176000 -636.0396991034504 0 -636.0396991034504
176100 -583.4634016095661 0 -583.4634016095661
176200 -570.9146230812185 0 -570.9146230812185
176300 -564.3388706971891 0 -564.3388706971891
176400 -559.2792873950675 0 -559.2792873950675
176500 -621.0156009879429 0 -621.0156009879429
176600 -587.024770376971 0 -587.024770376971
176700 -589.2060335783754 0 -589.2060335783754
176800 -561.2686530160718 0 -561.2686530160718
176900 -628.5710046698805 0 -628.5710046698805
177000 -588.7510872252169 0 -588.7510872252169
177100 -643.7980375073384 0 -643.7980375073384
177200 -661.2358103964943 0 -661.2358103964943
177300 -613.0484675539192 0 -613.0484675539192
177400 -634.3137402930297 0 -634.3137402930297
177500 -588.6701392519753 0 -588.6701392519753
177600 -593.5444473724347 0 -593.5444473724347
177700 -626.1386066458654 0 -626.1386066458654
177800 -666.3767467772122 0 -666.3767467772122
177900 -595.8223900387529 0 -595.8223900387529
178000 -645.7765481516253 0 -645.7765481516253
178100 -641.0282301390544 0 -641.0282301390544
178200 -620.1667215921916 0 -620.1667215921916
178300 -661.0362230869941 0 -661.0362230869941
178400 -751.3541154544801 0 -751.3541154544801
178500 -724.874214829877 0 -724.874214829877
178600 -661.9080330759753 0 -661.9080330759753
178700 -680.0293657393195 0 -680.0293657393195
178800 -657.233495968394 0 -657.233495968394
178900 -661.6289766738191 0 -661.6289766738191
179000 -684.1743799129035 0 -684.1743799129035
179100 -692.6512654013932 0 -692.6512654013932
179200 -730.6810599768069 0 -730.6810599768069
179300 -695.4253669169266 0 -695.4253669169266
179400 -709.6744684892474 0 -709.6744684892474
179500 -715.3899355651811 0 -715.3899355651811
179600 -753.77301622089 0 -753.77301622089
179700 -743.0554324749392 0 -743.0554324749392
179800 -758.6449189898558 0 -758.6449189898558
179900 -762.6525604692288 0 -762.6525604692288
180000 -754.6269379332662 0 -754.6269379332662
180100 -741.5060483515263 0 -741.5060483515263
180200 -732.4301188476384 0 -732.4301188476384
180300 -709.3560573961586 0 -709.3560573961586
180400 -732.6921412604861 0 -732.6921412604861
180500 -730.2438374529593 0 -730.2438374529593
180600 -750.9873755597509 0 -750.9873755597509
180700 -744.3081516767852 0 -744.3081516767852
180800 -747.8690734726842 0 -747.8690734726842
180900 -732.6367122309748 0 -732.6367122309748
181000 -671.9673589523882 0 -671.9673589523882
181100 -705.8419661987573 0 -705.8419661987573
181200 -666.1695288082119 0 -666.1695288082119
181300 -702.3116164902895 0 -702.3116164902895
181400 -671.9660332475323 0 -671.9660332475323
181500 -698.1928094974719 0 -698.1928094974719
181600 -688.5692981430329 0 -688.5692981430329
181700 -727.2676163702272 0 -727.2676163702272
181800 -736.0926868263632 0 -736.0926868263632
181900 -705.4848271366209 0 -705.4848271366209
182000 -674.308285664767 0 -674.308285664767
182100 -652.8090568359476 0 -652.8090568359476
182200 -643.3023627621587 0 -643.3023627621587
182300 -622.7729856597725 0 -622.7729856597725
182400 -625.741239566938 0 -625.741239566938
182500 -605.6481145815924 0 -605.6481145815924
182600 -613.5991076147184 0 -613.5991076147184
182700 -649.3116208079737 0 -649.3116208079737
182800 -693.136405917583 0 -693.136405917583
182900 -692.2998788878322 0 -692.2998788878322
183000 -689.4764079898596 0 -689.4764079898596
183100 -681.5640984708443 0 -681.5640984708443
183200 -712.7750029948365 0 -712.7750029948365
183300 -682.4848633364309 0 -682.4848633364309
183400 -714.4952657828107 0 -714.4952657828107
183500 -700.5515405263286 0 -700.5515405263286
183600 -726.8913831824902 0 -726.8913831824902
183700 -678.8125722173136 0 -678.8125722173136
183800 -684.089558549691 0 -684.089558549691
183900 -699.9416177815292 0 -699.9416177815292
184000 -717.6780676282942 0 -717.6780676282942
184100 -693.4435961867566 0 -693.4435961867566
184200 -699.2901405016892 0 -699.2901405016892
184300 -724.6052383237984 0 -724.6052383237984
184400 -745.1690834399778 0 -745.1690834399778
184500 -724.5829343828373 0 -724.5829343828373
184600 -680.7769850869663 0 -680.7769850869663
184700 -710.3016535550123 0 -710.3016535550123
184800 -730.1410063039511 0 -730.1410063039511
184900 -777.9449124357197 0 -777.9449124357197
185000 -757.6605166913942 0 -757.6605166913942
185100 -754.9684470270295 0 -754.9684470270295
185200 -764.279072026955 0 -764.279072026955
185300 -794.7852827415336 0 -794.7852827415336
185400 -780.0686757049989 0 -780.0686757049989
185500 -758.2295978760812 0 -758.2295978760812
185600 -796.7434310526587 0 -796.7434310526587
185700 -704.7727566978429 0 -704.7727566978429
185800 -700.7793753715232 0 -700.7793753715232
185900 -717.7451768815517 0 -717.7451768815517
186000 -625.721107150428 0 -625.721107150428
186100 -635.5942872115411 0 -635.5942872115411
186200 -644.3619539900683 0 -644.3619539900683
186300 -631.8339890954085 0 -631.8339890954085
186400 -666.8036154906731 0 -666.8036154906731
186500 -689.6262409409974 0 -689.6262409409974
186600 -745.8842628558632 0 -745.8842628558632
186700 -742.0401554566342 0 -742.0401554566342
186800 -661.9928240056615 0 -661.9928240056615
186900 -680.9843488689512 0 -680.9843488689512
187000 -686.1581921076868 0 -686.1581921076868
187100 -632.3071200996637 0 -632.3071200996637
187200 -635.2842703671195 0 -635.2842703671195
187300 -667.648627866758 0 -667.648627866758
187400 -626.1592956802342 0 -626.1592956802342
187500 -624.1425841527525 0 -624.1425841527525
187600 -666.7884385148063 0 -666.7884385148063
187700 -649.6886428934522 0 -649.6886428934522
187800 -622.3764629154466 0 -622.3764629154466
187900 -651.6026426295284 0 -651.6026426295284
188000 -618.9615278441925 0 -618.9615278441925
188100 -626.5479204328731 0 -626.5479204328731
188200 -681.784748549806 0 -681.784748549806
188300 -632.2918118061498 0 -632.2918118061498
188400 -615.9365585448686 0 -615.9365585448686
188500 -602.5448437291197 0 -602.5448437291197
188600 -615.0651338940952 0 -615.0651338940952
188700 -624.4247546114493 0 -624.4247546114493
188800 -617.9764617981855 0 -617.9764617981855
188900 -666.4091363562038 0 -666.4091363562038
189000 -675.8702124606352 0 -675.8702124606352
189100 -678.1506996678654 0 -678.1506996678654
189200 -682.3399470704317 0 -682.3399470704317
189300 -722.8716953364201 0 -722.8716953364201
189400 -734.0197558880318 0 -734.0197558880318
189500 -753.0115483365953 0 -753.0115483365953
189600 -737.4150346136012 0 -737.4150346136012
189700 -771.5043347314931 0 -771.5043347314931
189800 -748.8749699534383 0 -748.8749699534383
189900 -765.4727873089723 0 -765.4727873089723
190000 -777.2395706153475 0 -777.2395706153475
190100 -761.1106627301779 0 -761.1106627301779
190200 -746.4611704426352 0 -746.4611704426352
190300 -724.5550516787916 0 -724.5550516787916
190400 -712.9661547192372 0 -712.9661547192372
190500 -667.3759957075818 0 -667.3759957075818
190600 -690.4629631703719 0 -690.4629631703719
190700 -659.8259662531782 0 -659.8259662531782
190800 -723.4503542687744 0 -723.4503542687744
190900 -703.2389190113172 0 -703.2389190113172
191000 -742.8252323719207 0 -742.8252323719207
191100 -756.5680211647414 0 -756.5680211647414
191200 -724.9650417240337 0 -724.9650417240337
191300 -717.0013696411625 0 -717.0013696411625
191400 -720.6802879329771 0 -720.6802879329771
191500 -719.8728474308737 0 -719.8728474308737
191600 -762.1468548031989 0 -762.1468548031989
191700 -724.8654136718251 0 -724.8654136718251
191800 -717.5946057168767 0 -717.5946057168767
191900 -769.5142255437095 0 -769.5142255437095
192000 -747.7450664939824 0 -747.7450664939824
192100 -742.1707404104527 0 -742.1707404104527
192200 -724.581471015932 0 -724.581471015932
192300 -726.3391699588392 0 -726.3391699588392
192400 -726.6092766069341 0 -726.6092766069341
192500 -785.3946980312467 0 -785.3946980312467
192600 -775.0914142271504 0 -775.0914142271504
192700 -717.6531343536917 0 -717.6531343536917
192800 -784.1600181302056 0 -784.1600181302056
192900 -792.6590545448707 0 -792.6590545448707
193000 -789.1434443809558 0 -789.1434443809558
193100 -775.2305520644877 0 -775.2305520644877
193200 -733.8334594133776 0 -733.8334594133776
193300 -777.6739831515588 0 -777.6739831515588
193400 -777.9490800583735 0 -777.9490800583735
193500 -744.5683310476597 0 -744.5683310476597
193600 -768.0243054379243 0 -768.0243054379243
193700 -742.1070174388587 0 -742.1070174388587
193800 -730.0625566446688 0 -730.0625566446688
193900 -661.7126435984392 0 -661.7126435984392
194000 -672.481045671273 0 -672.481045671273
194100 -742.9877743409015 0 -742.9877743409015
194200 -727.452255010372 0 -727.452255010372
194300 -728.6436456143856 0 -728.6436456143856
194400 -695.0100012794137 0 -695.0100012794137
194500 -756.2292783092707 0 -756.2292783092707
194600 -775.3836412082892 0 -775.3836412082892
194700 -765.8380950647406 0 -765.8380950647406
194800 -736.3926632448565 0 -736.3926632448565
194900 -677.5298937933985 0 -677.5298937933985
195000 -691.8868653187528 0 -691.8868653187528
195100 -711.4950664257631 0 -711.4950664257631
195200 -721.8025692834053 0 -721.8025692834053
195300 -704.4966200322378 0 -704.4966200322378
195400 -681.8425636810716 0 -681.8425636810716
195500 -708.6975789979624 0 -708.6975789979624
195600 -645.8338139818516 0 -645.8338139818516
195700 -648.6663621983025 0 -648.6663621983025
195800 -671.8914009018335 0 -671.8914009018335
195900 -652.8946121362969 0 -652.8946121362969
196000 -640.2353557338938 0 -640.2353557338938
196100 -624.7023599368986 0 -624.7023599368986
196200 -594.4946062457748 0 -594.4946062457748
196300 -609.7644576355815 0 -609.7644576355815
196400 -610.488286142936 0 -610.488286142936
196500 -573.7476502209902 0 -573.7476502209902
196600 -574.6477061267942 0 -574.6477061267942
196700 -593.4589452694636 0 -593.4589452694636
196800 -602.9298331667669 0 -602.9298331667669
196900 -582.0768374963664 0 -582.0768374963664
197000 -619.9950661696494 0 -619.9950661696494
197100 -641.5768186748028 0 -641.5768186748028
197200 -649.0084646423347 0 -649.0084646423347
197300 -641.879235872766 0 -641.879235872766
197400 -638.2896246169694 0 -638.2896246169694
197500 -643.3485903714318 0 -643.3485903714318
197600 -646.7155434269225 0 -646.7155434269225
197700 -689.8806277331896 0 -689.8806277331896
197800 -655.7484638821334 0 -655.7484638821334
197900 -719.7444639545865 0 -719.7444639545865
198000 -812.4842635986861 0 -812.4842635986861
198100 -702.9671472578775 0 -702.9671472578775
198200 -744.4692251868546 0 -744.4692251868546
198300 -702.6562833921053 0 -702.6562833921053
198400 -695.9297701547621 0 -695.9297701547621
198500 -675.5122965425253 0 -675.5122965425253
198600 -645.8384443547111 0 -645.8384443547111
198700 -666.2307086519431 0 -666.2307086519431
198800 -632.3227356253192 0 -632.3227356253192
198900 -619.1566424514167 0 -619.1566424514167
199000 -663.6325796057936 0 -663.6325796057936
199100 -678.6780366019811 0 -678.6780366019811
199200 -613.6661712039495 0 -613.6661712039495
199300 -619.0320544291753 0 -619.0320544291753
199400 -606.6319683270995 0 -606.6319683270995
199500 -587.0316711380146 0 -587.0316711380146
199600 -585.5237653728109 0 -585.5237653728109
199700 -566.4349160110578 0 -566.4349160110578
199800 -599.0304464197252 0 -599.0304464197252
199900 -608.9412965739612 0 -608.9412965739612
200000 -616.7708047495689 0 -616.7708047495689
