33.8 538
34 753
34.2 347
34.4 136
34.6 2803
34.8 1282
35 2747
35.2 41895
35.4 265837
35.6 820468
35.8 2830353
36 5406028
36.2 7548193
36.4 8041946
36.6 7339442
36.8 6010003
37 4961053
37.2 3898898
37.4 3258604
37.6 2795403
37.8 2357144
38 2096314
38.2 1734771
38.4 1458174
38.6 1141252
38.8 1107131
39 1041251
39.2 911158
39.4 874765
39.6 798960
39.8 722045
40 735862
40.2 636196
40.4 644993
40.6 645308
40.8 583821
41 604383
41.2 564582
41.4 561216
41.6 538235
41.8 507779
42 491184
42.2 476807
42.4 429458
42.6 413553
42.8 342624
43 331264
43.2 323611
43.4 300591
43.6 277233
43.8 263535
44 250631
44.2 228615
44.4 226174
44.6 218887
44.8 195454
45 195860
45.2 186944
45.4 170655
45.6 165678
45.8 157488
46 149924
46.2 145909
46.4 144894
46.6 130385
46.8 124692
47 115132
47.2 110070
47.4 105135
47.6 100792
47.8 91665
48 88295
48.2 85164
48.4 80330
48.6 76708
48.8 73035
49 68239
49.2 65940
49.4 63241
49.6 58367
49.8 55837
50 52805
50.2 50489
50.4 48262
50.6 46413
50.8 44289
51 43310
51.2 40100
51.4 39413
51.6 37463
51.8 36046
52 35094
52.2 33822
52.4 32812
52.6 31151
52.8 30896
53 30198
53.2 29475
53.4 28642
53.6 27255
53.8 27055
54 27156
54.2 26028
54.4 25693
54.6 25595
54.8 24993
55 24239
55.2 24352
55.4 23885
55.6 23519
55.8 23385
56 23305
56.2 22542
56.4 22451
56.6 21914
56.8 22201
57 21579
57.2 21869
57.4 21721
57.6 21437
57.8 21340
58 21205
58.2 21118
58.4 20972
58.6 20667
58.8 20509
59 20531
59.2 20565
59.4 20498
59.6 20371
59.8 20233
60 20387
60.2 20097
60.4 20337
60.6 20185
60.8 19835
61 19983
61.2 19813
61.4 19775
61.6 19784
61.8 19729
62 19650
62.2 19420
62.4 19532
62.6 19673
62.8 19369
63 19379
63.2 19224
63.4 19167
63.6 19435
63.8 19499
64 19386
64.2 19566
64.4 19083
64.6 19293
64.8 19325
65 18955
65.2 19411
65.4 19387
65.6 19238
65.8 18928
66 19023
66.2 19133
66.4 19227
66.6 19136
66.8 18880
67 19258
67.2 18852
67.4 18876
67.6 18842
67.8 18837
68 18679
68.2 18763
68.4 18858
68.6 18918
68.8 18987
69 18704
69.2 18834
69.4 18878
69.6 18601
69.8 18895
70 18830
70.2 18808
70.4 18629
70.6 18816
70.8 18706
71 19055
71.2 18589
71.4 18313
71.6 18829
71.8 18801
72 18821
72.2 18397
72.4 18689
72.6 18712
72.8 18728
73 18592
73.2 18777
73.4 18325
73.6 18891
73.8 18586
74 18522
74.2 18492
74.4 18464
74.6 18869
74.8 18696
75 18883
75.2 18567
75.4 18627
75.6 18750
75.8 18732
76 18386
76.2 18485
76.4 18429
76.6 18502
76.8 18477
77 18345
77.2 18667
77.4 18696
77.6 18598
77.8 18661
78 18363
78.2 18555
78.4 18898
78.6 18385
78.8 18512
79 18653
79.2 18719
79.4 18730
79.6 18494
79.8 18435
80 18385
80.2 18449
80.4 18377
80.6 18633
80.8 18454
81 18358
81.2 18439
81.4 18653
81.6 18661
81.8 18329
82 18528
82.2 18209
82.4 18209
82.6 18585
82.8 18565
83 18433
83.2 18525
83.4 18522
83.6 18483
83.8 18332
84 18544
84.2 18519
84.4 18596
84.6 18537
84.8 18188
85 18409
85.2 18591
85.4 18499
85.6 18283
85.8 18577
86 18769
86.2 18582
86.4 18360
86.6 18313
86.8 18157
87 18594
87.2 18326
87.4 18455
87.6 18648
87.8 18320
88 18108
88.2 18557
88.4 18499
88.6 18601
88.8 18443
89 18359
89.2 18437
89.4 18573
89.6 18461
89.8 18274
90 18568
90.2 18601
90.4 18387
90.6 18571
90.8 18376
91 18665
91.2 18483
91.4 18526
91.6 18530
91.8 18451
92 18725
92.2 18538
92.4 18183
92.6 18227
92.8 18469
93 18313
93.2 18537
93.4 18364
93.6 18386
93.8 18578
94 18274
94.2 18620
94.4 18506
94.6 18533
94.8 18505
95 18600
95.2 18479
95.4 18530
95.6 18487
95.8 18348
96 18461
96.2 18319
96.4 18422
96.6 18407
96.8 18523
97 18470
97.2 18334
97.4 18389
97.6 18253
97.8 18343
98 18412
98.2 18537
98.4 18369
98.6 18204
98.8 18621
99 18417
99.2 18450
99.4 18364
99.6 18279
99.8 18413
100 18547
100.2 18380
100.4 18256
100.6 18404
100.8 18384
101 18693
101.2 18090
101.4 18504
101.6 18133
101.8 18405
102 18308
102.2 18424
102.4 18244
102.6 18444
102.8 18505
103 18188
103.2 18590
103.4 18543
103.6 18544
103.8 18728
104 18470
104.2 18486
104.4 18229
104.6 18408
104.8 18540
105 18420
105.2 18588
105.4 18343
105.6 18606
105.8 18259
106 18445
106.2 18308
106.4 18379
106.6 18459
106.8 18402
107 18224
107.2 18618
107.4 18335
107.6 18457
107.8 18480
108 17986
108.2 18349
108.4 18467
108.6 18418
108.8 18554
109 18281
109.2 18540
109.4 18386
109.6 18403
109.8 18552
110 18397
110.2 18185
110.4 18315
110.6 18404
110.8 18489
111 18320
111.2 18502
111.4 18411
111.6 18328
111.8 18162
112 18381
112.2 18489
112.4 18360
112.6 18344
112.8 18511
113 18131
113.2 18123
113.4 18370
113.6 18344
113.8 18659
114 18546
114.2 18426
114.4 18246
114.6 18435
114.8 18248
115 18125
115.2 18271
115.4 18532
115.6 18563
115.8 18341
116 18297
116.2 18233
116.4 18359
116.6 18295
116.8 18375
117 18395
117.2 18241
117.4 18235
117.6 18288
117.8 18515
118 18202
118.2 18461
118.4 18355
118.6 18317
118.8 18494
119 18321
119.2 18518
119.4 18272
119.6 18543
119.8 18434
120 18411
120.2 18423
120.4 18529
120.6 18466
120.8 18331
121 18245
121.2 18371
121.4 18421
121.6 18427
121.8 18436
122 18368
122.2 18316
122.4 18531
122.6 18583
122.8 18308
123 18326
123.2 18360
123.4 18393
123.6 18341
123.8 18435
124 18304
124.2 18229
124.4 18538
124.6 18531
124.8 18432
125 18430
125.2 18277
125.4 18370
125.6 18325
125.8 18169
126 18434
126.2 18468
126.4 18518
126.6 18277
126.8 18524
127 18343
127.2 18479
127.4 18583
127.6 18422
127.8 18560
128 18241
128.2 18602
128.4 18290
128.6 18389
128.8 18265
129 18489
129.2 18478
129.4 18313
129.6 18558
129.8 18648
130 18341
130.2 18380
130.4 18319
130.6 18616
130.8 18496
131 18455
131.2 18454
131.4 18523
131.6 18060
131.8 18391
132 18504
132.2 18496
132.4 18388
132.6 18448
132.8 18548
133 18762
133.2 18391
133.4 18444
133.6 18432
133.8 18500
134 18460
134.2 18142
134.4 18307
134.6 18401
134.8 18210
135 18292
135.2 18510
135.4 18333
135.6 18382
135.8 18231
136 18448
136.2 18542
136.4 18441
136.6 18484
136.8 18368
137 18516
137.2 18521
137.4 18522
137.6 18517
137.8 18196
138 18416
138.2 18326
138.4 18235
138.6 18327
138.8 18487
139 18544
139.2 18547
139.4 18476
139.6 18302
139.8 18558
140 18774
140.2 18232
140.4 18430
140.6 18382
140.8 18509
141 18252
141.2 18415
141.4 18409
141.6 18554
141.8 18294
142 18423
142.2 18293
142.4 18422
142.6 18396
142.8 18581
143 18303
143.2 18387
143.4 18130
143.6 18496
143.8 18343
144 18545
144.2 18525
144.4 18129
144.6 18059
144.8 18426
145 18254
145.2 18304
145.4 18458
145.6 18326
145.8 18299
146 18438
146.2 18296
146.4 18294
146.6 18158
146.8 18338
147 18208
147.2 18454
147.4 18523
147.6 18459
147.8 18367
148 18431
148.2 18375
148.4 18152
148.6 18445
148.8 18505
149 18396
149.2 18245
149.4 18511
149.6 18415
149.8 18348
150 18198
150.2 18225
150.4 18520
150.6 18344
150.8 18278
151 18422
151.2 18258
151.4 18480
151.6 18423
151.8 18426
152 18300
152.2 18342
152.4 18454
152.6 18004
152.8 18262
153 18365
153.2 18360
153.4 18402
153.6 18311
153.8 18389
154 18541
154.2 18378
154.4 18485
154.6 18238
154.8 18153
155 18211
155.2 18377
155.4 18463
155.6 18581
155.8 18380
156 18154
156.2 18308
156.4 18355
156.6 18259
156.8 18339
157 18237
157.2 18382
157.4 17980
157.6 18333
157.8 18454
158 18479
158.2 18268
158.4 18195
158.6 18244
158.8 18526
159 18331
159.2 18229
159.4 18327
159.6 18529
159.8 18227
160 18417
160.2 18273
160.4 18369
160.6 18129
160.8 18310
161 18290
161.2 18259
161.4 18332
161.6 18337
161.8 18366
162 18293
162.2 18339
162.4 18234
162.6 18368
162.8 18201
163 18659
163.2 18189
163.4 18596
163.6 18288
163.8 18099
164 18403
164.2 18426
164.4 18321
164.6 18421
164.8 18358
165 18417
165.2 18372
165.4 18278
165.6 18583
165.8 18150
166 18459
166.2 18265
166.4 18360
166.6 18382
166.8 18430
167 18306
167.2 18348
167.4 18378
167.6 18165
167.8 18506
168 18199
168.2 18315
168.4 18440
168.6 18369
168.8 18650
169 18242
169.2 18138
169.4 18338
169.6 18346
169.8 18178
170 18369
170.2 18222
170.4 18168
170.6 18598
170.8 18120
171 18344
171.2 18208
171.4 18375
171.6 18354
171.8 18151
172 18227
172.2 18082
172.4 18211
172.6 18487
172.8 18299
173 18245
173.2 18628
173.4 18259
173.6 18359
173.8 18134
174 18509
174.2 18333
174.4 18315
174.6 18393
174.8 18258
175 18430
175.2 18534
175.4 18441
175.6 18349
175.8 18449
176 18164
176.2 18123
176.4 18149
176.6 18218
176.8 18400
177 18107
177.2 18297
177.4 18208
177.6 18264
177.8 18420
178 18317
178.2 18517
178.4 18304
178.6 18271
178.8 18453
179 18346
179.2 18307
179.4 18374
179.6 18522
179.8 18317
180 18240
180.2 18400
180.4 18617
180.6 18156
180.8 18385
181 18368
181.2 18155
181.4 18261
181.6 18463
181.8 18368
182 18403
182.2 18326
182.4 18469
182.6 18414
182.8 18473
183 18263
183.2 18256
183.4 18557
183.6 18415
183.8 18291
184 18254
184.2 18245
184.4 18167
184.6 18302
184.8 18307
185 18201
185.2 18449
185.4 18258
185.6 18417
185.8 18390
186 18361
186.2 18265
186.4 17982
186.6 18064
186.8 18261
187 18262
187.2 18391
187.4 18162
187.6 18340
187.8 18522
188 18245
188.2 18321
188.4 18342
188.6 18073
188.8 18416
189 18369
189.2 18677
189.4 18298
189.6 18151
189.8 18270
190 18537
190.2 18442
190.4 18507
190.6 18400
190.8 18460
191 18626
191.2 18237
191.4 18417
191.6 18119
191.8 18383
192 18358
192.2 18395
192.4 18475
192.6 18365
192.8 18684
193 18486
193.2 18337
193.4 18539
193.6 18178
193.8 18117
194 18402
194.2 18244
194.4 18272
194.6 18274
194.8 18176
195 18133
195.2 18043
195.4 18400
195.6 18369
195.8 18393
196 18185
196.2 18206
196.4 18194
196.6 18391
196.8 18369
197 18323
197.2 18139
197.4 17953
197.6 18281
197.8 18096
198 18130
198.2 18461
198.4 18237
198.6 18391
198.8 18076
199 18434
199.2 18321
199.4 18409
199.6 18308
199.8 18338
200 18264
200.2 18349
200.4 18100
200.6 18336
200.8 18230
201 18182
201.2 18576
201.4 18359
201.6 18289
201.8 18128
202 18573
202.2 18433
202.4 18412
202.6 18216
202.8 18415
203 18232
203.2 18203
203.4 18280
203.6 18240
203.8 18250
204 18435
204.2 18250
204.4 18262
204.6 18120
204.8 18325
205 18202
205.2 18285
205.4 18283
205.6 18203
205.8 18502
206 18125
206.2 18390
206.4 18207
206.6 18389
206.8 18428
207 18072
207.2 18348
207.4 18327
207.6 18214
207.8 18086
208 18257
208.2 18185
208.4 18292
208.6 18291
208.8 18353
209 18093
209.2 18353
209.4 18282
209.6 18324
209.8 18475
210 18583
210.2 18059
210.4 18202
210.6 18406
210.8 18478
211 18161
211.2 18200
211.4 18080
211.6 18156
211.8 18492
212 18209
212.2 18090
212.4 18520
212.6 18416
212.8 18524
213 18475
213.2 18518
213.4 18287
213.6 18546
213.8 17935
214 18334
214.2 18517
214.4 18523
214.6 18083
214.8 18132
215 18349
215.2 18289
215.4 18200
215.6 18510
215.8 18394
216 17929
216.2 18110
216.4 18396
216.6 18267
216.8 18372
217 18199
217.2 18011
217.4 18303
217.6 18404
217.8 18430
218 17995
218.2 18400
218.4 18332
218.6 18302
218.8 18473
219 18390
219.2 18532
219.4 18323
219.6 18500
219.8 18233
220 18448
220.2 18231
220.4 18145
220.6 18195
220.8 18172
221 18234
221.2 18177
221.4 18380
221.6 18416
221.8 18270
222 18341
222.2 18443
222.4 18174
222.6 18233
222.8 18148
223 18421
223.2 18468
223.4 18180
223.6 18466
223.8 18146
224 18253
224.2 18135
224.4 18305
224.6 18351
224.8 18170
225 18491
225.2 18294
225.4 18520
225.6 18150
225.8 18396
226 18166
226.2 18112
226.4 18365
226.6 18045
226.8 18358
227 18409
227.2 18425
227.4 18403
227.6 18260
227.8 18183
228 18422
228.2 18205
228.4 18373
228.6 18332
228.8 18183
229 18243
229.2 18303
229.4 17995
229.6 18183
229.8 18202
230 18478
230.2 18248
230.4 18328
230.6 18437
230.8 18332
231 18454
231.2 18465
231.4 18240
231.6 18166
231.8 18286
232 18360
232.2 18316
232.4 18452
232.6 18302
232.8 18186
233 18224
233.2 18403
233.4 17884
233.6 18198
233.8 18551
234 18228
234.2 18174
234.4 18226
234.6 18145
234.8 18318
235 18200
235.2 18079
235.4 18350
235.6 18307
235.8 18314
236 18289
236.2 18302
236.4 18219
236.6 18375
236.8 18570
237 18150
237.2 18371
237.4 18673
237.6 18338
237.8 18579
238 18368
238.2 18484
238.4 18516
238.6 18399
238.8 18474
239 18474
239.2 18155
239.4 18341
239.6 18626
239.8 18296
240 18289
240.2 18660
240.4 18314
240.6 18493
240.8 18166
241 18351
241.2 18447
241.4 18596
241.6 18459
241.8 17978
242 18266
242.2 18410
242.4 18349
242.6 18392
242.8 17789
243 18523
243.2 18131
243.4 18185
243.6 18347
243.8 18408
244 18353
244.2 18343
244.4 18199
244.6 18125
244.8 18298
245 18325
245.2 18269
245.4 18224
245.6 18441
245.8 18448
246 18313
246.2 18416
246.4 18077
246.6 18319
246.8 18331
247 18504
247.2 18227
247.4 18200
247.6 18298
247.8 18149
248 18128
248.2 18245
248.4 18548
248.6 18195
248.8 18008
249 18542
249.2 18194
249.4 18313
249.6 18295
249.8 18515
250 18390
