36.4 86
36.6 658
36.8 73
37 348
37.2 3274
37.4 4558
37.6 5182
37.8 2919
38 2119
38.2 740
38.4 1389
38.6 706
38.8 8068
39 9710
39.2 10387
39.4 37178
39.6 31467
39.8 35451
40 18603
40.2 26113
40.4 17489
40.6 9462
40.8 11302
41 16645
41.2 4849
41.4 11930
41.6 7836
41.8 7620
42 14210
42.2 7399
42.4 6257
42.6 4584
42.8 5043
43 6970
43.2 5263
43.4 4744
43.6 4377
43.8 6111
44 5071
44.2 5381
44.4 4012
44.6 6073
44.8 5893
45 6520
45.2 4918
45.4 5086
45.6 3937
45.8 5521
46 4094
46.2 3938
46.4 4287
46.6 3236
46.8 3872
47 2873
47.2 2805
47.4 2396
47.6 2909
47.8 2430
48 2412
48.2 2780
48.4 2181
48.6 1756
48.8 1858
49 1891
49.2 2024
49.4 1917
49.6 1814
49.8 1715
50 1406
50.2 1464
50.4 1625
50.6 1415
50.8 1224
51 1042
51.2 1214
51.4 1070
51.6 1315
51.8 1045
52 1088
52.2 992
52.4 1178
52.6 964
52.8 825
53 881
53.2 777
53.4 820
53.6 819
53.8 718
54 804
54.2 866
54.4 786
54.6 771
54.8 657
55 652
55.2 669
55.4 713
55.6 724
55.8 594
56 622
56.2 746
56.4 687
56.6 672
56.8 580
57 624
57.2 611
57.4 612
57.6 637
57.8 540
58 598
58.2 595
58.4 649
58.6 570
58.8 585
59 539
59.2 544
59.4 544
59.6 604
59.8 531
60 471
60.2 528
60.4 557
60.6 541
60.8 550
61 561
61.2 512
61.4 538
61.6 501
61.8 527
62 525
62.2 535
62.4 537
62.6 553
62.8 492
63 591
63.2 553
63.4 565
63.6 538
63.8 530
64 504
64.2 510
64.4 569
64.6 501
64.8 541
65 491
65.2 495
65.4 503
65.6 538
65.8 534
66 511
66.2 519
66.4 482
66.6 502
66.8 479
67 542
67.2 492
67.4 518
67.6 563
67.8 491
68 541
68.2 494
68.4 543
68.6 528
68.8 504
69 516
69.2 513
69.4 531
69.6 529
69.8 521
70 513
70.2 494
70.4 543
70.6 505
70.8 536
71 562
71.2 498
71.4 544
71.6 529
71.8 527
72 528
72.2 526
72.4 508
72.6 487
72.8 534
73 515
73.2 530
73.4 488
73.6 488
73.8 547
74 507
74.2 540
74.4 541
74.6 575
74.8 557
75 524
75.2 553
75.4 511
75.6 546
75.8 509
76 549
76.2 547
76.4 500
76.6 545
76.8 506
77 495
77.2 517
77.4 531
77.6 553
77.8 528
78 538
78.2 536
78.4 562
78.6 610
78.8 581
79 531
79.2 533
79.4 536
79.6 535
79.8 551
80 545
80.2 536
80.4 586
80.6 539
80.8 522
81 556
81.2 602
81.4 570
81.6 546
81.8 564
82 591
82.2 564
82.4 553
82.6 541
82.8 517
83 506
83.2 553
83.4 532
83.6 565
83.8 540
84 513
84.2 552
84.4 524
84.6 534
84.8 529
85 569
85.2 551
85.4 583
85.6 564
85.8 500
86 546
86.2 548
86.4 564
86.6 603
86.8 576
87 550
87.2 515
87.4 518
87.6 589
87.8 558
88 539
88.2 540
88.4 547
88.6 563
88.8 521
89 510
89.2 551
89.4 545
89.6 514
89.8 573
90 535
90.2 549
90.4 525
90.6 529
90.8 501
91 552
91.2 507
91.4 515
91.6 537
91.8 553
92 544
92.2 485
92.4 549
92.6 547
92.8 529
93 549
93.2 558
93.4 514
93.6 531
93.8 523
94 537
94.2 541
94.4 528
94.6 543
94.8 533
95 552
95.2 490
95.4 526
95.6 508
95.8 530
96 517
96.2 562
96.4 543
96.6 501
96.8 552
97 543
97.2 561
97.4 509
97.6 574
97.8 534
98 542
98.2 502
98.4 540
98.6 499
98.8 527
99 538
99.2 487
99.4 497
99.6 570
99.8 520
100 539
100.2 515
100.4 543
100.6 494
100.8 543
101 513
101.2 488
101.4 513
101.6 524
101.8 512
102 509
102.2 495
102.4 474
102.6 521
102.8 532
103 528
103.2 560
103.4 521
103.6 501
103.8 507
104 513
104.2 486
104.4 543
104.6 557
104.8 529
105 558
105.2 548
105.4 535
105.6 536
105.8 524
106 513
106.2 537
106.4 541
106.6 493
106.8 569
107 573
107.2 491
107.4 499
107.6 511
107.8 538
108 551
108.2 545
108.4 542
108.6 512
108.8 513
109 505
109.2 522
109.4 486
109.6 582
109.8 572
110 582
110.2 544
110.4 582
110.6 549
110.8 525
111 506
111.2 533
111.4 555
111.6 569
111.8 534
112 533
112.2 534
112.4 549
112.6 492
112.8 512
113 506
113.2 521
113.4 514
113.6 526
113.8 504
114 533
114.2 563
114.4 538
114.6 514
114.8 497
115 555
115.2 511
115.4 495
115.6 497
115.8 575
116 549
116.2 503
116.4 530
116.6 533
116.8 517
117 507
117.2 529
117.4 528
117.6 530
117.8 516
118 557
118.2 507
118.4 491
118.6 531
118.8 537
119 504
119.2 551
119.4 576
119.6 497
119.8 551
120 490
120.2 468
120.4 483
120.6 512
120.8 498
121 515
121.2 511
121.4 510
121.6 543
121.8 540
122 526
122.2 519
122.4 501
122.6 546
122.8 484
123 537
123.2 468
123.4 543
123.6 594
123.8 495
124 506
124.2 540
124.4 550
124.6 527
124.8 544
125 497
125.2 486
125.4 534
125.6 512
125.8 539
126 498
126.2 479
126.4 511
126.6 549
126.8 516
127 510
127.2 521
127.4 531
127.6 497
127.8 537
128 521
128.2 562
128.4 575
128.6 541
128.8 535
129 517
129.2 530
129.4 551
129.6 500
129.8 528
130 568
130.2 549
130.4 539
130.6 500
130.8 516
131 484
131.2 563
131.4 526
131.6 543
131.8 555
132 498
132.2 544
132.4 488
132.6 521
132.8 524
133 558
133.2 521
133.4 525
133.6 500
133.8 506
134 563
134.2 528
134.4 514
134.6 559
134.8 483
135 549
135.2 556
135.4 554
135.6 507
135.8 542
136 557
136.2 529
136.4 554
136.6 525
136.8 537
137 585
137.2 487
137.4 571
137.6 542
137.8 539
138 542
138.2 574
138.4 504
138.6 496
138.8 525
139 484
139.2 518
139.4 522
139.6 554
139.8 540
140 537
140.2 503
140.4 552
140.6 550
140.8 514
141 515
141.2 521
141.4 530
141.6 558
141.8 563
142 533
142.2 527
142.4 575
142.6 543
142.8 537
143 556
143.2 514
143.4 500
143.6 528
143.8 522
144 547
144.2 528
144.4 528
144.6 546
144.8 554
145 526
145.2 569
145.4 525
145.6 503
145.8 532
146 543
146.2 462
146.4 525
146.6 542
146.8 544
147 544
147.2 547
147.4 566
147.6 506
147.8 547
148 516
148.2 551
148.4 547
148.6 489
148.8 500
149 535
149.2 564
149.4 540
149.6 484
149.8 483
150 537
150.2 524
150.4 533
150.6 533
150.8 531
151 548
151.2 541
151.4 505
151.6 497
151.8 507
152 537
152.2 547
152.4 545
152.6 532
152.8 523
153 528
153.2 529
153.4 549
153.6 566
153.8 484
154 543
154.2 509
154.4 519
154.6 521
154.8 522
155 528
155.2 552
155.4 547
155.6 498
155.8 510
156 545
156.2 516
156.4 512
156.6 527
156.8 531
157 516
157.2 499
157.4 534
157.6 553
157.8 501
158 489
158.2 539
158.4 490
158.6 521
158.8 537
159 472
159.2 534
159.4 532
159.6 529
159.8 542
160 523
160.2 525
160.4 534
160.6 506
160.8 508
161 502
161.2 500
161.4 545
161.6 534
161.8 583
162 502
162.2 489
162.4 523
162.6 533
162.8 534
163 559
163.2 528
163.4 509
163.6 524
163.8 501
164 509
164.2 526
164.4 542
164.6 536
164.8 538
165 567
165.2 540
165.4 507
165.6 501
165.8 517
166 547
166.2 490
166.4 501
166.6 489
166.8 557
167 486
167.2 516
167.4 525
167.6 492
167.8 491
168 531
168.2 503
168.4 536
168.6 557
168.8 528
169 501
169.2 532
169.4 525
169.6 530
169.8 513
170 522
170.2 497
170.4 509
170.6 553
170.8 541
171 521
171.2 545
171.4 526
171.6 544
171.8 491
172 538
172.2 549
172.4 503
172.6 542
172.8 528
173 499
173.2 559
173.4 521
173.6 527
173.8 510
174 534
174.2 497
174.4 533
174.6 524
174.8 531
175 534
175.2 493
175.4 548
175.6 508
175.8 544
176 556
176.2 521
176.4 525
176.6 536
176.8 527
177 532
177.2 543
177.4 500
177.6 551
177.8 519
178 521
178.2 556
178.4 529
178.6 503
178.8 558
179 519
179.2 527
179.4 543
179.6 575
179.8 533
180 490
180.2 514
180.4 529
180.6 537
180.8 576
181 538
181.2 525
181.4 531
181.6 532
181.8 527
182 567
182.2 549
182.4 532
182.6 507
182.8 531
183 527
183.2 506
183.4 547
183.6 523
183.8 519
184 532
184.2 548
184.4 514
184.6 536
184.8 549
185 504
185.2 565
185.4 486
185.6 559
185.8 500
186 552
186.2 575
186.4 520
186.6 534
186.8 575
187 525
187.2 536
187.4 543
187.6 515
187.8 541
188 508
188.2 537
188.4 518
188.6 525
188.8 521
189 542
189.2 510
189.4 525
189.6 540
189.8 501
190 492
190.2 533
190.4 569
190.6 540
190.8 552
191 504
191.2 520
191.4 513
191.6 495
191.8 534
192 509
192.2 537
192.4 537
192.6 510
192.8 504
193 561
193.2 535
193.4 537
193.6 545
193.8 562
194 529
194.2 481
194.4 575
194.6 528
194.8 500
195 537
195.2 527
195.4 506
195.6 570
195.8 554
196 518
196.2 543
196.4 578
196.6 530
196.8 480
197 539
197.2 524
197.4 535
197.6 526
197.8 546
198 563
198.2 556
198.4 498
198.6 516
198.8 575
199 541
199.2 544
199.4 501
199.6 547
199.8 518
200 521
200.2 514
200.4 541
200.6 524
200.8 489
201 562
201.2 540
201.4 521
201.6 548
201.8 534
202 527
202.2 530
202.4 519
202.6 543
202.8 504
203 485
203.2 545
203.4 552
203.6 539
203.8 532
204 489
204.2 519
204.4 531
204.6 505
204.8 517
205 496
205.2 479
205.4 552
205.6 524
205.8 521
206 507
206.2 551
206.4 536
206.6 565
206.8 516
207 518
207.2 541
207.4 546
207.6 534
207.8 531
208 485
208.2 501
208.4 522
208.6 507
208.8 540
209 544
209.2 581
209.4 530
209.6 516
209.8 554
210 545
210.2 519
210.4 514
210.6 543
210.8 506
211 537
211.2 503
211.4 500
211.6 500
211.8 531
212 538
212.2 545
212.4 508
212.6 548
212.8 532
213 512
213.2 520
213.4 474
213.6 503
213.8 573
214 533
214.2 478
214.4 512
214.6 524
214.8 532
215 568
215.2 514
215.4 541
215.6 567
215.8 500
216 516
216.2 517
216.4 557
216.6 540
216.8 531
217 576
217.2 480
217.4 502
217.6 496
217.8 552
218 541
218.2 525
218.4 506
218.6 518
218.8 522
219 541
219.2 503
219.4 537
219.6 551
219.8 542
220 535
220.2 507
220.4 503
220.6 550
220.8 536
221 514
221.2 545
221.4 524
221.6 512
221.8 534
222 498
222.2 492
222.4 525
222.6 511
222.8 492
223 531
223.2 544
223.4 518
223.6 507
223.8 557
224 554
224.2 596
224.4 483
224.6 520
224.8 490
225 548
225.2 503
225.4 550
225.6 525
225.8 544
226 518
226.2 513
226.4 524
226.6 536
226.8 509
227 527
227.2 524
227.4 488
227.6 503
227.8 530
228 537
228.2 551
228.4 498
228.6 526
228.8 550
229 501
229.2 487
229.4 510
229.6 515
229.8 539
230 528
230.2 496
230.4 525
230.6 541
230.8 543
231 520
231.2 533
231.4 506
231.6 520
231.8 513
232 494
232.2 537
232.4 477
232.6 540
232.8 538
233 564
233.2 557
233.4 546
233.6 532
233.8 512
234 560
234.2 480
234.4 513
234.6 544
234.8 527
235 535
235.2 511
235.4 525
235.6 526
235.8 528
236 522
236.2 474
236.4 508
236.6 530
236.8 469
237 510
237.2 510
237.4 533
237.6 501
237.8 528
238 570
238.2 576
238.4 534
238.6 542
238.8 505
239 560
239.2 535
239.4 519
239.6 504
239.8 541
240 571
240.2 537
240.4 514
240.6 551
240.8 493
241 552
241.2 553
241.4 488
241.6 506
241.8 502
242 490
242.2 486
242.4 553
242.6 533
242.8 549
243 532
243.2 554
243.4 509
243.6 550
243.8 530
244 559
244.2 503
244.4 523
244.6 552
244.8 516
245 539
245.2 563
245.4 485
245.6 559
245.8 536
246 524
246.2 513
246.4 481
246.6 514
246.8 532
247 571
247.2 517
247.4 513
247.6 501
247.8 510
248 537
248.2 505
248.4 533
248.6 519
248.8 563
249 550
249.2 520
249.4 505
249.6 517
249.8 503
250 546
