0.00402477 1.32915
0.00569189 1.34667
0.00697111 1.36314
0.00804954 1.34482
0.0113838 1.3426
0.0120743 1.35518
0.0139422 1.34725
0.0160991 1.31755
0.0170757 1.32241
0.0201239 1.33835
0.0209133 1.30246
0.0227675 1.31297
0.0241486 1.29243
0.0278844 1.27047
0.0281734 1.26749
0.0284594 1.27014
0.0321982 1.26364
0.0341513 1.25557
0.0348555 1.24354
0.0362229 1.23286
0.0398432 1.19431
0.0402477 1.21322
0.0418267 1.20523
0.0442725 1.18843
0.0455351 1.17797
0.0482973 1.15336
0.0487978 1.15432
0.051227 1.12852
0.052322 1.10592
0.0557689 1.09609
0.0563468 1.10426
0.0569189 1.09995
0.0603716 1.07629
0.0626108 1.06386
0.06274 1.05431
0.0643963 1.04246
0.0683026 1.02902
0.0684211 1.02334
0.0697111 1.01509
0.0724459 0.993405
0.0739945 0.997949
0.0764707 0.988558
0.0766822 0.981433
0.0796864 0.97003
0.0804954 0.967061
0.0836533 0.962723
0.0845202 0.959763
0.0853783 0.947904
0.088545 0.934421
0.0906244 0.927329
0.0910702 0.932986
0.0925698 0.928098
0.0965945 0.921717
0.0967621 0.922923
0.0975955 0.924675
0.100619 0.91782
0.102454 0.913625
0.104567 0.915975
0.104644 0.921161
0.108146 0.931139
0.108669 0.918605
0.111538 0.911048
0.112694 0.917394
0.113838 0.916572
0.116718 0.934368
0.118509 0.927436
0.11953 0.923893
0.120743 0.934814
0.124768 0.937609
0.125222 0.939581
0.12548 0.945987
0.128793 0.966973
0.130913 0.962337
0.132451 0.961095
0.132817 0.956375
0.136605 0.981538
0.136842 0.992635
0.139422 0.990134
0.140867 0.989019
0.142297 0.994547
0.144892 0.980631
0.146393 0.995329
0.147989 1.00473
0.148917 0.998514
0.152941 1.01824
0.153364 1.00852
0.153681 1.01701
0.156966 1.01615
0.159373 1.01481
0.160336 1.02393
0.160991 1.03065
0.165016 1.03471
0.165065 1.03219
0.167307 1.0391
0.16904 1.05388
0.170757 1.03656
0.173065 1.04152
0.174278 1.03542
0.176448 1.03975
0.17709 1.03679
0.181115 1.03645
0.181249 1.04421
0.18214 1.04289
0.18514 1.04059
0.187832 1.03561
0.18822 1.0413
0.189164 1.05324
0.193189 1.04964
0.193524 1.05149
0.195191 1.0456
0.197214 1.03741
0.199216 1.03954
0.201239 1.03452
0.202162 1.02607
0.204908 1.03139
0.205263 1.01718
0.209133 1.01715
0.209288 1.02678
0.2106 1.02105
0.213313 1.0044
0.216104 1.01003
0.216292 1.00814
0.217338 1.00313
0.221362 1.00902
0.221984 0.998144
0.223075 0.999897
0.225387 0.991921
0.227675 0.990379
0.229412 0.996647
0.230047 0.993424
0.233367 0.988274
0.233437 0.980839
0.237018 0.98202
0.237462 0.995619
0.239059 0.969144
0.241486 0.980398
0.243989 0.971051
0.244751 0.97117
0.245511 0.980349
0.249536 0.960017
0.250443 0.957591
0.25096 0.967589
0.253561 0.967373
0.256135 0.982627
0.257585 0.961329
0.257931 0.963489
0.26161 0.968944
0.261827 0.974783
0.264902 0.968984
0.265635 0.982497
0.267519 0.970606
0.26966 0.97508
0.271873 0.97839
0.273211 0.981341
0.273684 0.96329
0.277709 0.977562
0.278844 0.994639
0.278902 0.990307
0.281734 0.983815
0.284594 0.984661
0.285759 0.977824
0.285815 0.981736
0.289784 0.983586
0.290286 1.0095
0.292787 1.0048
0.293808 0.994231
0.295978 1.00244
0.297833 1.00731
0.299758 0.992885
0.30167 1.01301
0.301858 0.998826
0.305883 1.01216
0.306729 1.00552
0.307362 1.0012
0.309907 1.00029
0.313054 1.00666
0.3137 1.00687
0.313932 1.006
0.317957 1.02947
0.318746 1.01573
0.320671 1.01722
0.321982 1.00234
0.324438 1.01859
0.326007 1.01184
0.327642 1.01596
0.330031 1.01096
0.330129 1.02654
0.334056 1.02776
0.334613 1.01599
0.335821 1.02056
0.338081 1.01442
0.341513 1.02167
0.341584 1.03691
0.342106 1.03112
0.34613 1.02671
0.347205 1.01482
0.348555 1.01549
0.350155 1.02301
0.352897 1.01622
0.35418 1.01321
0.355527 1.01099
0.358205 1.00676
0.358589 1.01624
0.362229 1.00673
0.362498 1.01241
0.364281 1.00312
0.366254 1.00106
0.369469 0.99928
0.369973 0.999344
0.370279 1.00034
0.374304 0.998839
0.375665 0.993479
0.37644 0.99081
0.378329 1.00362
0.381356 1.00321
0.382353 0.972263
0.383411 1.00315
0.386378 0.975531
0.387048 0.997681
0.390382 0.974297
0.390403 0.98529
0.39274 0.993439
0.394428 0.986974
0.397353 0.981594
0.398432 0.997333
0.398452 0.999129
0.402477 1.00248
0.404124 0.99485
0.404324 0.987717
0.406502 0.984255
0.409816 0.98555
0.410527 0.979761
0.411295 0.98906
0.414551 0.981648
0.415508 0.987488
0.418267 0.984081
0.418576 0.981947
0.4212 0.992797
0.422601 0.997551
0.425238 0.980813
0.426626 0.994637
0.426892 0.982774
0.430651 0.995112
0.432209 0.990793
0.432583 1.00463
0.434675 0.997678
0.438275 0.982707
0.4387 1.00111
0.43918 0.988832
0.442725 0.999747
0.443967 1.01059
0.446151 1.00884
0.44675 0.999435
0.449659 0.99477
0.450774 1.00571
0.453122 1.00299
0.454799 1.00677
0.455351 1.00811
0.458824 1.01331
0.460093 1.01117
0.461043 1.01193
0.462849 1.00089
0.466735 1.00939
0.466874 1.01461
0.467064 1.0184
0.470898 1.00165
0.472427 1.00348
0.474035 1.01574
0.474923 1.00927
0.478118 1.00722
0.478948 1.00663
0.481007 1.00915
0.482973 1.006
0.48381 1.01194
0.486997 1.01073
0.487978 1.01878
0.489502 1.01164
0.491022 1.01295
0.494949 1.01871
0.495047 1.00711
0.495194 1.00748
0.499072 1.01098
0.500886 1.00626
0.50192 1.01044
0.503096 1.00088
0.506578 1.00977
0.507121 0.998689
0.508891 1.00726
0.511146 1.00767
0.51227 1.00324
0.515171 1.00833
0.515862 1.00081
0.517962 0.991651
0.519196 1.00027
0.522833 1.012
0.52322 0.991599
0.523654 1.00062
0.527245 1.00901
0.529345 0.99766
0.529804 1.00482
0.53127 0.9975
0.535037 0.993832
0.535295 0.98903
0.536775 0.994531
0.539319 1.00005
0.540729 0.998894
0.543344 0.99271
0.543747 0.998232
0.546421 0.981301
0.547369 1.00292
0.550718 0.983824
0.551394 0.997537
0.552113 0.990916
0.555419 0.986224
0.557689 0.979796
0.557805 0.995862
0.559443 0.989501
0.563468 0.990748
0.563497 0.99593
0.56466 0.984713
0.567493 0.996471
0.569189 0.994706
0.571518 1.0032
0.571631 0.996421
0.574881 0.994158
0.575542 0.989629
0.578602 1.00039
0.579567 0.991487
0.580572 0.993004
0.583592 0.98866
0.585573 0.994097
0.586264 0.997097
0.587617 0.992681
0.591641 1.0008
0.591956 0.995144
0.592544 1.00909
0.595666 1.0013
0.597648 0.995628
0.599515 0.997208
0.599691 0.997456
0.60334 1.00327
0.603716 1.00976
0.606487 0.991902
0.607741 0.998487
0.609032 1.00317
0.611765 0.99203
0.613458 1.00882
0.614724 0.994112
0.61579 1.0049
0.619815 1.02143
0.620416 1.00695
0.620429 1.01494
0.62384 1.00487
0.626108 1.0042
0.6274 1.00636
0.627864 1.00442
0.631799 1.00796
0.631889 0.9892
0.634371 1.0098
0.635914 1.01146
0.637491 1.00218
0.639939 1.00205
0.641342 1.00751
0.643183 1.01154
0.643963 1.01019
0.647988 1.00551
0.648313 1.00347
0.648875 1.00622
0.652013 1.01529
0.654567 1.00951
0.655284 0.989557
0.656038 1.01027
0.660063 1.0064
0.660259 1.0006
0.662255 0.996093
0.664087 1.01471
0.665951 1.00111
0.668112 1.01264
0.669226 1.00606
0.671643 1.00425
0.672137 1.00147
0.676162 1.0087
0.676198 0.998283
0.677335 0.989756
0.680186 1.00269
0.683026 1.00379
0.683169 0.983912
0.684211 1.00762
0.688236 0.992721
0.688718 1.00078
0.69014 0.995085
0.692261 1.00734
0.69441 1.00677
0.696286 0.989356
0.697111 0.994988
0.700102 0.992819
0.70031 1.00068
0.704082 0.996768
0.704335 0.99764
0.705794 0.999727
0.70836 0.998342
0.711053 0.993493
0.711486 0.981331
0.712385 0.992693
0.716409 1.00867
0.717178 1.00969
0.718024 0.990888
0.720434 0.997183
0.72287 0.99051
0.724459 0.994725
0.724995 1.00789
0.728484 1.00054
0.728562 1.00061
0.731966 0.988593
0.732508 0.99447
0.734253 0.994076
0.736533 1.00701
0.738938 1.00161
0.739945 0.988569
0.740558 1.00093
0.744583 0.994076
0.745637 1.00546
0.745909 1.00356
0.748608 1.01757
0.751329 0.999317
0.752632 0.990927
0.75288 1.00286
0.756657 0.983677
0.757021 0.99628
0.759851 1.00061
0.760682 1.00065
0.762713 0.998782
0.764707 1.02297
0.766822 0.998895
0.768405 1.00077
0.768731 0.991872
0.772756 0.99433
0.773793 1.00796
0.774097 1.00132
0.776781 1.01175
0.779789 1.00117
0.780764 0.997104
0.780806 1.00257
0.784831 0.99072
0.78548 1.00023
0.787735 1.00627
0.788855 1.00394
0.791172 1.00346
0.79288 0.998172
0.794706 1.00485
0.796864 1.01418
0.796905 1.00423
0.80093 0.995554
0.801678 1.01991
0.802556 1.00939
0.804954 1.00552
0.808248 1.00973
0.808649 1.0043
0.81394 0.997835
0.81562 0.999183
0.819632 0.998597
0.822591 1.00837
0.825324 1.00481
0.829562 1.00526
0.831015 1.00057
0.836533 0.99458
0.836707 1.00683
0.842399 1.00953
0.843504 1.00113
0.848091 0.993551
0.850475 0.99983
0.853783 0.997212
0.857446 0.99559
0.859475 1.00855
0.864418 1.00226
0.865167 1.00428
0.870859 1.00226
0.871389 0.998359
0.876551 1.00309
0.87836 0.996678
0.882242 0.998865
0.885331 1.00352
0.887934 1.00229
0.892302 0.99994
0.893626 1.00315
0.899273 1.00572
0.899318 1.00416
0.90501 1.00132
0.906244 1.01664
0.910702 1.00259
0.913215 1.01002
0.916394 1.00198
0.920186 1.00433
0.922086 1.00562
0.927158 1.00484
0.927778 1.00058
0.933469 0.994523
0.934129 0.99677
0.939161 0.995375
0.9411 0.998155
0.944853 1.00404
0.948071 1.00359
0.950545 0.993452
0.955042 0.99067
0.956237 1.01318
0.961929 0.989708
0.962013 1.00067
0.967621 0.996527
0.968984 1.00856
0.973313 1.00888
0.975955 1.00816
0.979005 0.997312
0.982926 0.99892
0.984696 0.99265
0.989898 0.996733
0.990388 1.00177
0.99608 0.999531
0.996869 1.0021
1.00177 0.99744
1.00384 1.00966
1.00746 1.00607
1.01081 0.993302
1.01316 1.00296
1.01778 1.00827
1.01885 0.989926
1.02454 0.99988
1.02475 1.0053
1.03023 0.999799
1.03172 1.00524
1.03592 0.998225
1.0387 0.995947
1.04162 0.994673
1.04567 0.997127
1.04731 0.997121
1.05264 1.00819
1.053 0.997074
1.05869 0.999827
1.05961 1.01056
1.06438 0.995022
1.06658 0.997161
1.07007 0.998302
1.07355 1.00605
1.07577 1.00299
1.08052 0.996803
1.08146 0.993532
1.08715 0.999114
1.08749 0.984592
1.09284 1.00092
1.09446 1.00557
1.09853 1.00706
1.10144 1.00246
1.10423 1.00663
1.10841 1.0074
1.10992 0.99791
1.11538 0.993469
1.11561 1.00851
1.1213 0.999267
1.12235 1.01229
1.12699 1.00113
1.12932 1.00344
1.13269 0.989201
1.13629 0.998971
1.13838 0.990186
1.14326 0.998091
1.15023 1.00228
1.1572 1.0002
1.16418 0.998351
1.17115 0.999633
1.17812 0.99095
1.18509 0.990571
1.19206 1.00003
1.19903 0.991201
1.206 1.00724
1.21297 0.993201
1.21994 1.00265
1.22692 1.00336
1.23389 0.992874
1.24086 0.998282
1.24783 0.998201
1.2548 0.990802
1.26177 0.999068
1.26874 0.992785
1.27571 0.991139
1.28268 0.997251
1.28966 1.00456
1.29663 0.990673
1.3036 0.997719
1.31057 0.993903
1.31754 0.993918
1.32451 1.00047
1.33148 1.00128
1.33845 1.00687
1.34542 0.995073
1.3524 0.986622
1.35937 1.00596
1.36634 1.00907
1.37331 0.992728
1.38028 0.993299
1.38725 0.991273
1.39422 1.0067
