33.6 168
34.2 23
34.4 67
34.6 263
34.8 654
35 1815
35.2 2587
35.4 3677
35.6 3460
35.8 6316
36 11078
36.2 5698
36.4 6930
36.6 9862
36.8 8252
37 16051
37.2 20620
37.4 38381
37.6 66304
37.8 130701
38 103058
38.2 191257
38.4 193506
38.6 269138
38.8 324959
39 345845
39.2 455780
39.4 497287
39.6 652993
39.8 692198
40 1000874
40.2 1132110
40.4 1284047
40.6 1235791
40.8 1432276
41 1435420
41.2 1402660
41.4 1413299
41.6 1391398
41.8 1409536
42 1288398
42.2 1289260
42.4 1213570
42.6 1239888
42.8 1225789
43 1244457
43.2 1095238
43.4 1057026
43.6 918809
43.8 894060
44 756236
44.2 693862
44.4 624422
44.6 597981
44.8 528118
45 438904
45.2 420822
45.4 376714
45.6 330667
45.8 293374
46 265235
46.2 228284
46.4 215388
46.6 191878
46.8 171843
47 154001
47.2 136899
47.4 123459
47.6 113304
47.8 104533
48 96591
48.2 92184
48.4 86573
48.6 79855
48.8 71068
49 66127
49.2 63159
49.4 55145
49.6 54128
49.8 52454
50 47231
50.2 46009
50.4 41441
50.6 40491
50.8 36535
51 35627
51.2 33569
51.4 32576
51.6 31317
51.8 29262
52 27951
52.2 26401
52.4 26297
52.6 24907
52.8 23862
53 23779
53.2 22490
53.4 21964
53.6 20884
53.8 20962
54 20399
54.2 20150
54.4 19234
54.6 18815
54.8 18623
55 18907
55.2 18271
55.4 18113
55.6 17489
55.8 17384
56 17345
56.2 16988
56.4 16681
56.6 16524
56.8 16548
57 16328
57.2 16284
57.4 16247
57.6 15504
57.8 16001
58 15711
58.2 15251
58.4 15590
58.6 15281
58.8 15219
59 15202
59.2 15142
59.4 15120
59.6 14710
59.8 14979
60 15038
60.2 15013
60.4 14512
60.6 14665
60.8 14447
61 14373
61.2 14503
61.4 14446
61.6 14339
61.8 14487
62 14709
62.2 14310
62.4 14244
62.6 14325
62.8 14160
63 14032
63.2 14116
63.4 14415
63.6 14011
63.8 14184
64 14207
64.2 14063
64.4 13939
64.6 13929
64.8 13969
65 13937
65.2 14138
65.4 13928
65.6 13819
65.8 13932
66 14027
66.2 13980
66.4 13907
66.6 13545
66.8 13729
67 13889
67.2 13941
67.4 13906
67.6 13941
67.8 13954
68 13648
68.2 13732
68.4 13903
68.6 13744
68.8 13833
69 13690
69.2 13594
69.4 13431
69.6 13605
69.8 13767
70 13833
70.2 13865
70.4 13590
70.6 13548
70.8 13831
71 13737
71.2 13412
71.4 13657
71.6 13701
71.8 13840
72 13438
72.2 13625
72.4 13615
72.6 13702
72.8 13603
73 13648
73.2 13461
73.4 13517
73.6 13619
73.8 13809
74 13624
74.2 13460
74.4 13426
74.6 13593
74.8 13387
75 13631
75.2 13439
75.4 13529
75.6 13486
75.8 13665
76 13522
76.2 13403
76.4 13378
76.6 13463
76.8 13540
77 13574
77.2 13471
77.4 13424
77.6 13509
77.8 13398
78 13644
78.2 13459
78.4 13528
78.6 13514
78.8 13626
79 13456
79.2 13486
79.4 13508
79.6 13333
79.8 13596
80 13461
80.2 13352
80.4 13623
80.6 13472
80.8 13335
81 13355
81.2 13573
81.4 13443
81.6 13435
81.8 13511
82 13521
82.2 13559
82.4 13394
82.6 13538
82.8 13550
83 13213
83.2 13586
83.4 13653
83.6 13398
83.8 13565
84 13371
84.2 13414
84.4 13450
84.6 13514
84.8 13347
85 13462
85.2 13268
85.4 13565
85.6 13395
85.8 13419
86 13465
86.2 13428
86.4 13311
86.6 13379
86.8 13446
87 13437
87.2 13403
87.4 13435
87.6 13346
87.8 13528
88 13426
88.2 13514
88.4 13503
88.6 13647
88.8 13378
89 13320
89.2 13375
89.4 13311
89.6 13472
89.8 13449
90 13367
90.2 13282
90.4 13666
90.6 13525
90.8 13412
91 13313
91.2 13474
91.4 13435
91.6 13643
91.8 13511
92 13408
92.2 13376
92.4 13311
92.6 13528
92.8 13609
93 13425
93.2 13472
93.4 13409
93.6 13613
93.8 13430
94 13248
94.2 13262
94.4 13662
94.6 13570
94.8 13475
95 13534
95.2 13564
95.4 13477
95.6 13443
95.8 13326
96 13539
96.2 13410
96.4 13564
96.6 13398
96.8 13310
97 13355
97.2 13418
97.4 13437
97.6 13271
97.8 13262
98 13357
98.2 13517
98.4 13383
98.6 13396
98.8 13361
99 13439
99.2 13292
99.4 13340
99.6 13378
99.8 13388
100 13469
100.2 13392
100.4 13214
100.6 13446
100.8 13370
101 13366
101.2 13454
101.4 13484
101.6 13253
101.8 13232
102 13636
102.2 13243
102.4 13540
102.6 13424
102.8 13401
103 13119
103.2 13116
103.4 13561
103.6 13525
103.8 13315
104 13311
104.2 13437
104.4 13464
104.6 13458
104.8 13495
105 13298
105.2 13329
105.4 13491
105.6 13362
105.8 13176
106 13380
106.2 13234
106.4 13465
106.6 13439
106.8 13473
107 13442
107.2 13478
107.4 13483
107.6 13445
107.8 13494
108 13474
108.2 13472
108.4 13394
108.6 13519
108.8 13278
109 13243
109.2 13278
109.4 13521
109.6 13515
109.8 13370
110 13448
110.2 13408
110.4 13615
110.6 13341
110.8 13401
111 13617
111.2 13561
111.4 13211
111.6 13255
111.8 13353
112 13325
112.2 13458
112.4 13221
112.6 13375
112.8 13461
113 13433
113.2 13349
113.4 13465
113.6 13543
113.8 13440
114 13414
114.2 13186
114.4 13176
114.6 13369
114.8 13261
115 13370
115.2 13161
115.4 13359
115.6 13283
115.8 13482
116 13576
116.2 13331
116.4 13180
116.6 13094
116.8 13456
117 13491
117.2 13349
117.4 13464
117.6 13172
117.8 13443
118 13339
118.2 13377
118.4 13199
118.6 13143
118.8 13351
119 13264
119.2 13316
119.4 13508
119.6 13651
119.8 13488
120 13300
120.2 13384
120.4 13313
120.6 13426
120.8 13341
121 13539
121.2 13521
121.4 13455
121.6 13506
121.8 13342
122 13462
122.2 13360
122.4 13557
122.6 13433
122.8 13550
123 13329
123.2 13663
123.4 13305
123.6 13293
123.8 13472
124 13196
124.2 13256
124.4 13391
124.6 13216
124.8 13376
125 13298
125.2 13310
125.4 13428
125.6 13412
125.8 13254
126 13541
126.2 13272
126.4 13202
126.6 13384
126.8 13504
127 13401
127.2 13354
127.4 13400
127.6 13374
127.8 13413
128 13387
128.2 13310
128.4 13093
128.6 13395
128.8 13396
129 13363
129.2 13199
129.4 13095
129.6 13332
129.8 13215
130 13332
130.2 13399
130.4 13414
130.6 13384
130.8 13361
131 13435
131.2 13598
131.4 13537
131.6 13323
131.8 13198
132 13278
132.2 13396
132.4 13581
132.6 13442
132.8 13111
133 13284
133.2 13139
133.4 13615
133.6 13188
133.8 13267
134 13379
134.2 13380
134.4 13335
134.6 13071
134.8 13262
135 13454
135.2 13433
135.4 13569
135.6 13399
135.8 13461
136 13310
136.2 13340
136.4 13011
136.6 13535
136.8 13396
137 13421
137.2 13355
137.4 13388
137.6 13754
137.8 13379
138 13313
138.2 13505
138.4 13276
138.6 13234
138.8 13568
139 13364
139.2 13214
139.4 13157
139.6 13205
139.8 13199
140 13307
140.2 13336
140.4 13232
140.6 13339
140.8 13445
141 13490
141.2 13372
141.4 13343
141.6 13376
141.8 13486
142 13477
142.2 13537
142.4 13408
142.6 13262
142.8 13225
143 13436
143.2 13510
143.4 13341
143.6 13515
143.8 13608
144 13395
144.2 13169
144.4 13231
144.6 13213
144.8 13527
145 13412
145.2 13345
145.4 13355
145.6 13307
145.8 13246
146 13379
146.2 13263
146.4 13482
146.6 13312
146.8 13128
147 13335
147.2 13348
147.4 13427
147.6 13305
147.8 13342
148 13242
148.2 13272
148.4 13111
148.6 13146
148.8 13257
149 13279
149.2 13413
149.4 13344
149.6 13313
149.8 13341
150 13345
150.2 13562
150.4 13498
150.6 13364
150.8 13345
151 13351
151.2 13402
151.4 13445
151.6 13411
151.8 13475
152 13204
152.2 13368
152.4 13159
152.6 13487
152.8 13382
153 13149
153.2 13430
153.4 13405
153.6 13464
153.8 13363
154 13378
154.2 13299
154.4 13395
154.6 13204
154.8 13502
155 13579
155.2 13379
155.4 13391
155.6 13308
155.8 13280
156 13444
156.2 13278
156.4 13450
156.6 13408
156.8 13292
157 13208
157.2 13486
157.4 13328
157.6 13431
157.8 13213
158 13349
158.2 13356
158.4 13325
158.6 13380
158.8 13263
159 13498
159.2 13392
159.4 13397
159.6 13457
159.8 13239
160 13241
160.2 13336
160.4 13389
160.6 13357
160.8 13111
161 13355
161.2 13440
161.4 13237
161.6 13577
161.8 13267
162 13271
162.2 13348
162.4 13485
162.6 13323
162.8 13294
163 13479
163.2 13162
163.4 13216
163.6 13261
163.8 13322
164 13101
164.2 13283
164.4 13602
164.6 13348
164.8 13453
165 13485
165.2 13415
165.4 13263
165.6 13339
165.8 13397
166 13417
166.2 13339
166.4 13385
166.6 13345
166.8 13353
167 13418
167.2 13427
167.4 13381
167.6 13438
167.8 13240
168 13452
168.2 13436
168.4 13362
168.6 13553
168.8 13296
169 13315
169.2 13379
169.4 13454
169.6 13353
169.8 13235
170 13375
170.2 13344
170.4 13271
170.6 13175
170.8 13403
171 13401
171.2 13589
171.4 13487
171.6 13219
171.8 13197
172 13351
172.2 13201
172.4 13351
172.6 13312
172.8 13349
173 13526
173.2 13401
173.4 13479
173.6 13441
173.8 13361
174 13348
174.2 13315
174.4 13363
174.6 13306
174.8 13347
175 13510
175.2 13536
175.4 13297
175.6 13505
175.8 13499
176 13288
176.2 13319
176.4 13275
176.6 13276
176.8 13480
177 13433
177.2 13471
177.4 13569
177.6 13303
177.8 13362
178 13254
178.2 13569
178.4 13329
178.6 13472
178.8 13134
179 13218
179.2 13613
179.4 13432
179.6 13226
179.8 13514
180 13473
180.2 13391
180.4 13408
180.6 13398
180.8 13345
181 13292
181.2 13305
181.4 13263
181.6 13354
181.8 13276
182 13542
182.2 13354
182.4 13291
182.6 13395
182.8 13459
183 13361
183.2 13197
183.4 13174
183.6 13340
183.8 13434
184 13288
184.2 13419
184.4 13447
184.6 13297
184.8 13412
185 13400
185.2 13244
185.4 13503
185.6 13461
185.8 13602
186 13420
186.2 13277
186.4 13282
186.6 13470
186.8 13216
187 13608
187.2 13237
187.4 13492
187.6 13318
187.8 13410
188 13409
188.2 13336
188.4 13322
188.6 13380
188.8 13298
189 13415
189.2 13319
189.4 13353
189.6 13527
189.8 13417
190 13177
190.2 13416
190.4 13217
190.6 13380
190.8 13473
191 13378
191.2 13308
191.4 13163
191.6 13294
191.8 13204
192 13470
192.2 13524
192.4 13454
192.6 13409
192.8 13408
193 13354
193.2 13421
193.4 13276
193.6 13294
193.8 13400
194 13412
194.2 13593
194.4 13423
194.6 13238
194.8 13468
195 13421
195.2 13392
195.4 13269
195.6 13326
195.8 13367
196 13151
196.2 13256
196.4 13344
196.6 13291
196.8 13161
197 13390
197.2 13262
197.4 13403
197.6 13417
197.8 13305
198 13379
198.2 13319
198.4 13206
198.6 13491
198.8 13501
199 13520
199.2 13357
199.4 13411
199.6 13292
199.8 13481
200 13398
200.2 13296
200.4 13301
200.6 13593
200.8 13240
201 13170
201.2 13464
201.4 13370
201.6 13289
201.8 13515
202 13240
202.2 13242
202.4 13342
202.6 13466
202.8 13423
203 13305
203.2 13385
203.4 13529
203.6 13175
203.8 13604
204 13217
204.2 13372
204.4 13377
204.6 13269
204.8 13300
205 13327
205.2 13386
205.4 13542
205.6 13164
205.8 13287
206 13408
206.2 13159
206.4 13469
206.6 13143
206.8 13147
207 13228
207.2 13250
207.4 13290
207.6 13281
207.8 13536
208 13124
208.2 13350
208.4 13403
208.6 13420
208.8 13238
209 13245
209.2 13508
209.4 13472
209.6 13226
209.8 13348
210 13230
210.2 13175
210.4 13285
210.6 13159
210.8 13216
211 13255
211.2 13388
211.4 13455
211.6 13252
211.8 13134
212 13408
212.2 13241
212.4 13289
212.6 13265
212.8 13362
213 13457
213.2 13172
213.4 13347
213.6 13258
213.8 13366
214 13188
214.2 13274
214.4 13368
214.6 13381
214.8 13329
215 13197
215.2 13331
215.4 13310
215.6 13204
215.8 13306
216 13347
216.2 13219
216.4 13161
216.6 13120
216.8 13439
217 13170
217.2 13179
217.4 13165
217.6 13308
217.8 13325
218 13486
218.2 13328
218.4 13366
218.6 13370
218.8 13368
219 13060
219.2 13263
219.4 13172
219.6 13403
219.8 13277
220 13200
220.2 13663
220.4 13256
220.6 13291
220.8 13304
221 13102
221.2 13183
221.4 13245
221.6 13030
221.8 13485
222 13281
222.2 13124
222.4 13122
222.6 13224
222.8 13408
223 13140
223.2 13202
223.4 13232
223.6 13444
223.8 13340
224 13118
224.2 13172
224.4 13269
224.6 13148
224.8 13452
225 13305
225.2 13281
225.4 13319
225.6 13183
225.8 13281
226 13352
226.2 13213
226.4 13157
226.6 13297
226.8 13072
227 13149
227.2 13449
227.4 13424
227.6 13460
227.8 13401
228 13269
228.2 13243
228.4 13362
228.6 13201
228.8 13205
229 13236
229.2 13264
229.4 13243
229.6 13233
229.8 13118
230 13197
230.2 13064
230.4 13204
230.6 13217
230.8 13331
231 13304
231.2 13292
231.4 13340
231.6 13195
231.8 13326
232 13265
232.2 13248
232.4 13343
232.6 13054
232.8 13311
233 13266
233.2 13243
233.4 13240
233.6 13306
233.8 13205
234 13457
234.2 13252
234.4 13211
234.6 13297
234.8 12888
235 13515
235.2 13377
235.4 13455
235.6 13427
235.8 13343
236 13251
236.2 13144
236.4 13320
236.6 13408
236.8 13320
237 13520
237.2 13242
237.4 13194
237.6 13409
237.8 13096
238 13381
238.2 13352
238.4 13288
238.6 13182
238.8 13270
239 13397
239.2 13101
239.4 13061
239.6 13181
239.8 13494
240 13336
240.2 12988
240.4 13217
240.6 13209
240.8 13233
241 13124
241.2 13028
241.4 13285
241.6 12967
241.8 13134
242 13251
242.2 13354
242.4 13233
242.6 13150
242.8 13220
243 13461
243.2 13193
243.4 13378
243.6 13224
243.8 13192
244 13435
244.2 13377
244.4 13115
244.6 13380
244.8 13312
245 13137
245.2 13317
245.4 13405
245.6 13410
245.8 13299
246 13259
246.2 13046
246.4 13145
246.6 13131
246.8 13229
247 13434
247.2 13443
247.4 13063
247.6 13327
247.8 13312
248 13432
248.2 13187
248.4 13307
248.6 13299
248.8 13079
249 13212
249.2 13295
249.4 13255
249.6 13394
249.8 13291
250 13318
