0.00362553 1.63083
0.00512727 1.58965
0.00627959 1.58952
0.00725105 1.58748
0.0102545 1.57934
0.0108766 1.56668
0.0125592 1.56323
0.0145021 1.53724
0.0153818 1.53869
0.0181276 1.53349
0.0188388 1.51532
0.0205091 1.50943
0.0217532 1.48169
0.0251184 1.46905
0.0253787 1.46048
0.0256363 1.44921
0.0290042 1.40553
0.0307636 1.39169
0.031398 1.3751
0.0326297 1.36868
0.0358909 1.3337
0.0362553 1.3344
0.0376776 1.32249
0.0398808 1.31154
0.0410181 1.28373
0.0435063 1.26363
0.0439572 1.25699
0.0461454 1.23169
0.0471318 1.21318
0.0502368 1.1803
0.0507574 1.1911
0.0512727 1.18724
0.0543829 1.14544
0.0563999 1.11891
0.0565163 1.12706
0.0580084 1.10058
0.0615272 1.08108
0.0616339 1.07934
0.0627959 1.08763
0.0652595 1.05119
0.0666545 1.0445
0.068885 1.02973
0.0690755 1.03115
0.0717817 1.00408
0.0725105 0.994205
0.0753551 0.970701
0.076136 0.98688
0.076909 0.979556
0.0797616 0.968
0.0816347 0.959197
0.0820363 0.949173
0.0833871 0.940688
0.0870126 0.933611
0.0871635 0.930218
0.0879143 0.933262
0.0906381 0.929112
0.0922908 0.921946
0.0941939 0.919866
0.0942637 0.914048
0.0974181 0.91353
0.0978892 0.906996
0.100474 0.905275
0.101515 0.907208
0.102545 0.905903
0.10514 0.909408
0.106753 0.914695
0.107673 0.903508
0.108766 0.904904
0.112391 0.909315
0.1128 0.91992
0.113033 0.907344
0.116017 0.910803
0.117927 0.91708
0.119312 0.908549
0.119642 0.91713
0.123054 0.916496
0.123268 0.911728
0.125592 0.927653
0.126893 0.928833
0.128182 0.950447
0.130519 0.956785
0.131871 0.945242
0.133309 0.944984
0.134144 0.957695
0.13777 0.963276
0.138151 0.972794
0.138436 0.965857
0.141395 0.964998
0.143563 0.976485
0.144431 0.980866
0.145021 0.995051
0.148647 1.0007
0.148691 0.989781
0.15071 0.996835
0.152272 0.998631
0.153818 1.00663
0.155898 1.00121
0.15699 1.01251
0.158945 1.01909
0.159523 1.02218
0.163149 1.02714
0.163269 1.02727
0.164073 1.03083
0.166774 1.03135
0.1692 1.04086
0.169549 1.03739
0.1704 1.02973
0.174025 1.04769
0.174327 1.04892
0.175829 1.0522
0.177651 1.05506
0.179454 1.05041
0.181276 1.02631
0.182108 1.04506
0.184582 1.05744
0.184902 1.05487
0.188388 1.03436
0.188527 1.0357
0.189709 1.03776
0.192153 1.02938
0.194667 1.02808
0.194836 1.03671
0.195778 1.04019
0.199404 1.04704
0.199963 1.04042
0.200947 1.02494
0.203029 1.0405
0.205091 1.03109
0.206655 1.01946
0.207227 1.03711
0.210218 1.02146
0.21028 1.02487
0.213506 1.02257
0.213906 1.02923
0.215345 1.0084
0.217532 1.00999
0.219786 1.00514
0.220472 1.02187
0.221157 0.997963
0.224783 0.986289
0.2256 1.00635
0.226065 0.997641
0.228408 1.00928
0.230727 1.00243
0.232034 0.999972
0.232345 0.980676
0.235659 0.984242
0.235854 0.991145
0.238625 0.981468
0.239285 0.985468
0.240982 0.991322
0.24291 0.991019
0.244904 0.981547
0.246109 0.980977
0.246536 0.983594
0.250161 0.986238
0.251184 0.983287
0.251236 0.986326
0.253787 0.964508
0.256363 0.971793
0.257412 0.980506
0.257463 0.982516
0.261038 0.974941
0.261491 0.984155
0.263743 0.983865
0.264663 0.980926
0.266618 0.978871
0.268289 0.985199
0.270023 0.980026
0.271745 0.969234
0.271914 0.983555
0.27554 0.999473
0.276302 0.975333
0.276872 0.978719
0.279165 0.980769
0.282 0.976951
0.282582 0.984878
0.282791 0.976407
0.286417 0.976249
0.287127 0.992509
0.288861 0.985925
0.290042 0.989253
0.292254 0.978805
0.293668 0.974874
0.295141 0.995296
0.297293 0.994719
0.297382 0.990672
0.300919 0.996636
0.301421 0.99284
0.302509 0.98976
0.304544 0.993108
0.307636 1.00652
0.3077 0.999564
0.30817 0.9961
0.311795 1.0092
0.312763 0.999114
0.31398 1.00324
0.315421 1.00749
0.317891 1.00517
0.319046 0.999124
0.320259 0.99903
0.322672 1.00618
0.323018 1.01355
0.326297 1.01243
0.326539 1.02701
0.328145 1.00686
0.329923 0.99454
0.332818 1.01646
0.333272 1.0016
0.333548 1.00459
0.337174 1.01023
0.3384 1.00444
0.339098 1.0059
0.340799 1.02332
0.343527 1.00981
0.344425 1.01058
0.345378 1.00899
0.34805 1.00972
0.348654 1.01578
0.351657 1.00207
0.351676 0.999216
0.353781 1.00871
0.355301 1.00961
0.357937 1.01708
0.358909 1.00314
0.358927 1.00179
0.362553 1.00326
0.364036 0.99659
0.364216 1.00795
0.366178 0.991631
0.369163 1.00644
0.369804 1.00029
0.370496 1.00666
0.373429 1.00343
0.374291 1.01539
0.376776 1.00085
0.377055 0.997851
0.379418 0.985868
0.38068 1.00753
0.383055 0.993481
0.384306 1.00326
0.384545 1.00611
0.387931 1.01835
0.389335 1.01216
0.389672 0.995672
0.391557 1.00257
0.3948 1.00067
0.395182 0.998519
0.395614 1.01003
0.398808 0.998634
0.399927 1.00117
0.401894 0.996824
0.402433 0.988075
0.405054 0.99961
0.406059 1.00157
0.408174 0.984177
0.409684 0.988332
0.410181 0.988111
0.41331 0.989436
0.414453 0.989514
0.415309 1.00095
0.416935 0.984548
0.420436 0.991541
0.420561 1.01501
0.420733 0.993902
0.424186 0.99697
0.425563 0.987185
0.427012 0.989205
0.427812 0.988036
0.43069 0.990943
0.431438 0.997563
0.433292 0.994303
0.435063 1.00413
0.435818 1.0001
0.438689 0.991245
0.439572 0.98803
0.440945 0.990281
0.442314 0.98926
0.445851 1.00488
0.44594 1.00466
0.446072 0.986645
0.449565 1.00444
0.4512 0.991049
0.452131 0.994909
0.453191 0.999498
0.456327 0.999181
0.456816 0.99811
0.45841 1.00048
0.460442 0.988325
0.461454 1.00637
0.464067 1.00639
0.46469 0.997359
0.466581 0.999489
0.467693 1.00942
0.47097 0.988192
0.471318 0.996437
0.471709 1.00552
0.474944 0.98565
0.476836 0.994414
0.477249 0.997633
0.478569 0.99498
0.481963 1.00308
0.482195 1
0.483529 0.992521
0.48582 0.995303
0.48709 0.993895
0.489446 0.998221
0.489808 0.992115
0.492218 0.997942
0.493071 0.996454
0.496088 1.00468
0.496697 1.00583
0.497345 0.995483
0.500323 1.00667
0.502368 1.00437
0.502472 1.00555
0.503948 1.0175
0.507574 1.00312
0.507599 0.997871
0.508647 1.00345
0.511199 1.00015
0.512727 1.00702
0.514825 0.993854
0.514927 1.01346
0.517854 1.00031
0.51845 1.01432
0.521206 1.00776
0.522076 0.987781
0.522981 1.00307
0.525701 1.01225
0.527486 1.00754
0.528109 1.00575
0.529327 0.999378
0.532952 0.995522
0.533236 0.993508
0.533766 1.00115
0.536578 1.00076
0.538363 1.00002
0.540045 0.999234
0.540203 0.986542
0.54349 1.00115
0.543829 0.989416
0.546325 1.00701
0.547454 1.00514
0.548618 1.00257
0.55108 0.993632
0.552604 1.00866
0.553745 0.998463
0.554705 1.0149
0.558331 1.00622
0.558872 1.00097
0.558884 0.99658
0.561956 1.00394
0.563999 1.01023
0.565163 1.00463
0.565582 0.99565
0.569127 1.00524
0.569207 1.00601
0.571443 0.990449
0.572833 0.999618
0.574254 1.0092
0.576459 1.00312
0.577723 1.00278
0.579381 0.998113
0.580084 1.00903
0.58371 0.99856
0.584002 1.00364
0.584508 1.00082
0.587335 0.998294
0.589636 1.01594
0.590282 0.993437
0.590961 0.999303
0.594586 0.993465
0.594763 1.00646
0.596561 1.01306
0.598212 1.00104
0.59989 1.00677
0.601837 0.988782
0.602841 1.01145
0.605018 1.00275
0.605463 0.999656
0.609088 1.00837
0.609121 1.00871
0.610145 1.00029
0.612714 0.996362
0.615272 1.00277
0.6154 0.998088
0.616339 1.00767
0.619965 1.00439
0.620399 0.993611
0.62168 0.997738
0.62359 1.00015
0.625527 0.998846
0.627216 1.00175
0.627959 0.991737
0.630654 0.984491
0.630841 0.988358
0.634239 1.00599
0.634467 1.00418
0.635781 0.992866
0.638092 0.992664
0.640519 1.00178
0.640908 0.996609
0.641718 0.990814
0.645344 0.973331
0.646036 0.995894
0.646798 0.993341
0.648969 0.994984
0.651163 1.00023
0.652595 1.00726
0.653078 0.997727
0.65622 0.996158
0.65629 1.00237
0.659357 0.999792
0.659846 0.997993
0.661417 0.992419
0.663471 0.995412
0.665637 0.989767
0.666545 0.994567
0.667097 0.993823
0.670722 0.983582
0.671672 1.00375
0.671917 1.00062
0.674348 0.995044
0.676799 1.00289
0.677973 0.992248
0.678196 1.0012
0.681599 0.997016
0.681927 0.998889
0.684476 1.00493
0.685224 0.995814
0.687054 1.00543
0.68885 0.996959
0.690755 0.996903
0.692181 0.99782
0.692475 1.00735
0.696101 1.00912
0.697035 0.995373
0.697308 1.00364
0.699726 1.01154
0.702436 1.00409
0.703315 1.01376
0.703352 1.01262
0.706977 0.991883
0.707563 1.00681
0.709594 0.997218
0.710603 1.01796
0.71269 1.00446
0.714229 1.01002
0.715874 1.01212
0.717817 0.997515
0.717854 1.02091
0.72148 1.00792
0.722153 1.00456
0.722945 1.00862
0.725105 0.991958
0.728072 1.0169
0.728433 1.00313
0.733199 1.00813
0.734713 1.00286
0.738326 1.00426
0.740992 1.00571
0.743454 1.0085
0.747272 1.0085
0.748581 1.01081
0.753551 0.999433
0.753708 1.01638
0.758836 0.998348
0.759831 1.0117
0.763963 1.00031
0.766111 1.00841
0.76909 1.00443
0.77239 0.990425
0.774217 1.01086
0.77867 0.993403
0.779345 1.00443
0.784472 1.00483
0.784949 0.993628
0.789599 1.00075
0.791229 0.986641
0.794726 0.991711
0.797508 1.0017
0.799854 1.00479
0.803788 1.00235
0.804981 0.986219
0.810068 0.997814
0.810108 0.99919
0.815235 0.995093
0.816347 0.991324
0.820363 0.995573
0.822627 0.995074
0.82549 0.993799
0.828906 1.00902
0.830617 0.992023
0.835186 0.997107
0.835745 0.987368
0.840872 1.00029
0.841466 0.995626
0.845999 0.997105
0.847745 1.00168
0.851126 0.994679
0.854025 0.999465
0.856254 0.998941
0.860304 0.997197
0.861381 1.00092
0.866508 1.00093
0.866584 1.0138
0.871635 1.00914
0.872864 1.00226
0.876763 1.00509
0.879143 0.993936
0.88189 1.00424
0.885423 1.00612
0.887017 1.01245
0.891702 0.998889
0.892145 1.01125
0.897272 1.00578
0.897982 1.00318
0.902399 1.01159
0.904262 0.9936
0.907526 0.996823
0.910541 0.996453
0.912654 0.998877
0.916821 0.999532
0.917781 1.00279
0.922908 1.01401
0.9231 1.00811
0.928035 0.998979
0.92938 0.994738
0.933163 0.999436
0.93566 1.00802
0.93829 1.00276
0.941939 1.00089
0.943417 0.992816
0.948219 0.997857
0.948544 1.00143
0.953672 1.01188
0.954498 1.00276
0.958799 0.98617
0.960778 1.00169
0.963926 0.99426
0.967058 1.00405
0.969054 0.998868
0.973337 0.989552
0.974181 1.00305
0.979308 0.997384
0.979617 1.00459
0.984435 0.998438
0.985896 0.993216
0.989563 0.996724
0.992176 1.00768
0.99469 1.00113
0.998455 0.985956
0.999817 1.00568
1.00474 1.00105
1.00494 1.00794
1.01007 0.992507
1.01101 0.997558
1.0152 0.998406
1.01729 0.997613
1.02033 0.998922
1.02357 1.00015
1.02545 1.00312
1.02985 0.99864
1.03613 1.00048
1.04241 0.98853
1.04869 1.00828
1.05497 1.01456
1.06125 0.997724
1.06753 1.00738
1.07381 0.996123
1.08009 0.996048
1.08637 1.00921
1.09265 1.01467
1.09893 1.00682
1.10521 0.993954
1.11149 0.996117
1.11777 0.989943
1.12405 0.997057
1.13033 0.986365
1.13661 0.996043
1.14289 1.002
1.14917 0.995064
1.15545 1.00444
1.16172 0.991566
1.168 1.00069
1.17428 1.00291
1.18056 1.00722
1.18684 1.01099
1.19312 1.00597
1.1994 1.0029
1.20568 0.997054
1.21196 1.00163
1.21824 1.00346
1.22452 1.00089
1.2308 1.01132
1.23708 1.00634
1.24336 1.00359
1.24964 0.996979
1.25592 1.00158
