10053096.49148734
544
22.05052079871632 1.304788704976602 5.851525650969769 1 2 14 43 0
  21.48056661128756 0.04389522077579677    7.50031000573815 -1 3.08 122.06 19 0
17.97230244516503 1.420565337320694  4.07880405846554 0 2.78 90.06 57 0
17.78094111060158 2.452357664447389 0.308183626384821 0 2.7 82.04000000000001 50 0
   17.40151885181204    7.343293696188526 -0.07721421740329504 0 3.06 120.07 18 0
 13.66412198380328  4.480289457552599 -3.161364894696293 -1 2.97 110.05 4 0
 12.92595068620949  1.709900731869956 0.9040667502273756 0 2.9 102.07 7 0
14.19225659196494  6.73005490822487 3.923228127286379 0 3.21 138.1 45 0
 12.23910468424257  8.209638926298867 0.1293358289226987 0 2.95 108.05 3 0
  8.979936489133117   3.907361293577809 -0.3522489146568013 0 3.06 120.07 18 0
9.999716066954251  3.05359424539429 4.651611240939882 0 3.21 138.1 45 0
8.951855572107569 9.520647566865401 4.933646251991391 0 2.95 108.05 3 0
5.353305259196214  8.83366131069055 1.547208662877051 0 2.9 102.07 34 0
3.781053842526906 5.137468583190735 2.221771346439965 0 3.21 138.1 45 0
4.060006260621741 7.751932274748293 7.345313009617684 0 2.51 66.04000000000001 1 0
3.709014539583049   11.667564904197 5.617246189609876 0 3.06 120.07 18 0
-0.1376762860865737   8.790449289508885   2.222166742428019 0 3.33 154.1 56 0
-0.4411478723152564   6.809333093447139   8.034034483318244 0 2.7 82.04000000000001 50 0
-0.7642529456899316   10.42249868834792   9.658270459150756 0 2.51 66.04000000000001 1 0
-3.292811778080791  11.68875581785515  7.605815070879419 0 2.51 66.04000000000001 1 0
-5.605950461193672  9.313485682425277  8.955672183491217 0 2.51 66.04000000000001 1 0
-4.352701338414024  9.256132610462073  13.06992245213829 0 3.33 154.1 56 0
-5.958968002427957  14.31741422653628  10.03335105825721 0 2.86 98.09999999999999 15 0
-10.43890074624751  14.36350398898517    10.411656962504 0 2.35 54.03 20 0
-10.20191180408736  17.24676450765318  6.397119375473647 1 3.03 116.08 52 0
-8.438639902809168    13.444133392559  5.903457734430468 0 2.95 108.05 3 0
-11.70648059742394  10.73220219892072   8.08745416522779 0 2.95 108.05 3 0
-15.98106763507848  12.84789078101191  6.292879982492984 -1 2.97 110.05 4 0
-13.82253663749548  14.01835198034686   2.28998821189904 0 2.51 66.04000000000001 1 0
 -14.78304788429685   15.56062409879737 -0.5695461670703068 0 2.78 90.06 9 0
-14.25966204777515  13.32018013075568 -3.866420763145218 0 2.51 66.04000000000001 5 0
-11.13522940519208  15.11567858688604 -5.368435398719583 0 2.35 54.03 20 0
-10.59270641094181  16.77830212399104 -2.367640040465712 0 2.82 94.05 54 0
-6.784392538043113  18.42453149526942 -2.154749662539615 0 2.95 108.05 3 0
-4.881041113227546  14.80334504891073 0.8720468438016376 0 2.9 102.07 26 0
-4.514976989756435  18.38674439968733  3.785140759846499 0 2.82 94.05 54 0
-2.037551025617149  17.21387774770457  6.815037526972404 0 2.86 98.09999999999999 15 0
-3.079160080277353  19.73846725467803  10.37466677885165 0 2.82 94.05 54 0
1.021864564608974 20.31192661773015 11.44659552295069 0 2.35 54.03 20 0
3.281360471618656 21.06643311382854 8.940271082462814 0 2.95 108.05 3 0
2.132657742106782 15.96702046194253 8.897344842684252 0 2.51 66.04000000000001 1 0
1.138012424433072 15.54322603313623 4.995686094872561 0 2.86 98.09999999999999 15 0
4.517057490607377 17.33354149025478 3.637249488025766 0 2.78 90.06 9 0
 6.329438626642114  14.75906507983042 0.7596486051142328 -1 3.08 122.06 19 0
 0.980064699472762   13.8378754054873 0.5758846550944767 0 2.78 90.06 57 0
0.4229262461139287  18.51094806112481   1.07543116216803 -1 3.08 122.06 19 0
 5.358850775094861  17.74136258806603 -3.112685033681803 1 3.03 116.08 52 0
 1.390529033271915  15.41500873931637 -4.441074034691077 0 2.51 66.04000000000001 1 0
-1.990524158369484  15.10982292131757 -7.744334536973597 -1 2.97 110.05 4 0
-3.285627854037869  14.19416039522733 -3.458326304543892 0 2.51 66.04000000000001 1 0
-6.749204673220792  13.17571895714922  -4.56836308937134 0 2.82 94.05 54 0
  -9.53564341274973   12.36536227547225 -0.7648644087657104 0 3.21 138.1 45 0
-10.69556118578795  8.012898747678845 -4.395248137764437 0 2.9 102.07 7 0
-14.31449987536251  5.943926940847494 0.5163339341764406 0 3.33 154.1 56 0
-13.57094275320151  9.059849316799459  2.927538107003908 0 2.7 82.04000000000001 50 0
-12.79935983051344   5.41431681611221  5.530308283709282 0 3.21 138.1 45 0
-15.97798928962521  8.548020179613307  9.809713267483819 -1 3.08 122.06 19 0
-16.60159178569348  5.376095065655461  12.80505915906642 -1 2.97 110.05 4 0
-16.89217178868198  1.610743017398784  9.253592809616279 0 2.7 82.04000000000001 50 0
-18.30806662189914 -1.015235292825299  10.93888528948428 0 2.35 54.03 20 0
 -17.2872775973952 -3.476951615224474  13.79406698685038 0 2.78 90.06 12 0
 -14.01567680635409 -0.8627343767334867   14.38449353197196 0 2.35 54.03 20 0
-15.01992981555752  2.448044665634296  14.54261700732705 -1 2.97 110.05 4 0
-12.94535978176834  1.611614354546163  9.979791290115308 0 2.78 90.06 57 0
-11.00336943895062  5.368605203902929  10.15678642343644 0 2.82 94.05 54 0
-9.873220197811451  6.656464990794563  6.388228891281802 0 2.35 54.03 20 0
-7.001564387787987  7.981358730028433   3.25686313483968 0 3.21 138.1 45 0
-8.764858152975254  5.425557297898422 -1.161704410782447 0 2.9 102.07 34 0
-5.759484266030692   7.58862462105154 -2.494550075179646 0 2.51 66.04000000000001 1 0
-5.249038009864806  9.328152428219667 -6.668573031570824 0 2.9 102.07 34 0
-0.2124864586294155   9.880894378331616  -6.080256939247256 -1 2.97 110.05 4 0
-1.616395718518085  11.38925720562824  -10.3008708027685 0 2.95 108.05 3 0
 3.128521887072015  12.37651682423776 -8.671540763202493 0 2.82 94.05 54 0
 4.255712620845908  9.053076309218286 -6.649874568418866 0 2.95 108.05 3 0
 2.155604766448342  6.382823033720452 -10.99293022814013 1 3.03 116.08 52 0
0.4295886700136631  5.611000584714729   -5.6862562639988 0 2.9 102.07 34 0
 -3.84837021205308  3.207975599187004 -5.550813519369051 0 2.9 102.07 26 0
  -3.1101717349091  4.864007076041051 -1.032352634201672 0 2.78 90.06 57 0
-5.904136057668645  1.940510132081537  1.668133987979747 0 2.9 102.07 34 0
-5.016031229710187  4.970814823190117  4.830989391879733 0 2.7 82.04000000000001 50 0
-6.491602399965558  1.259151814490942  6.998822513663722 0 3.21 138.1 45 0
-7.871975501830117   6.23870887211138  12.37190213745955 1 3.25 144.09 2 0
-6.06388124020032 4.430088623345027 14.10010291940886 0 2.35 54.03 20 0
-6.889456039454287   4.67855495480581  17.80638309530052 0 2.7 82.04000000000001 50 0
-8.028847510359684  9.784347254719947  17.69906542183063 1 3.25 144.09 48 0
-7.160051357633586  6.674948382376574  22.13193513754427 0 2.7 82.04000000000001 50 0
-3.366278540296552  4.958088902469712   21.0732064905373 0 2.9 102.07 26 0
-3.666345939258548  6.127311797500484  25.14044417584112 -1 3.08 122.06 19 0
-7.931237981517361    3.5838017506713  26.11969211466224 0 2.95 108.05 3 0
 -5.755199958566539 -0.1947279760154199   20.91209567711655 0 3.48 176.13 11 0
 -3.031849021456406 -0.2419978291825196   24.54446215737966 0 2.9 102.07 26 0
-5.770589703126102 -1.468673075681282  27.84340385594129 0 2.35 54.03 20 0
-8.925065491974392 -1.778834311206486   26.7703090266229 0 2.95 108.05 3 0
-6.049147522437277 -5.154992958317827  23.42373799924548 0 2.9 102.07 34 0
-8.841076584878779 -8.942853273226715  23.33044620751419 0 2.95 108.05 3 0
-4.621976570252905 -10.16084710658276  23.93314190242332 0 3.21 138.1 8 0
-9.188468960158263 -13.35745290135414  21.76566325941059 -1 2.97 110.05 4 0
-6.878217778486634 -15.91200820623667  18.25561430147854 0 2.9 102.07 7 0
-10.87789878845624 -15.65229053902867  14.42629992797467 1 3.03 116.08 52 0
-10.48713747081425 -19.96763642926138  11.54416591708282 -1 3.08 122.06 19 0
-7.954073249378985 -16.92769983170378   9.32447649160229 0 2.9 102.07 26 0
-8.622245314359423 -21.41680660245005  7.142895297168163 0 2.95 108.05 3 0
-10.36553750751216 -17.40435639686456  5.061910988813672 -1 2.97 110.05 4 0
-6.511822720591077 -15.78958597434784  4.652291855332649 0 2.9 102.07 26 0
-4.130382961460739 -18.86136605851334  5.904459894589625 0 2.86 98.09999999999999 15 0
-3.800408024409867 -23.26471943381881  6.462481942020236 0 2.7 82.04000000000001 50 0
-3.804831749372863 -22.47146497503446  10.34310892796467 0 2.35 54.03 20 0
-3.855250245440543 -19.22443994139981  9.603918551307959 0 2.86 98.09999999999999 15 0
-5.886811940058433 -18.69742688750632  15.23742921026415 1 3.25 144.09 48 0
-6.437317337757072 -14.13361197934443  14.12744573973276 0 2.35 54.03 20 0
-7.046425219432724 -9.891866008293688  16.85486443184104 0.5 3.14 130.08 23 0
-11.62942116955297 -11.82273593620439  16.60015978248348 -1 2.97 110.05 4 0
-10.77635868543672 -7.853695789866546  15.78474410594337 0 2.35 54.03 20 0
-7.106010230751441 -6.512678276212076  14.60861134992682 0 3.21 138.1 45 0
-9.961438984649293 -10.28464972750085  11.50348799937139 0 2.82 94.05 54 0
-13.75912276519491 -8.855085061255835  12.37860729349907 0 2.7 82.04000000000001 50 0
-12.7653126660921 -4.83452942194492  11.3654588100899 0 2.7 82.04000000000001 50 0
-10.75338245314929  -5.97481967759933  5.871821947907549 0 3.48 176.13 55 0
-14.04908468924715 -9.792942384216932  6.147326546390957 1 3.25 144.09 48 0
-16.95044795249535 -5.185438896294919  8.094837738695453 0 2.7 82.04000000000001 50 0
-14.95385842568586 -2.946789867789749  5.400890857490115 0 2.78 90.06 57 0
-14.07750334297111 -5.628296561627716  2.546219137354754 0 2.51 66.04000000000001 1 0
-17.08117590999785 -6.618303358016272 0.2284073109097555 -1 2.97 110.05 4 0
-16.88040963333297 -1.562673540062543 0.4324687282175574 0 2.82 94.05 54 0
 -12.64237749346187 -0.9104492339887738  0.9469335450113228 0 2.9 102.07 34 0
-12.43822728175389 -6.585469847922349 -3.166960565549351 1 3.25 144.09 48 0
-15.71210293313302 -1.379573827155889 -4.807987641894817 0 3.06 120.07 18 0
 -14.0475588584867  1.806515247022863 -3.677216469793052 1 3.03 116.08 52 0
 -9.250165965446461 -0.8611547900461898  -4.748984645601929 0 2.78 90.06 57 0
-11.03987568732645 -3.986728266370428 -7.588684553791374 -1 3.08 122.06 19 0
-13.15085027929756 0.7033051761699802 -9.261427988374578 -1 2.97 110.05 4 0
-8.631530978703724  2.275893376664767 -9.361729660486969 0 2.51 66.04000000000001 1 0
 -6.952896781284236 -0.9377613086630596   -10.5631703805881 0 2.78 90.06 12 0
-11.57253780610509 0.4586510627293467 -13.57509639414135 1 3.25 144.09 48 0
-9.820370328634215  4.378143343324554  -14.0561092888538 -1 3.08 122.06 19 0
-5.752945486243471  4.794839209464374 -12.44681822794698 0.5 3.14 130.08 23 0
-3.807284691815663  0.323407503774602 -14.95743799058766 0 2.78 90.06 9 0
-0.3492577195040543   2.475568868625853  -14.35668435657983 -1 2.97 110.05 4 0
-1.432131987726282  4.650854528336481 -11.01967137657904 0 3.33 154.1 56 0
 2.900559897943595 0.9153246211840358 -6.037602893294418 1 3.25 144.09 48 0
 -1.73114996053665 -1.210666021596337 -4.717819732808977 0 2.78 90.06 57 0
-0.09629516083378942   0.9245706800739288   -1.330619115302341 0 2.78 90.06 57 0
-3.095200790342481 -1.667476591379274  1.175300871757145 0 3.21 138.1 45 0
-0.8323787035857824   2.260755869329242   4.965681718084415 0 2.82 94.05 54 0
-0.4643498497714873   2.000012355148566   8.713273557009369 0 2.35 54.03 20 0
0.02232973711543895    4.11066543876534   13.38446768237822 0.5 3.14 130.08 23 0
-1.194755092919152    1.2056594524243   15.0937004763452 0 2.7 82.04000000000001 50 0
 -5.438093707881536 -0.4341778700674634   14.60110737107101 0 2.9 102.07 34 0
-3.887493358571227 0.2782407254398471  10.83506006493782 0 2.35 54.03 20 0
-1.565672246453172 -1.841200376840254  10.34388072545972 0 2.35 54.03 20 0
-3.283335784936003 -4.369402355706622  11.13344309076895 0 2.51 66.04000000000001 1 0
-6.541140067528321 -3.024200763020929  9.547062638088669 0 2.9 102.07 34 0
-3.288232264663658 -3.295888146216246  6.280902077879809 0 2.51 66.04000000000001 1 0
-1.385793861607744 -6.455214087529528   7.31880993901542 0 2.82 94.05 54 0
-5.305885397350503 -8.354068019164043  7.356679577247348 0 2.78 90.06 57 0
-6.073260031520401 -6.529821573600902  3.845865129445659 0 2.51 66.04000000000001 1 0
-3.548949103817609 -7.848083681193319  1.970080396858059 0 2.35 54.03 20 0
-3.697025077309235  -10.9441421982677  2.780010129252858 0 2.51 66.04000000000001 1 0
-8.022275291475617 -11.11519665383184   1.92847917254926 -1 2.97 110.05 4 0
-7.356163612999194  -8.30461307386134 -1.239693989293356 0 2.9 102.07 34 0
-1.479314606653437 -9.975847103970615 -1.298085736809465 1 3.25 144.09 2 0
-4.600117345978083 -12.60846848529641 -6.087221874888318 0 2.35 54.03 20 0
-7.205819239096517 -10.67440790779945 -7.122837795007264 0 2.95 108.05 3 0
-3.902642770647175   -8.8972670192645 -10.47956201608413 0 2.35 54.03 20 0
-4.757630212416729 -6.133178576386732 -7.211424845439423 0 3.33 154.1 56 0
0.8527969694306741 -6.675817100837538 -6.887503112929064 -1 2.97 110.05 4 0
-1.103892368370136 -5.357366530075543 -2.428555261312239 0 2.9 102.07 26 0
 3.054465932596072 -3.253264119417513 -1.542243634307432 -1 2.97 110.05 4 0
 1.987685579843692 -3.466027415871603  3.214784899712999 0 2.78 90.06 57 0
 4.375144208124293 0.3273051238092011  3.456264824360709 0 3.21 138.1 45 0
 3.507927920115207 -1.198536615568349  8.946551967767267 0 2.7 82.04000000000001 50 0
4.452637016880704 2.801981952259149 9.505140297201642 0 3.33 154.1 56 0
   3.302605653198818 -0.01025824067612202    14.89115542749345 0 2.35 54.03 20 0
 2.283780626872411 -2.969640102856885  14.38916382816776 0 2.51 66.04000000000001 1 0
0.1755756596637146 -4.948954220818919  16.01022935597793 0 2.78 90.06 47 0
 2.745574993642129 -9.399787185070039  17.86596300230052 1 3.25 144.09 2 0
-1.971162142560135  -10.0422902315048  13.28654910417743 0 2.78 90.06 57 0
-1.011013193615067 -13.69980094891587  14.82345748082233 0 2.35 54.03 20 0
-0.7807822663558399  -17.74540925356617   14.08228531719138 0 2.95 108.05 3 0
 5.108167979665055 -19.22553642728358  13.77562007227935 1 3.25 144.09 48 0
 1.051487247239424 -19.47356403194452  10.23753545473285 0 2.51 66.04000000000001 1 0
-1.129145070854151 -14.79737430984453  9.336205108563593 0 3.21 138.1 45 0
  3.73265652745331 -15.17364746405201  9.991149951549314 0 2.51 66.04000000000001 1 0
 5.092188132591364 -18.86420061529009  8.567026971187829 -1 3.08 122.06 19 0
0.6649976482834639 -16.07677358258883  4.343692272081437 0 3.21 138.1 8 0
 2.504120378037099 -12.32590421522793  6.347315387145457 0 2.9 102.07 34 0
 7.099951415208832 -13.93375910029499  5.392349020274132 0 2.82 94.05 54 0
 6.232362799288724 -16.18841782431378  1.707857326165072 0 2.78 90.06 12 0
 1.818130655799866 -13.29711626645824 0.3768246807191424 0 3.06 120.07 18 0
 3.321556486463587 -13.50023156775818 -3.752272552079489 0 2.82 94.05 54 0
 1.697056495855321 -9.864191724803915 -4.408421202285261 0 2.35 54.03 20 0
 3.791082340555919 -8.568698105427048 -2.463614258089907 0 2.35 54.03 20 0
  6.141685802951766  -6.538621763686987 -0.2559572606960216 0 2.82 94.05 54 0
  5.13010661343644 -6.705286649627123  4.518413941220828 0 2.9 102.07 34 0
7.867078922732151 -3.07059211732764 2.841238562899093 0 3.33 154.1 56 0
 7.193855332635504 -5.498839276972562   10.7660895881348 1 3.25 144.09 2 0
  8.093327114785122 -0.1655751946743811   9.907174132270121 0 2.9 102.07 26 0
    9.7494579181518 -0.9160694451756818   14.08953209818268 0 2.82 94.05 54 0
10.79227978638046 3.728431527533554 17.11697330911617 0.5 3.14 130.08 23 0
12.87254762755956 2.026589921636667 19.35474828999472 0 2.82 94.05 54 0
11.02997891126663 1.240741055732203  23.2576841205591 0 2.95 108.05 3 0
 6.704750400744147 0.6940680261234862  20.19180073270375 -1 2.97 110.05 4 0
 4.133152432265346 -1.037948791921943   23.5569935419669 0 2.9 102.07 6 0
 2.320066922606638 -1.681398580043705  19.96022522648496 0 2.78 90.06 57 0
 5.050943677726392 -3.973574313265051  18.39403508285852 0 2.78 90.06 47 0
 7.247441471305756 -5.137761576517752  22.81665042614269 1 3.25 144.09 48 0
 1.009674959355886 -6.057028437277905  22.15289489415225 0 2.9 102.07 34 0
-0.4246187782995756   -9.26867087022447   21.14822212881784 0 2.78 90.06 47 0
 1.430714884847479 -11.12509816652978  24.02890758571707 0 2.78 90.06 47 0
 5.377582775344916 -14.89875917558753  21.21642656942709 1 3.25 144.09 48 0
 3.300499305734152 -15.16072504296237  25.85150544262239 -1 3.08 122.06 19 0
-1.827302790778019  -14.3893485612353  25.07264088486276 0 3.21 138.1 8 0
-0.08797148180692638   -16.86400325374282    20.16829375488763 0 2.35 54.03 20 0
-0.653037293283337 -13.48455717831371  18.94490630188486 0 3.33 154.1 56 0
  3.90159050427166 -14.33724693335377  15.71367854338174 0 2.7 82.04000000000001 50 0
 5.677524020322164 -9.985407802436017  14.59277473859357 0.5 3.14 130.08 23 0
 6.185756472276305 -10.83335773262807  10.28710049373031 0 2.7 82.04000000000001 50 0
 9.808311253368355 -11.65351570367522  8.265827931315943 0 2.7 82.04000000000001 50 0
 11.00085433604049 -8.626121841964803  7.520105859232526 0 2.78 90.06 47 0
 11.92078173687638 -5.790629304239955  12.14507122824341 -1 3.08 122.06 19 0
 12.36407193045744 -3.020595149852119  7.386097220459916 0 3.33 154.1 56 0
 15.06734318874734 -1.393033896150255  15.23813567643208 0 3.48 176.13 11 0
13.60525891955456  2.97403048169954 13.47641284787421 0 2.9 102.07 26 0
18.8038629315767 2.47998106940797 15.5151939847649 1 3.03 116.08 52 0
16.21445138500749 6.843277968756666 15.68359240083482 0 2.7 82.04000000000001 50 0
14.81771236773522   8.8437397148227  18.2015159357609 0 2.35 54.03 20 0
11.78196694636704 10.02596988691205 20.25251217325468 0 2.82 94.05 54 0
11.57885002175286 13.93274355028264 18.92164626387073 0 2.9 102.07 7 0
15.21682908990747 12.20624237594257 16.11344416828369 0 2.78 90.06 12 0
15.76334793274177 12.96513908343868 12.71134893894887 0 2.78 90.06 9 0
15.18191801131133 9.205282737331094 10.23214614058307 0 2.78 90.06 57 0
18.80881007785399 8.535452123649186 8.498472037168082 0 2.82 94.05 54 0
20.45874999136353 5.396814437751063 4.077964512194349 1 3.25 144.09 48 0
22.27156198361796 4.878833301286061 7.785800974855789 0 2.95 108.05 3 0
19.11805853588212 5.341334268250574 11.62733789070986 -1 2.97 110.05 4 0
16.58858363045622 1.846760398272295 8.967727357914402 0 2.9 102.07 26 0
 18.07080116363635 -2.227934135139973  10.76594026448212 0 2.78 90.06 12 0
 16.53298638825334 -5.976042814970796  6.915610920133584 1 3.03 116.08 52 0
  15.6151503523726 -7.597209282871719  11.69335414373862 0 2.9 102.07 26 0
 15.54952797008403 -11.49137491056356  8.100727975556335 -1 3.08 122.06 19 0
 12.89737026492043 -13.35948897373179  11.37169409698811 0 2.35 54.03 20 0
 9.697374372367067 -15.51330643775903  12.49292049214992 0 2.9 102.07 6 0
 9.301988470041335 -14.15702639210201  16.55344957561844 -1 2.97 110.05 4 0
 13.05883619230193 -11.46304237482534  16.12025525461501 0 2.51 66.04000000000001 1 0
 15.44927679091679 -10.68800125697702  19.32043962752407 0 2.82 94.05 54 0
 17.16298877306222 -7.228346801513573  17.41805262621433 0 2.35 54.03 20 0
 14.83264103435063 -5.128252334698054  17.75075166929518 0 2.35 54.03 20 0
  10.6018571115065 -3.928999294803302  19.07947081103394 0 2.95 108.05 3 0
 11.25560243379429 -8.761523939227956  20.47747962024586 0 2.95 108.05 3 0
 14.79312060697746 -6.025280828964132  22.75558493648308 0 3.06 120.07 18 0
14.29519649679856 -7.89711924119464 26.94477692925955 0 2.78 90.06 9 0
 13.27030297676071 -3.620213371818616   27.0592778865278 0 2.95 108.05 3 0
  10.82018699432954 -0.8212216053648813   29.52205818051285 0 2.9 102.07 6 0
  8.281675871559768 -0.5336728558811625   27.01559413645793 0 2.78 90.06 9 0
7.805565358210444 4.075435394870945 25.96825182096557 -1 2.97 110.05 4 0
3.566381534263803 4.997324518176741 24.68968584141033 0 2.9 102.07 6 0
6.325836043500665 7.801371771764892 23.40238563493826 0 2.78 90.06 9 0
8.007724846111881 5.524202251302975 20.34124629778357 0 2.51 66.04000000000001 1 0
3.366692984416287 4.177407024675255 18.64320746057887 0.5 3.14 130.08 23 0
3.676422260372654 8.745873599855672 18.79292699852502 0 2.9 102.07 7 0
 9.11177972934288 10.81032759611888 15.81223783185084 0 3.48 176.13 11 0
7.099428664219287  5.39241749151983 13.53180227845772 0 3.33 154.1 56 0
10.21784941017193 8.667317642899716 9.508652881212949 0 3.21 138.1 45 0
7.350475803119271  11.7304741547854 12.58918884074721 0 2.35 54.03 20 0
 4.58137191047995 13.52783499482174 14.99863808338822 0 2.9 102.07 7 0
2.346642338573873 9.239599073713297 13.91106213638253 0 2.9 102.07 26 0
-1.290697946019934  10.08376949972561  16.05516706795318 0 2.35 54.03 20 0
-0.9518176673821213   13.46953193809117   16.89357023788153 0 2.82 94.05 54 0
-3.641259540526375  15.01032792084493  13.35057868211283 0 2.86 98.09999999999999 15 0
-6.779202902818421  16.61216986290425  15.54105804943015 0 3.04 118.07 7 0
-8.972290700943114   22.5871169615619 -5.634378649292831 0 2.9 108 39 0
-8.723878432128048  15.76989219752399  14.44463001996591 -1 2 16 14 0
 9.313858338023525 -16.81796255356151 -187.9719267442465 1 2 14 43 0
  7.37106147046818 -16.31057514116154 -188.7473545926421 -1 3.08 122.06 19 0
 9.704384667500733 -13.10160766334158 -185.5586288910214 0 2.78 90.06 57 0
 13.34423461044628 -12.13611435683138 -184.4918074076659 0 2.7 82.04000000000001 50 0
 14.46376688275545  -14.2829942349079 -180.2079654059563 0 3.06 120.07 18 0
 15.64807842595279 -8.784961579683207 -180.4223415018423 -1 2.97 110.05 4 0
 11.12842029753915 -8.225561083119636 -182.4242022617559 0 2.9 102.07 7 0
  9.61549938889803 -12.93635406124595 -179.0418489591274 0 3.21 138.1 45 0
 12.80349835309548 -10.84330409773178 -176.6224700166257 0 2.95 108.05 3 0
 11.45359524572521  -5.89468343789189 -178.3696417837733 0 3.06 120.07 18 0
 6.956839186837176 -8.036744452224527 -179.7832345732085 0 3.21 138.1 45 0
 7.527526407967799 -10.74132468495193 -173.8368158285717 0 2.95 108.05 3 0
 9.428616563111234 -6.387846716788116 -172.3128211375296 0 2.9 102.07 34 0
 7.640644950387979 -3.473929743726126 -174.5266629106475 0 3.21 138.1 45 0
 3.423117540467008 -6.917445247309542  -172.650875730883 0 2.51 66.04000000000001 1 0
 5.627635629153011  -8.08708056596495 -169.1560735577458 0 3.06 120.07 18 0
 7.064842364966467 -2.385217035694839 -169.3128476051442 0 3.33 154.1 56 0
 1.196056403587092 -3.207109391907877 -170.9488694012941 0 2.7 82.04000000000001 50 0
0.2303818769513059 -5.449793982580715 -167.8127342726058 0 2.51 66.04000000000001 1 0
 1.575917657188738 -3.430794081433541 -165.2982238091799 0 2.51 66.04000000000001 1 0
-0.8369087405493087 -0.8871790964503821  -166.0213590595237 0 2.51 66.04000000000001 1 0
-4.287828697613609 -3.307233503403484  -166.878952278227 0 3.33 154.1 56 0
-1.052432753449992 -3.642465956940876 -161.6984829645419 0 2.86 98.09999999999999 15 0
 -2.805674887613792 -0.3574425165567527  -159.1786020095011 0 2.35 54.03 20 0
  1.529226480306387 -0.6092107764423271  -156.8056060362642 1 3.03 116.08 52 0
 1.859984959167401 0.2171352927841481 -160.9312070850492 0 2.95 108.05 3 0
-1.691113492964897  3.371226454526831 -161.4257803767703 0 2.95 108.05 3 0
-0.9822887348920992    6.19239155666654  -157.2416049568158 -1 2.97 110.05 4 0
 3.638027313574632  5.361156753569986 -157.3603750218556 0 2.51 66.04000000000001 1 0
 6.278601262205189   6.32008310970659 -155.4667141566799 0 2.78 90.06 9 0
 9.113157655519405  8.289408447619532 -157.5282552735444 0 2.51 66.04000000000001 5 0
 11.81868134100425  5.482301664702258 -157.7337670879066 0 2.35 54.03 20 0
 9.491393180953164  3.104597356453644 -156.7369355826387 0 2.82 94.05 54 0
  10.78674650572814 -0.7693879882780822  -157.4938671011558 0 2.95 108.05 3 0
 7.912897402135171 -1.418201337181798 -161.6432366417395 0 2.9 102.07 26 0
  5.95731187308622  -4.64091032387223 -158.9505238758923 0 2.82 94.05 54 0
  3.70145263678103 -7.022906300369716 -161.3858317177013 0 2.86 98.09999999999999 15 0
0.5101162548244185 -8.838303061930494 -158.8072335117169 0 2.82 94.05 54 0
0.9039071660159119 -12.68232658539365 -160.6415458844161 0 2.35 54.03 20 0
 4.086268358283573 -13.91261663189697 -161.2029972634477 0 2.95 108.05 3 0
 2.847876151760461 -10.32567881985439 -164.7982207464088 0 2.51 66.04000000000001 1 0
  6.09544191981515  -7.92773494171874 -164.4899290829051 0 2.86 98.09999999999999 15 0
 8.746284264938485 -10.97982646417315 -164.8453122702541 0 2.78 90.06 9 0
 11.53535929791283  -9.97739961125008 -167.9127936273767 -1 3.08 122.06 19 0
 9.858599046697716 -5.310707686226429 -165.6972524846681 0 2.78 90.06 57 0
 10.05823143664528 -7.525742073831617 -161.5197738689824 -1 3.08 122.06 19 0
 15.37574995378117 -9.403868160450759 -164.7897232950603 1 3.03 116.08 52 0
 14.94747007358502 -4.645342036658138 -164.4780784851642 0 2.51 66.04000000000001 1 0
   16.9081034995226 -0.6904543384112163  -162.7602400535434 -1 2.97 110.05 4 0
  12.34127592259536 -0.7599489014832682  -162.9178928400045 0 2.51 66.04000000000001 1 0
 12.10344883458028  2.842059191903076 -161.8067020461558 0 2.82 94.05 54 0
 7.536270368092149  4.038506923039397 -161.0340994988033 0 3.21 138.1 45 0
 9.772434281533073  8.536338612936952 -163.9043111742896 0 2.9 102.07 7 0
 3.684267204451328  10.63625327395073 -163.7443734253318 0 3.33 154.1 56 0
 2.231119341526586  7.550885899421974 -161.6361456239514 0 2.7 82.04000000000001 50 0
-0.6078263044387521   7.938645864795539  -165.1645574254763 0 3.21 138.1 45 0
-5.032576829959853  7.185975405927744 -160.9110695635963 -1 3.08 122.06 19 0
-8.591031118465594  8.255465104011499 -163.2808123501639 -1 2.97 110.05 4 0
-6.049426060484307  11.74662995977056 -166.1491285279143 0 2.7 82.04000000000001 50 0
-8.537809713918012  13.61105055977685 -167.5887859964628 0 2.35 54.03 20 0
-11.32073319631177  13.09195965596576 -170.2795110909733 0 2.78 90.06 12 0
-10.37196840396764  8.984214549904078 -169.9442760635762 0 2.35 54.03 20 0
-10.23973479824393  7.954492006141502 -166.6401921112542 -1 2.97 110.05 4 0
-5.484872536005049  8.447927927687537   -168.36374683171 0 2.78 90.06 57 0
-4.363391573045388  4.909933512481067 -166.3284311366441 0 2.82 94.05 54 0
-0.2637989581399627   4.723200504749465  -165.7840808942001 0 2.35 54.03 20 0
 3.796248967465371  2.947187364258315 -166.1951650447004 0 3.21 138.1 45 0
  6.90042424988538  7.246870155026477 -167.2158945549296 0 2.9 102.07 34 0
 9.476935773963746  4.276489679888097 -167.0545309629643 0 2.51 66.04000000000001 1 0
 13.84078698621354  4.474840381994221 -165.7792115483926 0 2.9 102.07 34 0
  14.97583068438681 0.09683207284611661  -168.1378573600355 -1 2.97 110.05 4 0
 18.73947296172354  1.906387580802231 -165.9883907551435 0 2.95 108.05 3 0
 18.89065489880144 -2.852392600449579 -167.8524712856907 0 2.82 94.05 54 0
 16.76310230352454 -2.698013673469806 -171.2952371957369 0 2.95 108.05 3 0
 19.67038418794551  1.893795235172896 -172.2257429775326 1 3.03 116.08 52 0
 14.04257914753102  1.711226086898964 -172.0522236622761 0 2.9 102.07 34 0
 12.13874371084914  6.219526716689463 -171.6721683026464 0 2.9 102.07 26 0
8.457246617542186 3.146523137841168 -170.831279385637 0 2.78 90.06 57 0
  4.53572806509304  5.861037776919107 -171.7793308250162 0 2.9 102.07 34 0
 2.412053839145972  2.438076473214573 -169.8432330206504 0 2.7 82.04000000000001 50 0
-0.7401193799669916   4.746334057176738  -172.1646558463512 0 3.21 138.1 45 0
-5.286719090876751  1.242417027808513 -167.4083548093872 1 3.25 144.09 2 0
-6.654157545595576 0.1806123285824415 -169.9636772663574 0 2.35 54.03 20 0
 -10.32360482082379 -0.6542172129894919  -169.3997283857294 0 2.7 82.04000000000001 50 0
-9.663627123401984 -2.430231375049679 -164.5223266028246 1 3.25 144.09 48 0
-14.08134636359643 -3.060965281461874 -167.7097132239892 0 2.7 82.04000000000001 50 0
  -12.210192353419 -4.691743652831252 -171.2169300101736 0 2.9 102.07 26 0
-15.88520515914681 -6.546512646262444 -170.1904516275673 -1 3.08 122.06 19 0
 -18.5966787764925 -2.279041189991384 -169.9574876638198 0 2.95 108.05 3 0
  -13.73807888946347 -0.07998192533134785   -174.1633923841728 0 3.48 176.13 11 0
-16.27569566902433   -3.4620773130671 -175.8171435386753 0 2.9 102.07 26 0
-20.43246904724641  -1.90060999030359 -175.4030132517909 0 2.35 54.03 20 0
-20.48013158470719  1.076964410771078  -173.876504497899 0 2.95 108.05 3 0
-17.06365071586323  1.853289108260802  -178.188565195067 0 2.9 102.07 34 0
-18.53600380734881  6.031092444762998 -179.7790345187286 0 2.95 108.05 3 0
-17.98991899232679  3.210011524457021 -183.1540678264652 0 3.21 138.1 8 0
-17.98075221537396  9.190475655541656 -183.2094733260433 -1 2.97 110.05 4 0
-14.44203302629614  10.02791193957114 -186.5200056073958 0 2.9 102.07 7 0
-12.08404100916445  14.35093396535478 -183.9744400060315 1 3.03 116.08 52 0
-10.05093462683763  17.36610670963402 -187.6969140189679 -1 3.08 122.06 19 0
-6.638660688266428  14.61721440973762 -186.5202119731339 0 2.9 102.07 26 0
-5.622797647956965  18.28543396921427 -189.8171829409506 0 2.95 108.05 3 0
-3.509799203079107  18.26322188321155 -185.4578178254928 -1 2.97 110.05 4 0
-1.625606129906198  14.59577840950021 -186.2490597865256 0 2.9 102.07 26 0
-2.596217278794754   13.9307196575498 -190.1593825180668 0 2.86 98.09999999999999 15 0
-3.804504922856682  15.79627431765065 -194.0154867426995 0 2.7 82.04000000000001 50 0
-7.280223979583083   13.9796774325387 -193.4606076517885 0 2.35 54.03 20 0
-6.023123755245099  12.57402229260738 -190.7154394127828 0 2.86 98.09999999999999 15 0
-11.81805708489485   11.8238076455571 -189.3021617646673 1 3.25 144.09 48 0
-10.13580248525999  10.24270543182845 -185.1749761296987 0 2.35 54.03 20 0
-12.10661059319939  7.490170572727767 -181.3879322604919 0.5 3.14 130.08 23 0
-13.65781868380187  12.12518058339893 -180.4353459516321 -1 2.97 110.05 4 0
-11.91567367238773   9.67153489722879 -177.5909740321271 0 2.35 54.03 20 0
-9.423943319041292  6.566334134881884 -178.4865643861574 0 3.21 138.1 45 0
-8.106186872116705  11.87263674051457 -179.9459147977682 0 2.82 94.05 54 0
-9.85910553395399 13.72418260484676 -176.670102671273 0 2.7 82.04000000000001 50 0
 -7.87913085114068  11.20655144640196 -173.8558124203172 0 2.7 82.04000000000001 50 0
-2.331042029147056   12.2445886890941 -175.7713698138955 0 3.48 176.13 55 0
-4.311015221080757   16.6926187564087 -177.1168629187744 1 3.25 144.09 48 0
 -6.21002445469843  15.79225139922421 -171.7295723591814 0 2.7 82.04000000000001 50 0
-2.668544554543667  14.04969366404077 -170.9069657300002 0 2.78 90.06 57 0
-0.214468050208599  15.82024644643245 -173.5433037898009 0 2.51 66.04000000000001 1 0
0.8231821107055972  19.48981797514886  -172.631195819842 -1 2.97 110.05 4 0
 1.605388200488488  16.59690339287702 -168.5494633606079 0 2.82 94.05 54 0
 2.576026126177207  12.80736198220524 -170.3792789047317 0 2.9 102.07 34 0
 5.453984209978661  17.12772195159696 -175.0934604915168 1 3.25 144.09 48 0
 6.890193317240584   17.4948526837578 -168.9035409887719 0 3.06 120.07 18 0
 6.932759388141828  14.12663357151059 -167.2142209626705 1 3.03 116.08 52 0
 8.960697683873814   12.2297393216881 -172.0690523184525 0 2.78 90.06 57 0
 10.48248364683928  16.27969297944126 -173.5916188575057 -1 3.08 122.06 19 0
 12.22120464211287  16.03567906658417 -168.4761516717202 -1 2.97 110.05 4 0
   14.018837913595  11.76674243685377 -169.6811561061248 0 2.51 66.04000000000001 1 0
 15.08860256522266   12.6034356883132 -173.2510856575603 0 2.78 90.06 12 0
 16.69419658779742  16.50891083184991 -169.4389890220993 1 3.25 144.09 48 0
 18.39851114929597  13.26898280007543 -167.1450704891273 -1 3.08 122.06 19 0
18.25268428858406 9.339309515067967 -169.105631738355 0.5 3.14 130.08 23 0
  20.4004543425164  11.10650880187708 -173.8328507405529 0 2.78 90.06 9 0
 21.31512252650254  7.095177884969555 -173.9853643426715 -1 2.97 110.05 4 0
 18.25547823159993  5.576057245396985 -171.6678248539316 0 3.33 154.1 56 0
  14.3026444556059  2.412509800445281 -177.3171152286807 1 3.25 144.09 48 0
 11.23349840645809  6.619049971299511 -176.5426719853532 0 2.78 90.06 57 0
 8.974590989724568  3.012421221312582 -175.7715167779148 0 2.78 90.06 57 0
 5.229579538528425  5.780161553863139 -176.3249440050368 0 3.21 138.1 45 0
 3.114849409772532 0.5997801125578052 -174.4249635770661 0 2.82 94.05 54 0
-0.3093004476214594 -0.8996987156318912  -174.9490227403565 0 2.35 54.03 20 0
-4.130492269733629 -4.074034270853559 -173.5948237674341 0.5 3.14 130.08 23 0
-6.628848312449042 -2.224115115504097 -175.3774757834958 0 2.7 82.04000000000001 50 0
-7.799164948140124  2.082166812364613 -174.3655805602003 0 2.9 102.07 34 0
-3.673175513626349  1.874423178062079 -174.5331149726196 0 2.35 54.03 20 0
-2.866343833512794  1.383043487496652 -177.5714878341905 0 2.35 54.03 20 0
-4.597169051942597  3.751633065819337 -178.7375107665812 0 2.51 66.04000000000001 1 0
-3.901192611342238  6.121590001398046  -175.764569474376 0 2.9 102.07 34 0
0.1172474582669021  4.942551664330491 -177.7100863774196 0 2.51 66.04000000000001 1 0
-0.8200491214948809   4.769488857657542  -181.4207991654956 0 2.82 94.05 54 0
-2.429715779542263  8.772022077661344  -180.818388106259 0 2.78 90.06 57 0
0.9293479316786633  9.669037655177327 -178.7801018045387 0 2.51 66.04000000000001 1 0
 3.234497594058204  9.099800778690957 -181.2277094977027 0 2.35 54.03 20 0
 1.876189369164302    10.553011069723 -183.7390178464528 0 2.51 66.04000000000001 1 0
 1.278828384801085  14.27778739530362 -181.4518022486917 -1 2.97 110.05 4 0
 4.946749985588425  13.42849280882114 -179.4010814370942 0 2.9 102.07 34 0
 6.548852345425423  9.809982353643292 -184.0565553268143 1 3.25 144.09 2 0
 9.55767276023861 15.32822555452342 -184.375807127231 0 2.35 54.03 20 0
 10.05129259040267  16.68723712300405 -181.2916216550068 0 2.95 108.05 3 0
 14.53843868128153  14.42233340117394 -181.5609413636782 0 2.35 54.03 20 0
 11.72055809662154  12.44245143411978 -178.8792394004905 0 3.33 154.1 56 0
 13.08551054708531  8.295891865633804 -182.4596337325536 -1 2.97 110.05 4 0
8.551234543893688 7.495240185965018 -180.398454693626 0 2.9 102.07 26 0
 9.411352833206461  2.867384834817231 -180.9882770326955 -1 2.97 110.05 4 0
  4.60372850768953  2.081615688260009 -180.7020529810427 0 2.78 90.06 57 0
 5.811740061575792 -1.841485113808441 -178.8861148777282 0 3.21 138.1 45 0
0.1472739394906166 -2.353541542722799 -179.8215996642665 0 2.7 82.04000000000001 50 0
0.6432421410026027 -5.390635646117339 -177.0397441753999 0 3.33 154.1 56 0
-5.244341306412681  -4.96943475301055 -178.8834841194346 0 2.35 54.03 20 0
-5.629120258266919 -2.444547786492546 -180.7609377062521 0 2.51 66.04000000000001 1 0
 -8.159066027254653 -0.3652471819043089  -181.2766405358781 0 2.78 90.06 47 0
 -9.880963184228822 -0.6665022769619048  -186.4537897096471 1 3.25 144.09 2 0
-7.211607849190191   4.95460743410063 -184.2381365917369 0 2.78 90.06 57 0
-8.999952000727983  5.588679928859069 -187.8521558608585 0 2.35 54.03 20 0
-8.964334475716861  7.811730951444188 -191.3200175295766 0 2.95 108.05 3 0
-7.092648394786333  4.172871133881555 -195.8166880161857 1 3.25 144.09 48 0
-5.115346551316859  8.702157192872813 -193.6691163098779 0 2.51 66.04000000000001 1 0
-4.120029560171766  8.240346673246286 -188.5475560838995 0 3.21 138.1 45 0
 -3.26913157619806  4.462360540629437 -191.5824271548854 0 2.51 66.04000000000001 1 0
    -2.17794050242  5.876320995508703 -195.3648407869062 -1 3.08 122.06 19 0
0.8674666245513762  9.338197667374704 -190.4712504517642 0 3.21 138.1 8 0
0.2529593052433703  5.222683102736107 -188.4338944110838 0 2.9 102.07 34 0
 2.299249791244887  2.880019183004785 -192.2995692578912 0 2.82 94.05 54 0
 5.055076491476801  6.066806995481775 -193.5885524419097 0 2.78 90.06 12 0
 5.427427885833984   8.41911528728046 -188.6952183885653 0 3.06 120.07 18 0
 9.712306725799682  8.861378789956264 -189.5869612511434 0 2.82 94.05 54 0
10.46692763824671 8.431468458779841 -185.645382710038 0 2.35 54.03 20 0
 9.545803329409718   5.43533048625523 -185.7875419986652 0 2.35 54.03 20 0
 8.592494666370982  1.759686519750231 -185.4695167895958 0 2.82 94.05 54 0
 3.794357337203644 0.9008934004471252 -185.1761866626501 0 2.9 102.07 34 0
 6.872069785144111 -2.514320345574331 -183.6338053313344 0 3.33 154.1 56 0
-1.162856890939322 -3.579439561997242 -185.4934699268403 1 3.25 144.09 2 0
0.8797864650380743 -6.772136497641062 -181.5406499946642 0 2.9 102.07 26 0
-2.632571859652369 -9.161345907499241 -183.1999107963109 0 2.82 94.05 54 0
-4.291057097760843 -13.50522258539557 -180.0054735779563 0.5 3.14 130.08 23 0
-6.028649626694925 -15.01675069650211  -182.637482502748 0 2.82 94.05 54 0
-10.38725781400609 -14.59517088518886 -182.3722823066298 0 2.95 108.05 3 0
-8.988247558921231 -9.872487778513824 -180.3363234176389 -1 2.97 110.05 4 0
-13.24509196683645 -8.197160597642517 -180.4367003920316 0 2.9 102.07 6 0
-10.57860633116701   -5.1640338731474 -179.8639477069233 0 2.78 90.06 57 0
 -8.67221467956815 -5.490664417868755 -183.2438430259167 0 2.78 90.06 47 0
-12.31296805215596 -8.164266486693307 -185.5538707040186 1 3.25 144.09 48 0
-13.82139607888091 -2.641835365847142  -182.829397648787 0 2.9 102.07 34 0
 -13.9136768001796 0.5171899519429577 -184.6714769951794 0 2.78 90.06 47 0
 -16.34904725374246 -0.9720901948531475   -187.324390376323 0 2.78 90.06 47 0
-13.16505379930367 -1.002965994439908 -192.5769674000945 1 3.25 144.09 48 0
 -18.18559969473902 -0.9416176222668122  -191.7662804659084 -1 3.08 122.06 19 0
-18.93359280280852   2.87748867973181 -188.2518901374055 0 3.21 138.1 8 0
-14.26047965093133  4.615656760898257 -191.1402452423095 0 2.35 54.03 20 0
-12.69011526604609  3.710989657243785 -187.9855400043061 0 3.33 154.1 56 0
-8.399342006634914   1.82428397642946 -191.1386580690118 0 2.7 82.04000000000001 50 0
-6.013374900302045 -1.430648429606329 -188.4813201126996 0.5 3.14 130.08 23 0
-1.992874928672481 0.1807954659551955 -189.3502151361853 0 2.7 82.04000000000001 50 0
0.8828582549128736 -1.443202034470531 -191.9910286067798 0 2.7 82.04000000000001 50 0
  2.49745318210755 -3.686822985141871 -190.1194992167478 0 2.78 90.06 47 0
-1.014031577595459 -7.559769011002303 -188.4030048585085 -1 3.08 122.06 19 0
 4.059249997433476  -7.64161549071901 -186.2183895072008 0 3.33 154.1 56 0
-2.116468359489926 -13.41541515077762 -186.5856486876424 0 3.48 176.13 11 0
-0.1488252478164129  -13.95618044576268  -182.0969336715295 0 2.9 102.07 26 0
-0.5030113410237707  -18.43107116385004  -185.4549244832666 1 3.03 116.08 52 0
-0.6895851589819247  -18.79996641275214  -180.3951936088299 0 2.7 82.04000000000001 50 0
-3.115936910994137 -19.68961575180717 -178.0258039750652 0 2.35 54.03 20 0
-5.769705310936238 -18.71857615578223  -175.411497299938 0 2.82 94.05 54 0
-3.890491341745882 -20.14077743264179 -172.0172021748018 0 2.9 102.07 7 0
-0.4394453606651012  -21.01463601887939  -175.3977864175912 0 2.78 90.06 12 0
  3.03989559003636 -20.60601298866527 -174.9781761511152 0 2.78 90.06 9 0
 4.491598427768575 -17.28137930264749 -177.7095488348352 0 2.78 90.06 57 0
 7.127671903848803 -19.09184444931967 -180.2358064606254 0 2.82 94.05 54 0
 11.20228328634067 -17.10972603507397  -183.639184737218 1 3.25 144.09 48 0
 8.223303462926314 -19.57058848797242 -185.1794698439964 0 2.95 108.05 3 0
 3.734155858280702 -18.77644389418616 -183.1465445715602 -1 2.97 110.05 4 0
 4.789067455887737 -14.02802174769385 -184.5690306543989 0 2.9 102.07 26 0
 2.846328322392032 -13.67003007161036  -188.827114804898 0 2.78 90.06 12 0
 5.277342618324827 -9.120611647571359  -190.979134905908 1 3.03 116.08 52 0
0.2439495582226067 -9.286078710419288 -191.9460935243878 0 2.9 102.07 26 0
 2.871499399513813 -5.885186791807453 -195.0454016740493 -1 3.08 122.06 19 0
-1.347332761843089 -4.042117836087073 -195.2114198406124 0 2.35 54.03 20 0
 -3.786145852046895 -0.8504610381057571  -195.2510380824358 0 2.9 102.07 6 0
-7.451240631291225 -2.728082962371402 -194.0159922614615 -1 2.97 110.05 4 0
-5.381439849693771 -6.881340967515006 -193.8563530415138 0 2.51 66.04000000000001 1 0
-7.473040092701089 -10.28466496186938 -194.6300902211098 0 2.82 94.05 54 0
-4.538709475971436 -12.73916330929812 -192.6577221759325 0 2.35 54.03 20 0
-5.203988367122063 -12.17377619714699 -189.6263285333204 0 2.35 54.03 20 0
-7.557322205729013 -10.03155721592717 -186.3133309942549 0 2.95 108.05 3 0
-9.523894378329274 -8.492283287942675 -190.7290229763162 0 2.95 108.05 3 0
-10.04257884969531 -13.47856869629122 -190.4866405070537 0 3.06 120.07 18 0
-14.44042671058473   -13.622291857909 -191.8792333615725 0 2.78 90.06 9 0
 -14.1002658139567 -15.12961374818319 -187.7600450561952 0 2.95 108.05 3 0
-16.66288741437615 -15.60997747658383 -184.1399716820715 0 2.9 102.07 6 0
-15.07333855577249   -12.903444321722 -182.4203502947519 0 2.78 90.06 9 0
-13.41792651137884 -14.58827421122135  -178.298646130107 -1 2.97 110.05 4 0
-13.39362764954642 -11.35151178174818 -175.1398380395062 0 2.9 102.07 6 0
-10.82162697701192 -14.48703702908725 -174.3105576437955 0 2.78 90.06 9 0
-7.849050478131533 -13.47463857051331 -177.0534873421579 0 2.51 66.04000000000001 1 0
-7.968182723530284 -8.581439233719935   -175.54392522859 0.5 3.14 130.08 23 0
-7.188675120320037  -11.2817590584795 -171.9259318961317 0 2.9 102.07 7 0
-2.329779584462623 -15.47402713172141 -173.1529655547954 0 3.48 176.13 11 0
-1.811565214090242 -10.24658684587847  -176.470949121375 0 3.33 154.1 56 0
 3.508001938362626 -12.91808085021481 -175.3752415336074 0 3.21 138.1 45 0
0.2858761859904011  -13.4398922428643 -171.3206047405817 0 2.35 54.03 20 0
-2.507503317305208 -13.12767472361462 -168.3535457284382 0 2.9 102.07 7 0
-2.967874922186901 -8.755541731648263 -170.6422825200259 0 2.9 102.07 26 0
 -5.95842715535085 -7.177201297544141 -167.9766694899437 0 2.35 54.03 20 0
-6.024360936585137 -9.525342123087015 -165.3760860154949 0 2.82 94.05 54 0
 -3.29076970903863 -6.988837764140399 -162.5031844071437 0 2.86 98.09999999999999 15 0
-6.031218453387026 -6.210748434879799 -159.4873422882775 0 3.04 118.07 7 0
   14.09054732277669 -0.02347911788551094   -152.7241339703016 0 2.9 108 39 0
-5.772356372435926  -3.87485491993801 -159.0751033848993 -1 2 16 14 0
2
0 271 0 272 -5.773159728050814e-13 -4.707345624410664e-13      8.152186419314738
272 543 1 272 1.009858863199042e-12 4.174438572590589e-13    -176.8530617194746
randomstate
158017701 2449126762 2289625116 2734638123 694571172 1158112205 33166770 2715579201 3461371527 3642184295 1808636311 1565510102 3378232296 2737294703 2567179049 1075089914 4289277881 1321657392 1973630427 3621171163 1980516098 3498830299 3667385049 3996936167 3634778806 1576086034 3388936775 1780935511 4042089384 670411336 2247367858 2170861266 4289746656 2387197719 2436334516 2454803510 1957153147 3175357399 2438972228 2804413402 2780320480 489814814 2714515849 3541539946 3359469231 1977518422 561928363 3474443955 287482227 916369574 3412495619 2263579844 1018737050 2032912192 978976602 3258038462 2107978201 905302777 3044303927 4071854050 1242589711 3548559391 4189490205 965201001 3499395892 2880588149 1995184266 2210258101 3096469936 1791611027 4132383597 3831595488 3440105653 1303746653 3410765519 1581404642 1882680716 3419156146 1019485436 1158514100 2067726321 450353529 655955339 4255159659 579489218 2056772873 916852990 3083531863 5948152 1285051067 299992453 1066695817 2735524936 909349330 2367270182 1927251999 794540351 3674824816 1915353310 545660830 2263345340 3024945275 1598306959 2228533187 3895786896 1866108635 745311037 971494577 880869432 3866426787 4097170711 3344877987 3255486434 193087669 3840464757 3830805735 1517592350 1896843519 232788646 2973807490 1813194558 2021860668 276430908 2941366671 3200117312 404681940 2298164244 1551639269 1611854399 2741900309 4101189009 395314769 1881477744 918203066 403806238 114528043 2336611451 2216921462 2304523138 668678799 823645702 2640021975 3466382001 4117457775 1850859731 2800631422 3010930199 581407809 3847029204 1674095978 3933792237 1723966515 3563064778 3747433733 2491538278 4057613553 1630131456 911858633 3343528293 4205532519 1353195967 1180627127 1876052064 3872858621 3238453630 2457695999 3956608283 403928889 586351871 829596815 3367497208 613727662 1473089427 2891298331 660378009 2098858737 3810413064 312365515 4167811483 3172597837 1177439559 592226583 2977292567 4082574248 3644315900 3556222165 3919813172 2028608499 2847024459 1050968196 2953774371 3093875616 1031350698 2274706272 1948004577 1122142737 1409314665 3870934144 1799092878 2238283807 4270025145 2334357183 296804899 3121318880 2534739080 58324641 4002059270 2427704548 1087310987 1618505210 2575269750 1783027375 254738850 2802593617 3069505793 457743511 2255064972 1338372570 2673575910 570751616 1560413208 2633460977 4177156729 3180575556 3420846810 2361465662 4011729335 2024230790 2133218511 691227811 3297749753 1668419886 2792570989 149717480 2360306749 765540247 2507902419 3689734197 967799053 2090854593 2405333843 2295397236 3984065441 2377808853 2287873723 2461168039 2142625680 3562400135 2726579547 1131347507 684956238 4171768185 2949521849 2918678043 389641172 27380537 779452635 996241557 1322375702 3115942861 4053397599 3097758087 577462711 1463276879 695426380 121756864 264765328 2528733344 1719770092 2923888593 2271219391 3964816459 22038718 2246027976 2474419697 2307487823 2384322841 3290553276 1121451115 1690203465 165888712 3426620325 1923602809 68546535 3380064057 2466790717 1718876063 2158626828 1082281305 2346287724 2838363354 4262397920 4056952170 1747166671 2511746595 169135688 2621596430 1629809010 826107255 632786386 2451428562 2920236097 9655448 1132708742 3633367783 135830964 2356278884 2854990581 3188632560 695130147 173523756 2384167029 1412607841 3028065533 3454187920 3476384054 3529342085 2300301752 3095591613 1112172760 1792358930 3136057182 2846704748 2092734281 2267368991 442447342 2436395287 782773098 357220472 2759550929 1125863250 4149724279 1811974359 2046907603 1166335186 3326599916 3621716532 1451269642 2726108627 1871250887 1972330739 3940807773 3758974616 2948644749 3895202077 1699676003 1085305129 4285243388 2108921123 273044021 3145813224 2995985132 875888586 1890810326 3979157918 2463987930 1828683856 3603908102 436206019 1586341345 3432442219 2808950596 44910222 3093258732 243524354 1813173984 2221085149 969231321 2791340368 666320213 2895418729 1186701257 2960609723 4110549180 733510611 1074067137 3682182926 2810658863 3333002994 3796708347 1632122924 3737165204 2878033505 3423675972 2061860524 3486396246 2496204148 1457249985 2731724014 2494266601 4068925221 369292135 3493672189 1490596884 1518173868 3287752956 2730327769 3244217938 4182731100 1176837787 3768923786 1883093648 3633241033 1654589941 3552071105 3235627051 633306002 3465956121 3194694630 3989461247 3386981875 2350648400 2641795193 1835104083 2809953724 1972597522 2359501807 1255127459 1158032504 1025430716 1403612972 3353736479 3574601211 4291415942 3766191542 3083992395 3307419849 2909893308 2905778801 495841675 1585052613 1580678621 2686381269 3815952447 1146277506 2447607777 2500968466 2435477168 4196359746 1383821875 2871369373 4214854096 2259542658 2554287655 2569842825 93738497 18077191 2442866699 2805825070 2915220898 2077656062 13302772 3758973671 2530008765 280463319 1118252570 1950977661 2853993644 3475127581 3324419400 2255089322 373586056 1919324871 2345510587 914703217 4098596 3442063774 4005568484 759831790 3824057934 1838800044 540560672 4134463390 884539358 3045056841 2732180988 2135889728 2878686078 1159159345 3197645234 3536609296 928801681 4180014635 2676416970 1922414732 2052528591 613529601 3907631982 422232982 158279688 3631312237 3522542579 3925094108 1827880697 185985871 1275622277 2224623694 3510297379 1860139360 1531566735 3591926142 1648809931 4215314172 1284722195 953028669 3877344794 1620681322 226380587 234842982 603631636 3407703633 2276868362 1172730835 433596772 2630897631 1582735 3609133130 2733946499 303782479 867735871 1859852093 3965658114 3505698327 4012692067 1058638602 1679505255 1902439302 2915685055 2253401969 3751002827 223029125 478708034 2780683659 987567186 3364462972 2753272446 2268938981 1229375435 563534378 1319614958 2719442555 2042079755 3823373203 2576719596 1348838738 3781944070 813046607 1402260588 2072976387 98555902 3580111213 1401135649 3614838123 1562739912 3824708008 1489466708 2072256235 4024806038 615031417 3648758621 2339403647 3435809799 1776272337 575907369 3573648839 3999461858 728492332 497626529 295467468 1322623672 3553696382 4246590687 4096136064 4143143131 1145840069 4179771271 210911231 3701482135 3517846373 170470693 4059862674 2268152921 3950322664 2199733023 1568267379 1440159155 3776089910 2905214825 1498772813 1349237042 298229635 3728355241 1056042497 1444433332 3618227508 1982876749 2763189780 3939670635 2933478855 1309880501 623186661 1549285163 4171647358 509847531 1439074339 2579621707 2567601839 1559001436 2668768776 2794418029 4135709242 1354504551 783204707 4194848897 350695321 3962323968 618254388 603101486 579500555 3727275815 1876304830 346533367 3360781652 1056987732 428