0.00402477 1.22149
0.00569189 1.22481
0.00697111 1.20997
0.00804954 1.21018
0.0113838 1.20572
0.0120743 1.21029
0.0139422 1.21622
0.0160991 1.19694
0.0170757 1.20373
0.0201239 1.2189
0.0209133 1.1971
0.0227675 1.1895
0.0241486 1.20711
0.0278844 1.17399
0.0281734 1.21076
0.0284594 1.18046
0.0321982 1.16284
0.0341513 1.17058
0.0348555 1.15141
0.0362229 1.13271
0.0398432 1.1555
0.0402477 1.14654
0.0418267 1.12241
0.0442725 1.13203
0.0455351 1.12506
0.0482973 1.11993
0.0487978 1.12497
0.051227 1.09199
0.052322 1.10219
0.0557689 1.08108
0.0563468 1.08939
0.0569189 1.08463
0.0603716 1.07852
0.0626108 1.0667
0.06274 1.06407
0.0643963 1.03754
0.0683026 1.04189
0.0684211 1.0369
0.0697111 1.03561
0.0724459 1.02442
0.0739945 1.01673
0.0764707 1.01291
0.0766822 1.00819
0.0796864 1.00573
0.0804954 1.00881
0.0836533 0.994014
0.0845202 0.983077
0.0853783 0.984061
0.088545 0.973244
0.0906244 0.972102
0.0910702 0.973865
0.0925698 0.975579
0.0965945 0.95988
0.0967621 0.963344
0.0975955 0.95872
0.100619 0.972884
0.102454 0.955965
0.104567 0.953607
0.104644 0.959491
0.108146 0.944776
0.108669 0.963667
0.111538 0.954142
0.112694 0.95366
0.113838 0.946598
0.116718 0.937849
0.118509 0.941155
0.11953 0.947986
0.120743 0.95365
0.124768 0.94242
0.125222 0.958201
0.12548 0.954041
0.128793 0.957607
0.130913 0.952684
0.132451 0.961482
0.132817 0.956291
0.136605 0.95732
0.136842 0.965282
0.139422 0.972459
0.140867 0.965014
0.142297 0.967335
0.144892 0.967951
0.146393 0.971602
0.147989 0.980224
0.148917 0.987441
0.152941 0.990923
0.153364 0.983462
0.153681 0.986875
0.156966 0.98496
0.159373 0.993175
0.160336 0.995145
0.160991 0.997624
0.165016 1.00317
0.165065 1.00191
0.167307 1.00782
0.16904 1.00053
0.170757 1.00145
0.173065 1.00601
0.174278 1.00952
0.176448 1.02174
0.17709 1.00782
0.181115 1.02934
0.181249 1.0081
0.18214 1.01895
0.18514 1.04418
0.187832 1.03526
0.18822 1.0251
0.189164 1.02992
0.193189 1.02558
0.193524 1.03363
0.195191 1.02878
0.197214 1.03135
0.199216 1.0267
0.201239 1.02614
0.202162 1.02772
0.204908 1.01832
0.205263 1.03769
0.209133 1.0199
0.209288 1.02901
0.2106 1.03155
0.213313 1.02635
0.216104 1.01798
0.216292 1.02722
0.217338 1.02116
0.221362 1.02484
0.221984 1.01268
0.223075 1.01997
0.225387 1.00519
0.227675 1.01359
0.229412 1.00034
0.230047 1.01054
0.233367 1.01073
0.233437 1.00841
0.237018 1.00301
0.237462 1.02019
0.239059 0.993834
0.241486 1.00286
0.243989 0.994302
0.244751 0.998142
0.245511 1.00173
0.249536 1.00013
0.250443 1.01018
0.25096 1.00301
0.253561 0.996588
0.256135 1.00273
0.257585 1.0008
0.257931 0.996544
0.26161 1.00773
0.261827 0.996796
0.264902 1.00508
0.265635 0.986895
0.267519 0.984069
0.26966 0.98492
0.271873 0.991763
0.273211 0.986071
0.273684 0.990806
0.277709 0.98334
0.278844 0.980613
0.278902 0.978603
0.281734 0.993105
0.284594 0.980751
0.285759 0.99458
0.285815 0.966271
0.289784 0.995544
0.290286 0.993944
0.292787 0.988569
0.293808 0.969256
0.295978 0.987476
0.297833 0.987226
0.299758 0.984256
0.30167 0.978403
0.301858 0.973863
0.305883 0.974366
0.306729 0.996692
0.307362 0.985382
0.309907 0.980694
0.313054 0.984973
0.3137 0.98949
0.313932 0.984487
0.317957 0.999687
0.318746 0.998566
0.320671 0.992212
0.321982 1.0084
0.324438 0.994028
0.326007 1.0102
0.327642 0.994736
0.330031 1.00131
0.330129 1.00118
0.334056 0.984605
0.334613 1.011
0.335821 1.0049
0.338081 0.999376
0.341513 1.00208
0.341584 0.996575
0.342106 1.00577
0.34613 1.01442
0.347205 1.00389
0.348555 1.01753
0.350155 1.0096
0.352897 1.00792
0.35418 1.01119
0.355527 1.01719
0.358205 1.01264
0.358589 0.998434
0.362229 1.00785
0.362498 1.01491
0.364281 1.01891
0.366254 1.01682
0.369469 1.02364
0.369973 1.01456
0.370279 1.01646
0.374304 1.01
0.375665 1.00633
0.37644 1.00808
0.378329 1.01286
0.381356 1.01708
0.382353 1.03043
0.383411 1.00634
0.386378 1.00871
0.387048 0.998042
0.390382 1.01354
0.390403 0.99905
0.39274 1.01653
0.394428 1.01589
0.397353 1.01056
0.398432 1.0084
0.398452 1.0102
0.402477 1.00725
0.404124 0.997602
0.404324 0.990268
0.406502 1.00908
0.409816 1.00303
0.410527 0.991022
0.411295 0.997066
0.414551 0.997569
0.415508 1.00494
0.418267 1.00039
0.418576 0.997412
0.4212 1.00986
0.422601 1.01254
0.425238 0.997465
0.426626 1.00421
0.426892 0.987396
0.430651 0.988837
0.432209 0.990359
0.432583 1.00365
0.434675 1.01089
0.438275 0.994799
0.4387 0.986479
0.43918 0.986865
0.442725 0.995529
0.443967 0.996311
0.446151 0.994443
0.44675 0.98399
0.449659 0.981691
0.450774 0.991964
0.453122 0.996089
0.454799 0.989305
0.455351 0.990588
0.458824 0.994311
0.460093 0.987869
0.461043 0.996872
0.462849 0.995366
0.466735 0.99423
0.466874 0.990038
0.467064 0.985293
0.470898 0.999807
0.472427 0.993795
0.474035 0.977058
0.474923 0.991014
0.478118 0.990592
0.478948 0.981749
0.481007 1.00093
0.482973 1.00364
0.48381 0.989942
0.486997 1.0005
0.487978 0.989998
0.489502 1.0019
0.491022 0.995147
0.494949 0.998408
0.495047 0.992807
0.495194 0.999531
0.499072 0.989002
0.500886 0.996676
0.50192 1.00612
0.503096 0.999877
0.506578 0.999816
0.507121 1.01878
0.508891 1.0067
0.511146 1.00096
0.51227 0.999778
0.515171 1.00137
0.515862 1.00441
0.517962 1.00158
0.519196 1.01127
0.522833 1.00435
0.52322 1.02083
0.523654 1.00039
0.527245 1.01205
0.529345 1.00849
0.529804 0.998035
0.53127 1.02229
0.535037 1.006
0.535295 0.988671
0.536775 1.0092
0.539319 1.01006
0.540729 1.01218
0.543344 1.00894
0.543747 1.01588
0.546421 1.00445
0.547369 1.0164
0.550718 1.01676
0.551394 1.0052
0.552113 1.00519
0.555419 1.00707
0.557689 0.999519
0.557805 1.00522
0.559443 1.00743
0.563468 1.01445
0.563497 0.996009
0.56466 1.02313
0.567493 1.0145
0.569189 1.0005
0.571518 1.00182
0.571631 1.01221
0.574881 0.997303
0.575542 1.00282
0.578602 1.00705
0.579567 1.00771
0.580572 1.00167
0.583592 1.0053
0.585573 1.00974
0.586264 1.00848
0.587617 0.996961
0.591641 1.00586
0.591956 1.00166
0.592544 1.00285
0.595666 0.99686
0.597648 1.00395
0.599515 0.995318
0.599691 0.993083
0.60334 1.00319
0.603716 0.998306
0.606487 0.991987
0.607741 0.991949
0.609032 0.997359
0.611765 1.00216
0.613458 1.00267
0.614724 0.985955
0.61579 0.994603
0.619815 0.999086
0.620416 0.996262
0.620429 0.998955
0.62384 0.99275
0.626108 0.994514
0.6274 0.993327
0.627864 1.00285
0.631799 0.987525
0.631889 1.0059
0.634371 0.998153
0.635914 1.00479
0.637491 0.996689
0.639939 0.989384
0.641342 0.993714
0.643183 0.989658
0.643963 0.971864
0.647988 0.998677
0.648313 1.00353
0.648875 0.989073
0.652013 0.996286
0.654567 0.987905
0.655284 1.00415
0.656038 1.00108
0.660063 0.992092
0.660259 0.994842
0.662255 0.992107
0.664087 0.992778
0.665951 1.0048
0.668112 0.994322
0.669226 0.995453
0.671643 1.00587
0.672137 1.00621
0.676162 0.98324
0.676198 1.00182
0.677335 0.994662
0.680186 1.00141
0.683026 1.00147
0.683169 1.0066
0.684211 0.999061
0.688236 0.997461
0.688718 1.00384
0.69014 0.996498
0.692261 0.990651
0.69441 1.00451
0.696286 1.00382
0.697111 1.01546
0.700102 1.00734
0.70031 1.01797
0.704082 1.00994
0.704335 0.988713
0.705794 1.00001
0.70836 1.00311
0.711053 0.998888
0.711486 0.996628
0.712385 1.00443
0.716409 0.996782
0.717178 1.00173
0.718024 0.995825
0.720434 0.999167
0.72287 1.00846
0.724459 1.01874
0.724995 1.01133
0.728484 1.00579
0.728562 1.00669
0.731966 1.00364
0.732508 1.00809
0.734253 1.00891
0.736533 0.991354
0.738938 0.995845
0.739945 1.00309
0.740558 1.00823
0.744583 0.993298
0.745637 1.00444
0.745909 0.992181
0.748608 0.997614
0.751329 0.998319
0.752632 1.00838
0.75288 1.00391
0.756657 1.01426
0.757021 1.0091
0.759851 0.993016
0.760682 0.997196
0.762713 1.00032
0.764707 1.01669
0.766822 0.998779
0.768405 0.993412
0.768731 1.00294
0.772756 1.00054
0.773793 1.00877
0.774097 0.99618
0.776781 0.996096
0.779789 1.00152
0.780764 0.996687
0.780806 0.988535
0.784831 1.00158
0.78548 1.00723
0.787735 0.992215
0.788855 0.980167
0.791172 1.00434
0.79288 0.994446
0.794706 0.991549
0.796864 1.00356
0.796905 0.994125
0.80093 0.984054
0.801678 0.996859
0.802556 1.00123
0.804954 1.0026
0.808248 0.992985
0.808649 0.987444
0.81394 0.998946
0.81562 0.997859
0.819632 0.995685
0.822591 0.996016
0.825324 0.98893
0.829562 0.990229
0.831015 0.988105
0.836533 0.991632
0.836707 0.995281
0.842399 0.996507
0.843504 0.987564
0.848091 1.00273
0.850475 1.00751
0.853783 1.00497
0.857446 0.990019
0.859475 1.00184
0.864418 0.995023
0.865167 0.989026
0.870859 1.00364
0.871389 1.00302
0.876551 1.00481
0.87836 0.996086
0.882242 0.999174
0.885331 0.986128
0.887934 0.998742
0.892302 1.00579
0.893626 1.00712
0.899273 1.00109
0.899318 1.00645
0.90501 0.996751
0.906244 1.01064
0.910702 1.00163
0.913215 0.99342
0.916394 0.994687
0.920186 0.995222
0.922086 1.00616
0.927158 1.00003
0.927778 0.99294
0.933469 1.00166
0.934129 1.0018
0.939161 0.999765
0.9411 0.989512
0.944853 0.998464
0.948071 1.00799
0.950545 0.99625
0.955042 1.00661
0.956237 0.99567
0.961929 1.00117
0.962013 1.00596
0.967621 0.998177
0.968984 0.997078
0.973313 0.992984
0.975955 0.993703
0.979005 0.998005
0.982926 0.999628
0.984696 1.00291
0.989898 1.00153
0.990388 1.00215
0.99608 1.00473
0.996869 0.993685
1.00177 1.00286
1.00384 0.998215
1.00746 1.00525
1.01081 1.00701
1.01316 1.00032
1.01778 1.00419
1.01885 1.00179
1.02454 1.00679
1.02475 1.00704
1.03023 0.993194
1.03172 1.00789
1.03592 0.995507
1.0387 0.998197
1.04162 0.995591
1.04567 0.998303
1.04731 1.00342
1.05264 1.00597
1.053 0.99137
1.05869 1.00417
1.05961 1.00806
1.06438 1.00358
1.06658 1.01595
1.07007 1.00755
1.07355 1.00765
1.07577 1.00326
1.08052 0.993336
1.08146 1.00216
1.08715 1.00092
1.08749 1.00381
1.09284 1.00423
1.09446 0.997575
1.09853 1.01105
1.10144 1.01213
1.10423 1.00243
1.10841 1.00867
1.10992 0.998909
1.11538 0.994993
1.11561 1.00043
1.1213 0.998282
1.12235 0.986911
1.12699 1.00883
1.12932 0.995323
1.13269 1.00236
1.13629 1.0005
1.13838 0.99156
1.14326 0.995643
1.15023 1.00528
1.1572 0.997275
1.16418 0.999984
1.17115 0.995945
1.17812 1.00455
1.18509 1.002
1.19206 1.00863
1.19903 0.998173
1.206 1.00419
1.21297 1.0012
1.21994 1.00322
1.22692 1.0134
1.23389 0.998939
1.24086 0.995121
1.24783 0.98738
1.2548 1.00281
1.26177 1.00167
1.26874 0.993201
1.27571 0.990812
1.28268 0.99527
1.28966 1.0094
1.29663 1.00589
1.3036 1.00863
1.31057 0.995469
1.31754 1.00122
1.32451 0.998326
1.33148 1.00357
1.33845 1.0007
1.34542 1.00921
1.3524 0.992182
1.35937 0.991579
1.36634 0.99762
1.37331 0.998409
1.38028 1.0026
1.38725 1.00563
1.39422 0.9974
