35.2 90
35.6 6
35.8 8
36 232
36.2 478
36.4 83
36.6 586
36.8 505
37 81
37.2 163
37.4 338
37.6 535
37.8 746
38 537
38.2 824
38.4 555
38.6 1812
38.8 1910
39 6041
39.2 5634
39.4 4341
39.6 8870
39.8 3176
40 5641
40.2 9882
40.4 9904
40.6 9404
40.8 9812
41 14595
41.2 14596
41.4 7377
41.6 16886
41.8 12676
42 11908
42.2 13542
42.4 17173
42.6 9630
42.8 17265
43 10052
43.2 9991
43.4 13662
43.6 15994
43.8 18593
44 9513
44.2 13722
44.4 9558
44.6 9817
44.8 7349
45 9566
45.2 7054
45.4 7297
45.6 7239
45.8 7338
46 7196
46.2 5250
46.4 7792
46.6 4546
46.8 4313
47 5074
47.2 3386
47.4 3951
47.6 3376
47.8 3087
48 2962
48.2 2945
48.4 2510
48.6 2502
48.8 2460
49 1942
49.2 2199
49.4 2161
49.6 2048
49.8 1624
50 1657
50.2 1570
50.4 1544
50.6 1484
50.8 1576
51 1170
51.2 1087
51.4 1333
51.6 1048
51.8 1098
52 1058
52.2 1022
52.4 1042
52.6 958
52.8 909
53 1003
53.2 815
53.4 888
53.6 803
53.8 711
54 886
54.2 836
54.4 749
54.6 755
54.8 743
55 776
55.2 790
55.4 699
55.6 705
55.8 604
56 692
56.2 645
56.4 629
56.6 685
56.8 662
57 630
57.2 647
57.4 677
57.6 650
57.8 615
58 663
58.2 638
58.4 590
58.6 645
58.8 624
59 617
59.2 574
59.4 607
59.6 647
59.8 662
60 622
60.2 551
60.4 573
60.6 585
60.8 624
61 573
61.2 613
61.4 574
61.6 554
61.8 567
62 533
62.2 609
62.4 579
62.6 575
62.8 587
63 591
63.2 547
63.4 546
63.6 593
63.8 591
64 563
64.2 577
64.4 621
64.6 556
64.8 544
65 576
65.2 588
65.4 588
65.6 576
65.8 540
66 550
66.2 570
66.4 542
66.6 561
66.8 578
67 569
67.2 545
67.4 549
67.6 558
67.8 527
68 612
68.2 555
68.4 567
68.6 553
68.8 519
69 502
69.2 538
69.4 607
69.6 577
69.8 566
70 552
70.2 549
70.4 504
70.6 579
70.8 564
71 556
71.2 579
71.4 541
71.6 509
71.8 534
72 578
72.2 537
72.4 517
72.6 510
72.8 558
73 587
73.2 581
73.4 499
73.6 477
73.8 546
74 487
74.2 502
74.4 531
74.6 557
74.8 559
75 530
75.2 527
75.4 526
75.6 531
75.8 547
76 532
76.2 553
76.4 530
76.6 548
76.8 562
77 546
77.2 497
77.4 531
77.6 581
77.8 544
78 574
78.2 594
78.4 557
78.6 515
78.8 539
79 507
79.2 500
79.4 526
79.6 504
79.8 545
80 560
80.2 504
80.4 540
80.6 515
80.8 540
81 549
81.2 542
81.4 499
81.6 546
81.8 548
82 541
82.2 489
82.4 511
82.6 551
82.8 526
83 545
83.2 570
83.4 526
83.6 532
83.8 513
84 541
84.2 521
84.4 529
84.6 517
84.8 517
85 514
85.2 538
85.4 551
85.6 514
85.8 511
86 534
86.2 547
86.4 551
86.6 532
86.8 513
87 521
87.2 518
87.4 521
87.6 494
87.8 529
88 528
88.2 516
88.4 505
88.6 537
88.8 516
89 523
89.2 509
89.4 529
89.6 496
89.8 542
90 530
90.2 524
90.4 508
90.6 569
90.8 475
91 541
91.2 540
91.4 550
91.6 519
91.8 503
92 525
92.2 515
92.4 539
92.6 525
92.8 558
93 556
93.2 513
93.4 486
93.6 541
93.8 537
94 518
94.2 537
94.4 505
94.6 557
94.8 485
95 528
95.2 546
95.4 507
95.6 531
95.8 494
96 557
96.2 559
96.4 524
96.6 520
96.8 468
97 521
97.2 520
97.4 507
97.6 552
97.8 537
98 563
98.2 561
98.4 526
98.6 537
98.8 549
99 560
99.2 518
99.4 542
99.6 555
99.8 535
100 526
100.2 507
100.4 559
100.6 509
100.8 569
101 563
101.2 516
101.4 562
101.6 579
101.8 509
102 516
102.2 521
102.4 540
102.6 535
102.8 546
103 527
103.2 531
103.4 519
103.6 508
103.8 551
104 536
104.2 506
104.4 550
104.6 553
104.8 513
105 563
105.2 530
105.4 484
105.6 496
105.8 537
106 519
106.2 535
106.4 544
106.6 542
106.8 476
107 538
107.2 499
107.4 557
107.6 529
107.8 518
108 544
108.2 556
108.4 498
108.6 549
108.8 520
109 538
109.2 536
109.4 548
109.6 536
109.8 499
110 495
110.2 546
110.4 526
110.6 594
110.8 526
111 501
111.2 549
111.4 554
111.6 534
111.8 528
112 535
112.2 531
112.4 538
112.6 585
112.8 536
113 569
113.2 525
113.4 560
113.6 517
113.8 522
114 539
114.2 540
114.4 518
114.6 529
114.8 518
115 560
115.2 523
115.4 593
115.6 528
115.8 546
116 557
116.2 527
116.4 565
116.6 554
116.8 515
117 525
117.2 507
117.4 531
117.6 525
117.8 536
118 546
118.2 537
118.4 561
118.6 549
118.8 511
119 534
119.2 529
119.4 535
119.6 590
119.8 553
120 508
120.2 479
120.4 526
120.6 533
120.8 533
121 533
121.2 536
121.4 560
121.6 538
121.8 570
122 518
122.2 543
122.4 532
122.6 527
122.8 535
123 554
123.2 563
123.4 551
123.6 510
123.8 587
124 579
124.2 513
124.4 533
124.6 530
124.8 541
125 539
125.2 559
125.4 550
125.6 554
125.8 542
126 530
126.2 570
126.4 514
126.6 499
126.8 528
127 536
127.2 535
127.4 539
127.6 536
127.8 486
128 548
128.2 569
128.4 552
128.6 537
128.8 578
129 560
129.2 522
129.4 552
129.6 511
129.8 552
130 542
130.2 491
130.4 507
130.6 531
130.8 532
131 594
131.2 532
131.4 558
131.6 512
131.8 563
132 558
132.2 534
132.4 541
132.6 531
132.8 531
133 524
133.2 532
133.4 550
133.6 565
133.8 543
134 600
134.2 576
134.4 548
134.6 563
134.8 495
135 573
135.2 520
135.4 571
135.6 571
135.8 564
136 554
136.2 529
136.4 511
136.6 579
136.8 556
137 518
137.2 537
137.4 541
137.6 495
137.8 539
138 539
138.2 508
138.4 561
138.6 515
138.8 538
139 527
139.2 551
139.4 523
139.6 507
139.8 546
140 572
140.2 522
140.4 526
140.6 525
140.8 559
141 554
141.2 527
141.4 533
141.6 538
141.8 563
142 565
142.2 547
142.4 534
142.6 507
142.8 543
143 548
143.2 528
143.4 508
143.6 573
143.8 522
144 558
144.2 535
144.4 536
144.6 552
144.8 523
145 508
145.2 564
145.4 553
145.6 498
145.8 549
146 538
146.2 540
146.4 576
146.6 526
146.8 563
147 553
147.2 525
147.4 552
147.6 542
147.8 515
148 540
148.2 560
148.4 536
148.6 551
148.8 549
149 520
149.2 520
149.4 527
149.6 562
149.8 531
150 549
150.2 572
150.4 516
150.6 533
150.8 532
151 551
151.2 504
151.4 469
151.6 553
151.8 531
152 557
152.2 548
152.4 529
152.6 550
152.8 511
153 546
153.2 550
153.4 542
153.6 559
153.8 561
154 517
154.2 554
154.4 553
154.6 513
154.8 570
155 550
155.2 506
155.4 580
155.6 537
155.8 526
156 550
156.2 492
156.4 543
156.6 519
156.8 517
157 517
157.2 494
157.4 508
157.6 548
157.8 525
158 539
158.2 550
158.4 542
158.6 524
158.8 508
159 522
159.2 539
159.4 492
159.6 547
159.8 579
160 517
160.2 482
160.4 569
160.6 545
160.8 546
161 542
161.2 501
161.4 546
161.6 526
161.8 521
162 560
162.2 502
162.4 570
162.6 524
162.8 541
163 515
163.2 552
163.4 563
163.6 554
163.8 552
164 529
164.2 546
164.4 494
164.6 529
164.8 557
165 526
165.2 546
165.4 508
165.6 519
165.8 544
166 505
166.2 512
166.4 519
166.6 580
166.8 514
167 507
167.2 540
167.4 558
167.6 505
167.8 523
168 558
168.2 532
168.4 587
168.6 545
168.8 530
169 524
169.2 563
169.4 569
169.6 563
169.8 579
170 553
170.2 581
170.4 504
170.6 550
170.8 510
171 536
171.2 543
171.4 550
171.6 545
171.8 573
172 505
172.2 509
172.4 566
172.6 569
172.8 517
173 525
173.2 537
173.4 545
173.6 525
173.8 556
174 565
174.2 548
174.4 569
174.6 460
174.8 546
175 565
175.2 531
175.4 546
175.6 534
175.8 600
176 555
176.2 534
176.4 520
176.6 573
176.8 542
177 542
177.2 529
177.4 538
177.6 520
177.8 588
178 537
178.2 523
178.4 544
178.6 522
178.8 546
179 531
179.2 533
179.4 520
179.6 494
179.8 542
180 591
180.2 547
180.4 566
180.6 530
180.8 534
181 584
181.2 535
181.4 581
181.6 516
181.8 492
182 541
182.2 563
182.4 543
182.6 526
182.8 557
183 527
183.2 492
183.4 575
183.6 525
183.8 566
184 544
184.2 505
184.4 569
184.6 552
184.8 532
185 573
185.2 600
185.4 506
185.6 517
185.8 573
186 558
186.2 522
186.4 568
186.6 536
186.8 549
187 524
187.2 488
187.4 556
187.6 478
187.8 567
188 552
188.2 515
188.4 568
188.6 484
188.8 593
189 554
189.2 544
189.4 533
189.6 530
189.8 572
190 507
190.2 565
190.4 573
190.6 561
190.8 521
191 568
191.2 524
191.4 554
191.6 509
191.8 547
192 539
192.2 524
192.4 527
192.6 532
192.8 564
193 564
193.2 512
193.4 526
193.6 524
193.8 522
194 527
194.2 518
194.4 546
194.6 513
194.8 526
195 508
195.2 518
195.4 531
195.6 502
195.8 503
196 557
196.2 532
196.4 534
196.6 494
196.8 571
197 532
197.2 563
197.4 547
197.6 571
197.8 539
198 517
198.2 567
198.4 559
198.6 516
198.8 544
199 522
199.2 574
199.4 551
199.6 553
199.8 576
200 553
200.2 535
200.4 534
200.6 498
200.8 554
201 535
201.2 547
201.4 546
201.6 574
201.8 570
202 533
202.2 547
202.4 544
202.6 545
202.8 556
203 518
203.2 500
203.4 527
203.6 541
203.8 555
204 471
204.2 571
204.4 518
204.6 510
204.8 497
205 531
205.2 512
205.4 546
205.6 535
205.8 531
206 556
206.2 551
206.4 556
206.6 559
206.8 553
207 538
207.2 522
207.4 499
207.6 576
207.8 533
208 480
208.2 538
208.4 540
208.6 544
208.8 523
209 493
209.2 549
209.4 550
209.6 536
209.8 567
210 539
210.2 543
210.4 555
210.6 511
210.8 543
211 544
211.2 509
211.4 514
211.6 583
211.8 526
212 546
212.2 523
212.4 529
212.6 587
212.8 570
213 548
213.2 538
213.4 514
213.6 495
213.8 515
214 536
214.2 550
214.4 572
214.6 511
214.8 525
215 520
215.2 593
215.4 569
215.6 551
215.8 550
216 508
216.2 552
216.4 491
216.6 560
216.8 557
217 559
217.2 491
217.4 485
217.6 516
217.8 554
218 501
218.2 542
218.4 512
218.6 571
218.8 522
219 560
219.2 530
219.4 511
219.6 531
219.8 542
220 566
220.2 558
220.4 514
220.6 546
220.8 520
221 529
221.2 476
221.4 540
221.6 530
221.8 544
222 513
222.2 581
222.4 523
222.6 528
222.8 555
223 520
223.2 565
223.4 548
223.6 523
223.8 559
224 566
224.2 512
224.4 531
224.6 568
224.8 548
225 504
225.2 549
225.4 552
225.6 561
225.8 545
226 511
226.2 521
226.4 517
226.6 517
226.8 518
227 517
227.2 508
227.4 508
227.6 519
227.8 535
228 521
228.2 500
228.4 498
228.6 515
228.8 556
229 540
229.2 530
229.4 567
229.6 536
229.8 472
230 539
230.2 548
230.4 526
230.6 495
230.8 532
231 525
231.2 559
231.4 484
231.6 510
231.8 518
232 523
232.2 551
232.4 502
232.6 520
232.8 509
233 532
233.2 518
233.4 537
233.6 560
233.8 559
234 535
234.2 523
234.4 548
234.6 531
234.8 551
235 507
235.2 531
235.4 559
235.6 539
235.8 540
236 532
236.2 559
236.4 570
236.6 529
236.8 529
237 513
237.2 531
237.4 553
237.6 538
237.8 546
238 506
238.2 522
238.4 523
238.6 535
238.8 552
239 525
239.2 493
239.4 524
239.6 500
239.8 536
240 539
240.2 580
240.4 503
240.6 525
240.8 526
241 545
241.2 536
241.4 556
241.6 494
241.8 557
242 569
242.2 519
242.4 525
242.6 560
242.8 550
243 503
243.2 533
243.4 540
243.6 543
243.8 499
244 543
244.2 525
244.4 484
244.6 575
244.8 557
245 501
245.2 531
245.4 518
245.6 543
245.8 537
246 548
246.2 542
246.4 548
246.6 516
246.8 529
247 556
247.2 545
247.4 575
247.6 553
247.8 563
248 526
248.2 495
248.4 537
248.6 536
248.8 544
249 513
249.2 506
249.4 529
249.6 543
249.8 530
250 584
