0.5 0
1 0
1.5 0
2 0
2.5 0
3 0
3.5 0
4 0
4.5 0
5 0
5.5 0
6 0
6.5 0
7 0
7.5 0
8 0
8.5 0
9 0
9.5 0
10 0
10.5 0
11 0
11.5 0
12 0
12.5 0
13 0
13.5 0
14 0
14.5 0
15 0
15.5 0
16 0
16.5 0
17 0
17.5 0
18 0
18.5 0
19 0
19.5 0
20 0
20.5 0
21 0
21.5 0
22 0
22.5 0
23 0
23.5 0
24 0
24.5 0
25 0
25.5 0
26 0
26.5 0
27 0
27.5 0
28 0
28.5 0
29 0
29.5 0
30 0
30.5 0
31 0
31.5 0
32 0
32.5 0
33 0
33.5 0
34 0
34.5 0
35 0.01596444487854697
35.5 0
36 0.03017969903737661
36.5 3.611098115331304
37 11.95671617611116
37.5 12.00157298807317
38 8.423898043773454
38.5 9.882123317381556
39 23.41373195377824
39.5 37.65265868198366
40 48.08440908528103
40.5 47.35753662279897
41 46.43056032129338
41.5 48.72504305005673
42 51.09731003140487
42.5 48.00735060183234
43 38.91193135073745
43.5 28.58667026250476
44 21.68785504335973
44.5 16.41348897890555
45 13.24043756167787
45.5 9.994309278995679
46 8.123872936719007
46.5 6.593432021118931
47 4.771807986501857
47.5 3.805109958808021
48 2.919885881866187
48.5 2.7519112709656
49 2.370231356967944
49.5 2.170942978688644
50 1.885241295707612
50.5 1.610372883053116
51 1.496244732898035
51.5 1.408344232428326
52 1.207812984847909
52.5 1.241679046109209
53 1.246209914824987
53.5 1.086374268920949
54 1.30778695828632
54.5 1.165387008093914
55 1.11196976393714
55.5 1.066628603524054
56 0.9790694710671386
56.5 1.096594455554354
57 1.065401896211433
57.5 0.9996337847958222
58 1.02316715690093
58.5 0.9943228653261121
59 1.050576044399066
59.5 1.010897374662317
60 1.053875090385191
60.5 0.9456979060968368
61 1.009093640267199
61.5 1.039287577558392
62 0.9666296944541644
62.5 1.061367381749414
63 0.8622771153536174
63.5 0.9942516510943293
64 1.002649766847219
64.5 1.128188641137627
65 1.046096228313782
65.5 0.8615274402437125
66 1.028105119273276
66.5 0.9463687545731446
67 0.9322965526645329
67.5 0.9485814737436773
68 1.019269731675828
68.5 1.091968369922671
69 0.9611863315344444
69.5 1.093160839206959
70 1.02970669466628
70.5 1.019087419916703
71 0.9543514112577128
71.5 1.048161948943086
72 0.9770677563350677
72.5 0.9561962157219597
73 0.8550669317806847
73.5 0.9774149925641004
74 0.9571087022693519
74.5 1.02182226802465
75 0.9282792548712445
75.5 0.9846409733213722
76 1.005585899919902
76.5 1.086051453248155
77 1.088484878082748
77.5 1.061461155004826
78 0.9161056571700711
78.5 0.9584236898565381
79 0.9996003761278951
79.5 1.045857110393161
80 0.9380982199530551
80.5 1.007963060384629
81 0.959788947163977
81.5 0.9716025205544226
82 1.041226546919508
82.5 0.9769243404098902
83 1.124162027955166
83.5 0.9676895574306593
84 1.017179040004642
84.5 1.02982715045814
85 1.025867494254311
85.5 1.123587687153301
86 1.065609427449524
86.5 1.029802441863169
87 0.9534057598395025
87.5 0.9425408256294132
88 0.9545888689322283
88.5 1.006255842882528
89 1.049297956683944
89.5 1.018075285426018
90 0.8957334674293377
90.5 0.9670474302211919
91 1.02965946258084
91.5 1.002086045543121
92 0.995844492527273
92.5 0.9348237832314387
93 0.9722824996848903
93.5 0.9552005496120517
94 1.000397592717458
94.5 1.000788931343754
95 1.001116629253591
95.5 0.9713625804366853
96 1.052517003928509
96.5 0.9618354102508824
97 0.9810438972022382
97.5 1.038895959289007
98 1.064975085647968
98.5 0.9594545397903311
99 0.9138712171318009
99.5 0.9540933737546304
100 0.9797778933086241
100.5 0.9293922020331794
101 0.9834777250074387
101.5 1.028861964824311
102 0.9981230567447945
102.5 0.9995774850427281
103 0.9769927266845719
103.5 0.9675759842606942
104 1.034235070857791
104.5 0.9903357589661119
105 0.9667358287564557
105.5 1.063017381515521
106 0.9590246690901783
106.5 1.081081002454536
107 0.9855942659864585
107.5 0.9662935711343771
108 0.9909001183938654
108.5 0.9817884415422747
109 0.9909081622493449
109.5 1.022655157322822
110 0.9616598975909855
110.5 1.007432598844611
111 1.014249520315283
111.5 1.028769129839563
112 1.119381974882493
112.5 1.038374796959595
113 1.009295734930614
113.5 0.9351448780571363
114 0.9615703554789632
114.5 0.9964497430724044
115 1.01590001502179
115.5 0.9572803035529086
116 1.02316715690093
116.5 0.9870260869576325
117 0.9428923722920028
117.5 1.012791899175904
118 0.955069131271878
118.5 1.116934171584217
119 1.03437449948371
119.5 1.057234678779564
120 0.9696737300709104
120.5 1.046494223344844
121 1.035191916984532
121.5 0.9631008482929072
122 1.044569588557843
122.5 1.049092092018801
123 0.9656067418359687
123.5 1.018067321943891
124 1.011145535646133
124.5 0.9260773608519547
125 1.013806107567247
125.5 0.9747025797262097
126 0.9965459804586807
126.5 1.07056481427104
127 0.9712141128372654
127.5 1.017747171080794
128 1.043233209791035
128.5 1.000784024279304
129 1.000092222508459
129.5 0.9259144801728486
130 1.044939042220515
130.5 0.9795303982452223
131 0.9435776726478757
131.5 1.038200146780783
132 0.9921887832287946
132.5 1.010335099661464
133 1.037025574520572
133.5 1.064385901159138
134 0.9976444418699909
134.5 1.022672265308891
135 1.029060671176681
135.5 0.9948513559341251
136 1.027728401648242
136.5 0.9582865334722805
137 0.9961085511890011
137.5 1.007496325650952
138 1.008424121332077
138.5 1.011351296975604
139 1.056722144566727
139.5 0.9647454260439224
140 0.9858044712502755
140.5 0.9916795086787789
141 0.9935118669072101
141.5 1.022642205051999
142 1.001875007956522
142.5 1.003524317154634
143 1.010864215358432
143.5 0.9753411594448389
144 0.9978162994232641
144.5 0.9965425440163851
145 1.036189284352396
145.5 0.997671759866683
146 1.039475143463
146.5 0.9959437784486019
147 1.080586575112533
147.5 0.9582152413513616
148 1.009785393905445
148.5 1.033148925723967
149 0.9654458670301864
149.5 1.006248776754311
150 0.9873831774660429
150.5 0.9998284028857432
151 1.023237527153656
151.5 0.9738921721321224
152 0.9928891082542464
152.5 1.016661842569203
153 0.9866359740662084
153.5 1.025038336560887
154 1.032411414666364
154.5 1.001980800616546
155 1.02483097710972
155.5 0.9875174704961557
156 1.051110701384608
156.5 0.9853179312090777
157 1.022688854490958
157.5 1.054835913456585
158 1.010567778373813
158.5 0.9839622824365706
159 1.019555970043037
159.5 1.043153893249107
160 1.028241208515319
160.5 0.9846453017403711
161 1.004190743541872
161.5 0.9754884994224912
162 1.021638700746749
162.5 0.9938839917855544
163 0.9612976453364213
163.5 0.9685953538708988
164 0.9808761255547604
164.5 1.003830418121401
165 0.9790793205725591
165.5 1.004588058945851
166 0.9864805674606568
166.5 0.9890299617332827
167 1.016074035302192
167.5 1.037201697469028
168 1.048359596408054
168.5 0.987732289476866
169 0.9777880125360535
169.5 1.01218867499027
170 1.013687009494035
170.5 0.9848775103477315
171 1.009891314048503
171.5 1.021298931005754
172 0.9783510872365354
172.5 1.006863220451808
173 0.9781816341809417
173.5 1.02777353694093
174 0.9857027029234966
174.5 1.002540557397049
175 1.000012827192182
175.5 1.00067230891057
176 0.9728977824236533
176.5 0.9805765892625959
177 1.010625440215144
177.5 1.029147733245716
178 1.003005399771417
178.5 0.9832772278136197
179 1.006478504596824
179.5 0.9881330039737813
180 1.057496654269676
180.5 1.027035622940662
181 0.9992823445618982
181.5 0.9789427791297453
182 0.9712097568494737
182.5 0.9471058959397387
183 1.034204188028478
183.5 0.9983748907222492
184 0.9669626916999159
184.5 0.9933268223319291
185 1.013106703954365
185.5 1.004242581003649
186 0.9971548427000853
186.5 0.9906908278820292
187 0.9960258658425433
187.5 1.019646965800145
188 0.9943111029387565
188.5 0.9972990254461992
189 1.036374971025015
189.5 1.062499541178502
190 1.021702360807507
190.5 1.022273919851459
191 0.9772593731435306
191.5 1.019624451582129
192 0.9671060978637461
192.5 1.006947465397277
193 0.9749608934693715
193.5 1.009624371906959
194 1.028849002362517
194.5 1.011676180264805
195 0.9740935380660292
195.5 0.9870260492573559
196 1.01661340632839
196.5 1.037277012121766
197 0.9982560101494989
197.5 0.9962161491491548
198 1.012641141254124
198.5 1.024917584043916
199 0.9881681371030101
199.5 0.9886261340608344
200 1.026713361251552
200.5 0.996788720375492
201 1.001032850939904
201.5 0.9560934006809175
202 0.9628687863255089
202.5 1.016303228028042
203 0.9894728766875873
203.5 0.9983114822239596
204 1.009871209484258
204.5 1.008680048868829
205 0.9744484421226595
205.5 0.9998132784830559
206 1.02676405427039
206.5 1.021797850887752
207 0.9566222938728374
207.5 1.013789756119568
208 0.9799919727358785
208.5 1.000939451537236
209 0.9854109428048881
209.5 1.007447487568048
210 1.004429656941914
210.5 1.012021560033459
211 1.026997784290615
211.5 1.00640894064704
212 1.006453747552442
212.5 0.9744387808220367
213 1.001767244698701
213.5 1.007377494620486
214 0.9894375711831128
214.5 1.009907863215236
215 1.006908362215332
215.5 0.9942402676311072
216 1.043714591709274
216.5 1.008441615401946
217 0.993832377584883
217.5 1.032261976073382
218 1.043169514660336
218.5 0.990884183243904
219 1.008383653931156
219.5 1.009477506983862
220 1.017015950519542
220.5 0.9999397825161949
221 1.005430546780134
221.5 0.9945188044916204
222 1.009487785478122
222.5 0.9780938318115556
223 0.994948737956458
223.5 0.9955915814508369
224 1.007521728785252
224.5 1.013515494028041
225 0.9908598787951489
225.5 0.9872398710715651
226 0.9935972807833623
226.5 0.9953145882083247
227 0.9970071406883512
227.5 0.9967859311149565
228 0.9559273369608942
228.5 0.9817129559188261
229 1.018079265938497
229.5 0.9961969398512134
230 1.009985022212347
230.5 0.9831548794045526
231 1.020317138243223
231.5 1.024307452070955
232 1.016627025926421
232.5 0.9800607596823697
233 0.9639714630286951
233.5 1.014368012925921
234 0.9557499955505302
234.5 0.9886646638975405
235 1.025540328676021
235.5 0.97711259918781
236 1.009142898263006
236.5 1.009076162703468
237 1.007956492124785
237.5 0.9849947510682088
238 0.9929442792106637
238.5 0.9777835706634284
239 0.982598292777639
239.5 0.9815683349800168
240 1.036219966448326
240.5 0.9849183607562032
241 1.019894144952231
241.5 1.033782473441721
242 0.9961217704402771
242.5 0.9966740881068162
243 0.9929079584532793
243.5 1.001697918240247
244 0.9929980711353329
244.5 0.9945022432610926
245 0.9790440175517073
245.5 0.9864168927075784
246 0.976594234882295
246.5 0.9858323377123458
247 0.9991548622478301
247.5 1.018427662061291
248 1.014961179176873
248.5 1.017531469842718
249 0.9986242930712835
249.5 0.9987098618785228
250 0.9756319269736655
250.5 0.9954268748578182
251 1.017229412026366
251.5 1.008860237499947
252 0.9839197798410027
252.5 0.9741989098241327
253 0.97737923540327
253.5 0.9969603265073483
254 0.9827328819657974
254.5 1.000010741987885
255 0.9699274901700828
255.5 1.013767713811277
256 1.009513143227423
256.5 0.9901244936263611
257 1.033057828612572
257.5 0.9945417281148305
258 0.993922440877237
258.5 0.9906665256633058
259 0.9798484155733451
259.5 1.024284605880259
260 1.022084616878483
260.5 1.004331854688523
261 1.008238792097661
261.5 0.9846537669223462
262 0.9817538224470349
262.5 0.9964651727747276
263 0.966951117099749
263.5 1.004125983821991
264 1.01856484251146
264.5 1.005492870300828
265 1.020081992850039
265.5 1.033721883258974
266 0.9897624153406633
266.5 0.9849505426811893
267 0.9889461787831678
267.5 1.025427989180227
268 1.031407517959477
268.5 0.9719594318362432
269 1.002132336090213
269.5 1.007841409687996
270 0.9783587767938889
270.5 1.007352593648011
271 1.012426353121398
271.5 0.9856189858084302
272 0.9872853858426398
272.5 1.004471423473489
273 1.025723455460883
273.5 1.034787178405448
274 1.009653960357889
274.5 1.006498234813837
275 1.018357425670804
275.5 0.9937939370855919
276 1.021003750136882
276.5 0.9725495822502099
277 0.9838245983684051
277.5 1.012535295773906
278 0.9975092657763497
278.5 1.008554804752056
279 1.003435737400892
279.5 0.9915876939821313
280 1.01399169423896
280.5 1.00913719266847
281 1.00852121861638
281.5 0.9851982792647914
282 1.008512912422393
282.5 1.010827291432785
283 0.9813751246666628
283.5 1.010278541925424
284 0.9904790434420115
284.5 0.984342855787083
285 1.009061999327032
285.5 0.995453825823586
286 0.989107204100718
286.5 0.9999530905304802
287 0.9653693170162402
287.5 0.9970311879596674
288 1.012906148941953
288.5 0.9978850963899992
289 1.007313445572953
289.5 1.001736879235089
290 0.999913357880454
290.5 0.9881317021646725
291 0.9909744262935039
291.5 1.007370755286757
292 0.9855747333319749
292.5 1.005066123871015
293 0.9922989704762375
293.5 0.9896020089020565
294 0.9957415236746772
294.5 0.9777066873079473
295 0.994844951562495
295.5 1.025971346120333
296 1.004874854854623
296.5 1.004158039666341
297 0.9976760012355903
297.5 1.01443275345895
298 0.9909914237308025
298.5 1.010939516796372
299 0.9852488022829171
299.5 1.023603715300159
300 1.020629133925617
300.5 0.9877818227141076
301 1.012779548000843
301.5 1.007917237621631
302 0.988929479302737
302.5 1.000409468573852
303 0.9917852041660459
303.5 1.028009918060382
304 0.9825200617272946
304.5 0.9984896558996085
305 0.9861788055194649
305.5 1.023394636399867
306 1.005850730546753
306.5 0.9942446684684146
307 1.008231027803512
307.5 1.01260735914943
308 1.000870091494648
308.5 1.019615276217635
309 0.9960410125507491
309.5 1.017528629077392
310 1.028086992922619
310.5 0.998205748123035
311 0.9931789138159535
311.5 1.024457433627752
312 0.992849595994406
312.5 1.023518620400237
313 1.000289334134661
313.5 0.989340846610309
314 0.9903579229001852
314.5 0.9763368841204483
315 1.000044361898115
315.5 1.0039499984025
316 1.02486457058724
316.5 0.9847308856500068
317 0.9892168278530633
317.5 0.9831936327309385
318 0.987646498294725
318.5 0.9990068030507234
319 1.014134689512811
319.5 0.9918051301979683
320 0.9961564159762084
320.5 1.027510481493762
321 0.9994491439793358
321.5 0.9948292310293649
322 1.002115969278356
322.5 1.001831513330212
323 1.017477243440677
323.5 0.9784552734937675
324 1.002636668019512
324.5 0.9986206550994433
325 1.005363277830768
325.5 1.008737325254471
326 1.019814615324358
326.5 0.9853231612585838
327 1.013769646243654
327.5 1.004477178476743
328 0.9908739363230169
328.5 0.9753553175104427
329 0.9953386921221739
329.5 0.9928606106085679
330 1.01499565661704
330.5 0.9961714804066483
331 1.01208498475888
331.5 0.9896365804937078
332 0.9893193604605435
332.5 0.9980210305236787
333 1.01213319372099
333.5 0.9899348845767715
334 0.9901287355739792
334.5 0.9980074297288321
335 1.006357493764052
335.5 1.007356220087676
336 1.01094292872396
336.5 1.015194730920046
337 0.9928982533339624
337.5 1.000774915918895
338 1.02058335622198
338.5 0.9981134968194009
339 1.001127433585702
339.5 0.993260286098565
340 0.9947395887558294
340.5 1.009362725521989
341 1.009600357687403
341.5 1.00714922347303
342 1.004206495393263
342.5 0.9979423911995582
343 1.018140617254271
343.5 0.990648721614065
344 1.013056108912156
344.5 1.005503672640517
345 1.006534609740172
345.5 1.001985146839868
346 0.9812854169213286
346.5 0.994581169558288
347 1.018028528689278
347.5 0.9890271474128733
348 0.9845723099155568
348.5 1.003487091361447
349 1.007839058100781
349.5 0.9895877118386256
350 1.007675760733885
350.5 1.007986630791759
351 1.018450750947052
351.5 1.007166274864991
352 0.9942055696766048
352.5 0.9928036208238704
353 1.008826234919969
353.5 0.9979929907900604
354 1.010937554310331
354.5 0.996883403332655
355 0.9894218858827931
355.5 0.994223060741008
356 1.009640666262212
356.5 0.9617248974770315
357 1.008288805237718
357.5 1.022149170648148
358 0.9904566363459653
358.5 0.9969777799890189
359 0.9898021475615748
359.5 1.019584272312771
360 1.010416323771369
360.5 1.008819289902714
361 1.005576520941755
361.5 0.9903759144996679
362 0.9961483945565519
362.5 0.994146415723376
363 0.9934874110816426
363.5 0.9988965384643723
364 1.005600619060101
364.5 1.007701116829168
365 1.002740293732851
365.5 1.003658476250809
366 1.002524020213376
366.5 1.008817282618693
367 1.008974275106008
367.5 1.007968261220549
368 1.006819576841669
368.5 0.9935759506963179
369 0.9931831949718466
369.5 0.9992346762282426
370 0.9858219633374324
370.5 0.9927082422761031
371 0.9847772112247156
371.5 1.00168289073542
372 1.007753852507697
372.5 0.9895467784553194
373 0.9944860396233479
373.5 1.005984126774694
374 0.9813455295267843
374.5 0.9918341900699155
375 0.9897473343698349
375.5 0.9828136411211698
376 1.005377447990941
376.5 1.019678240163682
377 1.001426918763443
377.5 1.01332250132474
378 1.002978841477986
378.5 0.9980100774708253
379 0.9820360315889974
379.5 1.016792152367016
380 1.013034684363753
380.5 0.9716070300607351
381 0.9910183123915833
381.5 0.9893629125556885
382 1.00942369699905
382.5 0.9956919723379083
383 1.009092242942617
383.5 1.007127546154292
384 0.9872651937051188
384.5 1.000572914345913
385 1.012356905397445
385.5 0.9945990342541722
386 0.9869050831981966
386.5 1.009750891431781
387 1.007273978904589
387.5 0.9835772567602997
388 1.009882846510884
388.5 0.9843510083785517
389 1.006506654560845
389.5 1.001861709114461
390 0.999423055885328
390.5 1.012896250233611
391 0.9886890013880385
391.5 0.9908861629246315
392 1.0027412404183
392.5 1.011359143985038
393 1.00182320799651
393.5 0.9941006308538397
394 0.9972481797505596
394.5 0.979517083533794
395 0.9917038465108345
395.5 1.006576440732882
396 0.9939347162309569
396.5 0.9929222678270196
397 0.9780145759605502
397.5 0.9994433333047068
398 1.002365955164835
398.5 1.01179770390296
399 1.000541732346607
399.5 1.014703428397375
400 0.9975009215683235
400.5 0.9957433739709824
401 0.9688163673146863
401.5 0.9866646835983841
402 0.9997016902338665
402.5 1.000116641351695
403 1.011484202231701
403.5 0.992523012479136
404 1.000372261950183
404.5 0.9974225887477636
405 1.006168810573516
405.5 0.9945310725438415
406 0.9937439826301236
406.5 1.005739569679776
407 1.003269982963483
407.5 0.997629691105032
408 0.9951860185599287
408.5 1.003884754153557
409 1.001081045255422
409.5 0.9838268463395593
410 0.9984141034260582
410.5 1.012347139284212
411 1.006643869431469
411.5 0.9873373093530922
412 1.012016994244962
412.5 0.9864637192633043
413 0.9868283328759969
413.5 1.001027922090614
414 0.9945038064641758
414.5 0.9960898723266023
415 0.9848340675207226
415.5 0.9877893491966026
416 0.9907275859058403
416.5 0.9895904042361793
417 0.9882308944559201
417.5 0.990128735573979
418 0.999401897808365
418.5 1.001816662322462
419 1.016470402925524
419.5 0.9909340386375978
420 0.9935649652884582
420.5 1.003701432156084
421 1.002532478681204
421.5 1.002797238768306
422 1.022165887101908
422.5 1.020186215432575
423 1.004004401475207
423.5 1.002289306219546
424 1.012763120375404
424.5 1.008533801501456
425 0.996417788878356
425.5 0.9978579907529582
426 0.973533271149749
426.5 1.019201787633556
427 0.9887144107124832
427.5 0.99442860730625
428 1.00171479611687
428.5 1.001082587526116
429 1.012139351549361
429.5 0.9860370153118057
430 0.9910432094493338
430.5 1.020821202690617
431 1.002136076618012
431.5 1.009373033633111
432 1.007247455372444
432.5 0.9822328874420785
433 1.016890495299293
433.5 1.012672879680811
434 0.9945591668288335
434.5 0.9944468624397309
435 0.9872012810825939
435.5 1.005558367702762
436 0.9914225456392168
436.5 0.9932581913816759
437 0.9935467492592348
437.5 0.9891314615629648
438 0.991155910551216
438.5 1.007509241931773
439 1.001765374843656
439.5 0.9865280245199937
440 0.9916612620431413
440.5 1.001807939660082
441 1.009794378120236
441.5 0.9927600519678863
442 1.011136395163892
442.5 0.9974667099620649
443 0.9830589184679194
443.5 1.004407683321406
444 0.9903416433203711
444.5 0.9956373676812201
445 0.988364607105215
445.5 1.014032960860786
446 1.003403835927234
446.5 0.9982149784024565
447 1.002345004486632
447.5 1.015438543679591
448 1.010542345186833
448.5 0.9943876800621351
449 0.9946963893341815
449.5 1.010294086059209
450 0.9840996262107765
450.5 1.006970181123203
451 0.996373858971039
451.5 1.005488532973084
452 1.014081848999898
452.5 0.9954141548410136
453 0.9985547927275783
453.5 0.9911241658940398
454 1.004502721589986
454.5 1.000211023483608
455 1.02049643800558
455.5 0.9976150193973302
456 0.9898794983779429
456.5 1.001225868290647
457 1.012052043835432
457.5 1.004795648836432
458 1.01118019398983
458.5 1.01511580044697
459 1.003344457962334
459.5 1.011443242774994
460 0.9839220851457401
460.5 0.9924842625342566
461 1.008000612972433
461.5 0.9875450452760574
462 1.002817086752162
462.5 1.02286635567661
463 0.9903706536945397
463.5 1.012085267671005
464 1.012993619829472
464.5 0.980812226013258
465 1.00692289013878
465.5 1.026150366154554
466 0.996301970804041
466.5 0.9859897794416072
467 0.9991237977387384
467.5 0.9888450841932348
468 1.007448355735859
468.5 0.9902414753400612
469 1.002267693895411
469.5 0.9942785931082418
470 1.009073607238371
470.5 0.9984491643354917
471 0.9948318009594403
471.5 0.9941304839308797
472 1.015463208690541
472.5 0.9960587254538142
473 1.003569250173121
473.5 1.000840311179521
474 1.002995048251631
474.5 1.005312204426914
475 0.9862082257703341
475.5 1.007661795920011
476 1.008912176607567
476.5 1.009121509878867
477 0.99411434408344
477.5 0.9934916352492827
478 0.9936396847435202
478.5 0.9884893152028099
479 1.008673122278006
479.5 1.005464877773476
480 0.9887718208680002
480.5 1.014582658868239
481 0.9970903693340348
481.5 0.9972138059774408
482 0.9778895907816163
482.5 1.006189043142801
483 0.996226963540497
483.5 0.9986013467429887
484 0.9964557033167237
484.5 0.9963995604315481
485 1.00315895454595
485.5 1.002919079134437
486 0.9780872009013165
486.5 0.9821095793510134
487 1.002275123165147
487.5 1.014373900210344
488 0.9988286089331008
488.5 0.9917039321266875
489 0.998346125286855
489.5 1.004714271018325
490 1.007959211081729
490.5 0.9972077711722211
491 0.9992338227279566
491.5 0.9855443294521734
492 0.9920251993811796
492.5 1.006943508188357
493 0.9990282651841729
493.5 1.009531718792277
494 0.9951479851935799
494.5 0.9996145906601506
495 1.004859268444487
495.5 0.9761485383937847
496 1.001685919392839
496.5 0.9887215492886475
497 1.005655518980875
497.5 1.009561162439993
498 1.002409350404466
498.5 1.005750920951791
499 1.022428828400016
499.5 0.998279092775011
500 1.007156916275332
500.5 1.00733156764581
501 0.9906741322649624
501.5 0.9912657264770121
502 1.00069982209948
502.5 1.004750419748036
503 0.9915460562863404
503.5 1.007474673864611
504 1.018487853483304
504.5 0.9968767401473116
505 1.001268511144025
505.5 1.004110308223809
506 1.008924845298671
506.5 1.001369018973001
507 1.005329193717041
507.5 1.011549748737231
508 0.9812172544488852
508.5 1.007196935279491
509 1.000312677598388
509.5 0.9963915873399954
510 0.9926343197849172
510.5 0.9930921474320217
511 1.021032449940096
511.5 0.9923522941238982
512 0.9989942729055885
512.5 1.003002480522204
513 1.009148200498798
513.5 1.013784759421431
514 1.004115036194435
514.5 0.9942593325720079
515 0.9988921108223315
515.5 0.9839294925479372
516 0.9979621788500607
516.5 0.988480263818111
517 1.004933879614882
517.5 0.9986844649622078
518 1.010532451794438
518.5 1.00378338682577
519 1.0063516389358
519.5 1.011371904884122
520 1.011886914431563
520.5 0.9944239531463864
521 0.9894902218287071
521.5 1.003988916689666
522 0.9993391900034052
522.5 1.00831581506018
523 1.014253437232094
523.5 0.9879117002352299
524 0.9957849819814274
524.5 1.001635984390928
525 0.9876669898194393
525.5 1.00193493767817
526 1.003989303164096
526.5 1.002788790105389
527 1.007787593300164
527.5 1.003207279586945
528 1.002079805459794
528.5 1.003615424275656
529 0.9934727998468563
529.5 0.9946665359855328
530 0.9925122092594977
530.5 0.9900167859574688
531 1.001262017359537
531.5 1.01128632099685
532 1.0149141550212
532.5 0.9868700519376052
533 0.993348918848865
533.5 1.000695007623855
534 1.014389939693609
534.5 1.000650574047888
535 1.011557927759412
535.5 0.9840274046416092
536 1.015478969965647
536.5 1.002444268073333
537 0.988371250319663
537.5 0.9892409280951162
538 0.9970649193421843
538.5 0.9894818068730085
539 1.013697821833525
539.5 0.9887062483629347
540 1.0000881601008
540.5 1.001652754727158
541 1.011896237609808
541.5 0.9921541611056096
542 1.01369122034321
542.5 0.9896959085164562
543 0.9991496905934181
543.5 0.9897648038988486
544 1.004863559379062
544.5 0.9930586577587976
545 1.002627873404188
545.5 0.9971103736990189
546 0.9907585922119286
546.5 1.007477384249672
547 1.009100508299754
547.5 0.9963629705029752
548 1.017143008696457
548.5 0.9993635914785642
549 1.0121432416749
549.5 1.006416118170073
550 0.9992858512311841
550.5 1.003860112473357
551 1.002232296286928
551.5 0.9966865396405481
552 1.002391034048141
552.5 1.002051082895298
553 0.9937809382014899
553.5 1.001689126407855
554 1.005234252840671
554.5 0.9983338561917772
555 0.9972977442949905
555.5 0.9995592723932998
556 1.027178966794177
556.5 1.011757192532256
557 1.006978937869631
557.5 1.012157811779768
558 0.9950821474488192
558.5 0.9975019081571157
559 0.9956556818708485
559.5 0.9837563669225826
560 0.9911051658388556
560.5 0.9890887030652676
561 0.9911790246462292
561.5 1.002812704903462
562 1.008583136667622
562.5 0.9944911001833259
563 0.9913064098789707
563.5 0.9942903364810861
564 1.013615727085345
564.5 0.9912003232625654
565 1.014686813818255
565.5 0.9974824873714102
566 0.9919360786706024
566.5 1.000240674617219
567 0.9979907128389027
567.5 0.9971437689984569
568 0.9986016990002262
568.5 0.999387346779665
569 0.9958196072966281
569.5 1.007277037303045
570 1.004306815722473
570.5 0.9991823323623683
571 1.002951519739466
571.5 0.9990417825058043
572 1.016064380137062
572.5 1.013693693715993
573 1.005492501861153
573.5 0.9944642890928238
574 1.002763726123485
574.5 1.006174036048125
575 0.9966762883911007
575.5 0.9951223381752773
576 1.004712832211102
576.5 1.01209139878242
577 1.012159059094424
577.5 0.9983275447466013
578 0.9964254689994657
578.5 1.004404220228813
579 0.9981200794148833
579.5 1.00280427547329
580 1.001424854816785
580.5 0.9987719400194727
581 1.004121638245667
581.5 0.9998508637973874
582 1.002867966949322
582.5 0.9927321063800446
583 0.9994305471402198
583.5 1.001107372158932
584 1.012008870640914
584.5 1.008160218010575
585 0.989122671030441
585.5 1.013219468270404
586 1.000442838289489
586.5 0.9930524740728206
587 1.003791071888149
587.5 1.007125930509186
588 1.006488563523472
588.5 0.9991322997186586
589 1.005666933900702
589.5 1.003398932624299
590 1.010182238199979
590.5 1.005443625362902
591 0.9964083210847766
591.5 0.9912030427200499
592 0.9975648478585124
592.5 0.9965503937890304
593 1.004881015658569
593.5 0.995804441669001
594 0.9913019601165851
594.5 1.000867856472014
595 1.013106986410213
595.5 0.9953584866509896
596 1.006682121273207
596.5 0.9997187496283962
597 0.9966182394470527
597.5 0.9916094380967705
598 0.9898425466985346
598.5 0.9971431252754075
599 1.001093154361982
599.5 0.9936560748378838
600 0.9985194864108349
600.5 1.006673544038298
601 0.9937916770399828
601.5 1.000518367450266
602 1.000475960141498
602.5 0.9967150386668191
603 1.006518846576905
603.5 0.9994285209857263
604 1.000883689725792
604.5 0.995321862069057
605 0.9937308110449192
605.5 1.014333535401949
606 1.011222575274326
606.5 0.9930747099084302
607 1.016173579164912
607.5 0.9869465364212049
608 1.004157510857516
608.5 1.000025600567556
609 0.9973823321367287
609.5 1.008117767006305
610 0.993221438217163
610.5 0.9967898259123599
611 1.009617364216556
611.5 1.024912005313754
612 0.9938415077464124
612.5 0.9982143836058647
613 1.001270580855519
613.5 0.9926766771564917
614 0.988103756822458
614.5 0.9910021632621744
615 0.9921318426960412
615.5 1.000999826533434
616 1.014476152470683
616.5 1.003106369411105
617 1.006515624089688
617.5 0.9818579753800428
618 1.011556148619168
618.5 0.985740456201831
619 0.9888442846983047
619.5 0.985414264934538
620 1.007380767362469
620.5 0.9932119805776622
621 0.9899904803321422
621.5 1.004245395720976
622 1.000660106774258
622.5 0.9957224157825104
623 1.001279663636174
623.5 1.001586021628276
624 0.9993286327145233
624.5 1.010014518480499
625 1.003292562748031
625.5 0.9986401649069878
626 1.003533138101871
626.5 1.00407444584276
627 0.9952108295095456
627.5 1.012548356325006
628 0.9962588137886852
628.5 1.005566166396119
629 1.011036585044535
629.5 1.003854433335058
630 1.00107909443654
630.5 1.003279973901437
631 0.9864152552797163
631.5 1.007068602841843
632 1.002831842861067
632.5 1.002615723319591
633 1.001374087077775
633.5 0.9984295690502393
634 0.9951525180457681
634.5 0.9992681879549306
635 0.9936696501278348
635.5 0.9885717254657576
636 1.006743833659245
636.5 1.008734877729606
637 1.002910679500314
637.5 0.9944568812083067
638 1.00101839378432
638.5 1.016336619294007
639 1.006413038480293
639.5 0.9895853505026405
640 1.00021476027059
640.5 1.004898617575234
641 1.002379597010312
641.5 1.005142170786707
642 0.9989746618562921
642.5 1.002821123121624
643 0.9977145763647012
643.5 1.004712863918861
644 0.9983908063961338
644.5 1.000137971484784
645 1.007754503696185
645.5 1.001031051419728
646 0.9947489612433331
646.5 1.000697284758176
647 1.008307876614591
647.5 0.9987748538771303
648 0.9992833681264698
648.5 0.9888611995758415
649 0.9912382539389072
649.5 0.9895272505288708
650 1.000734533457698
650.5 0.9993815817567926
651 1.00952179618445
651.5 1.015897678197431
652 0.9941904390010241
652.5 0.9958826993835715
653 1.002934597393535
653.5 1.009597412065157
654 1.010340423644508
654.5 0.9978405779702056
655 1.000192333006748
655.5 0.9952080083970054
656 0.9940550579310985
656.5 1.000028401510499
657 0.9985068674569233
657.5 1.004498224804675
658 0.9961968984731596
658.5 1.009161805668182
659 1.007766128665146
659.5 0.9966164384600349
660 1.004400337483918
660.5 1.006376789350256
661 0.996753356271372
661.5 0.9920292908068286
662 1.001107343389802
662.5 0.9885020589190553
663 0.9980896892103867
663.5 1.004759811377165
664 0.9893193604605435
664.5 0.9969990117083439
665 0.9987285959476587
665.5 0.9832308574991021
666 0.9874868069249436
666.5 1.007533503163725
667 0.989143639997625
667.5 0.9995571186431769
668 1.003057558918275
668.5 0.9982318251268744
669 0.9962159102621561
669.5 0.9944230535489456
670 1.005486188574646
670.5 0.9982886006342139
671 1.007008736051771
671.5 1.006160216324415
672 0.9921046758968983
672.5 0.9946514776589895
673 0.9961101753285756
673.5 0.9887682635715109
674 1.005727063579086
674.5 1.004365503413574
675 0.9920617014768149
675.5 0.9908507641738771
676 0.9925096107640122
676.5 0.9975383088903872
677 1.003319116117108
677.5 1.005076808843084
678 0.9963625911345039
678.5 0.9988878262082479
679 0.9888912303474482
679.5 1.002049130934616
680 0.9971503096979671
680.5 0.99657238361783
681 0.9924950329163403
681.5 0.9913339797900569
682 0.9918991353574682
682.5 0.9975836285579345
683 0.9888709575125636
683.5 0.9987691278487409
684 1.01026751528304
684.5 1.000152141721409
685 0.9928159748064098
685.5 0.9981934481204392
686 0.9861834689004535
686.5 1.001055479187541
687 0.9949580518402598
687.5 0.9971110452510186
688 1.002396709397501
688.5 1.006469563283646
689 0.9968113883514661
689.5 1.000014571355812
690 1.00283773923427
690.5 0.998555765236552
691 0.9994048221075712
691.5 1.007448485559813
692 0.9944764935679739
692.5 0.9867199992589404
693 0.9932780825362661
693.5 0.9952213405933571
694 1.010557355696344
694.5 1.006142953059445
695 0.9993919316660951
695.5 1.00709251754013
696 0.9970066330028945
696.5 1.001300173968712
697 1.001192532463517
697.5 1.000441006807547
698 1.001135651907423
698.5 1.00182728350944
699 0.9863856807373842
699.5 1.002202344631374
700 0.9966203826554912
700.5 0.9857925821044573
701 1.012881701685133
701.5 1.000907074029997
702 0.9969816948271039
702.5 1.005311386840037
703 1.00063702626556
703.5 0.9942757902873665
704 0.995192041308686
704.5 0.9940557409456481
705 0.997210485342429
705.5 0.9877035076976323
706 0.9836369675421448
706.5 0.9935682426241499
707 1.004448567216294
707.5 1.008303725997401
708 1.00738725647758
708.5 1.002576447239955
709 0.9963387433402005
709.5 0.9949738046892476
710 0.9950471279410195
710.5 0.9972499698210492
711 0.9963507754624383
711.5 1.000977408647587
712 0.9969102131112674
712.5 0.9955885778327968
713 1.006118118744571
713.5 0.9979858540289325
714 0.9892999542792384
714.5 1.007567655624034
715 0.9976665557823241
715.5 1.013997776984296
716 1.003998929748477
716.5 1.002979104887141
717 1.000173221591548
717.5 0.9990076654753797
718 1.002396594633108
718.5 0.9964181974828984
719 1.003128381898106
719.5 0.9931970456083675
720 0.9970618069473297
720.5 0.995640767773015
721 0.997495654526046
721.5 0.9929578972860056
722 1.010416073665285
722.5 0.9981160322437793
723 0.9962496308254631
723.5 1.000103592196679
724 0.9980138409883056
724.5 1.006398247472078
725 1.004415293370818
725.5 1.000504797555721
726 1.007920732074725
726.5 0.9906012269543049
727 0.9944193388364945
727.5 0.9988172348502335
728 1.004567417191112
728.5 0.9915445166757105
729 0.9948583002292049
729.5 0.9916943386599946
730 1.009015677652787
730.5 0.997739941612363
731 1.001279618281282
731.5 1.003237132657481
732 1.002305032878249
732.5 1.001702575044938
733 0.9989533237649738
733.5 0.9874869313842873
734 0.9998994597089542
734.5 1.00796355264766
735 0.988492362479827
735.5 1.002223960218423
736 1.009382836665097
736.5 0.9968362816692922
737 1.004233237310541
737.5 1.004561937265129
738 1.008371788300592
738.5 0.9978988264528732
739 0.9897450980602206
739.5 0.9980269481944407
740 1.002357087559474
740.5 1.012737641536882
741 0.9950589434812633
741.5 1.003178707499215
742 1.00665799185213
742.5 0.9967182322744043
743 0.9980695205679631
743.5 1.00645640948925
744 1.005245420186562
744.5 0.9930638883501429
745 1.002020057175345
745.5 1.006376873033224
746 1.009842590835906
746.5 1.001646984900327
747 1.001603273379807
747.5 0.9855988018574403
748 0.998018197199682
748.5 1.000385373862381
749 0.998143833975534
749.5 0.9918342134649856
750 1.008278152453969
750.5 0.9964147515736793
751 0.996718110147757
751.5 0.9942495105725205
752 0.9843168100635027
752.5 1.002487704682711
753 1.004467913282604
753.5 0.9963496646389242
754 0.9944782983460824
754.5 1.001302459986071
755 0.9950020037723496
755.5 1.003827173265534
756 1.002978841477986
756.5 1.000970022297939
757 0.9960989652994955
757.5 0.9976473022800172
758 0.9952083573974315
758.5 1.000525186415197
759 0.999037668670169
759.5 1.012165265452696
760 1.000439467031423
760.5 0.9937142204381344
761 1.002607143142751
761.5 0.989622154122153
762 1.008060701803972
762.5 0.9970517894933439
763 0.997693823947574
763.5 0.9961526758536721
764 1.005470165525142
764.5 1.002515821961423
765 0.9906794271690706
765.5 1.005838740726993
766 1.000493161205293
766.5 0.9983561544635421
767 0.9831261569173171
767.5 0.9926687048800166
768 0.9991020312303984
768.5 1.000186542418608
769 1.013139602191347
769.5 1.006935373484122
770 1.001571009787353
770.5 1.000798599597236
771 1.001606496357114
771.5 0.9943288202071565
772 1.000096193832778
772.5 0.9962130615843791
773 0.9986230778998608
773.5 1.006027076578937
774 0.9979376955896191
774.5 1.002615823455429
775 0.9937034659384133
775.5 0.9946987806832386
776 0.9960479451533583
776.5 0.9986901902477209
777 0.9886268519057981
777.5 0.9962522687609867
778 1.006280487811297
778.5 1.01073202627311
779 1.007791410429343
779.5 1.003022942765521
780 1.003183910688447
780.5 0.9997802225111876
781 0.9963844254402989
781.5 1.005932893831977
782 1.005542381635532
782.5 1.007196141350997
783 1.004634293758411
783.5 1.002428595887401
784 1.0015640153296
784.5 1.002861615647505
785 1.005678420790193
785.5 0.9986299447468902
786 1.00695134752177
786.5 1.000707913672423
787 0.9943532291592275
787.5 0.9930909592399039
788 1.009058692238131
788.5 0.9941909179769697
789 1.004774676066224
789.5 1.01027943665981
790 0.9990676737330934
790.5 1.021651636025211
791 0.9934800698265636
791.5 0.9953469576134873
792 0.9991101604873666
792.5 1.006039157697568
793 1.013074285790936
793.5 1.006611016389569
794 1.007111812456712
794.5 1.001476218632287
795 0.9989482530157634
795.5 0.9979710314533611
796 1.002705468205444
796.5 1.003173234535003
797 0.9995135241361247
797.5 1.003856894706075
798 0.9964879721050558
798.5 1.000117238199217
799 1.001867999810897
799.5 0.9962401631033108
800 1.013359976166227
800.5 1.010751636203999
801 0.9920247290700255
801.5 0.9859165764127729
802 0.9973056008124852
802.5 0.9947574647466793
803 1.000525059855745
803.5 0.9975233423961553
804 1.003301874870649
804.5 1.00474437928861
805 1.005367706396812
805.5 1.002673193148649
806 0.9991717903652498
806.5 1.004157016730996
807 0.9978081404652285
807.5 1.009469390117209
808 0.9971371378547642
808.5 0.9954853523898951
809 0.9872332207800286
809.5 0.9983395866862246
810 0.9997006676687152
810.5 0.9961157538709779
811 0.9872165950311118
811.5 1.002868343724929
812 1.002998045505619
812.5 1.009288453059131
813 1.001271851539577
813.5 0.9990366700090112
814 1.004745727231198
814.5 0.9940498824718431
815 1.00254658870905
815.5 0.9969066400700343
816 0.9962433523064804
816.5 0.9968716556402125
817 1.00801584656354
817.5 0.9996430780538905
818 0.9921960564151308
818.5 0.9895246520187478
819 0.9945269545841839
819.5 0.9918286249335869
820 1.004899955938993
820.5 1.003065556968731
821 1.005964118229457
821.5 0.9956986768528254
822 1.000913119398478
822.5 1.00648995443435
823 0.9973850746956726
823.5 0.9967510454445437
824 0.993439154955117
824.5 0.9977868315806239
825 0.9899404205924103
825.5 1.008514692531589
826 1.003453185701258
826.5 1.00178139159678
827 1.005431438429792
827.5 1.004359581206787
828 1.002462347136603
828.5 1.007948081300578
829 0.9986794100474833
829.5 0.9958273339558302
830 1.004904334029922
830.5 0.9923815494067448
831 0.9965401206674096
831.5 0.9990756954609602
832 0.9964909150812935
832.5 1.009149173223036
833 1.002357676197873
833.5 1.00202809881723
834 0.9936011033110778
834.5 1.003671925978436
835 0.9983470845689698
835.5 1.003343938260837
836 0.9949527741172594
836.5 0.9931488397597498
837 1.001118785133484
837.5 0.9997843674151725
838 0.994135902565352
838.5 1.003492643153899
839 1.002574763157872
839.5 0.9986059590608731
840 0.9976669407086404
840.5 1.00979586511043
841 1.004171485168389
841.5 1.007507770271988
842 1.003608275694977
842.5 0.9950610702021333
843 0.9938260011218064
843.5 0.9931703772258359
844 1.003167745882674
844.5 1.009356587103588
845 1.003122855998122
845.5 0.9962192443370375
846 0.9961896491667511
846.5 1.005493306148766
847 0.9948201137178015
847.5 0.9991466205095614
848 1.001966478087836
848.5 0.9979337873259954
849 1.005684989246058
849.5 0.9932280420098806
850 1.000911034367702
850.5 0.9983016260061084
851 1.001719586679503
851.5 0.9973607638424521
852 1.004622971030943
852.5 0.9964753848548319
853 1.000468041695249
853.5 1.001685502512618
854 1.0015586882871
854.5 1.007591667841025
855 1.000019793654227
855.5 0.9910220029547854
856 0.9913592237814399
856.5 0.9982796233527711
857 0.9988725158492181
857.5 0.9970164850680389
858 0.9966251945597326
858.5 1.002602395553831
859 0.991311216097932
859.5 0.9996618908906362
860 1.002307467913192
860.5 1.006847829283828
861 0.9974744287506437
861.5 1.008068995796181
862 1.001925521711695
862.5 0.9941919914111349
863 0.9998674915369822
863.5 0.9993393747171424
864 0.99928336812647
864.5 0.9950138774717643
865 1.000737966854239
865.5 1.000443575301812
866 0.9991322014409791
866.5 0.9987087752436812
867 0.9883993261728928
867.5 0.9880398899628595
868 0.9968174048368226
868.5 0.9988071417463203
869 0.9957158180714899
869.5 0.9996151075450318
870 1.004641630347951
870.5 1.002532972950896
871 1.003960115580183
871.5 0.99930663333883
872 1.01181784704764
872.5 1.005803149345529
873 1.001880046096573
873.5 1.003399017406649
874 0.9910889960143141
874.5 1.001847132228296
875 1.001954103689414
875.5 0.9979269182950617
876 1.005121596013061
876.5 0.9928000998598543
877 1.001101702840142
877.5 0.9986658847378812
878 1.004124678426022
878.5 0.9980913872418028
879 1.006599779534473
879.5 0.999488945822565
880 0.9989343200921487
880.5 1.000574884277968
881 1.004201595451523
881.5 0.9996147333887027
882 0.9927750892836649
882.5 0.9940861975858551
883 0.9994319613621121
883.5 0.9976997668608313
884 1.000300288364913
884.5 0.9985697494984593
885 1.001736430784222
885.5 0.9877359598261117
886 0.9959139210510275
886.5 0.9972792856270699
887 0.9970004003667987
887.5 1.003822505551852
888 1.005073260472838
888.5 1.00062282162843
889 0.9984335457940539
889.5 0.9893524800306361
890 0.9951541821190523
890.5 1.000794263964766
891 1.001124757783072
891.5 0.9918327975108309
892 1.008319590561407
892.5 1.001101429246646
893 0.9947326050009936
893.5 1.002658758598411
894 1.007997325940504
894.5 1.000173765298713
895 1.002547806252614
895.5 1.007525334031102
896 0.995293104320789
896.5 0.995618841310426
897 1.004304334673627
897.5 0.9960963362908181
898 1.000492479568502
898.5 0.994679733852558
899 1.002212120530761
899.5 1.005183074935476
900 1.001048545190167
900.5 1.00215595511513
901 1.004272079202491
901.5 1.002364292069384
902 1.004330043167686
902.5 1.008283669193925
903 1.003353992389298
903.5 1.005358198933158
904 0.9961578518104292
904.5 1.002036823997656
905 0.9992107114189189
905.5 1.001065093155096
906 1.00074669578472
906.5 0.9974059493148636
907 0.9873681067409348
907.5 1.004493838689323
908 0.992310542528466
908.5 1.000814698277727
909 0.9970395072236267
909.5 0.9981895499142869
910 1.00387074393088
910.5 1.006590096003408
911 1.012083453399361
911.5 0.998192068382713
912 1.001612274380095
912.5 1.004178861274731
913 0.9972374814313022
913.5 0.9978568994636772
914 0.9910300523623518
914.5 0.9985520485663641
915 1.006594264815611
915.5 0.9955318114783347
916 0.9975918191720149
916.5 1.003953956597476
917 1.00727823573036
917.5 0.9989324473802441
918 1.002601858678061
918.5 0.9944635768062112
919 1.00120840043739
919.5 1.005301083681701
920 0.9937418974270413
920.5 1.010365248887901
921 1.010536557125511
921.5 0.9968657000422292
922 0.9931161781405637
922.5 1.007298891920774
923 0.9875680007629304
923.5 1.00445360346806
924 0.9878137703560294
924.5 1.005965662674738
925 1.003027063651063
925.5 0.9920346578811469
926 0.9934724040837821
926.5 0.9945875163792526
927 1.002777323920389
927.5 0.9999005247960271
928 0.9984372866535683
928.5 1.000424638834742
929 1.001387438591117
929.5 1.007259503434077
930 0.995391167468099
930.5 0.9946605208328099
931 0.9916746018738999
931.5 0.9920527492014609
932 1.006793625834202
932.5 0.9944466818719566
933 0.9941224877025866
933.5 0.997882858588502
934 0.990380791969619
934.5 0.9858726049364586
935 0.9820222231245772
935.5 0.9848833466578516
936 0.9870681299805889
936.5 0.9894929699788853
937 0.9766984931327831
937.5 0.9802183913670217
938 0.9842414564309125
938.5 0.9793517921269571
939 0.976113290891867
939.5 0.9834275042005152
940 0.9683715901364367
940.5 0.9613506456670569
941 0.9723218116233858
941.5 0.961383410991505
942 0.9691786282452891
942.5 0.969603613216369
943 0.9557322929534592
943.5 0.9638146748600943
944 0.9576587029053816
944.5 0.957609620268181
945 0.9659474611081321
945.5 0.9537912486049663
946 0.9485001248696578
946.5 0.9436125816687639
947 0.9402831047967093
947.5 0.947024193812285
948 0.9401065710875418
948.5 0.9476803678124396
949 0.9431859253344349
949.5 0.9395897945178
950 0.9436282652403924
950.5 0.9441942967172149
951 0.9423800156221031
951.5 0.9449540131255232
952 0.9304968534449375
952.5 0.9256617594134152
953 0.9285235709176902
953.5 0.9254635117734938
954 0.9270077580430504
954.5 0.9329486590100506
955 0.9243597818424863
955.5 0.9122968339536498
956 0.919088890927377
956.5 0.925545615918543
957 0.9324367693545558
957.5 0.9201150778032453
958 0.9166191276810611
958.5 0.9180897402064339
959 0.9147510386612681
959.5 0.9098256292579873
960 0.9071805329626551
960.5 0.9055579545500079
961 0.9107780964669174
961.5 0.9115445650474067
962 0.9011724059056018
962.5 0.9030651073842789
963 0.9064084716740476
963.5 0.8952087243166126
964 0.9040238667641532
964.5 0.8920289491365119
965 0.9006391572929988
965.5 0.8956366459794941
966 0.8931588844700628
966.5 0.892632783825772
967 0.8950143384825795
967.5 0.8890962187454228
968 0.881374085771306
968.5 0.882716000482098
969 0.8777855241301755
969.5 0.8896346024539764
970 0.8851426992850533
970.5 0.8783548390333343
971 0.8774297420074649
971.5 0.8764646422518161
972 0.8696845370750194
972.5 0.870920334397405
973 0.8660800171094132
973.5 0.873816288310002
974 0.8683429661268093
974.5 0.8724151180632932
975 0.8637854166064718
975.5 0.8589337989151608
976 0.8608665878028197
976.5 0.8599442116076035
977 0.8623628255339312
977.5 0.8584517072887773
978 0.8581875546134424
978.5 0.8527354695312641
979 0.8463350636331864
979.5 0.8571714263275192
980 0.852387324765276
980.5 0.8485889517992441
981 0.8470738656167035
981.5 0.8417855101693508
982 0.836183004114286
982.5 0.845097134446237
983 0.8363647818016073
983.5 0.8342812951562953
984 0.841613690712077
984.5 0.837752657726148
985 0.8381319163660033
985.5 0.8409464495889305
986 0.8395104224226053
986.5 0.8250349869653808
987 0.8301013476785842
987.5 0.825450562636723
988 0.8245952633794202
988.5 0.8291450849921735
989 0.8218089151112923
989.5 0.8202595426188506
990 0.8169370168517509
990.5 0.8166506539339871
991 0.8155280954993688
991.5 0.8206936341596031
992 0.8196677990905019
992.5 0.8150899047071576
993 0.8147254377603376
993.5 0.8126969843839954
994 0.8095043972460997
994.5 0.8100352086256516
995 0.8128361953753476
995.5 0.8037712249839685
996 0.8060200735650762
996.5 0.7970777777641251
997 0.8007248969447757
997.5 0.8008068231843865
998 0.7934072841063886
998.5 0.8019301259980144
999 0.7973064487835595
999.5 0.7941793970925142
1000 0.7967686812211571
1000.5 0.7961483418470106
1001 0.7899663876707771
1001.5 0.792589935150539
1002 0.7908252019260219
1002.5 0.7855025920038552
1003 0.7866052783998631
1003.5 0.7832581369103571
1004 0.7879298541086893
1004.5 0.7803039381445702
1005 0.7830129302129535
1005.5 0.7772632208378037
1006 0.777321711493887
1006.5 0.7771673509694847
1007 0.7732136695875547
1007.5 0.7708280275635836
1008 0.769389852882712
1008.5 0.7764145484205169
1009 0.7667898434021964
1009.5 0.7724399514005841
1010 0.7711002155019336
1010.5 0.7713715319792731
1011 0.7612908737407991
1011.5 0.7568302522312562
1012 0.7563690120804065
1012.5 0.7591322507019788
1013 0.7630903031497021
1013.5 0.7583774668397677
1014 0.7532931496360564
1014.5 0.754697965323905
1015 0.7503668746778636
1015.5 0.744128581503581
1016 0.7458213557284767
1016.5 0.7492706241928001
1017 0.7464352597061736
1017.5 0.7392605140646524
1018 0.7444033767209406
1018.5 0.736546447207699
1019 0.7371610223893736
1019.5 0.7506250151292777
1020 0.7368253427747495
1020.5 0.7318219682863583
1021 0.734613539163199
1021.5 0.7383926147525867
1022 0.7340379257582984
1022.5 0.731748975646705
1023 0.7281560615552842
1023.5 0.7323359990178626
1024 0.7306325263437463
1024.5 0.7253918964045585
1025 0.7244423862267773
1025.5 0.7240336653265925
1026 0.7247029115106335
1026.5 0.7176496566231119
1027 0.7213268800894715
1027.5 0.7138083313820206
1028 0.7167597416491495
1028.5 0.7117184190762992
1029 0.7216469877071907
1029.5 0.7143589201172115
1030 0.7170389260863486
1030.5 0.7126600901422322
1031 0.7054745024635499
1031.5 0.7112422057583697
1032 0.7141705862592074
1032.5 0.7126168638345713
1033 0.7034418193067813
1033.5 0.6981840480134168
1034 0.6968504916579572
1034.5 0.701238886746976
1035 0.6991010328543211
1035.5 0.6986631628879847
1036 0.6983533588158211
1036.5 0.693911666985244
1037 0.6938428066809842
1037.5 0.6976435993769763
1038 0.6891305222472317
1038.5 0.6879049670199797
1039 0.6879495609367081
1039.5 0.6848627222268657
1040 0.6888511840828691
1040.5 0.6860939200134022
1041 0.683052893194518
1041.5 0.6797108956218717
1042 0.6852727715832057
1042.5 0.689636035598464
1043 0.677056126994095
1043.5 0.6759943717663029
1044 0.6775539804098784
1044.5 0.6752562956609059
1045 0.6746819056652675
1045.5 0.6747345007223338
1046 0.6699427795167089
1046.5 0.6658563334093126
1047 0.6741583942536316
1047.5 0.6649242533162524
1048 0.6609067873579257
1048.5 0.6695802813929042
1049 0.6631839672379679
1049.5 0.6595693432151132
1050 0.6588526401376336
1050.5 0.6578002959741179
1051 0.6551562476813099
1051.5 0.6600872652930031
1052 0.6543000550594373
1052.5 0.6596103191893609
1053 0.6549451057368357
1053.5 0.6518038217043202
1054 0.6495307928660591
1054.5 0.6499350356686356
1055 0.6453130474532319
1055.5 0.6502488409197803
1056 0.6451436787443027
1056.5 0.641834996447851
1057 0.6407728100400959
1057.5 0.6422655284647059
1058 0.6369064947667619
1058.5 0.6416983803255902
1059 0.638790752914131
1059.5 0.6361148078358192
1060 0.6412585459762148
1060.5 0.6335767883265665
1061 0.6308256041918932
1061.5 0.6383020116712385
1062 0.6357937515676461
1062.5 0.6338269531149632
1063 0.6236081037472361
1063.5 0.6230564497812622
1064 0.6260468391224688
1064.5 0.6248375641168552
1065 0.6240268523259105
1065.5 0.6266798012533669
1066 0.6228566193863153
1066.5 0.6213614732748687
1067 0.6205559572476549
1067.5 0.6198546461362409
1068 0.6162910956373261
1068.5 0.6154061207480891
1069 0.6153610846493014
1069.5 0.619658585942401
1070 0.6133915093860266
1070.5 0.6159416167450333
1071 0.6066032127961711
1071.5 0.6070933006746148
1072 0.6057102657525687
1072.5 0.6015582494323483
1073 0.5963266049757776
1073.5 0.5993689096972135
1074 0.6009302627338091
1074.5 0.6011503026447306
1075 0.5978328018820338
1075.5 0.596938924129567
1076 0.597262629311857
1076.5 0.5941597082136701
1077 0.5954796199725291
1077.5 0.5930742157225523
1078 0.588518934314035
1078.5 0.5910165617944418
1079 0.5878653172605781
1079.5 0.588579524131662
1080 0.5883699992331223
1080.5 0.5804049036213231
1081 0.5854912387911784
1081.5 0.586605276567005
1082 0.5877337101172658
1082.5 0.5825680011391926
1083 0.5776616851220732
1083.5 0.5821095117444498
1084 0.5817723500741648
1084.5 0.5754163543396043
1085 0.5720786558611052
1085.5 0.5784063300996223
1086 0.5687041446209915
1086.5 0.574028807655536
1087 0.5719119236441608
1087.5 0.5696829369275787
1088 0.5614111777393672
1088.5 0.5645927994081718
1089 0.5661192912796333
1089.5 0.5673791377042159
1090 0.5663155369134337
1090.5 0.5676381985508098
1091 0.557013509905486
1091.5 0.5647764968940873
1092 0.5601758133182619
1092.5 0.5602202746472481
1093 0.5559263611256802
1093.5 0.5524578184401669
1094 0.5587340951616329
1094.5 0.5534567622645908
1095 0.5472917672084097
1095.5 0.5552496144613189
1096 0.5525940841471149
1096.5 0.5534240243089186
1097 0.5422915807148382
1097.5 0.5464898014888594
1098 0.5425695100253549
1098.5 0.5419946712950332
1099 0.5421654755905583
1099.5 0.5448917196716765
1100 0.5446712361145581
1100.5 0.5391060500368011
1101 0.5407138006180418
1101.5 0.5398845378210502
1102 0.5368825523155391
1102.5 0.5376828252921757
1103 0.5311192819215429
1103.5 0.5283415082895708
1104 0.5284085915814023
1104.5 0.5291646664772123
1105 0.5329462595636633
1105.5 0.5286238187700772
1106 0.5224704160299983
1106.5 0.527141652675315
1107 0.5241600713240187
1107.5 0.5252813148533296
1108 0.5190566825329681
1108.5 0.522121763320969
1109 0.5223984164352137
1109.5 0.5107751766762171
1110 0.5188068829581433
1110.5 0.5153901872994904
1111 0.5085096190632601
1111.5 0.514858967662174
1112 0.5083387687180275
1112.5 0.5135545658757248
1113 0.5123196918620766
1113.5 0.5100458218480243
1114 0.5042143677007311
1114.5 0.5064858602044565
1115 0.5072114957575974
1115.5 0.4977671704237175
1116 0.5057376413089625
1116.5 0.501205849961988
1117 0.5002243227046855
1117.5 0.4964881714245746
1118 0.5048529430970941
1118.5 0.5008062898780289
1119 0.4965792482108261
1119.5 0.4921723062299564
1120 0.4958643884834619
1120.5 0.4947210121778002
1121 0.4900467960668106
1121.5 0.4975086268522629
1122 0.4952011436375125
1122.5 0.4903521439943015
1123 0.4875895323850984
1123.5 0.4855288415328899
1124 0.4892609613950137
1124.5 0.4815415977810896
1125 0.4851311774604677
1125.5 0.4864293244155595
1126 0.4887584211401466
1126.5 0.4823914541094311
1127 0.4776676955626352
1127.5 0.4794901369915015
1128 0.4765444838096851
1128.5 0.4768747550654006
1129 0.4783549575673374
1129.5 0.4731181948678105
1130 0.4735266393411944
1130.5 0.4679357842842991
1131 0.4676291588686978
1131.5 0.4628625969339576
1132 0.4684057807643259
1132.5 0.4644852238376406
1133 0.4694226865325387
1133.5 0.4690543056731752
1134 0.4630291240065536
1134.5 0.4641101211035055
1135 0.4629878001783529
1135.5 0.4536919624509084
1136 0.4580056323431443
1136.5 0.459661883661595
1137 0.4596056304471389
1137.5 0.461181639364832
1138 0.4570616288676307
1138.5 0.4541707824452739
1139 0.4512546858974355
1139.5 0.4555879966950703
1140 0.4481459586309703
1140.5 0.4448062744437024
1141 0.4506204763696903
1141.5 0.4470289848210297
1142 0.4450031292953233
1142.5 0.4463666401478761
1143 0.4438206444338416
1143.5 0.4443000567711906
1144 0.4374862765055704
1144.5 0.4398661495120603
1145 0.4413914355915036
1145.5 0.4387557054086097
1146 0.4384771667822331
1146.5 0.4409513595428166
1147 0.4368507702221212
1147.5 0.4322076354321305
1148 0.4375887818109307
1148.5 0.4356066333583988
1149 0.4347832008133871
1149.5 0.4290621202520823
1150 0.4293249655913772
1150.5 0.4293951218185341
1151 0.4281216705001987
1151.5 0.4282809197838591
1152 0.4267155981568919
1152.5 0.4227823640898798
1153 0.424181039010045
1153.5 0.4252537771133778
1154 0.423416838124159
1154.5 0.4222725253381661
1155 0.4154274003381672
1155.5 0.4177923066954446
1156 0.4105967187128131
1156.5 0.4176403548175872
1157 0.4146936553906081
1157.5 0.4160140604413866
1158 0.4150277793686258
1158.5 0.4123819192119074
1159 0.4154474855532202
1159.5 0.4105945000856402
1160 0.4094848671261888
1160.5 0.4069539255101765
1161 0.4094181489745715
1161.5 0.4027744221408842
1162 0.4018774967747885
1162.5 0.4035433642599123
1163 0.4032398302355006
1163.5 0.4008419528715353
1164 0.3995594568378114
1164.5 0.3983367012551055
1165 0.3985568111715054
1165.5 0.3988339839572787
1166 0.3968521785413288
1166.5 0.3929621335579751
1167 0.392625477215697
1167.5 0.3955748300478155
1168 0.3951645493808067
1168.5 0.3934800833875519
1169 0.3914835186789872
1169.5 0.3927359756515116
1170 0.3903431558808241
1170.5 0.390066839174973
1171 0.3859258883423952
1171.5 0.387705483474805
1172 0.385495393202115
1172.5 0.3842278067895333
1173 0.3814272083674675
1173.5 0.3791424841366156
1174 0.3772588066742354
1174.5 0.3784404274059306
1175 0.3752995995617565
1175.5 0.3793253317566339
1176 0.3729647052789083
1176.5 0.3759397768036449
1177 0.3727547243991068
1177.5 0.3710418482025916
1178 0.3691626307949677
1178.5 0.3712009614078811
1179 0.3693526665477527
1179.5 0.3707545489276796
1180 0.3704123264563711
1180.5 0.3652290831124385
1181 0.3670511410825857
1181.5 0.3681414908712092
1182 0.3656464677929947
1182.5 0.3592674770273968
1183 0.3639525636897832
1183.5 0.3559519425217096
1184 0.3575765254280554
1184.5 0.3560202336195361
1185 0.3551210030078049
1185.5 0.3534717462647946
1186 0.3570945266225949
1186.5 0.3502089743285989
1187 0.3544527490368711
1187.5 0.3532667552827944
1188 0.3461935724287498
1188.5 0.3500835238761452
1189 0.3536348115166212
1189.5 0.3470348882290822
1190 0.3446165722311947
1190.5 0.3499431404695802
1191 0.3466989842070535
1191.5 0.3466146982105544
1192 0.3439153153439106
1192.5 0.3385524042558689
1193 0.340494675570285
1193.5 0.3434083468039451
1194 0.3385390840075128
1194.5 0.3364328015797935
1195 0.3417250898910164
1195.5 0.3383605650507466
1196 0.3353159986233185
1196.5 0.3374946879523366
1197 0.3327768634655567
1197.5 0.3345173975508833
1198 0.3336795497906057
1198.5 0.3308552109042737
1199 0.3287836601604076
1199.5 0.3299503887337672
1200 0.3297433916823768
1200.5 0.327080535620784
1201 0.3258456158263175
1201.5 0.326874982933293
1202 0.324599812136963
1202.5 0.3243299307833094
1203 0.3223442076871778
1203.5 0.3165271072358898
1204 0.3195829964912615
1204.5 0.3196277576606266
1205 0.3196453977174156
1205.5 0.3145895251004415
1206 0.3164935424111252
1206.5 0.3189988676925039
1207 0.3170969285274381
1207.5 0.3153187436670958
1208 0.3133691730070455
1208.5 0.3100167182837239
1209 0.3122221606253833
1209.5 0.314437219255287
1210 0.3084471193162169
1210.5 0.3072714687469865
1211 0.3079645912201909
1211.5 0.3094292720506469
1212 0.3085749229778862
1212.5 0.3019486836961844
1213 0.3037466720051576
1213.5 0.2996982299483494
1214 0.3028483885777069
1214.5 0.3006500777067588
1215 0.3004821656255808
1215.5 0.3019690165084564
1216 0.3009536399499864
1216.5 0.2969400356116309
1217 0.2964584185056349
1217.5 0.2960566517657048
1218 0.2923466558260141
1218.5 0.2975203131202458
1219 0.2927752982352774
1219.5 0.2902208663846742
1220 0.2929656366801789
1220.5 0.2902049808998931
1221 0.2854155002395263
1221.5 0.2892581621042957
1222 0.2879214153518003
1222.5 0.2869269827366576
1223 0.2791220784997452
1223.5 0.2830614625815617
1224 0.2846316338711059
1224.5 0.2795212100874144
1225 0.2824338362513225
1225.5 0.2824638504565719
1226 0.2798785210351768
1226.5 0.2769983047677556
1227 0.2775649730107291
1227.5 0.2761837507884811
1228 0.2752845239141946
1228.5 0.2726891648802708
1229 0.2741505069886763
1229.5 0.2744579911991443
1230 0.2692323590222163
1230.5 0.2714547206656869
1231 0.2699824193063721
1231.5 0.2678805644272514
1232 0.2735127484841451
1232.5 0.2642404013260973
1233 0.2647722287969834
1233.5 0.2645447679128984
1234 0.2668090911353962
1234.5 0.2627817863159125
1235 0.2624792965681788
1235.5 0.2654826110258893
1236 0.2583679795947945
1236.5 0.2570846337874335
1237 0.2583721743410463
1237.5 0.2591722808969767
1238 0.2603538090351013
1238.5 0.2563314923599279
1239 0.2559208187024244
1239.5 0.2570764003688197
1240 0.2539310769707552
1240.5 0.2518582591914455
1241 0.2540426368445933
1241.5 0.2458191756910582
1242 0.2482582930266367
1242.5 0.2505793962646599
1243 0.2504664468178305
1243.5 0.2459143904508495
1244 0.2488002144646846
1244.5 0.2444713064907667
1245 0.2425717076258812
1245.5 0.2452135024393436
1246 0.2392600887065406
1246.5 0.2418875600517368
1247 0.2387130120106267
1247.5 0.2405951433221289
1248 0.2368113033748292
1248.5 0.2376379083299375
1249 0.2399047741058647
1249.5 0.2360551779427204
1250 0.2355284362000056
1250.5 0.2386542476851448
1251 0.2311157947088786
1251.5 0.2314056338908921
1252 0.2328177916619302
1252.5 0.2318465750608104
1253 0.229294888833286
1253.5 0.2295600693909642
1254 0.2308942849729359
1254.5 0.2271190123401899
1255 0.2233620981744558
1255.5 0.2242636100973501
1256 0.2243950125477701
1256.5 0.2253684485069821
1257 0.221649339124387
1257.5 0.222413024961067
1258 0.224954898725808
1258.5 0.2208619883258035
1259 0.2233639037055442
1259.5 0.2193032671786386
1260 0.2153721869263235
1260.5 0.2131950770579775
1261 0.2150553302888168
1261.5 0.2147251316077534
1262 0.2165688126446293
1262.5 0.2133053910238356
1263 0.2110278518299162
1263.5 0.2097461078494497
1264 0.212126206385879
1264.5 0.2089252644546922
1265 0.2102633291042608
1265.5 0.2089127053088038
1266 0.2071858946066752
1266.5 0.2101800987767204
1267 0.2055554458317229
1267.5 0.2052837478170931
1268 0.2033946954967407
1268.5 0.2049723653345239
1269 0.2032321365687833
1269.5 0.1993589004142352
1270 0.1990443305410306
1270.5 0.2014561766731774
1271 0.1977627688857288
1271.5 0.199107221652203
1272 0.1971497703358779
1272.5 0.1955576562109641
1273 0.1914457828911144
1273.5 0.1928027900595047
1274 0.1958685665572241
1274.5 0.1959436654674576
1275 0.1913388741848703
1275.5 0.1892776048166203
1276 0.1889371170413649
1276.5 0.1883330638052418
1277 0.1865546378644637
1277.5 0.1867681275113778
1278 0.1882025429357213
1278.5 0.1893235851395112
1279 0.1840349483622989
1279.5 0.1834491543915673
1280 0.1824703212594457
1280.5 0.179489226906975
1281 0.178407641189531
1281.5 0.1807334852115098
1282 0.180021378480164
1282.5 0.1791200900207882
1283 0.179919070426858
1283.5 0.178389977527944
1284 0.1757481783754016
1284.5 0.1780649165191004
1285 0.1742074818121217
1285.5 0.1753027670677065
1286 0.1743032387002287
1286.5 0.1725489872106001
1287 0.17097451093364
1287.5 0.1699923103251079
1288 0.1674319253677359
1288.5 0.1678438570664793
1289 0.1687259076076164
1289.5 0.1674425011070534
1290 0.165608690946994
1290.5 0.1680168445322388
1291 0.1643783289494909
1291.5 0.1644503961240736
1292 0.1637256410865358
1292.5 0.162814653340328
1293 0.1623612277603624
1293.5 0.1612655895438107
1294 0.1599847251756783
1294.5 0.1596277529660503
1295 0.1578019489382744
1295.5 0.1552331624272563
1296 0.1554976391374092
1296.5 0.1567040500684719
1297 0.1527119764593023
1297.5 0.1551963973298583
1298 0.1526973070233538
1298.5 0.1540643567844897
1299 0.15114107371922
1299.5 0.1504225890865606
1300 0.1493927246408288
1300.5 0.1484106510773497
1301 0.1474415968923237
1301.5 0.146935795859739
1302 0.1457962296039113
1302.5 0.1461799971225843
1303 0.1445934458979132
1303.5 0.1443444224751929
1304 0.1440037305854868
1304.5 0.1428130985216204
1305 0.1397294945585916
1305.5 0.1394618397701844
1306 0.1399742267809159
1306.5 0.1394317443139028
1307 0.1378711574534028
1307.5 0.1367132985011787
1308 0.1363115983160696
1308.5 0.134871069356022
1309 0.1346082693940226
1309.5 0.133125542443116
1310 0.1295368044080725
1310.5 0.1334348751158009
1311 0.1327072967384784
1311.5 0.1286494336986587
1312 0.1313916835623703
1312.5 0.1304969200916604
1313 0.1295694496353388
1313.5 0.127838553049398
1314 0.1257364755165764
1314.5 0.1260030154461192
1315 0.1253530547594575
1315.5 0.1235626674213385
1316 0.1229606441563618
1316.5 0.1227318588826618
1317 0.1219621832757499
1317.5 0.1194360679326444
1318 0.1214732173946214
1318.5 0.121201114488442
1319 0.1178943515290869
1319.5 0.1169625935033031
1320 0.1179178207760375
1320.5 0.1157649141509616
1321 0.1156660895644097
1321.5 0.1149514699375223
1322 0.1146519251914823
1322.5 0.1130892954153191
1323 0.1147691678511482
1323.5 0.1102166396356607
1324 0.1120857345885413
1324.5 0.1112988193683384
1325 0.1111591395757635
1325.5 0.1065895389424277
1326 0.1114809324569371
1326.5 0.1078070434777714
1327 0.108214470798248
1327.5 0.1074671252547493
1328 0.1066876072340263
1328.5 0.1079369982917618
1329 0.1078668692201889
1329.5 0.1043005825600574
1330 0.103779947420305
1330.5 0.1026524581867453
1331 0.1038448452473846
1331.5 0.1026527567869416
1332 0.1023111637928889
1332.5 0.1007254426929771
1333 0.1013762900642431
1333.5 0.101234295097874
1334 0.0987736982968031
1334.5 0.1000833372597045
1335 0.09842826323090169
1335.5 0.09837650526616425
1336 0.09585955545698414
1336.5 0.09707975970322064
1337 0.09837469391456811
1337.5 0.09673787074899602
1338 0.09477574934684049
1338.5 0.09711733354883914
1339 0.09527778796013996
1339.5 0.09356085533069844
1340 0.09420987360453519
1340.5 0.09226769810982505
1341 0.09093739682015881
1341.5 0.09399930960194751
1342 0.09019382506950926
1342.5 0.0908645077554753
1343 0.09007040084709379
1343.5 0.09111933984758691
1344 0.09006633636110588
1344.5 0.08813857274883913
1345 0.08601906147000891
1345.5 0.08645205539844074
1346 0.08835242506571729
1346.5 0.08640998438112027
1347 0.08670153388167387
1347.5 0.08491393720523821
1348 0.08498010544923872
1348.5 0.08708949680555533
1349 0.08442430338986773
1349.5 0.08407181544676323
1350 0.08476069073644012
1350.5 0.08408675081932718
1351 0.08267447225621388
1351.5 0.08062185501177802
1352 0.08118276697220296
1352.5 0.08162522740782764
1353 0.08066753523851218
1353.5 0.07967921025802054
1354 0.0788096626464361
1354.5 0.07901797427015518
1355 0.07834188140145064
1355.5 0.07776255731292618
1356 0.07859862882668643
1356.5 0.07596872857326629
1357 0.07681546788045694
1357.5 0.07723644660795428
1358 0.07713716391656306
1358.5 0.07524716419763484
1359 0.07550947198299464
1359.5 0.07562323796651688
1360 0.0752292960671527
1360.5 0.0719620784579435
1361 0.07461201198223583
1361.5 0.07309076342250806
1362 0.07207775896551048
1362.5 0.07308885931892044
1363 0.07292997719051855
1363.5 0.07253988765781101
1364 0.07095204912533286
1364.5 0.07012278534935422
1365 0.07043878341875656
1365.5 0.06985230322942293
1366 0.0699793473727254
1366.5 0.06827341386843028
1367 0.06921768527171689
1367.5 0.07000369249364395
1368 0.06940912777224911
1368.5 0.06694622360945092
1369 0.06841037310247017
1369.5 0.06616029966678286
1370 0.06683096493019093
1370.5 0.06414798802168734
1371 0.06559943392119418
1371.5 0.06514613832046802
1372 0.06529605897390912
1372.5 0.06336941954928996
1373 0.06411170267554096
1373.5 0.06354670804353869
1374 0.06322077492900535
1374.5 0.06388903661292628
1375 0.06322194602031439
1375.5 0.06158418804031289
1376 0.05977320251095683
1376.5 0.06093738700645593
1377 0.06127475483140823
1377.5 0.0624361282951985
1378 0.06152571841562651
1378.5 0.0603490351610965
1379 0.06062408369130511
1379.5 0.0602512962726372
1380 0.0596325750771423
1380.5 0.05860426838781263
1381 0.05879768697747371
1381.5 0.05753576508011574
1382 0.05827233353770529
1382.5 0.05750372069696138
1383 0.05613295361632133
1383.5 0.05783952774529887
1384 0.05702179804296676
1384.5 0.05421575877469878
1385 0.05574666221635689
1385.5 0.05613431779652793
1386 0.05594111864070988
1386.5 0.0550462447134677
1387 0.05400016099317582
1387.5 0.05385966529413842
1388 0.05412539999771886
1388.5 0.05451246292612538
1389 0.05365217258254727
1389.5 0.05318814284542771
1390 0.05328146905171694
1390.5 0.05347579311003785
1391 0.05083977682885243
1391.5 0.05038914542433885
1392 0.05144297465597418
1392.5 0.0505185101700305
1393 0.05127843712409218
1393.5 0.05129200081205807
1394 0.04957454882106957
1394.5 0.04908645637335428
1395 0.04918191786519746
1395.5 0.04859435822336179
1396 0.04916165709769522
1396.5 0.04906629279384574
1397 0.0488207422307153
1397.5 0.04913628694138165
1398 0.04792039669951442
1398.5 0.04838609692770768
1399 0.0481516759599062
1399.5 0.04700895088114278
1400 0.04626695681363894
1400.5 0.04677234204668233
1401 0.04626071314646245
1401.5 0.04549093510932969
1402 0.04589626429092689
1402.5 0.04492897511003759
1403 0.04495656823220972
1403.5 0.04556986709817141
1404 0.04524970654486348
1404.5 0.04409721904366881
1405 0.04400639737813321
1405.5 0.04286631064145787
1406 0.04297432714534735
1406.5 0.043200808468266
1407 0.04351586575208499
1407.5 0.04214239934049493
1408 0.04147126741268898
1408.5 0.04237831188614588
1409 0.04230883747583596
1409.5 0.04119601544603185
1410 0.03922896361609855
1410.5 0.04083289967026711
1411 0.03990026700878931
1411.5 0.04156033112916566
1412 0.0411581642980339
1412.5 0.03968814257465547
1413 0.04091382299618552
1413.5 0.03932857557390819
1414 0.04000501148983992
1414.5 0.03943914995389886
1415 0.03855175533276255
1415.5 0.03796817864758704
1416 0.0373464022022061
1416.5 0.03707637456214061
1417 0.03735214769531775
1417.5 0.03697541599975611
1418 0.03670619306292382
1418.5 0.03849781423296866
1419 0.03688757282232012
1419.5 0.03758950560081183
1420 0.03693262372021718
1420.5 0.03519116814723956
1421 0.03515672238414273
1421.5 0.03503521224980402
1422 0.03574560732002691
1422.5 0.0350922818788699
1423 0.03408252552118149
1423.5 0.03373045095781794
1424 0.03354281519620181
1424.5 0.03315304673267064
1425 0.03343796956968224
1425.5 0.03348188464939267
1426 0.03291984324063879
1426.5 0.03194532961028247
1427 0.03322906053870536
1427.5 0.03298505470576684
1428 0.03218514334174575
1428.5 0.03176010467015143
1429 0.03285838174327105
1429.5 0.03179224665052157
1430 0.03133965973254099
1430.5 0.03124130067825725
1431 0.03121947269591682
1431.5 0.03057734075649027
1432 0.03113773799943746
1432.5 0.03102070345176758
1433 0.02989433144290264
1433.5 0.03112019205215163
1434 0.02982412162360314
1434.5 0.02977482379970329
1435 0.03013395811994619
1435.5 0.02939170107801782
1436 0.02908672377137964
1436.5 0.0294266114092296
1437 0.02892313780854628
1437.5 0.02736039073935831
1438 0.0278615248055193
1438.5 0.02864548068438849
1439 0.02773781639108226
1439.5 0.02775630150953004
1440 0.02708627988604551
1440.5 0.028584841962885
1441 0.02584318614750041
1441.5 0.027491103565371
1442 0.02690774153874239
1442.5 0.02652254996009021
1443 0.02695498813146339
1443.5 0.02470257456561118
1444 0.02570777909921422
1444.5 0.02555877036128951
1445 0.02637465981156147
1445.5 0.02604755266021154
1446 0.02553383052455513
1446.5 0.02476845450016273
1447 0.02495682317559049
1447.5 0.02497691953257022
1448 0.02533276254321718
1448.5 0.02400104464000008
1449 0.0242359714193909
1449.5 0.02466603508744406
1450 0.0234212263734231
1450.5 0.02386983755862719
1451 0.02394627681315591
1451.5 0.02325217378932538
1452 0.02312485169392866
1452.5 0.02334994144233405
1453 0.02298187436014242
1453.5 0.02185525234279901
1454 0.02278376587492359
1454.5 0.02208404426569606
1455 0.02286331116361148
1455.5 0.02178599972498176
1456 0.02179871443232624
1456.5 0.02184828128491631
1457 0.02149243122309752
1457.5 0.02148689369741184
1458 0.02135256255624177
1458.5 0.02090583429913088
1459 0.02055158448438457
1459.5 0.02129951412580955
1460 0.01967938378400825
1460.5 0.02089445813863227
1461 0.01948753770256654
1461.5 0.02061867044374902
1462 0.01956153207249334
1462.5 0.0193470085795867
1463 0.0197449493959273
1463.5 0.01902839558534174
1464 0.01877816398717715
1464.5 0.01905712771406496
1465 0.01914435387484458
1465.5 0.01808412536340983
1466 0.01845397468204925
1466.5 0.01834136586145513
1467 0.01870144021044708
1467.5 0.0179531376150435
1468 0.01794091003997497
1468.5 0.01756594948066158
1469 0.01763555593623991
1469.5 0.01773223250134559
1470 0.01757536958851373
1470.5 0.01776238733089126
1471 0.0173164981042681
1471.5 0.01755761970762959
1472 0.01765400075572203
1472.5 0.01696555607773292
1473 0.01667462766364236
1473.5 0.01655522688698965
1474 0.01598592992133516
1474.5 0.01610101993062985
1475 0.0166833723072057
1475.5 0.01609716842271564
1476 0.016032404069231
1476.5 0.01599463562976545
1477 0.01527560818099551
1477.5 0.01465609362368797
1478 0.01502218128862341
1478.5 0.01568300094995407
1479 0.01502869517624745
1479.5 0.01459862737856418
1480 0.01485661269194218
1480.5 0.01516777956258061
1481 0.01510404251270847
1481.5 0.0150225676719623
1482 0.01374804038169402
1482.5 0.01468197399600764
1483 0.01450312430799904
1483.5 0.01379134192695019
1484 0.0140928566784521
1484.5 0.01333793163657047
1485 0.0140738827907634
1485.5 0.01345291411679536
1486 0.01362984482283395
1486.5 0.01315160912147572
1487 0.01301894473239988
1487.5 0.01269200987991333
1488 0.01306327958788111
1488.5 0.01306333150043545
1489 0.01211957101002892
1489.5 0.01230535971192019
1490 0.01285205766420659
1490.5 0.01214800707159372
1491 0.01170880784971347
1491.5 0.01220205170993813
1492 0.01181611062980038
1492.5 0.01155359447767282
1493 0.01197575620479422
1493.5 0.01204664713135398
1494 0.01137269541312668
1494.5 0.0118904376950824
1495 0.01132248623582677
1495.5 0.01210188901579967
1496 0.01110637348650576
1496.5 0.01136965933499069
1497 0.01033232390045936
1497.5 0.01074402366134011
1498 0.01098087199044086
1498.5 0.01073839790437944
1499 0.01084437899243043
1499.5 0.0107849628971635
1500 0.01106460197987916
1500.5 0.01024943482548565
1501 0.01031204896569039
1501.5 0.009567858629890793
1502 0.009960246204207452
1502.5 0.010040246722435
1503 0.009237115385386595
1503.5 0.009758703998695962
1504 0.009354519801924515
1504.5 0.009737095786176415
1505 0.009022631096853211
1505.5 0.009120179331321338
1506 0.009381426103521905
1506.5 0.009168393959045321
1507 0.008955642425711135
1507.5 0.008743171085793613
1508 0.008350384189675252
1508.5 0.008482354797361051
1509 0.00881168151049601
1509.5 0.008419623722023678
1510 0.008105276304779589
1510.5 0.008451335957380523
1511 0.008171642461049554
1511.5 0.008234717017202081
1512 0.008100956629363847
1512.5 0.008146893600092978
1513 0.007953563180726658
1513.5 0.007325079586920795
1514 0.007593258180729675
1514.5 0.00762234977532176
1515 0.007072007899122149
1515.5 0.007459026243463429
1516 0.007360505054454481
1516.5 0.007610761567245165
1517 0.007036376761158722
1517.5 0.007464855167080348
1518 0.007111977695008339
1518.5 0.00680196959307536
1519 0.007416216775005098
1519.5 0.006640557846755592
1520 0.006873196555008082
1520.5 0.006496482628125685
1521 0.006272423706658294
1521.5 0.006851203243471661
1522 0.006373933926176969
1522.5 0.006099772042377836
1523 0.006306547942367865
1523.5 0.006352963192478718
1524 0.006104610832007018
1524.5 0.006008046216173812
1525 0.005861152227218648
1525.5 0.005680835091728499
1526 0.005794686351210657
1526.5 0.005874816867657745
1527 0.005812260502194075
1527.5 0.005448046794921487
1528 0.005653885052728017
1528.5 0.005784117032544794
1529 0.005219868102732952
1529.5 0.004873707965268126
1530 0.005321652120915958
1530.5 0.005076060875469733
1531 0.005214582542174348
1531.5 0.004936028002617473
1532 0.004924474134455398
1532.5 0.005054493415078121
1533 0.004485329637380799
1533.5 0.004881580449853783
1534 0.004836845060913966
1534.5 0.004833693508587834
1535 0.004515148624203419
1535.5 0.004479030591494119
1536 0.00449269323438486
1536.5 0.004324095571630242
1537 0.004495127400540509
1537.5 0.004723846422175856
1538 0.004208186916661735
1538.5 0.004205452108014752
1539 0.004161435878345559
1539.5 0.004373271032834133
1540 0.003859173658657016
1540.5 0.003922594886113765
1541 0.003598869260590436
1541.5 0.0039668875579875
1542 0.003931416531932177
1542.5 0.003879551877265005
1543 0.003696328595093186
1543.5 0.003291705820258707
1544 0.003191133107495166
1544.5 0.003492397625119611
1545 0.003481944728225937
1545.5 0.003217691786814508
1546 0.003420166217899038
1546.5 0.003180824171870253
1547 0.003235969867480498
1547.5 0.002768396510892745
1548 0.003035924294727987
1548.5 0.003058431505144872
1549 0.003023855156423472
1549.5 0.002696092218957404
1550 0.002743193322366766
1550.5 0.002692615633607839
1551 0.002926636708015675
1551.5 0.002924750684730978
1552 0.002622460762019357
1552.5 0.002547747245768201
1553 0.002497455251504482
1553.5 0.002593088705348902
1554 0.002316081910591893
1554.5 0.002525009704787656
1555 0.002143260685352017
1555.5 0.002481351303681518
1556 0.002043578129846349
1556.5 0.002211781510212158
1557 0.002129691081123305
1557.5 0.00221700408615095
1558 0.002102788102152553
1558.5 0.002173902496705858
1559 0.001778238274540978
1559.5 0.001970086234869637
1560 0.001984895590535154
1560.5 0.001798913921444508
1561 0.001886044635151792
1561.5 0.00193296048448412
1562 0.001939738640767709
1562.5 0.001690177490936803
1563 0.001865210602123592
1563.5 0.001512014456142106
1564 0.00166295213068243
1564.5 0.001941534217921572
1565 0.001692766624119323
1565.5 0.001348560612635531
1566 0.001411496031078256
1566.5 0.001490289763888464
1567 0.001417659458367424
1567.5 0.001297365711966857
1568 0.001320401113001633
1568.5 0.001343406882523586
1569 0.001247221749498244
1569.5 0.001278183321611638
1570 0.00141224682776874
1570.5 0.001339987458182878
1571 0.001117266180605195
1571.5 0.001140311835016078
1572 0.001163327947859951
1572.5 0.001051865577869742
1573 0.00116975303465326
1573.5 0.00120060460237695
1574 0.001105117586071795
1574.5 0.001001862915840429
1575 0.0010012269133706
1575.5 0.0009769554962583238
1576 0.001118061848823423
1576.5 0.0009914538540779182
1577 0.0008885972548122059
1577.5 0.0008015882570415262
1578 0.00102883850178742
1578.5 0.000769177928376755
1579 0.0008157535823961199
1579.5 0.0006584608161660078
1580 0.0007833858747083817
1580.5 0.0006732856546623712
1581 0.0007432754282615643
1581.5 0.0007115294993061765
1582 0.0005313563374878584
1582.5 0.00058568450772205
1583 0.0005150768323858411
1583.5 0.0005693464736305907
1584 0.000467660625579183
1584.5 0.0005452597791879592
1585 0.0005215622857852075
1585.5 0.0005290129827352572
1586 0.0004587071990243216
1586.5 0.0005128067027212937
1587 0.0004115398798840382
1587.5 0.0004578407603088032
1588 0.0004420422388809262
1588.5 0.0003487610574984336
1589 0.0003253055002517868
1589.5 0.0004489488252108862
1590 0.0003403676986486618
1590.5 0.0003865383316439639
1591 0.0002395031583861378
1591.5 0.0003551685123109237
1592 0.0002854996023301737
1592.5 0.0003315885181874265
1593 0.0002543151886707978
1593.5 0.0002310505621456958
1594 0.0002155119257339557
1594.5 0.0002153767873608966
1595 0.0003228626640859432
1595.5 0.0002919307815438542
1596 0.0002380048626668572
1596.5 0.0001688008951921982
1597 0.0001610272487670099
1597.5 9.962114500732925e-05
1598 0.0001684841461232207
1598.5 0.0001530716010931819
1599 0.0001147319148589588
1599.5 8.408414388578191e-05
1600 0.0001451454900578831
1600.5 9.924803243240649e-05
1601 6.103756974570482e-05
1601.5 8.387426154917808e-05
1602 0.0001295429576153017
1602.5 6.092335632351375e-05
1603 0.0001141600432763509
1603.5 6.845331605198302e-05
1604 2.280354869087417e-05
1604.5 8.356090841750506e-05
1605 4.555028381219912e-05
1605.5 1.517397227645047e-05
1606 1.516452544569015e-05
1606.5 3.03101748682548e-05
1607 2.271848734618191e-05
1607.5 3.027247564942914e-05
1608 2.269023930745067e-05
1608.5 2.26761350409336e-05
1609 0
1609.5 7.549321977266674e-06
1610 1.508926737102738e-05
1610.5 7.53994975970043e-06
1611 1.507054038881514e-05
