35.8 26
36.2 13
36.4 4
36.6 26
36.8 936
37 48
37.2 91
37.4 63
37.6 37
37.8 203
38 58
38.2 136
38.4 375
38.6 68
38.8 518
39 184
39.2 1220
39.4 1939
39.6 782
39.8 1148
40 926
40.2 1650
40.4 347
40.6 818
40.8 4163
41 1216
41.2 1454
41.4 3532
41.6 2514
41.8 4740
42 5631
42.2 2149
42.4 4689
42.6 3631
42.8 2270
43 2412
43.2 2160
43.4 1569
43.6 1548
43.8 1859
44 939
44.2 1969
44.4 1481
44.6 2280
44.8 2341
45 2139
45.2 1758
45.4 2455
45.6 1667
45.8 1516
46 1800
46.2 1462
46.4 1616
46.6 1322
46.8 1516
47 1584
47.2 1166
47.4 1257
47.6 1258
47.8 1176
48 1250
48.2 1149
48.4 1213
48.6 1415
48.8 1075
49 1225
49.2 1068
49.4 1150
49.6 1125
49.8 1064
50 1098
50.2 1134
50.4 1173
50.6 1086
50.8 1052
51 1115
51.2 1106
51.4 1046
51.6 1035
51.8 932
52 1058
52.2 977
52.4 973
52.6 1105
52.8 1014
53 969
53.2 918
53.4 991
53.6 952
53.8 922
54 911
54.2 914
54.4 986
54.6 863
54.8 928
55 879
55.2 919
55.4 885
55.6 934
55.8 817
56 984
56.2 874
56.4 951
56.6 888
56.8 903
57 877
57.2 894
57.4 940
57.6 898
57.8 852
58 885
58.2 876
58.4 910
58.6 927
58.8 905
59 921
59.2 917
59.4 833
59.6 846
59.8 869
60 830
60.2 854
60.4 909
60.6 893
60.8 906
61 926
61.2 973
61.4 870
61.6 921
61.8 828
62 947
62.2 921
62.4 914
62.6 911
62.8 851
63 885
63.2 839
63.4 886
63.6 906
63.8 891
64 869
64.2 911
64.4 911
64.6 898
64.8 882
65 824
65.2 905
65.4 920
65.6 868
65.8 861
66 871
66.2 897
66.4 937
66.6 913
66.8 881
67 876
67.2 925
67.4 890
67.6 929
67.8 905
68 908
68.2 915
68.4 900
68.6 887
68.8 886
69 882
69.2 861
69.4 834
69.6 923
69.8 905
70 853
70.2 815
70.4 920
70.6 925
70.8 860
71 940
71.2 956
71.4 952
71.6 873
71.8 928
72 907
72.2 939
72.4 945
72.6 884
72.8 926
73 900
73.2 877
73.4 887
73.6 929
73.8 866
74 853
74.2 936
74.4 890
74.6 914
74.8 874
75 897
75.2 925
75.4 858
75.6 898
75.8 913
76 938
76.2 902
76.4 839
76.6 872
76.8 918
77 900
77.2 887
77.4 915
77.6 876
77.8 869
78 856
78.2 832
78.4 920
78.6 861
78.8 898
79 884
79.2 877
79.4 850
79.6 908
79.8 920
80 891
80.2 923
80.4 897
80.6 898
80.8 860
81 889
81.2 933
81.4 849
81.6 894
81.8 906
82 902
82.2 896
82.4 884
82.6 952
82.8 886
83 967
83.2 919
83.4 892
83.6 847
83.8 916
84 907
84.2 914
84.4 864
84.6 914
84.8 909
85 900
85.2 883
85.4 880
85.6 934
85.8 916
86 920
86.2 895
86.4 928
86.6 892
86.8 914
87 905
87.2 922
87.4 881
87.6 848
87.8 877
88 882
88.2 938
88.4 903
88.6 871
88.8 886
89 949
89.2 963
89.4 888
89.6 911
89.8 864
90 909
90.2 912
90.4 928
90.6 906
90.8 890
91 882
91.2 923
91.4 966
91.6 945
91.8 883
92 885
92.2 866
92.4 884
92.6 885
92.8 849
93 868
93.2 884
93.4 900
93.6 893
93.8 893
94 892
94.2 879
94.4 867
94.6 901
94.8 902
95 907
95.2 923
95.4 869
95.6 892
95.8 818
96 869
96.2 924
96.4 900
96.6 910
96.8 915
97 923
97.2 845
97.4 855
97.6 885
97.8 905
98 962
98.2 920
98.4 899
98.6 923
98.8 890
99 891
99.2 894
99.4 839
99.6 878
99.8 927
100 898
100.2 938
100.4 905
100.6 927
100.8 795
101 848
101.2 908
101.4 920
101.6 898
101.8 916
102 894
102.2 922
102.4 912
102.6 917
102.8 951
103 848
103.2 823
103.4 859
103.6 868
103.8 886
104 893
104.2 915
104.4 879
104.6 909
104.8 890
105 899
105.2 937
105.4 859
105.6 941
105.8 925
106 916
106.2 960
106.4 893
106.6 902
106.8 872
107 885
107.2 951
107.4 903
107.6 874
107.8 860
108 907
108.2 871
108.4 867
108.6 868
108.8 917
109 900
109.2 938
109.4 895
109.6 847
109.8 902
110 909
110.2 911
110.4 886
110.6 886
110.8 941
111 929
111.2 866
111.4 880
111.6 896
111.8 921
112 902
112.2 899
112.4 922
112.6 895
112.8 958
113 891
113.2 883
113.4 862
113.6 883
113.8 871
114 881
114.2 918
114.4 929
114.6 913
114.8 907
115 847
115.2 949
115.4 915
115.6 923
115.8 938
116 925
116.2 936
116.4 845
116.6 856
116.8 898
117 925
117.2 916
117.4 887
117.6 892
117.8 900
118 887
118.2 872
118.4 912
118.6 892
118.8 892
119 888
119.2 853
119.4 919
119.6 882
119.8 911
120 902
120.2 928
120.4 903
120.6 867
120.8 924
121 891
121.2 938
121.4 914
121.6 931
121.8 874
122 939
122.2 930
122.4 910
122.6 913
122.8 846
123 919
123.2 913
123.4 903
123.6 861
123.8 931
124 912
124.2 847
124.4 852
124.6 941
124.8 904
125 909
125.2 900
125.4 929
125.6 917
125.8 866
126 917
126.2 903
126.4 897
126.6 869
126.8 879
127 915
127.2 880
127.4 873
127.6 861
127.8 972
128 910
128.2 901
128.4 893
128.6 874
128.8 882
129 932
129.2 939
129.4 873
129.6 934
129.8 872
130 918
130.2 922
130.4 939
130.6 928
130.8 900
131 953
131.2 898
131.4 833
131.6 949
131.8 860
132 916
132.2 892
132.4 927
132.6 897
132.8 857
133 876
133.2 887
133.4 853
133.6 923
133.8 855
134 880
134.2 852
134.4 907
134.6 833
134.8 908
135 875
135.2 853
135.4 915
135.6 939
135.8 842
136 924
136.2 889
136.4 918
136.6 876
136.8 851
137 920
137.2 920
137.4 939
137.6 895
137.8 869
138 931
138.2 855
138.4 910
138.6 873
138.8 943
139 923
139.2 905
139.4 939
139.6 889
139.8 920
140 894
140.2 922
140.4 880
140.6 904
140.8 901
141 903
141.2 918
141.4 876
141.6 962
141.8 920
142 919
142.2 895
142.4 883
142.6 952
142.8 858
143 920
143.2 918
143.4 893
143.6 855
143.8 813
144 906
144.2 929
144.4 930
144.6 933
144.8 896
145 888
145.2 863
145.4 890
145.6 886
145.8 901
146 882
146.2 838
146.4 846
146.6 857
146.8 895
147 921
147.2 964
147.4 872
147.6 907
147.8 881
148 921
148.2 909
148.4 873
148.6 840
148.8 907
149 920
149.2 875
149.4 858
149.6 931
149.8 878
150 899
150.2 907
150.4 884
150.6 933
150.8 896
151 880
151.2 858
151.4 889
151.6 857
151.8 927
152 849
152.2 898
152.4 838
152.6 886
152.8 917
153 840
153.2 869
153.4 877
153.6 923
153.8 928
154 889
154.2 918
154.4 889
154.6 944
154.8 951
155 922
155.2 905
155.4 931
155.6 910
155.8 864
156 874
156.2 898
156.4 880
156.6 913
156.8 885
157 886
157.2 832
157.4 880
157.6 921
157.8 864
158 859
158.2 944
158.4 937
158.6 917
158.8 879
159 846
159.2 854
159.4 891
159.6 902
159.8 890
160 869
160.2 918
160.4 900
160.6 889
160.8 937
161 888
161.2 865
161.4 831
161.6 927
161.8 902
162 869
162.2 909
162.4 866
162.6 851
162.8 884
163 842
163.2 939
163.4 922
163.6 903
163.8 911
164 890
164.2 879
164.4 857
164.6 905
164.8 919
165 861
165.2 925
165.4 928
165.6 846
165.8 874
166 907
166.2 878
166.4 871
166.6 920
166.8 901
167 869
167.2 950
167.4 913
167.6 889
167.8 935
168 926
168.2 954
168.4 892
168.6 990
168.8 862
169 894
169.2 879
169.4 933
169.6 920
169.8 965
170 887
170.2 886
170.4 852
170.6 936
170.8 965
171 853
171.2 913
171.4 893
171.6 881
171.8 923
172 894
172.2 875
172.4 890
172.6 935
172.8 884
173 882
173.2 915
173.4 882
173.6 969
173.8 935
174 913
174.2 969
174.4 925
174.6 921
174.8 874
175 922
175.2 917
175.4 884
175.6 902
175.8 888
176 893
176.2 894
176.4 882
176.6 924
176.8 972
177 915
177.2 892
177.4 920
177.6 909
177.8 909
178 921
178.2 961
178.4 926
178.6 926
178.8 930
179 881
179.2 828
179.4 947
179.6 900
179.8 892
180 873
180.2 869
180.4 944
180.6 946
180.8 928
181 921
181.2 885
181.4 870
181.6 869
181.8 946
182 937
182.2 920
182.4 899
182.6 850
182.8 939
183 939
183.2 873
183.4 914
183.6 863
183.8 894
184 943
184.2 915
184.4 916
184.6 891
184.8 951
185 859
185.2 881
185.4 899
185.6 967
185.8 894
186 914
186.2 921
186.4 924
186.6 900
186.8 925
187 908
187.2 938
187.4 947
187.6 935
187.8 927
188 924
188.2 931
188.4 943
188.6 853
188.8 883
189 979
189.2 862
189.4 928
189.6 912
189.8 912
190 908
190.2 896
190.4 974
190.6 900
190.8 914
191 873
191.2 983
191.4 938
191.6 894
191.8 910
192 936
192.2 915
192.4 907
192.6 825
192.8 919
193 900
193.2 942
193.4 969
193.6 887
193.8 937
194 884
194.2 916
194.4 878
194.6 911
194.8 916
195 880
195.2 848
195.4 891
195.6 867
195.8 977
196 903
196.2 918
196.4 931
196.6 856
196.8 887
197 898
197.2 920
197.4 920
197.6 936
197.8 872
198 910
198.2 884
198.4 955
198.6 929
198.8 902
199 905
199.2 954
199.4 879
199.6 858
199.8 859
200 858
200.2 916
200.4 834
200.6 890
200.8 897
201 866
201.2 891
201.4 889
201.6 897
201.8 915
202 903
202.2 950
202.4 867
202.6 886
202.8 920
203 871
203.2 918
203.4 912
203.6 953
203.8 892
204 921
204.2 876
204.4 933
204.6 902
204.8 879
205 896
205.2 899
205.4 857
205.6 882
205.8 915
206 925
206.2 909
206.4 916
206.6 894
206.8 884
207 926
207.2 898
207.4 883
207.6 877
207.8 942
208 870
208.2 919
208.4 874
208.6 917
208.8 885
209 974
209.2 837
209.4 885
209.6 899
209.8 969
210 899
210.2 888
210.4 882
210.6 880
210.8 938
211 860
211.2 855
211.4 914
211.6 957
211.8 910
212 874
212.2 916
212.4 898
212.6 838
212.8 869
213 900
213.2 883
213.4 897
213.6 870
213.8 875
214 910
214.2 899
214.4 877
214.6 927
214.8 946
215 899
215.2 896
215.4 919
215.6 966
215.8 935
216 883
216.2 858
216.4 944
216.6 884
216.8 882
217 876
217.2 953
217.4 914
217.6 878
217.8 923
218 904
218.2 830
218.4 837
218.6 863
218.8 849
219 882
219.2 893
219.4 876
219.6 860
219.8 817
220 870
220.2 873
220.4 935
220.6 919
220.8 938
221 910
221.2 869
221.4 834
221.6 900
221.8 860
222 881
222.2 829
222.4 844
222.6 853
222.8 961
223 893
223.2 893
223.4 942
223.6 947
223.8 937
224 872
224.2 858
224.4 930
224.6 878
224.8 855
225 854
225.2 883
225.4 908
225.6 951
225.8 912
226 832
226.2 852
226.4 889
226.6 943
226.8 843
227 864
227.2 858
227.4 926
227.6 827
227.8 910
228 834
228.2 864
228.4 900
228.6 873
228.8 878
229 856
229.2 905
229.4 868
229.6 886
229.8 863
230 945
230.2 881
230.4 936
230.6 896
230.8 863
231 951
231.2 840
231.4 954
231.6 862
231.8 900
232 895
232.2 903
232.4 893
232.6 817
232.8 822
233 883
233.2 833
233.4 910
233.6 861
233.8 836
234 856
234.2 898
234.4 854
234.6 860
234.8 864
235 847
235.2 868
235.4 863
235.6 901
235.8 864
236 879
236.2 903
236.4 865
236.6 929
236.8 861
237 876
237.2 885
237.4 882
237.6 888
237.8 866
238 834
238.2 819
238.4 901
238.6 877
238.8 832
239 930
239.2 871
239.4 888
239.6 833
239.8 911
240 826
240.2 851
240.4 911
240.6 856
240.8 798
241 888
241.2 888
241.4 842
241.6 882
241.8 902
242 867
242.2 877
242.4 888
242.6 824
242.8 832
243 850
243.2 881
243.4 835
243.6 859
243.8 847
244 920
244.2 860
244.4 821
244.6 828
244.8 842
245 904
245.2 859
245.4 849
245.6 938
245.8 849
246 884
246.2 870
246.4 867
246.6 873
246.8 923
247 866
247.2 843
247.4 850
247.6 844
247.8 790
248 856
248.2 857
248.4 875
248.6 837
248.8 858
249 845
249.2 865
249.4 844
249.6 828
249.8 840
250 852
