0.5 0
1 0
1.5 0
2 0
2.5 0
3 0
3.5 0
4 0
4.5 0
5 0
5.5 0
6 0
6.5 0
7 0
7.5 0
8 0
8.5 0
9 0
9.5 0
10 0
10.5 0
11 0
11.5 0
12 0
12.5 0
13 0
13.5 0
14 0
14.5 0
15 0
15.5 0
16 0
16.5 0
17 0
17.5 0
18 0
18.5 0
19 0
19.5 0
20 0
20.5 0
21 0
21.5 0
22 0
22.5 0
23 0
23.5 0
24 0
24.5 0
25 0
25.5 0
26 0
26.5 0
27 0
27.5 0
28 0
28.5 0
29 0
29.5 0
30 0
30.5 0
31 0
31.5 0
32 0
32.5 0.004280233322391205
33 0.00415151188868293
33.5 0.02417106587717021
34 0.05475255212358127
34.5 0.1538335274895327
35 0.6569284632865932
35.5 13.98719710055822
36 79.51860648476261
36.5 93.8185237498853
37 57.04084085239844
37.5 35.60214375224478
38 25.89084495610232
38.5 21.79594576397992
39 21.40265280408186
39.5 22.15947465259878
40 23.03165127354301
40.5 24.88787527277018
41 27.87634037527082
41.5 31.64763139052285
42 34.99287130728582
42.5 39.14150446210579
43 43.53751364591039
43.5 46.3412588620223
44 46.67531842971566
44.5 47.61629208038259
45 47.55195225672882
45.5 46.40231517899467
46 44.13526635210107
46.5 41.51015953651899
47 37.81448205018172
47.5 33.06313656289091
48 29.11863141142716
48.5 24.81478802181793
49 21.6154846775351
49.5 18.89952723367967
50 16.25750322260546
50.5 14.04030658110524
51 12.31237152277422
51.5 10.7559572359901
52 10.13963866548495
52.5 9.491427098146994
53 8.811838927054831
53.5 7.974233753706761
54 7.526466821286931
54.5 7.095997116360026
55 6.672392937728979
55.5 6.500606529590009
56 6.333143300601308
56.5 6.305106486348333
57 5.786569320996243
57.5 6.155392213281169
58 5.898529549613138
58.5 5.609879877634029
59 5.493121077747162
59.5 5.352660576699496
60 5.430846981689323
60.5 4.938171926564933
61 5.135176426309472
61.5 5.043649813515794
62 4.848545226803556
62.5 4.745237870535787
63 4.966945075879438
63.5 4.959109004672074
64 4.931042877434201
64.5 5.096139135185313
65 5.209578982515396
65.5 5.082926720126483
66 5.200287579561456
66.5 5.324802983330045
67 5.623801327421601
67.5 5.757107574034058
68 5.724086007276903
68.5 5.66684226154006
69 5.999982366929706
69.5 6.32672749484611
70 6.678618934691018
70.5 7.134537624925364
71 7.358166107433312
71.5 7.433368014743653
72 7.349235543398712
72.5 7.112747703517097
73 7.159870428328695
73.5 7.125135591253349
74 7.022157647562237
74.5 6.885859819434886
75 6.751354693851728
75.5 6.600761883828052
76 6.537285720822497
76.5 6.523182365171362
77 6.480679507698898
77.5 6.215923189589815
78 6.185160079674168
78.5 6.392012908034141
79 6.459497727271112
79.5 6.430362336662356
80 6.503170826408938
80.5 6.442869053813308
81 6.319816935162846
81.5 6.430027992425781
82 6.430519038810663
82.5 6.236235098703951
83 6.176748230084627
83.5 5.997951469421683
84 5.940855875071485
84.5 5.987577871774029
85 6.004008430008713
85.5 5.668987234276469
86 5.799785598567867
86.5 5.41691779148575
87 5.379024111697539
87.5 5.242436761400787
88 5.052260233780604
88.5 5.003992236853859
89 5.095752591442185
89.5 4.91452533445267
90 4.759883666432501
90.5 4.593998098750448
91 4.366493126592458
91.5 4.340772186378399
92 4.312680211633635
92.5 4.215457665726998
93 3.99644795165033
93.5 3.916843728774541
94 3.719486608175195
94.5 3.677699805448017
95 3.631073988305124
95.5 3.473685765278451
96 3.369898555894721
96.5 3.341864645105169
97 3.359394904626675
97.5 3.215881969556592
98 3.160554992050409
98.5 3.088708799242732
99 3.00730908425204
99.5 2.934463591018481
100 2.948141782942441
100.5 2.906570671729718
101 2.927058232793862
101.5 2.964994296647828
102 2.971412312865466
102.5 2.964009377788563
103 2.981965560968332
103.5 2.959765509695728
104 2.96857588433812
104.5 2.922434368974131
105 3.035526185692263
105.5 2.920709323738528
106 2.907303295316652
106.5 2.892026689552881
107 2.83702497788978
107.5 2.81167346353506
108 2.888608197839162
108.5 2.900834306162401
109 2.948293954180474
109.5 2.955553941581819
110 2.954340405343434
110.5 2.96320997224021
111 3.00702588112385
111.5 2.940661406169582
112 2.944918843000984
112.5 2.887900900658429
113 2.839563905015365
113.5 2.825655680584885
114 2.760396029945003
114.5 2.790480978418341
115 2.809000211958868
115.5 2.816927903570002
116 2.832678436590816
116.5 2.843225343731075
117 2.789912885100287
117.5 2.673548247330034
118 2.644932279189525
118.5 2.696065391607457
119 2.612638544042725
119.5 2.663478798110962
120 2.680260185147517
120.5 2.661644126324421
121 2.605416810304629
121.5 2.536088440159844
122 2.507597834342709
122.5 2.4596028315853
123 2.508526979473773
123.5 2.477436988126434
124 2.450441232272943
124.5 2.368818092771984
125 2.361623871909335
125.5 2.286726762637972
126 2.254090915498435
126.5 2.249162006141726
127 2.260638374558008
127.5 2.238214803761687
128 2.193582840188203
128.5 2.196121818624838
129 2.19787640492852
129.5 2.187676758878663
130 2.125403359149883
130.5 2.085786707906035
131 2.063308908055904
131.5 2.062419897375425
132 2.131282415852599
132.5 2.090763696767362
133 2.033541083654868
133.5 2.063110106839869
134 2.020298256233477
134.5 1.994434136813674
135 1.983656959486528
135.5 1.999454862968575
136 1.904362203548311
136.5 1.880124030529947
137 1.917732069423242
137.5 1.901897268862446
138 1.886478589807981
138.5 1.859683950698367
139 1.85615673692088
139.5 1.791532179664234
140 1.797557413761384
140.5 1.8283007882175
141 1.779200050277811
141.5 1.755019784617824
142 1.742906460970591
142.5 1.708878213713855
143 1.662459424985572
143.5 1.683607243118141
144 1.68403629219211
144.5 1.67510872764839
145 1.672177354023844
145.5 1.652696189303255
146 1.649667403031595
146.5 1.652223584679392
147 1.609620350931044
147.5 1.640910011696152
148 1.653267966520884
148.5 1.651584186431096
149 1.681551648991056
149.5 1.651510631411295
150 1.661516427483927
150.5 1.66736101447626
151 1.705213343374024
151.5 1.703628109146734
152 1.709364805263557
152.5 1.698757428654643
153 1.666138508536634
153.5 1.678038999895043
154 1.646572221665762
154.5 1.642182201349747
155 1.619467031048981
155.5 1.593083207359413
156 1.590504235661993
156.5 1.591063657809439
157 1.539768963068769
157.5 1.555614620164438
158 1.517623386635974
158.5 1.514542132813119
159 1.50655174106491
159.5 1.494633135114911
160 1.522480873736461
160.5 1.5335436166934
161 1.507376713524134
161.5 1.503430980115179
162 1.491580846456618
162.5 1.464781447588718
163 1.449938301139517
163.5 1.44531177263961
164 1.434327137133297
164.5 1.428962504384574
165 1.401218292668263
165.5 1.389628392782275
166 1.396527861625593
166.5 1.403482596865398
167 1.378961464179339
167.5 1.411026255689606
168 1.371484253730642
168.5 1.373707132979389
169 1.373821930659515
169.5 1.367774422964453
170 1.336040489746988
170.5 1.335136591380173
171 1.331360090393134
171.5 1.345512240540971
172 1.328226089005919
172.5 1.339529180357003
173 1.325679602288872
173.5 1.332918418561218
174 1.318549300602112
174.5 1.316497417707908
175 1.302932722914039
175.5 1.30058324255992
176 1.287074094973257
176.5 1.29524812132264
177 1.249049913660416
177.5 1.253000308613228
178 1.230060909905
178.5 1.226301086434859
179 1.250149137618451
179.5 1.233161669213874
180 1.23804138808696
180.5 1.259083685969856
181 1.235577109557288
181.5 1.247786647666288
182 1.238551571557366
182.5 1.230213272197509
183 1.248812375135081
183.5 1.217177149974986
184 1.222055144809426
184.5 1.224339002933348
185 1.230873481111938
185.5 1.254137112711984
186 1.218065900115516
186.5 1.2237615895002
187 1.221751163088177
187.5 1.202062628586267
188 1.192671199347463
188.5 1.18768840510882
189 1.176666497737291
189.5 1.167192042886296
190 1.17176463308191
190.5 1.189603132253464
191 1.185613689490508
191.5 1.17980042118069
192 1.17292778908862
192.5 1.204480686005551
193 1.179920721558433
193.5 1.183550859558267
194 1.189890804111404
194.5 1.163524465363256
195 1.158754276667352
195.5 1.156087643920759
196 1.145783564291137
196.5 1.15453736737517
197 1.135054468787115
197.5 1.156262408025239
198 1.124944402058389
198.5 1.115268429154678
199 1.117833809969556
199.5 1.119337164629063
200 1.130814236249775
200.5 1.120401666681253
201 1.121045083136533
201.5 1.107026006535207
202 1.118615334934016
202.5 1.126548799101459
203 1.113436213893244
203.5 1.107480237232128
204 1.131607061895405
204.5 1.112621168697356
205 1.124681912024192
205.5 1.114451678854261
206 1.084012132291989
206.5 1.098860113446332
207 1.09134231247461
207.5 1.101051966692179
208 1.092159633031535
208.5 1.072732107229128
209 1.074022575678019
209.5 1.101658272583688
210 1.088012138086862
210.5 1.11203029261646
211 1.088436926725938
211.5 1.088501734917747
212 1.084530152877188
212.5 1.081034389127989
213 1.086727209114429
213.5 1.09820671767901
214 1.086219842428883
214.5 1.074873101782309
215 1.056871554437173
215.5 1.059128252812945
216 1.068426500817665
216.5 1.066969533022906
217 1.052169297717408
217.5 1.049487593716844
218 1.056712998291066
218.5 1.037346492387865
219 1.042842803333536
219.5 1.04081843883409
220 1.042397930739536
220.5 1.039861030420304
221 1.049045939503883
221.5 1.049245112916991
222 1.036772620758443
222.5 1.042483220566456
223 1.048723169816027
223.5 1.034170951240088
224 1.047264463107344
224.5 1.026009937613813
225 1.035163067907173
225.5 1.044180564877407
226 1.049080779371637
226.5 1.027049556090572
227 1.031961811930678
227.5 1.025639990915436
228 1.022842397863364
228.5 1.036554610543542
229 1.020049769421831
229.5 1.035867213838728
230 1.019916287255602
230.5 1.026047781729269
231 1.040377351777185
231.5 1.028970684372213
232 1.033905790416213
232.5 1.04276163622892
233 1.032086969056619
233.5 1.035963649845565
234 1.040953734800292
234.5 1.030969952720117
235 1.031745010750825
235.5 1.03054777214561
236 1.020300647043725
236.5 1.025367304651132
237 1.023983278959579
237.5 1.023683840323003
238 1.014518498604725
238.5 1.012653608610231
239 1.014752813223007
239.5 1.019308433068665
240 1.016596284351372
240.5 1.011240295990435
241 0.9998873961718531
241.5 1.014433085155843
242 1.016112556018805
242.5 1.000048834599357
243 1.009527657521061
243.5 0.9926142412225242
244 0.9986119956551328
244.5 1.010602590625898
245 0.9952594260340566
245.5 1.00737464639643
246 1.01191250035655
246.5 1.01666570031135
247 0.9911378235280882
247.5 1.01577347775899
248 1.001831760098631
248.5 0.9956811561708224
249 1.009697227439933
249.5 0.9945789107733701
250 0.9992125506805806
250.5 1.000415076620478
251 1.000200766260216
251.5 0.9948697404862455
252 1.0055557809348
252.5 1.003243724795338
253 0.9993175682670585
253.5 1.0052638715261
254 0.9995931833193648
254.5 1.003626625031779
255 1.008767973029893
255.5 1.008667288330925
256 1.006766084964672
256.5 1.004665877061269
257 1.001924109217089
257.5 0.9965368810308289
258 0.9993681527230608
258.5 1.004538080407385
259 1.002247106632304
259.5 0.9910371441905793
260 0.9990666482272035
260.5 0.995801428523422
261 0.988372742379109
261.5 0.9966955157715232
262 0.9920058341783078
262.5 0.9960380525496899
263 0.9837574277555152
263.5 0.9975431527079117
264 0.9904599223171822
264.5 0.9869773011332211
265 0.992816613797816
265.5 0.9884714160853061
266 0.9902858192994708
266.5 0.9907428826546212
267 0.9907139459317729
267.5 0.990899436080103
268 0.9931223746798254
268.5 0.9980184825998918
269 0.9886262942131185
269.5 0.9835296499362128
270 0.9856268385268365
270.5 0.9933244641994486
271 0.9799360294385855
271.5 0.996937913903263
272 0.9790074080043478
272.5 0.9891777361604577
273 0.9972955773352129
273.5 0.9812322131139596
274 0.9837063436558239
274.5 0.9859759537608072
275 0.9964724531977645
275.5 0.987914882599182
276 0.983982626933915
276.5 0.976494665959567
277 0.9971009966318077
277.5 0.9834130474048088
278 0.9990955218995183
278.5 0.9893035876718476
279 0.9749289751618953
279.5 0.9808771576691258
280 0.9872091667165408
280.5 0.9852155410845332
281 0.9811399945789515
281.5 0.9818796014627297
282 0.9914765106353856
282.5 0.9947962484592981
283 0.9896189078203623
283.5 0.9859062639485381
284 0.9804759701324234
284.5 0.9882876644318006
285 0.986492835019136
285.5 0.9762183033603248
286 0.9872061902276515
286.5 0.9865724727897508
287 0.9963108390519819
287.5 0.9840149604623779
288 0.9843894173028712
288.5 0.9890464789924044
289 0.987684075455191
289.5 0.9886717063426638
290 0.9922538931579794
290.5 0.9896447440467082
291 0.988489144106143
291.5 0.991326059935156
292 0.9866349383488816
292.5 0.9853255635304643
293 0.9881270233674947
293.5 0.9847631891328129
294 0.988137637934272
294.5 0.9844984811185195
295 0.9823069383953866
295.5 0.9865964400186047
296 0.9800153512530552
296.5 0.9869723935688081
297 0.9857790606294214
297.5 0.9835665456695579
298 0.9779778134156278
298.5 0.9786872942449075
299 0.9820161966861393
299.5 0.9820161567997632
300 0.9729184353461329
300.5 0.9826005605125137
301 0.9854016769428963
301.5 0.9762176266873156
302 0.9852068371964745
302.5 0.9758262503410101
303 0.9820138672853558
303.5 0.9888425851413928
304 0.9822170041806909
304.5 0.9843331501941017
305 0.9792859812150558
305.5 0.9881932976095588
306 0.9724371922795315
306.5 0.985653720518865
307 0.987002757470711
307.5 0.9883139089491952
308 0.9846311254913306
308.5 0.9907289351040268
309 0.9829323660059802
309.5 0.9838651838729565
310 0.9742253373366785
310.5 0.9868229698185417
311 0.9814555514619328
311.5 0.9844109863213235
312 0.9862278060001873
312.5 0.9868705920605987
313 0.9767519398223388
313.5 0.9834368162676161
314 0.9875522381659345
314.5 0.9826091948464477
315 0.985461039547377
315.5 0.9844292885103278
316 0.982946376359198
316.5 0.9876961607577254
317 0.9860900210016026
317.5 0.9878078714212504
318 0.983876911556041
318.5 0.9901716351543794
319 0.9789842592243216
319.5 0.9821893872727089
320 0.9955022254091672
320.5 0.9883713942189467
321 0.9790644036022225
321.5 0.9833696791104578
322 0.9858339634384481
322.5 0.9857788106001281
323 0.9870409624019568
323.5 0.987577804313965
324 0.9932531345449267
324.5 0.9877044286036855
325 0.9879206531411142
325.5 0.9883655791132386
326 0.9800398598067187
326.5 0.986073824745557
327 0.9795724843318749
327.5 0.98802779989439
328 0.9739657815931798
328.5 0.9868395043547129
329 0.9810229399547724
329.5 0.9771109638560476
330 0.9789680184703218
330.5 0.9869764215481848
331 0.9837286515540163
331.5 0.9789737806576425
332 0.9891935631703607
332.5 0.9807615424839867
333 0.9785320069534746
333.5 0.9890343438001229
334 0.9861159062817778
334.5 0.9806851335097857
335 0.9810632788445436
335.5 0.9795671370860445
336 0.9937934764864074
336.5 0.9860511360305598
337 0.9875062592515711
337.5 0.9758108808094749
338 0.9785849640601972
338.5 0.9890718538826924
339 0.9822813957374432
339.5 0.9757227414635071
340 0.9933286224191721
340.5 0.982244216275683
341 0.9862670330093437
341.5 0.986773141955779
342 0.9781306691279604
342.5 0.9848541164763731
343 0.9808705072202061
343.5 0.9815996175318596
344 0.9763604076003927
344.5 0.9856421945848171
345 0.9787040953232209
345.5 0.984811626911106
346 0.9835912739692003
346.5 0.9839365591953284
347 0.9803521101023496
347.5 0.9843843244144611
348 0.9818189865751851
348.5 0.9852760607685975
349 0.973750796665988
349.5 0.979331323363524
350 0.9827723622954321
350.5 0.9821416982997609
351 0.983822491197773
351.5 0.9909602234953747
352 0.9832576167798334
352.5 0.9819073978905377
353 0.980198063577398
353.5 0.9768845035809964
354 0.9813242071941822
354.5 0.9809323218043515
355 0.9815790896780561
355.5 0.9821646811463858
356 0.978694277991376
356.5 0.9705438888335451
357 0.978664179162607
357.5 0.9801380569984754
358 0.9793775580372091
358.5 0.975539519112118
359 0.9874519089587516
359.5 0.9786902926113766
360 0.9850958229976797
360.5 0.9826608299868373
361 0.9878502645019739
361.5 0.9860535858865661
362 0.9793813309351735
362.5 0.9806896035547644
363 0.9822099718452116
363.5 0.9795952787543435
364 0.9748756866819034
364.5 0.9892510980706425
365 0.9824026018835312
365.5 0.9738449756057637
366 0.9806191007442121
366.5 0.9839363889959982
367 0.9808711785496947
367.5 0.9826895955688669
368 0.983159154636879
368.5 0.9830732061820157
369 0.9876823819156271
369.5 0.9835872852851463
370 0.9795272140819166
370.5 0.9905202921738653
371 0.9764217157191647
371.5 0.9844087334425523
372 0.9807514837857473
372.5 0.9792607411042313
373 0.9802928239842611
373.5 0.9792093506687392
374 0.9857398669805086
374.5 0.9853659397044922
375 0.9871605788193537
375.5 0.9803811507895493
376 0.9841232256627652
376.5 0.9835522817020032
377 0.9741061619221693
377.5 0.9768572402325812
378 0.9892092355601217
378.5 0.9810117881206888
379 0.9811003873592433
379.5 0.9750010095013041
380 0.9896411127848577
380.5 0.9774397424976814
381 0.97869119352636
381.5 0.9847009192367856
382 0.9920545401988821
382.5 0.98036231036204
383 0.9856172301240302
383.5 0.9725050380912769
384 0.9776391140415699
384.5 0.9837064919727956
385 0.9880615240011859
385.5 0.9808607914793392
386 0.978776493218906
386.5 0.9821473213234195
387 0.9857993373952848
387.5 0.9812095946986799
388 0.9788775353443359
388.5 0.9745023870059421
389 0.9841288549412742
389.5 0.9796966169785818
390 0.980366635803944
390.5 0.9805852962985059
391 0.982603524540263
391.5 0.9774405983798772
392 0.9759637529443713
392.5 0.9815784114682398
393 0.973857333398109
393.5 0.9860849541837329
394 0.9806568892141974
394.5 0.9808597301962947
395 0.9844486061911962
395.5 0.9745619169551692
396 0.9759944980800527
396.5 0.9801486995681313
397 0.9824860845415863
397.5 0.9831776869958221
398 0.9794246014354353
398.5 0.9890393685178364
399 0.9882802076886548
399.5 0.9813039698196223
400 0.9805334887361709
400.5 0.9822582300957146
401 0.9870499701926909
401.5 0.9816202728783046
402 0.9826629334126645
402.5 0.9827764784759861
403 0.9765256565393049
403.5 0.9729129872333353
404 0.9807412305948204
404.5 0.9786911714460509
405 0.9825329086310854
405.5 0.9797264578017666
406 0.9755320537923664
406.5 0.978263661095688
407 0.9880749920773508
407.5 0.9805469383347548
408 0.9860619593010245
408.5 0.9780956014046476
409 0.9782731355260933
409.5 0.9843781750261256
410 0.9835386083199746
410.5 0.9782063165158548
411 0.9821841429057075
411.5 0.9796786088873476
412 0.9812573704644095
412.5 0.9910754877424768
413 0.980367804672107
413.5 0.9818323279749746
414 0.9853443649065909
414.5 0.9819160551227826
415 0.9808376933404038
415.5 0.983166035148373
416 0.9828156598206687
416.5 0.9859433804425315
417 0.9781205672822836
417.5 0.9803829994245858
418 0.9829552523885621
418.5 0.9756517470830605
419 0.9830458835345891
419.5 0.9843262460316505
420 0.9825350356112078
420.5 0.9810691601273464
421 0.9836376768286591
421.5 0.9843590580013563
422 0.9803269147731828
422.5 0.9796415675153364
423 0.9833279078147966
423.5 0.9847380598320711
424 0.9799021395894835
424.5 0.9805681464136808
425 0.9848075609501107
425.5 0.9875510664972064
426 0.9811486040017116
426.5 0.985249388860552
427 0.9826334164574734
427.5 0.9821296969688638
428 0.9732097393096919
428.5 0.9802348647454864
429 0.9772634420800513
429.5 0.9818516543938761
430 0.9816112674540709
430.5 0.9863579762555174
431 0.9732769978885991
431.5 0.9796061901003897
432 0.9770976438413684
432.5 0.9833835700661524
433 0.9766528094209967
433.5 0.9818831377363801
434 0.984230498621023
434.5 0.9719446993967421
435 0.9831390291366032
435.5 0.9765801897325914
436 0.978289539705704
436.5 0.9801308688095631
437 0.9838196217116821
437.5 0.9774859334706471
438 0.9845640757586499
438.5 0.9895853540922063
439 0.9792274540892539
439.5 0.9775858081085758
440 0.9816937454947351
440.5 0.9796877637192547
441 0.9784089908531914
441.5 0.9858543802475171
442 0.9747851872787888
442.5 0.9847861339954891
443 0.9770930975115543
443.5 0.9863033140826298
444 0.978074613263503
444.5 0.9790331496694076
445 0.9784438566820688
445.5 0.9802351692389787
446 0.9822091835027636
446.5 0.9804981804190182
447 0.9828085905146905
447.5 0.9838984133836304
448 0.9818160655860847
448.5 0.9860224537209862
449 0.9780530777697158
449.5 0.9869767187571074
450 0.9841372043066506
450.5 0.9787237975184275
451 0.9797555708951774
451.5 0.9838187357617781
452 0.9784457420835365
452.5 0.9795634900667551
453 0.9808722025025618
453.5 0.9836565923200429
454 0.9794731914590297
454.5 0.9839507782661947
455 0.9753472493773389
455.5 0.9807900803369071
456 0.9869568146290841
456.5 0.9784611531583097
457 0.9790921133902581
457.5 0.9775363883950192
458 0.9791426010994287
458.5 0.9825567258474718
459 0.9802133851369811
459.5 0.9813038781534267
460 0.975315247167491
460.5 0.9846789433061113
461 0.9872774200979543
461.5 0.9796520931445971
462 0.9838130022938798
462.5 0.9793409582750515
463 0.9834062005930336
463.5 0.9826745732096331
464 0.9847681766869508
464.5 0.9804910159956518
465 0.9843216544102678
465.5 0.982479473251188
466 0.9791231321808364
466.5 0.9819801079366549
467 0.9831434757589098
467.5 0.9779697881549426
468 0.9768926617098158
468.5 0.980153681582238
469 0.9832033225342808
469.5 0.9880836446897224
470 0.9798937454818962
470.5 0.9852971371478063
471 0.98158615565732
471.5 0.9811933308320072
472 0.9817943325967408
472.5 0.9857926375062961
473 0.9788699224430549
473.5 0.9860795208066783
474 0.9794325208316019
474.5 0.9823894495433823
475 0.9843699565398497
475.5 0.9842904224597619
476 0.9812359705645892
476.5 0.9845838206929991
477 0.9790733441382259
477.5 0.9838647962174898
478 0.9796310161036165
478.5 0.9806058664245979
479 0.9764316661953338
479.5 0.9830187417830083
480 0.9796179084661771
480.5 0.9816923507507903
481 0.9791053265845169
481.5 0.9765561758397396
482 0.9795031750926811
482.5 0.9874169865756661
483 0.9856837732346129
483.5 0.9809386797260198
484 0.9780348718207975
484.5 0.9785884183002159
485 0.9786763272178518
485.5 0.9795098305744676
486 0.9836779153519705
486.5 0.9872824106921808
487 0.9824349509165473
487.5 0.9833217802269449
488 0.9814122224894064
488.5 0.9855046548334475
489 0.9861845474134204
489.5 0.9790387687025971
490 0.983415582781154
490.5 0.9801808517115355
491 0.9840365149053026
491.5 0.9837852659718109
492 0.9809649364383001
492.5 0.9835127274963665
493 0.9820675189117027
493.5 0.9851185120416275
494 0.9792534326160646
494.5 0.9808794003564598
495 0.9812421244271224
495.5 0.9881015102917502
496 0.9811853813754884
496.5 0.9815943520963076
497 0.9823108421159917
497.5 0.9845111648223723
498 0.9811953567260178
498.5 0.9813111444368614
499 0.98601810248483
499.5 0.9803847982299675
500 0.9831720552874205
500.5 0.9830585636447453
501 0.9745680485165136
501.5 0.9805441250744201
502 0.9825655719490919
502.5 0.9836101930082675
503 0.9811106755359185
503.5 0.9784229738567901
504 0.9833437802514726
504.5 0.9824436070399813
505 0.9820414436450829
505.5 0.9815150999982559
506 0.9825339631386379
506.5 0.982604071575332
507 0.9838767753721401
507.5 0.9822374653002148
508 0.9839312900548355
508.5 0.9793483773878461
509 0.9903121778554522
509.5 0.9835713584384685
510 0.9871711330255917
510.5 0.988569110454164
511 0.979952353082601
511.5 0.9810009632983084
512 0.9785167556654368
512.5 0.9775722915338193
513 0.9800912295263671
513.5 0.9786807328903671
514 0.9794556829933134
514.5 0.9813102924514334
515 0.9814597904203165
515.5 0.9838100251125766
516 0.9780329263417822
516.5 0.9823767709290269
517 0.9795726281985735
517.5 0.9813945994048279
518 0.9859625287868311
518.5 0.9844738838004209
519 0.9824520495312716
519.5 0.9802770286977194
520 0.9830074134375287
520.5 0.9816620831334238
521 0.9786045834215549
521.5 0.9777513166257706
522 0.9836357872347538
522.5 0.9824827735355244
523 0.9788696374630163
523.5 0.9857769938955291
524 0.982077213842205
524.5 0.9799427558673205
525 0.9821285559987029
525.5 0.9838049358197916
526 0.9835695131581597
526.5 0.9841405240806665
527 0.9841866880082244
527.5 0.9831666907358541
528 0.9796432878259653
528.5 0.9836580227513478
529 0.9828495479013818
529.5 0.9795832943943863
530 0.9853084441914761
530.5 0.9873797347819657
531 0.9815767445806883
531.5 0.9767940806543618
532 0.9814602407731142
532.5 0.9822248181925727
533 0.9793961903625892
533.5 0.9848997563694614
534 0.981819589836719
534.5 0.9833384170660213
535 0.9840679889205939
535.5 0.9804890671612549
536 0.9880001859148391
536.5 0.9856882664092936
537 0.9791188740546318
537.5 0.9811007298347704
538 0.9812850871748501
538.5 0.9840161311069756
539 0.9852569970319206
539.5 0.9811715720429179
540 0.9783321580460136
540.5 0.9823803958589141
541 0.9805885449892281
541.5 0.9772752196752861
542 0.9777814444569385
542.5 0.9836299585209023
543 0.9828466477480891
543.5 0.9777561784510018
544 0.9808330023064594
544.5 0.9814036864784011
545 0.980136504313358
545.5 0.986157379192111
546 0.9827672910439332
546.5 0.9820672883139548
547 0.9822596813999427
547.5 0.9781512947850639
548 0.983450413200035
548.5 0.9830557875341583
549 0.9835684636406433
549.5 0.9804916962821884
550 0.9763932507969606
550.5 0.9814231558819381
551 0.9797246986217687
551.5 0.9764031487381827
552 0.9827437091536897
552.5 0.9828763463339404
553 0.9856605760439692
553.5 0.9859096938701224
554 0.9842634501912018
554.5 0.9815187495811242
555 0.9803821707997956
555.5 0.9750872196679278
556 0.9832936202745339
556.5 0.9828340417920525
557 0.9822215204512182
557.5 0.9789476912642695
558 0.9831908390196804
558.5 0.9829748231237282
559 0.9814558804006552
559.5 0.9826631534924538
560 0.9846718727923298
560.5 0.9839232336329913
561 0.981085576835411
561.5 0.9836266131848632
562 0.9820059926192179
562.5 0.9846404302815163
563 0.9830848429839907
563.5 0.9771479468375797
564 0.9738670009353104
564.5 0.9835209652908784
565 0.9806338349679499
565.5 0.9799113237929806
566 0.9792886208925701
566.5 0.9834281682081633
567 0.9811390159386311
567.5 0.9817341722355518
568 0.9815479803616014
568.5 0.9867814941368557
569 0.9845732422041624
569.5 0.9869433715313756
570 0.9842594711234526
570.5 0.9875703336325393
571 0.9826938856970378
571.5 0.9804629811589037
572 0.9822248365579651
572.5 0.9838066217659027
573 0.9791161726276298
573.5 0.9817051881897266
574 0.9876386755124154
574.5 0.9776399136224035
575 0.9828184774707927
575.5 0.9802992595120253
576 0.9801174615674829
576.5 0.9855800752311459
577 0.9809123817175539
577.5 0.9847589539313722
578 0.9795780994981903
578.5 0.983512077662884
579 0.9851721386348409
579.5 0.982207354267903
580 0.9815964907135885
580.5 0.980496581979832
581 0.9834437274753117
581.5 0.9826423475741477
582 0.9833171275878994
582.5 0.9852539461286274
583 0.98578603063123
583.5 0.9860758303673434
584 0.9808222362063855
584.5 0.9839684047662848
585 0.9853651953204865
585.5 0.9865711488801675
586 0.9782791936251907
586.5 0.9857200844279946
587 0.9801840547361472
587.5 0.9870303297326463
588 0.978605132931439
588.5 0.9858457381804567
589 0.9826870643806979
589.5 0.9841691294059263
590 0.9804367186644597
590.5 0.9832956012644454
591 0.9843054010812469
591.5 0.982732473839198
592 0.9816665552146241
592.5 0.9830754608729246
593 0.9808205296369267
593.5 0.9835517423388861
594 0.9784498482827343
594.5 0.9852280805870145
595 0.9787329967532254
595.5 0.9787028665906072
596 0.9823751498879743
596.5 0.9814595437293017
597 0.9806661316078725
597.5 0.9836604261122883
598 0.9854296625328004
598.5 0.9859925877589137
599 0.9843472103437987
599.5 0.9877628187241638
600 0.9831534689686946
600.5 0.980764680673193
601 0.9800221477505451
601.5 0.9801804225416885
602 0.9858632526112959
602.5 0.982926167443828
603 0.9859656285637053
603.5 0.9794852510423645
604 0.9875056531499329
604.5 0.9814311731086426
605 0.9872082549191232
605.5 0.9859484627909871
606 0.9829310274637827
606.5 0.9852194403219436
607 0.9823454373174938
607.5 0.9812864553100553
608 0.9856414085184063
608.5 0.9838208215635287
609 0.9830227376412117
609.5 0.9825241096744537
610 0.9801850775253527
610.5 0.9796597652759662
611 0.9805033130019353
611.5 0.9812097983913652
612 0.9832344052148364
612.5 0.9798462363153031
613 0.9850762172404007
613.5 0.9836874162164929
614 0.9837948546030081
614.5 0.9846249864367057
615 0.9848773659431855
615.5 0.9823828566271751
616 0.9791862376092665
616.5 0.9811433218799871
617 0.9814301630937365
617.5 0.9830012304048446
618 0.9803340513672896
618.5 0.9833528985371416
619 0.9808150885305508
619.5 0.9812056692372506
620 0.9872920050067301
620.5 0.9807932705093687
621 0.9854982336040685
621.5 0.9812153132342724
622 0.9837284131178757
622.5 0.9767761539767581
623 0.9822327766653919
623.5 0.9817570433060699
624 0.98258199094151
624.5 0.9853563400853776
625 0.9824262717135603
625.5 0.9802554006620497
626 0.9810205571536044
626.5 0.986032311473972
627 0.9837415671403311
627.5 0.9810894541587365
628 0.9811728350394622
628.5 0.9813233800799753
629 0.9826206218634828
629.5 0.9855040431894885
630 0.9767527962025544
630.5 0.9787695834439216
631 0.9835265903115623
631.5 0.9828766994363205
632 0.9854025538271276
632.5 0.9807035701795508
633 0.9797923799926772
633.5 0.9781900304920844
634 0.9798870297776955
634.5 0.9818582114921166
635 0.9840966684356153
635.5 0.9823024603389957
636 0.9828374632807796
636.5 0.9804346749013942
637 0.9812247709366574
637.5 0.9796806362598339
638 0.9831215789647526
638.5 0.9829298210957478
639 0.9874929530898126
639.5 0.9822736531974254
640 0.9810540214325331
640.5 0.9801180186168749
641 0.9795578492902025
641.5 0.9810745948486737
642 0.9868852478936965
642.5 0.9790908491417588
643 0.9841077804486094
643.5 0.9792109133046242
644 0.9802799539248486
644.5 0.9801635862865653
645 0.9802691772883914
645.5 0.9808886542329762
646 0.9817650437465979
646.5 0.9800198943104861
647 0.9818969801295733
647.5 0.9792057347800113
648 0.9784596362265734
648.5 0.9854117753351589
649 0.9791551286973299
649.5 0.9849571949741528
650 0.9820032305729084
650.5 0.9833522051955926
651 0.9808341587262559
651.5 0.9792759782051151
652 0.9828953670377946
652.5 0.9811878350035868
653 0.9867735889754097
653.5 0.986793900158524
654 0.9836525389205634
654.5 0.9806779306747434
655 0.9797450583125108
655.5 0.9831699024597771
656 0.9825594737162245
656.5 0.9833291640711608
657 0.9785128496533545
657.5 0.9810880600490813
658 0.9882696660891908
658.5 0.9829691269389212
659 0.9830448361061856
659.5 0.984330147693435
660 0.9848372184029474
660.5 0.9835229069710547
661 0.9823511336547011
661.5 0.9815847167489007
662 0.9806028542279307
662.5 0.978633979163075
663 0.982887248504552
663.5 0.9828852575571944
664 0.9840921430343854
664.5 0.9835588272871372
665 0.9828317596369566
665.5 0.9818760871891822
666 0.9825529943784064
666.5 0.9850993946633353
667 0.9838161170617246
667.5 0.983220490557858
668 0.9857461001523286
668.5 0.9847323893683565
669 0.9778769419734283
669.5 0.9837395522656686
670 0.9791900212390628
670.5 0.9807420285706731
671 0.9846329634043903
671.5 0.9807157522221216
672 0.9868956090867022
672.5 0.9839641591561347
673 0.9796229282723382
673.5 0.9793749344266297
674 0.9807189326556228
674.5 0.9850589482685985
675 0.9843195325584134
675.5 0.9833533432121558
676 0.9804646893081038
676.5 0.9818313268395188
677 0.9810868766640025
677.5 0.9804371243457458
678 0.9779441566057178
678.5 0.9770238426300635
679 0.981243554145101
679.5 0.9829578208898067
680 0.9838251437291503
680.5 0.9842885790653001
681 0.9834920304411418
681.5 0.9858311870829728
682 0.9809793633405112
682.5 0.9834345609779793
683 0.9853969433842324
683.5 0.9828235263076829
684 0.9817012297001955
684.5 0.9813965120539535
685 0.9820647756029294
685.5 0.985106427621094
686 0.9818504170315329
686.5 0.9831786903322143
687 0.9868584948082905
687.5 0.9834292663579955
688 0.9831799541944085
688.5 0.9885001225640068
689 0.9804423739323928
689.5 0.9842322294237295
690 0.9838841070050443
690.5 0.9856789261919303
691 0.9868426056051972
691.5 0.9846218187388456
692 0.9799706172956177
692.5 0.9872622656867596
693 0.9821149774482534
693.5 0.9825840744748974
694 0.9819337773807127
694.5 0.9800376930236659
695 0.979156900335947
695.5 0.9813852725879608
696 0.9831442555494596
696.5 0.9819149426281424
697 0.9795481444208345
697.5 0.9821587594361806
698 0.9801629126271092
698.5 0.9782412683740618
699 0.9855076617832628
699.5 0.9822051486451826
700 0.9836904013698283
700.5 0.9862253435823854
701 0.984055343695129
701.5 0.98121527386475
702 0.9796941797371331
702.5 0.9855418411466003
703 0.9865829321069497
703.5 0.9828150873491789
704 0.9788881910591027
704.5 0.9848365291116495
705 0.9863963305327262
705.5 0.9842356828452745
706 0.9829735952659466
706.5 0.9868678284730876
707 0.982266114599187
707.5 0.9836465342850593
708 0.9848597306052711
708.5 0.9813041026803195
709 0.9807119744808084
709.5 0.9788093000412189
710 0.9774805073011932
710.5 0.9732796617175936
711 0.9759357133583428
711.5 0.9727650045381295
712 0.9715285542724162
712.5 0.970628576388665
713 0.9643453705851808
713.5 0.9620351604927613
714 0.9620761246198213
714.5 0.9628599223465856
715 0.9566586779262675
715.5 0.9562493616193836
716 0.9563517439971286
716.5 0.9562107314704487
717 0.9483874568633246
717.5 0.9497973056977395
718 0.9465543621335049
718.5 0.9430567972095771
719 0.9411553204383087
719.5 0.9366120620316848
720 0.9360965588460415
720.5 0.9342665313528697
721 0.9342844173237541
721.5 0.9333764216054452
722 0.9300243120290858
722.5 0.9297378499996362
723 0.9228868253872895
723.5 0.925705562758865
724 0.921055046497655
724.5 0.9191252887091907
725 0.9184557490184586
725.5 0.9162325124268715
726 0.918727865464752
726.5 0.9130866327936215
727 0.9129944331345277
727.5 0.9062729009326245
728 0.9056085179601707
728.5 0.9028963490018068
729 0.9033809109120418
729.5 0.8985834085329033
730 0.9002119215000388
730.5 0.8924013944607702
731 0.893689574413025
731.5 0.8906137137154407
732 0.8896336928793053
732.5 0.889363296868501
733 0.8873173595721648
733.5 0.8841375670623287
734 0.886575361756158
734.5 0.8796073896444697
735 0.8773691452330397
735.5 0.8799500081184116
736 0.8728500328471029
736.5 0.8745949409243013
737 0.8687642071378983
737.5 0.8685923837002146
738 0.8648633231791067
738.5 0.8650065119031199
739 0.868128737741322
739.5 0.8623710387695784
740 0.8587499003129577
740.5 0.856160116876082
741 0.8572446753054341
741.5 0.8548350155041011
742 0.8514333639265065
742.5 0.8504633495456271
743 0.8458221906346458
743.5 0.845564136681898
744 0.8452733422359797
744.5 0.8417444285824844
745 0.8384156448271287
745.5 0.8394999440964621
746 0.8373310843930203
746.5 0.8334514081478915
747 0.8324737843112882
747.5 0.8327723900890951
748 0.82807578831532
748.5 0.8252913729568164
749 0.8276914329221686
749.5 0.8233078944045125
750 0.8206432376917107
750.5 0.8212798768147328
751 0.8191004996752299
751.5 0.8155853101850523
752 0.8158881844822879
752.5 0.8115308631636186
753 0.808109307575262
753.5 0.8100391775595792
754 0.8042097498825086
754.5 0.8073890788513993
755 0.8026796112379909
755.5 0.8007026702594093
756 0.7983228771236137
756.5 0.7978959755566154
757 0.7958561284661406
757.5 0.7922963913221499
758 0.7928015982433814
758.5 0.7887509588795123
759 0.7910552870838389
759.5 0.7878470084586008
760 0.7850887224770096
760.5 0.7827356698583897
761 0.7829369935533038
761.5 0.7787789237732357
762 0.7769552633561778
762.5 0.7743853340844767
763 0.7750714506730805
763.5 0.7707527364982298
764 0.7729508501163882
764.5 0.7696349965089947
765 0.7665743558692021
765.5 0.7683815901718163
766 0.7658031214794813
766.5 0.7579250071352993
767 0.7620323109349476
767.5 0.7550762969214989
768 0.754250577046074
768.5 0.752549866154909
769 0.7512390153293705
769.5 0.7515877600033227
770 0.7472454516722145
770.5 0.7508108780598504
771 0.7449470695413576
771.5 0.7434273206316225
772 0.7414064290657035
772.5 0.7407689681830433
773 0.7385852571923782
773.5 0.7361080947980377
774 0.7364629224775679
774.5 0.7336771120981972
775 0.7327156830276597
775.5 0.7291663610876122
776 0.7294995827588757
776.5 0.7278855847493709
777 0.7248972602621083
777.5 0.7227985196101536
778 0.7220975822699957
778.5 0.7198872749422466
779 0.7183786253347989
779.5 0.7105116282640838
780 0.7150256091385204
780.5 0.7118833574559306
781 0.712510125120375
781.5 0.7118133669735566
782 0.7069666386235005
782.5 0.7066799823142477
783 0.7020722427027699
783.5 0.7047925337263011
784 0.701168701319494
784.5 0.6999226024765032
785 0.6963350647159717
785.5 0.6944816617286752
786 0.6941179523197728
786.5 0.6913281368787059
787 0.6901835545990042
787.5 0.6888882289467227
788 0.6876211170807917
788.5 0.6837061611515881
789 0.6826074911936186
789.5 0.6814530294784525
790 0.6791962287317213
790.5 0.6790571712359434
791 0.6746908755787884
791.5 0.6750078126323864
792 0.6712079373288732
792.5 0.6707571661061107
793 0.6696563642963101
793.5 0.6686906383613476
794 0.6678774087735508
794.5 0.6658731899413268
795 0.6657154302715952
795.5 0.6608102179741659
796 0.662042396836703
796.5 0.6586495722481218
797 0.6559088568444178
797.5 0.6557655120652555
798 0.6539465270431418
798.5 0.6536206129451892
799 0.6482280099116616
799.5 0.6478029444793928
800 0.6479188353070181
800.5 0.6439101462708212
801 0.6446250199768375
801.5 0.6403444028993543
802 0.6411874582057542
802.5 0.637647365619989
803 0.6362154964937702
803.5 0.6352033541658759
804 0.6329623028017128
804.5 0.6317496696752284
805 0.6314290735825459
805.5 0.6293702907017195
806 0.6277893596832536
806.5 0.6249815990654537
807 0.622926582091184
807.5 0.6221831285967869
808 0.6198483182548238
808.5 0.6198599750094631
809 0.6175466688036808
809.5 0.61600786711696
810 0.6163053226636482
810.5 0.611501855523093
811 0.6100057154490842
811.5 0.6098240623385863
812 0.6054940239552534
812.5 0.6083101839648961
813 0.604624425516455
813.5 0.6024911957555025
814 0.6001989937165716
814.5 0.599963213832562
815 0.5974371991628762
815.5 0.5970821148295272
816 0.5955596147375831
816.5 0.5946914130647394
817 0.5935675106427414
817.5 0.5900071809895745
818 0.5894955755436418
818.5 0.5877194661870384
819 0.5858461518417459
819.5 0.5840476551053884
820 0.5841054793586352
820.5 0.5811139014714218
821 0.5791017344911781
821.5 0.576447567265996
822 0.5795101893095999
822.5 0.5751569903360512
823 0.5734838360860068
823.5 0.5735443129607075
824 0.5726021088234007
824.5 0.5721372768219651
825 0.5684382926365106
825.5 0.5690071164437741
826 0.5651709402648937
826.5 0.5616613075969188
827 0.5602122543002972
827.5 0.5607271882950918
828 0.5590412469859773
828.5 0.5557815192958384
829 0.5556967815541243
829.5 0.5512621434919405
830 0.556586573008736
830.5 0.5511676894264522
831 0.5499448752881061
831.5 0.5476685584796132
832 0.5457238705989124
832.5 0.5440867904101893
833 0.5416876814425446
833.5 0.5421963395529824
834 0.5404641970562022
834.5 0.5374860968016587
835 0.536842593600676
835.5 0.5348239862938642
836 0.5322082272094868
836.5 0.5316271039867021
837 0.5301886974387612
837.5 0.5292818865343552
838 0.5285152771709053
838.5 0.5263804755888229
839 0.5242311182294233
839.5 0.5224136685292248
840 0.5227434178123864
840.5 0.5184066411434889
841 0.5196473065710161
841.5 0.5185734742735599
842 0.5167748581762028
842.5 0.5146584936249778
843 0.5141881256603801
843.5 0.5116374955566044
844 0.5108029876713371
844.5 0.5094471123490963
845 0.5073089560009293
845.5 0.5079961015100046
846 0.5044395734458799
846.5 0.5024116293524719
847 0.5008639096990515
847.5 0.4993415220809619
848 0.4989005937050318
848.5 0.4974462056699012
849 0.4954617610385905
849.5 0.4941801679062146
850 0.4936959407051719
850.5 0.4926406280077069
851 0.491752886429895
851.5 0.4888029696582807
852 0.4873512647105165
852.5 0.4866895578950227
853 0.484550254885706
853.5 0.4802962054900565
854 0.4841600156595313
854.5 0.4801726658185583
855 0.4801152582392058
855.5 0.4773643822386701
856 0.474230892705428
856.5 0.474355279798212
857 0.4731125039376607
857.5 0.4717431857502772
858 0.4693357885633367
858.5 0.466949013436036
859 0.4677259439559869
859.5 0.4641984804325803
860 0.4648844798160668
860.5 0.4619540227352519
861 0.4617500185066922
861.5 0.4602121400153466
862 0.4572233400547356
862.5 0.4574135485036911
863 0.4568199362539025
863.5 0.4540536965977833
864 0.4535071265317682
864.5 0.4530825025398803
865 0.4485679230388388
865.5 0.4511730727731961
866 0.4473185611447535
866.5 0.4456373343083847
867 0.4457279355854942
867.5 0.4426520691148001
868 0.4436513992043508
868.5 0.4401558620861404
869 0.4386227634544455
869.5 0.4382769222248211
870 0.4368444921804577
870.5 0.4344037949314932
871 0.4321889079413253
871.5 0.4326485125674041
872 0.4301785340287183
872.5 0.4290323590903162
873 0.4291490901744219
873.5 0.4273425219052209
874 0.4245514168746787
874.5 0.4238621219661561
875 0.4244466469825499
875.5 0.4194232908994104
876 0.4199785922502527
876.5 0.4193171465710382
877 0.4161763890405777
877.5 0.4153294166794363
878 0.4147098937594383
878.5 0.4129257663701135
879 0.4140828088969868
879.5 0.4105611913893137
880 0.4089651118172892
880.5 0.407095398660853
881 0.405034533972972
881.5 0.4051395475321105
882 0.4039858475930084
882.5 0.401879573401034
883 0.4024682955287027
883.5 0.4002868996833279
884 0.3982201018645825
884.5 0.3993562921597464
885 0.3936552780861011
885.5 0.393793188929887
886 0.3947713898446164
886.5 0.3913520209668579
887 0.3917757521518021
887.5 0.390108989807844
888 0.3880300642951525
888.5 0.3888991945913302
889 0.3855787509129159
889.5 0.3842140083238586
890 0.3833258198001265
890.5 0.3819348270201285
891 0.3789265426077826
891.5 0.3788827419854467
892 0.3781484332929398
892.5 0.3738540441442681
893 0.3757174145565672
893.5 0.3747052500253267
894 0.3730276297396817
894.5 0.3687430747866442
895 0.3690818403198745
895.5 0.3681877792037651
896 0.3653301167265028
896.5 0.3665005759128652
897 0.3641676406928135
897.5 0.362061373560827
898 0.360741658483568
898.5 0.3616731075902684
899 0.3608541678206671
899.5 0.3571312292873755
900 0.3557382333746585
900.5 0.3545376697650719
901 0.3540217653403792
901.5 0.3531980450410468
902 0.3525787545859438
902.5 0.3514166607561826
903 0.3471548027087849
903.5 0.3460562327471302
904 0.3455877840563676
904.5 0.3432440558668522
905 0.3434058428602145
905.5 0.341639962475129
906 0.340648861329678
906.5 0.3398137865432888
907 0.3384417712536112
907.5 0.3367267275899798
908 0.3371702936952026
908.5 0.3342522185273019
909 0.3325769169599584
909.5 0.3320829085039291
910 0.3296926149309726
910.5 0.3308248691144108
911 0.3278361279729144
911.5 0.3258740301785753
912 0.32600872851294
912.5 0.3244000320748028
913 0.323922784781143
913.5 0.3223872222109403
914 0.3217558897155678
914.5 0.3176173259072935
915 0.3180073949641316
915.5 0.317037114205221
916 0.3150854164896065
916.5 0.3134984031185531
917 0.313051781636085
917.5 0.3103288169742633
918 0.3105085577735472
918.5 0.3088603376726546
919 0.3077347678072024
919.5 0.3076862606121446
920 0.3057361237225562
920.5 0.3028082833467218
921 0.3008459918071378
921.5 0.3030272415700413
922 0.3005474179024532
922.5 0.3015046855908348
923 0.2979515969082467
923.5 0.2965317377517186
924 0.2957316785193422
924.5 0.2960624992475236
925 0.2947544377349146
925.5 0.2927364797699545
926 0.2912314982953769
926.5 0.2888447789256381
927 0.2881518439248869
927.5 0.2883956972277318
928 0.2866360800873609
928.5 0.2840751166916647
929 0.2840077625030467
929.5 0.2822868192736256
930 0.2814162165626823
930.5 0.2788868611607346
931 0.2778102063313238
931.5 0.2773661564332686
932 0.2776541707916165
932.5 0.2752118283496923
933 0.2735562015675636
933.5 0.2742749093834455
934 0.2716051494832631
934.5 0.2701212936954692
935 0.2694782279676691
935.5 0.2676766362344842
936 0.2662451268753037
936.5 0.266138748093197
937 0.2644902052281621
937.5 0.262927329142007
938 0.2640370365855424
938.5 0.2621491640297351
939 0.2598985477219482
939.5 0.2591174681831843
940 0.257089461252734
940.5 0.2553876202423145
941 0.2558846993004725
941.5 0.254740840529311
942 0.2524070679765451
942.5 0.2516303874066644
943 0.251559354226389
943.5 0.2485833285811097
944 0.2461284047744679
944.5 0.2465824600601746
945 0.2449142024063066
945.5 0.2436716118852882
946 0.2433913655706051
946.5 0.2420593736010423
947 0.2401553610966491
947.5 0.2401839753616242
948 0.2394930236650495
948.5 0.2373988317620851
949 0.2361146255379414
949.5 0.2350812191890304
950 0.234851363343755
950.5 0.2334033515077479
951 0.2316183301045729
951.5 0.2301465360460517
952 0.2294509056148294
952.5 0.2287242181123379
953 0.2276255845534596
953.5 0.2258503546750421
954 0.2247741696884289
954.5 0.225278123932511
955 0.2234163645252941
955.5 0.2217564540739078
956 0.219461764676306
956.5 0.2194275738163178
957 0.2170559494665075
957.5 0.2164348187495551
958 0.214425706209305
958.5 0.2151788656780235
959 0.2133741060982266
959.5 0.2126779000955143
960 0.2129298082362447
960.5 0.2095008094009128
961 0.2094395157039258
961.5 0.2076079472104189
962 0.2054112383848204
962.5 0.2063276330154619
963 0.2050945422111955
963.5 0.2038030239743296
964 0.2009402566452461
964.5 0.2009020718826132
965 0.2009391091686756
965.5 0.198143641098204
966 0.1994307888893733
966.5 0.1967295646458899
967 0.1959194028744523
967.5 0.1945626241624789
968 0.1927164091585049
968.5 0.1924692774496496
969 0.1916423584947264
969.5 0.1906871745368336
970 0.1892485556942376
970.5 0.188040800526865
971 0.1866747968864335
971.5 0.1862192373182581
972 0.1845227522736607
972.5 0.1834128531195156
973 0.1817917833235077
973.5 0.1807130107568428
974 0.1802296723229118
974.5 0.1794877725102877
975 0.1784881074511146
975.5 0.1773953782863742
976 0.1753484600940769
976.5 0.1762807527215675
977 0.174482900050989
977.5 0.1724638854899952
978 0.171606944806854
978.5 0.1703644731681773
979 0.1691928465614207
979.5 0.1678821563431439
980 0.1670918673224982
980.5 0.1671636802332232
981 0.1649027935200211
981.5 0.1627332469744488
982 0.163019989596116
982.5 0.1622218378125805
983 0.1596987771958445
983.5 0.1592700244634633
984 0.159547112113249
984.5 0.1576219228714912
985 0.1569703386372336
985.5 0.1557055335322097
986 0.1543757833231296
986.5 0.152718812114899
987 0.1520466634510945
987.5 0.1516006520097085
988 0.1489763515495537
988.5 0.1493693292688719
989 0.1477069022660673
989.5 0.1467103629069399
990 0.1450007782942262
990.5 0.144644753597177
991 0.1440108624894327
991.5 0.1413339897454481
992 0.1420483719939539
992.5 0.1409552427827097
993 0.1395364179294828
993.5 0.1366890185935852
994 0.1362907218617924
994.5 0.135980008498689
995 0.1351081653216127
995.5 0.1341490464134175
996 0.132783899123862
996.5 0.1323661316316427
997 0.1307211090410456
997.5 0.1297949480202712
998 0.1286368115021629
998.5 0.1288526425425371
999 0.126112118206083
999.5 0.1258072164868241
1000 0.1242957553112047
1000.5 0.1232614822295792
1001 0.1225427948636827
1001.5 0.1211966896992557
1002 0.1201211361849045
1002.5 0.1190431691056903
1003 0.1183807385430605
1003.5 0.1172122536070642
1004 0.1166851558482607
1004.5 0.1154780009843711
1005 0.1149781794790502
1005.5 0.1137817138391339
1006 0.1124423845234439
1006.5 0.1117996238423439
1007 0.1105116216518659
1007.5 0.1101080000827203
1008 0.109246824274318
1008.5 0.1090607356769807
1009 0.1069454762712392
1009.5 0.1071989042578793
1010 0.1057499227688611
1010.5 0.1060260651687102
1011 0.1049945683097583
1011.5 0.1033464294544428
1012 0.1028867661041821
1012.5 0.1013144209675372
1013 0.1006240671333219
1013.5 0.1011013857381798
1014 0.1001025146054797
1014.5 0.09937351684671186
1015 0.09827509032232636
1015.5 0.09735633194451848
1016 0.09660795347566752
1016.5 0.0967120185036489
1017 0.09636779291265855
1017.5 0.09484515555251896
1018 0.09440518902218456
1018.5 0.09268035688212727
1019 0.09209525092159647
1019.5 0.09158519289267424
1020 0.09244707699628016
1020.5 0.09104113059406789
1021 0.08985907680048016
1021.5 0.08915155616514198
1022 0.0888327730029162
1022.5 0.08824214488543569
1023 0.08782110841314807
1023.5 0.08681822316888117
1024 0.08692532478661071
1024.5 0.08498403072492101
1025 0.08485810820265749
1025.5 0.08409184659574767
1026 0.0839240103948833
1026.5 0.08273530258018909
1027 0.08357419604562824
1027.5 0.0819619793785612
1028 0.08076141474722544
1028.5 0.08053332341972284
1029 0.07967157788432011
1029.5 0.07927641988566675
1030 0.07862630308345296
1030.5 0.07830522545670551
1031 0.07774655377651353
1031.5 0.07679588763997183
1032 0.07585339439058197
1032.5 0.0757438991025451
1033 0.07539308508509954
1033.5 0.07453711167211456
1034 0.07449675716272564
1034.5 0.07447123150485217
1035 0.07283352813856271
1035.5 0.07238795571920978
1036 0.07177682526820012
1036.5 0.07216207748516336
1037 0.07132315021127626
1037.5 0.07012039894688506
1038 0.07002768561543786
1038.5 0.07000219026757984
1039 0.06918309213300285
1039.5 0.06831742189403803
1040 0.06781703665931262
1040.5 0.06697515773278542
1041 0.06670015548030285
1041.5 0.06633812475507496
1042 0.06598716773652294
1042.5 0.0648797530214216
1043 0.06521652981344639
1043.5 0.06438386525402394
1044 0.06334329422893811
1044.5 0.06353544669755956
1045 0.06315795086539856
1045.5 0.06262811397261779
1046 0.06186786346178041
1046.5 0.06140626390819141
1047 0.06091252399921353
1047.5 0.06048150269567448
1048 0.05996894915692918
1048.5 0.06014206323393742
1049 0.05923839333827903
1049.5 0.05893773956586096
1050 0.05871554432939503
1050.5 0.05796321302741415
1051 0.05669453746713714
1051.5 0.05696775138519295
1052 0.05653369810439744
1052.5 0.05560049432593939
1053 0.055761765467366
1053.5 0.05479638955377288
1054 0.05493771944345811
1054.5 0.0540541869352018
1055 0.05451476230289241
1055.5 0.05416688840104849
1056 0.05330273687154183
1056.5 0.05329482555238563
1057 0.05283369249587789
1057.5 0.05237947160060092
1058 0.05148382626835417
1058.5 0.05132221696466691
1059 0.05083838798008036
1059.5 0.05048030078555024
1060 0.04965410880334253
1060.5 0.04904049569853677
1061 0.04891396378277101
1061.5 0.04871342076989933
1062 0.04896820180256497
1062.5 0.04799101866956333
1063 0.04751977691277826
1063.5 0.04732121160572941
1064 0.04630433620502535
1064.5 0.04647230311162387
1065 0.04635294379823646
1065.5 0.04563446112729874
1066 0.04525746780084507
1066.5 0.0451196476643344
1067 0.04413821785358666
1067.5 0.04422185117582871
1068 0.04385147444635838
1068.5 0.0440579380886807
1069 0.04358550725315968
1069.5 0.04286098000016682
1070 0.04283870202886392
1070.5 0.04211618719382471
1071 0.04203942849585127
1071.5 0.04124021478481919
1072 0.04166204225898967
1072.5 0.04062291230814905
1073 0.04094436077830954
1073.5 0.04026676234770098
1074 0.04030178864924043
1074.5 0.0390308105543582
1075 0.03915491005953896
1075.5 0.03892894862768992
1076 0.03859795796264089
1076.5 0.03834754134841768
1077 0.03830999490085899
1077.5 0.03735350986757911
1078 0.03719242845713029
1078.5 0.03756995350780514
1079 0.0366070542986844
1079.5 0.03675355323013541
1080 0.03581254001198918
1080.5 0.03558190885987032
1081 0.03531493483538189
1081.5 0.0347566104502528
1082 0.03495426705012483
1082.5 0.03415035552902642
1083 0.03396464643351943
1083.5 0.03378311653392141
1084 0.03344993184007233
1084.5 0.03314425457535661
1085 0.03339214177809238
1085.5 0.0326918570255605
1086 0.0323665956967386
1086.5 0.03220659998840333
1087 0.03178478572420725
1087.5 0.03183584275544827
1088 0.031325364991463
1088.5 0.03091311256387005
1089 0.03062550115494428
1089.5 0.03090971342817662
1090 0.03097649320341526
1090.5 0.0296003758310293
1091 0.02986761576402615
1091.5 0.02938298712882085
1092 0.0296650772667322
1092.5 0.02950724971729048
1093 0.02888422070416969
1093.5 0.02869523305110634
1094 0.02790218564123137
1094.5 0.02783141029851069
1095 0.02793796891005995
1095.5 0.027221205812002
1096 0.02693668047176675
1096.5 0.02687075725017293
1097 0.02657389828916686
1097.5 0.02640330799847966
1098 0.0259461435224511
1098.5 0.02599746071922603
1099 0.02554896149901152
1099.5 0.02540792746084235
1100 0.02539604367664009
1100.5 0.02454798653868421
1101 0.02479608982040793
1101.5 0.02455187533675567
1102 0.02420385505870557
1102.5 0.02373557423098335
1103 0.02382368387894475
1103.5 0.02334358150630601
1104 0.02327051106060917
1104.5 0.02316050356088835
1105 0.02315435906710502
1105.5 0.02261552054485462
1106 0.022271683132503
1106.5 0.02207985410410803
1107 0.02203408814105519
1107.5 0.02185017355419812
1108 0.02150270615797431
1108.5 0.02148331251191861
1109 0.02156319607895912
1109.5 0.02075598195757678
1110 0.02085654070568391
1110.5 0.02061230234016984
1111 0.02006448771060149
1111.5 0.01989091363484269
1112 0.01993518477793315
1112.5 0.0193638598474803
1113 0.01968405274565702
1113.5 0.01932180267236223
1114 0.0190949873132346
1114.5 0.0191124357455542
1115 0.01901893174335858
1115.5 0.01873484216057381
1116 0.0184639589247028
1116.5 0.0180938178857776
1117 0.01778230798103678
1117.5 0.01758176598152535
1118 0.01739966062513765
1118.5 0.01741121123652329
1119 0.01754729841556314
1119.5 0.01684803850109818
1120 0.01680777019255304
1120.5 0.01678737195586321
1121 0.01649357947913783
1121.5 0.01636025832982318
1122 0.01639775370564555
1122.5 0.01627550647671361
1123 0.01581111434952671
1123.5 0.01532067960352862
1124 0.01528200260726472
1124.5 0.0152934428451739
1125 0.01496550290470466
1125.5 0.01470951898796633
1126 0.01490862366979835
1126.5 0.01451418980869754
1127 0.01424859110881113
1127.5 0.01449023359561665
1128 0.01411141399795167
1128.5 0.01380603538090092
1129 0.01366789535849718
1129.5 0.0136770596322738
1130 0.01355342971122047
1130.5 0.01315409027864206
1131 0.01304880220824112
1131.5 0.01289249234085274
1132 0.01278761098694778
1132.5 0.01261417250493839
1133 0.01250795082042764
1133.5 0.01246700888852629
1134 0.01245425964240064
1134.5 0.01212364030886441
1135 0.01190590187714615
1135.5 0.01175341033632159
1136 0.01156614958049464
1136.5 0.01139671483946124
1137 0.01111391649076766
1137.5 0.01135222699138696
1138 0.0111432666829143
1138.5 0.01091199743225755
1139 0.01085885831506089
1139.5 0.01054641313608455
1140 0.01048324314585919
1140.5 0.009999618891914601
1141 0.01013323616497324
1141.5 0.01022671487526127
1142 0.01008776477507225
1142.5 0.009964639928272557
1143 0.009621983422437358
1143.5 0.009573809542785179
1144 0.009142269408338977
1144.5 0.009032465144208439
1145 0.009234933341824415
1145.5 0.009033928854465275
1146 0.009081126420902755
1146.5 0.008918433212128702
1147 0.008800693747300754
1147.5 0.008496033876844326
1148 0.008546952317575244
1148.5 0.008417837332282439
1149 0.008210180859690885
1149.5 0.008108948841428255
1150 0.007975413769623995
1150.5 0.00797019092358508
1151 0.007570820536195183
1151.5 0.007789282293279499
1152 0.007598562414500465
1152.5 0.00746943724334013
1153 0.007621095567447165
1153.5 0.00737834233924302
1154 0.007268406621642151
1154.5 0.006905960100493914
1155 0.00712365550205022
1155.5 0.006712858024774443
1156 0.006646155996464126
1156.5 0.006537314237195936
1157 0.006641426925642522
1157.5 0.006424792565836258
1158 0.006390588237166218
1158.5 0.006260437077421717
1159 0.006159115998513753
1159.5 0.006002482191004506
1160 0.005992268997342807
1160.5 0.005903183028794537
1161 0.005820956371611724
1161.5 0.00543391312015766
1162 0.005682033003056027
1162.5 0.005555039130439917
1163 0.005573661362191873
1163.5 0.005224887669611624
1164 0.005265446494057162
1164.5 0.005157574306275864
1165 0.004911646381971144
1165.5 0.004784289634175513
1166 0.00497804553900188
1166.5 0.004839217793880289
1167 0.004785277198088234
1167.5 0.004640214979417922
1168 0.004609731288604374
1168.5 0.004519697654537622
1169 0.004314025767306053
1169.5 0.004265713882224989
1170 0.004115100863965619
1170.5 0.004339274082850905
1171 0.003944873474879425
1171.5 0.003933271331154469
1172 0.004017137767540795
1172.5 0.003870659120738685
1173 0.003800001592157814
1173.5 0.003772141768953824
1174 0.003575398633499767
1174.5 0.003624793333528293
1175 0.003475989300680791
1175.5 0.003397781126451943
1176 0.003391623436364622
1176.5 0.00313723948151518
1177 0.003245532986257015
1177.5 0.003221582657427186
1178 0.003215590504010731
1178.5 0.003028944874644551
1179 0.003011740452054514
1179.5 0.002872701758725643
1180 0.002865397417609569
1180.5 0.002695896448927585
1181 0.00266444149158862
1181.5 0.002678380184770189
1182 0.002616249972957421
1182.5 0.002667385680776269
1183 0.002445459957319574
1183.5 0.00245307729881101
1184 0.002365543175411728
1184.5 0.002265266803346037
1185 0.002157109878644609
1185.5 0.002103821055945277
1186 0.002121332390303946
1186.5 0.002050499096196369
1187 0.002071233083477153
1187.5 0.001978117536734397
1188 0.001933207889521719
1188.5 0.001896374680800816
1189 0.001776456264131259
1189.5 0.001741412971948406
1190 0.001610650877338003
1190.5 0.001684260597924508
1191 0.001647787431049864
1191.5 0.001562014582692228
1192 0.001511385545849893
1192.5 0.001564164745110223
1193 0.001445322205238119
1193.5 0.001428242107427711
1194 0.001357279473315772
1194.5 0.00139575042988099
1195 0.001279027022984463
1195.5 0.001353875638985667
1196 0.001186811505019714
1196.5 0.001127397262421392
1197 0.001156431316207044
1197.5 0.001057732006323718
1198 0.0009875476838583125
1198.5 0.001015050870384787
1199 0.0009969079554256713
1199.5 0.0009410885463839232
1200 0.000910478451086775
1200.5 0.000854823284790841
1201 0.0008744849793160316
1201.5 0.0008424398369998845
1202 0.0007901082796080763
1202.5 0.000792577901553083
1203 0.0007528699335568992
1203.5 0.0007662905555261888
1204 0.0006814478617927043
1204.5 0.0005889553364316561
1205 0.0005448765539062685
1205.5 0.0006144221111817641
1206 0.0005719490896861263
1206.5 0.0004922761322804076
1207 0.0005275559759123086
1207.5 0.000528669517499931
1208 0.0005018978227227322
1208.5 0.0004024243104111306
1209 0.000416010074764147
1209.5 0.0003893973264868911
1210 0.0003304054503141869
1210.5 0.0003563580406283206
1211 0.0002928663568020455
1211.5 0.0003265075243514105
1212 0.0003077718719553442
1212.5 0.0002690783303426929
1213 0.0002811471322829132
1213.5 0.000253284464659951
1214 0.0002116634560193704
1214.5 0.0001930988453448848
1215 0.0001852836017747502
1215.5 0.0002111413675290923
1216 0.0001375876742832052
1216.5 0.000142057082815811
1217 0.0001236254918471586
1217.5 0.0001158990356935195
1218 9.751907370344042e-05
1218.5 9.743905805659047e-05
1219 8.975295797122768e-05
1219.5 9.575933251765206e-05
1220 8.049341967183308e-05
1220.5 5.918248675266489e-05
1221 4.093894119592371e-05
1221.5 3.939041672563209e-05
1222 4.844084792203719e-05
1222.5 3.025076975606969e-05
1223 2.720343593056055e-05
1223.5 2.265100530148362e-05
1224 1.508833557197456e-05
1224.5 1.356841444470261e-05
1225 7.531855804707559e-06
1225.5 1.053599555862176e-05
1226 4.511744363001983e-06
1226.5 3.005377707023779e-06
